-14-10  2 20 41 58 72 87101107106102 98 94 91 90 90 86 77 65 53 36 13 -926 1 1AK 918108999999999999999999999 0 7-14999999999999999999999
-24-26-18 -1 22 45 64 79 94106111107101 98 95 94 95 95 89 77 63 47 27  126 1 2AK 9581111634 9699999999999999 043-2615 1 9499999999999999
-22-34-33-20  1 27 51 69 83 97107108102 96 94 95 96 99 99 92 78 61 43 2026 1 3AK1036109173910099999999999999 122-3514 4 9499999999999999
 -8-30-38-32-17  7 34 57 73 85 97104101 93 89 90 93 96100101 92 75 59 4026 1 4AK1113104183510199999999999999 2 2-381412 8999999999999999
 16-12-31-35-26 -8 16 42 62 75 85 95 99 93 85 83 86 89 93 98 97 86 70 5626 1 5AK1152 991926 9899999999999999 242-351446 8399999999999999
 38 13-12-25-24-13  4 27 50 66 76 85 94 94 86 80 79 81 83 86 90 87 76 6426 1 6AK1232 952013 9099999999999999 323-261533 7999999999999999
 53 37 15 -4-11 -7  2 18 39 57 69 77 86 92 89 81 76 74 73 73 75 77 74 6526 1 7AK1313 922057 7799999999999999 4 5-111844 7399999999999999
 58 51 38 22 10  8 12 20 33 50 63 71 78 86 90 85 77 71 67 63 60 62 62 5926 1 8AK1354 902142 6299999999999999 447  720 5 6099999999999999
 55 54 51 43 34 28 28 32 38 48 59 67 73 80 86 86 80 72 64 56 50 47 47 4726 1 9AK1432 87999999999999999999999 528 282235 4799999999999999
 47 49 52 53 52 49 48 49 51 55 61 67 71 75 80 82 80 73 63 54 44 37 34 3426 110AK 256 5315 3 8299999999999999 553 482222 3499999999999999
 36 40 46 53 59 63 65 67 67 68 69 71 72 73 75 76 76 71 63 53 41 31 25 2326 111AK1518 7799999999999999999999923 0 23999999999999999999999
 25 30 37 47 58 68 75 80 83 83 81 79 77 75 73 72 71 68 61 52 40 29 20 1526 112AK 827 839999999999999999999992329 14999999999999999999999
 15 20 28 39 52 65 77 87 93 94 93 89 84 79 75 71 68 65 59 51 40 28 17 1026 113AK 858 949999999999999999999992355  7999999999999999999999
  7 11 18 30 44 59 73 86 96101101 97 91 85 79 74 69 65 59 51 41 30 17  726 114AK 9291019999999999999999999999999999999999999999999999999
  1  2  9 20 35 51 67 81 93101104101 95 89 83 78 73 68 63 55 45 33 20  726 115AK 956104999999999999999999999 020  1999999999999999999999
 -3 -5  0 11 25 42 59 74 87 97102101 96 90 86 82 78 74 69 61 51 39 26 1026 116AK1018102999999999999999999999 048 -5999999999999999999999
 -4-11 -9  1 15 33 51 67 80 91 98 98 94 88 85 83 82 80 77 70 60 48 34 1826 117AK1035 99999999999999999999999 116-11999999999999999999999
  0-13-15 -9  5 22 42 59 73 84 92 94 90 84 81 81 82 83 84 80 70 58 44 2826 118AK1050 941740 8499999999999999 145-161424 8199999999999999
  8-10-18-15 -5 12 33 52 67 77 86 91 88 81 76 77 80 83 86 87 80 68 55 4026 119AK11 9 911839 8799999999999999 213-181419 7699999999999999
 21 -1-16-18-11  3 22 44 61 72 81 87 88 80 72 71 74 78 83 88 87 77 64 5126 120AK1133 891925 8899999999999999 242-191442 7199999999999999
 35 14 -6-15-12 -2 14 35 55 68 76 83 87 83 72 66 67 71 75 81 86 82 71 5926 121AK12 2 872010 8699999999999999 312-161519 6699999999999999
 48 31 11 -5 -8 -2 10 27 47 64 73 79 85 85 76 66 61 62 64 69 76 79 75 6526 122AK1233 862059 7999999999999999 345 -81612 6199999999999999
 56 47 31 14  5  6 13 24 41 58 70 76 81 84 80 69 59 54 53 54 59 66 70 6626 123AK13 5 842155 7099999999999999 422  51757 5399999999999999
 60 56 49 37 26 22 24 30 40 54 66 74 77 80 80 73 61 50 44 41 42 47 55 5826 124AK1335 81999999999999999999999 5 2 221921 4199999999999999
 58 58 58 55 49 43 42 44 49 56 65 72 75 76 76 73 64 52 40 32 27 28 34 4226 125AK 028 591348 7699999999999999 546 422019 2799999999999999
 48 53 57 62 65 65 63 63 64 66 69 72 74 74 72 70 65 55 41 28 18 14 15 2126 126AK 419 651216 7499999999999999 631 632117 1499999999999999
 31 41 50 59 69 77 81 82 82 82 80 79 77 75 72 67 63 56 45 30 16  6  1  326 127AK 744 829999999999999999999992215  1999999999999999999999
 10 22 36 49 62 76 88 95 97 97 94 89 84 79 75 70 64 58 50 37 21  6 -5-1026 128AK 811 9899999999999999999999923 9-10999999999999999999999
 -7  2 17 34 50 67 83 97105107104 98 92 85 81 76 71 64 55 45 32 14 -3-1626 129AK 8471079999999999999999999992355-19999999999999999999999
-19-14 -2 16 36 54 71 88102109108102 96 90 85 82 80 75 66 56 44 28  8-1226 130AK 9201099999999999999999999999999999999999999999999999999
-24-25-17 -2 19 41 60 75 90103106101 93 89 86 85 85 86 81 70 57 44 26  126 131AK 9491061646 8699999999999999 036-261516 8599999999999999
-20-30-27-15  4 28 50 65 78 91100 97 88 82 81 82 84 89 92 86 72 59 44 2226 2 1AK10171001753 9299999999999999 113-301337 8199999999999999
 -6-25-30-23 -8 14 40 59 70 79 90 93 84 73 71 74 78 84 93 95 86 72 59 4326 2 2AK1044 931845 9699999999999999 148-301349 7199999999999999
 17-10-24-22-13  4 29 53 67 73 81 87 83 71 62 63 68 73 82 92 92 82 69 5826 2 3AK1112 871931 9499999999999999 223-251421 6199999999999999
 40 14 -7-14 -9  2 21 44 63 71 75 81 83 73 60 55 57 61 68 78 86 83 74 6526 2 4AK1140 832015 8699999999999999 258-1415 3 5599999999999999
 56 38 16  3  2  9 20 38 58 70 74 77 80 76 64 53 50 51 54 60 69 74 71 6526 2 5AK12 8 8021 1 7499999999999999 333  116 1 5099999999999999
 61 54 39 25 20 22 28 39 54 67 73 74 77 77 69 58 49 45 44 45 51 58 60 5926 2 6AK1234 782156 6099999999999999 4 7 201815 4499999999999999
 58 59 54 46 40 40 43 47 56 66 72 73 74 74 71 62 52 44 39 35 36 40 45 4826 2 7AK1252 74999999999999999999999 435 391924 3599999999999999
 51 55 59 59 58 58 59 61 64 69 73 73 72 71 69 64 55 46 38 31 26 27 31 3526 2 8AK 235 591038 7399999999999999 430 582024 2699999999999999
 40 47 55 62 67 71 74 76 76 77 77 75 72 69 66 63 56 48 39 30 22 19 19 2326 2 9AK 935 779999999999999999999992122 18999999999999999999999
 29 36 47 58 69 77 83 87 88 86 84 79 74 69 64 61 56 49 41 31 22 15 12 1326 210AK 749 889999999999999999999992215 12999999999999999999999
 18 26 37 50 64 76 86 93 96 95 91 85 78 71 65 60 56 51 43 34 25 16  9  626 211AK 817 9699999999999999999999923 2  6999999999999999999999
  9 15 26 39 55 70 83 93 99100 97 90 82 75 68 62 58 54 48 39 30 21 11  326 212AK 8461009999999999999999999992345  1999999999999999999999
  1  6 15 27 44 61 76 88 97101 99 92 85 78 71 66 62 59 54 46 38 28 16  426 213AK 9121019999999999999999999999999999999999999999999999999
 -3 -2  5 16 32 50 67 80 91 98 98 92 85 78 74 69 67 66 62 55 47 37 24  926 214AK 933 99999999999999999999999 024 -3999999999999999999999
 -3 -7 -4  6 21 40 58 72 83 92 95 90 82 76 73 72 71 73 72 66 57 47 35 1826 215AK 951 951717 7399999999999999 058 -71537 7199999999999999
  0 -9 -9 -2 12 31 50 65 76 85 90 87 77 70 69 70 73 77 80 77 68 58 47 2926 216AK10 7 9018 4 8099999999999999 127-101349 6999999999999999
  8 -8-11 -6  5 23 44 61 71 79 85 84 74 63 61 64 69 76 84 87 79 68 58 4326 217AK1024 861845 8799999999999999 151-121348 6199999999999999
 21  0-10 -8  1 16 38 58 70 75 80 82 73 59 51 54 60 68 79 89 88 78 67 5626 218AK1043 831926 9099999999999999 214-101411 5199999999999999
 38 15 -2 -5  2 14 32 55 70 75 78 80 75 60 45 42 47 55 66 81 89 85 75 6726 219AK11 1 802010 8999999999999999 240 -51446 4199999999999999
 55 35 15  5  8 17 30 50 68 77 78 78 76 64 46 35 34 39 48 62 77 83 79 7226 220AK1020 7821 0 8399999999999999 311  51532 3399999999999999
 66 55 38 24 21 26 34 48 64 77 79 77 75 68 53 36 27 26 30 39 54 68 73 7126 221AK 946 7922 5 7399999999999999 345 211634 2699999999999999
 70 67 59 48 41 42 46 53 63 74 79 77 73 69 59 44 29 20 17 20 30 43 55 6126 222AK10 6 79999999999999999999999 422 411758 1799999999999999
 64 68 70 68 64 62 63 66 70 75 79 77 73 67 61 51 37 23 13  9 11 19 31 4226 223AK 2 1 701017 7999999999999999 5 1 621912  999999999999999
 51 59 68 76 80 82 82 82 82 82 81 78 73 67 61 54 45 32 19  8  3  4 10 2026 224AK 710 829999999999999999999992023  2999999999999999999999
 32 44 56 69 82 91 96 97 96 93 88 82 76 69 62 56 50 42 30 16  5 -2 -3  226 225AK 659 979999999999999999999992141 -3999999999999999999999
 11 25 39 55 72 87 99106107103 97 88 80 73 67 61 55 49 41 29 16  3 -5 -826 226AK 7411079999999999999999999992251 -8999999999999999999999
 -3  7 21 38 56 74 90103109108102 93 85 77 71 67 63 58 51 43 31 16  1 -826 227AK 8191099999999999999999999992344-11999999999999999999999
-10 -5  6 23 42 60 76 91103106101 93 85 79 74 72 72 69 63 55 46 34 15 -226 228AK 8511069999999999999999999999999999999999999999999999999
-11-10 -3 11 30 50 64 77 90 99 97 87 79 75 73 72 76 80 76 67 59 51 34 1226 3 1AK 919 9917 5 8099999999999999 025-111437 7299999999999999
 -5-10 -6  3 21 43 59 69 78 88 91 81 70 65 65 67 73 82 86 81 71 64 53 3226 3 2AK 943 911756 8799999999999999 059-101314 6599999999999999
  8 -5 -5  2 15 36 57 68 72 79 84 78 63 53 53 57 63 74 87 89 81 73 66 5226 3 3AK10 5 841841 9099999999999999 128 -61328 5299999999999999
 28  7  1  5 14 31 53 69 74 75 79 77 63 47 41 45 51 61 76 87 87 79 74 6626 3 4AK1023 791926 8999999999999999 158  114 0 4199999999999999
 49 26 13 13 19 30 49 68 77 76 76 76 67 49 36 34 38 46 58 74 82 80 76 7326 3 5AK 819 772011 8399999999999999 229 121440 3399999999999999
 64 47 31 26 29 36 48 65 77 79 76 74 69 55 38 30 29 33 41 55 69 74 72 7226 3 6AK 841 8021 6 7499999999999999 259 261529 2999999999999999
 71 63 50 43 43 46 53 64 76 80 77 74 69 60 45 32 26 25 29 38 50 60 64 6726 3 7AK 9 1 80999999999999999999999 329 421640 2599999999999999
 70 70 65 60 58 60 62 68 75 80 78 73 68 62 51 38 28 23 21 25 34 44 52 5726 3 8AK 035 71 913 8099999999999999 351 581753 2199999999999999
 64 70 73 72 72 73 74 75 78 80 78 73 67 62 54 43 33 25 19 18 21 29 38 4626 3 9AK 9 6 809999999999999999999991850 18999999999999999999999
 54 64 72 78 82 84 85 85 83 82 79 73 66 61 55 47 38 29 22 16 15 19 25 3326 310AK 6 0 859999999999999999999991945 15999999999999999999999
 43 54 66 77 85 90 93 93 90 86 81 74 67 60 55 50 44 36 27 20 15 13 16 2226 311AK 626 939999999999999999999992052 13999999999999999999999
 31 42 55 69 82 91 96 98 96 91 84 77 69 61 56 52 48 43 35 27 20 14 12 1326 312AK 7 2 9899999999999999999999922 7 11999999999999999999999
 20 29 42 58 74 86 95 99100 96 88 79 71 63 58 54 53 49 43 36 28 20 13  926 313AK 73810099999999999999999999923 8  9999999999999999999999
 11 18 29 44 62 77 89 97100 98 90 81 72 66 60 58 57 56 52 46 39 30 19 1026 314AK 8 91009999999999999999999992358  7999999999999999999999
  7 11 19 32 49 66 80 90 96 97 90 81 72 66 62 61 62 63 60 56 50 42 29 1626 315AK 835 981647 63999999999999991457 61999999999999999999999
  8  7 12 23 39 57 71 81 90 93 88 77 68 64 62 63 67 71 70 65 60 54 42 2426 316AK 857 931724 7199999999999999 037  61419 6299999999999999
 11  7  9 17 32 51 66 75 82 88 85 73 61 56 56 60 66 76 80 76 70 65 55 3726 317AK 915 8818 0 8099999999999999 1 4  71317 5699999999999999
 18  9 10 16 28 47 64 73 77 81 81 70 53 44 45 51 59 73 85 87 81 75 68 5326 318AK 931 821839 8899999999999999 123  91320 4399999999999999
 31 16 13 18 27 44 64 76 78 78 78 69 50 33 29 35 45 61 80 92 90 83 78 6926 319AK 840 781921 9299999999999999 143 131346 2999999999999999
 50 29 20 23 31 43 62 79 84 80 76 70 53 30 17 18 27 41 61 82 92 89 85 8126 320AK 752 842010 9299999999999999 2 8 201422 1699999999999999
 69 50 35 33 39 47 61 78 88 85 78 71 58 36 15  6 10 20 37 60 79 86 85 8526 321AK 813 882113 8699999999999999 238 3315 7  699999999999999
 82 71 57 49 51 57 64 76 88 89 81 72 63 46 24  6  1  4 14 32 54 70 77 8026 322AK 837 90999999999999999999999 313 4916 3  199999999999999
 84 84 78 70 68 70 74 79 86 89 84 75 65 54 37 18  4 -2  0  9 26 44 58 6726 323AK 031 85 855 8999999999999999 351 681715 -299999999999999
 75 83 88 88 87 87 87 87 88 88 85 77 67 58 47 33 17  5 -2 -1  6 19 34 4726 324AK 228 88 841 8899999999999999 434 871828 -299999999999999
 59 71 84 93 99101100 98 95 91 85 77 69 60 52 44 33 21  9  1  0  5 14 2626 325AK 5161019999999999999999999991943  0999999999999999999999
 39 53 69 84 98107109108103 96 87 78 70 63 56 51 45 37 26 15  6  3  4 1126 326AK 6 51099999999999999999999992113  3999999999999999999999
 21 35 51 68 85100109112108101 91 81 72 65 60 57 53 49 42 33 22 12  6  626 327AK 6521129999999999999999999992234  5999999999999999999999
 11 21 36 53 69 85 99107108102 92 82 73 66 63 62 61 58 54 49 40 28 16 1026 328AK 7341089999999999999999999992332  9999999999999999999999
 10 15 26 41 58 71 84 95101 98 88 78 71 65 62 64 67 67 63 61 57 47 32 2026 329AK 8 91011620 689999999999999914 2 62999999999999999999999
 15 16 22 35 51 64 73 82 91 92 83 71 63 60 58 61 69 74 72 69 68 63 50 3326 330AK 837 931710 7499999999999999 016 151357 5899999999999999
 23 21 24 33 48 63 71 75 80 85 79 64 53 50 50 54 63 75 79 76 74 74 67 4926 331AK 9 0 851755 7999999999999999 046 211314 4999999999999999
 34 29 30 35 46 63 74 76 76 78 76 61 45 37 38 43 52 67 80 82 79 80 78 6626 4 1AK 916 791841 8299999999999999 1 9 281317 3799999999999999
 49 38 37 40 48 62 77 81 78 76 74 63 43 29 26 30 38 53 71 82 82 82 84 7926 4 2AK 654 8122 2 8499999999999999 134 361346 2699999999999999
 65 51 46 48 53 63 77 86 84 77 73 65 47 28 19 19 25 37 56 72 80 81 84 8526 4 3AK 717 862243 8599999999999999 2 1 461423 1899999999999999
 78 65 57 57 60 66 76 86 88 81 74 66 52 33 18 13 16 24 38 57 71 76 80 8526 4 4AK 739 892330 8699999999999999 230 5615 6 1399999999999999
 85 78 70 68 69 72 77 85 89 84 76 68 57 40 24 14 11 14 24 40 56 67 74 8026 4 5AK 756 89999999999999999999999 259 681556 1199999999999999
 85 85 81 79 79 79 81 85 88 85 77 69 59 47 32 19 12 10 15 26 40 54 63 7226 4 6AK 027 86 8 4 8899999999999999 332 791651 1099999999999999
 81 87 88 88 88 88 86 86 87 84 77 69 61 52 40 28 19 13 11 16 27 39 51 6226 4 7AK 215 899999999999999999999991745 11999999999999999999999
 73 83 90 94 96 95 93 90 87 83 77 69 61 54 47 37 28 20 14 13 18 27 37 4926 4 8AK 416 969999999999999999999991839 13999999999999999999999
 61 74 86 95100101 99 95 89 83 76 68 61 56 51 45 38 30 22 18 17 20 27 3626 4 9AK 4491019999999999999999999991943 16999999999999999999999
 48 61 76 89 99104104100 93 85 76 68 61 56 53 50 47 41 34 27 22 20 21 2726 410AK 5261049999999999999999999992111 20999999999999999999999
 36 48 63 79 92101105103 97 88 78 69 62 57 54 54 53 50 45 39 33 26 22 2326 411AK 6 81059999999999999999999992228 22999999999999999999999
 28 37 50 66 81 94101103 99 90 79 70 62 58 56 57 58 58 55 52 46 37 29 2526 412AK 6501031622 589999999999999914 7 562325 2499999999999999
 25 30 41 55 70 83 92 98 97 90 78 68 61 57 56 59 63 65 64 62 59 51 40 3126 413AK 727 981657 65999999999999991337 56999999999999999999999
 28 29 36 48 63 75 84 90 92 87 75 62 55 52 53 59 67 72 72 71 70 65 53 4026 414AK 755 921725 7399999999999999 0 9 281314 5299999999999999
 34 33 36 45 59 73 79 83 85 83 70 54 43 42 45 52 65 77 81 80 79 78 69 5326 415AK 814 8618 0 8199999999999999 038 331246 4199999999999999
 41 39 41 47 59 74 82 82 80 78 68 48 31 25 29 38 54 73 87 89 87 88 84 6926 416AK 624 821842 8999999999999999 053 391257 2599999999999999
 53 46 47 52 61 75 87 88 81 76 67 48 24 10 10 19 35 57 80 92 93 94 95 8726 417AK 632 892145 9599999999999999 113 461325  999999999999999
 70 57 55 59 65 76 90 96 89 79 69 53 27  4 -5  0 12 33 60 83 92 95 98 9826 418AK 654 962234 9999999999999999 140 5514 4 -599999999999999
 88 74 67 68 73 79 91100 98 86 73 59 38 11 -8-13 -7  8 32 60 79 88 9410026 419AK 720100233210199999999999999 213 661451-1399999999999999
100 92 83 80 82 86 91 99101 93 79 66 49 27  3-12-15 -8  7 31 55 72 82 9126 420AK 744102999999999999999999999 252 801547-1599999999999999
 99102 98 95 94 95 96 98100 95 85 71 58 42 23  4 -9-12 -6  8 28 48 63 7626 421AK 049102 75410099999999999999 346 941651-1299999999999999
 88 99105107106104103100 98 94 86 75 64 53 40 25 10 -1 -5  0 10 25 41 5626 422AK 2591079999999999999999999991758 -5999999999999999999999
 70 85 99109113113110105 99 91 84 75 67 59 52 43 33 20 10  6  7 14 24 3826 423AK 4201149999999999999999999991912  5999999999999999999999
 52 68 84 99111115114108101 91 81 73 67 61 57 54 49 41 31 22 17 16 19 2726 424AK 5101159999999999999999999992045 16999999999999999999999
 39 53 68 84 99109112109101 91 80 71 64 61 59 59 58 56 51 43 35 28 26 2726 425AK 5571129999999999999999999992212 25999999999999999999999
 33 43 57 71 84 96104105100 89 78 68 61 57 58 61 62 63 63 61 55 46 39 3626 426AK 6401061750 63999999999999991313 572320 3699999999999999
 36 41 51 64 75 84 92 97 95 86 73 63 56 52 54 59 64 66 68 72 71 64 55 4926 427AK 717 971929 72999999999999991315 52999999999999999999999
 46 47 52 62 72 78 82 87 89 82 68 56 49 46 47 54 63 69 71 75 81 80 71 6226 428AK 746 892024 8199999999999999 020 461323 4599999999999999
 58 56 57 64 73 80 80 80 81 78 65 49 40 37 38 44 57 68 73 77 84 89 85 7526 429AK 8 4 8121 6 8999999999999999 112 561320 3799999999999999
 68 66 65 68 76 84 84 80 77 74 64 46 32 27 28 33 46 62 73 78 84 91 93 8626 430AK 535 852143 9499999999999999 147 651318 2799999999999999
 77 73 73 74 79 86 90 85 78 73 64 47 29 19 17 22 33 51 68 77 83 90 96 9526 5 1AK 555 902218 9799999999999999 146 731339 1799999999999999
 86 80 79 80 82 88 94 92 84 75 66 51 31 16 10 12 21 37 57 72 81 88 95 9826 5 2AK 618 942252 9899999999999999 156 791411 1099999999999999
 94 88 85 85 86 90 95 96 89 79 69 56 37 19  8  6 11 24 43 61 75 83 92 9826 5 3AK 639 962332 9999999999999999 228 841448  699999999999999
 98 94 91 89 89 91 94 97 93 83 72 61 45 27 13  5  5 13 28 47 64 76 86 9426 5 4AK 656 97999999999999999999999 334 891529  499999999999999
 99 99 97 95 93 93 94 95 93 86 76 65 52 37 22 11  6  8 18 33 50 64 76 8726 5 5AK 028 99 7 2 9599999999999999 458 931615  699999999999999
 96101102101 99 96 94 93 91 85 77 68 58 47 34 22 13  9 13 22 36 51 64 7726 5 6AK 15510299999999999999999999917 4  9999999999999999999999
 89 98104106104101 96 92 88 83 76 69 61 54 45 35 25 17 15 18 27 38 51 6526 5 7AK 2591069999999999999999999991757 15999999999999999999999
 79 91102109110106100 94 87 80 74 68 62 57 52 47 39 30 24 22 24 30 40 5326 5 8AK 3411109999999999999999999991856 22999999999999999999999
 66 81 94106111110105 97 88 79 72 66 62 58 56 54 51 44 37 31 29 30 35 4326 5 9AK 4201129999999999999999999992014 29999999999999999999999
 55 69 83 97107110107100 90 80 70 64 60 59 58 59 59 56 51 45 40 37 37 4026 510AK 4591109999999999999999999992137 37999999999999999999999
 48 60 73 86 98105106100 91 79 69 61 57 57 59 62 64 65 64 61 55 49 45 4526 511AK 53810617 9 65999999999999991232 572242 4499999999999999
 48 55 66 78 88 95 99 98 89 76 64 56 52 52 57 64 68 71 73 74 71 64 57 5426 512AK 614 991854 74999999999999991223 522338 5399999999999999
 53 56 63 74 83 88 91 91 85 72 57 47 42 43 50 61 71 76 79 83 85 81 72 6526 513AK 638 911953 85999999999999991218 42999999999999999999999
 63 63 66 74 83 87 86 85 81 69 50 35 28 29 36 50 67 79 84 89 94 95 87 7726 514AK 510 872037 9699999999999999 023 631218 2899999999999999
 72 72 73 78 86 92 90 83 77 68 49 26 13 11 18 32 53 74 87 92 99105102 9226 515AK 512 93211710599999999999999 041 721238 1199999999999999
 82 80 81 83 90 98 99 91 80 69 52 27  4 -5 -2  9 30 57 80 92 9910711110626 516AK 535100215911199999999999999 056 801312 -699999999999999
 95 88 88 90 94102107102 89 75 60 37  9-11-17-11  6 31 60 82 9410211111426 517AK 6 5107224711499999999999999 127 881354-1799999999999999
107 99 95 96 99103109110100 85 69 50 25 -2-19-22-13  6 33 60 80 9210311226 518AK 635111234711499999999999999 2 6 951443-2299999999999999
114109104102103105108111107 95 79 63 44 19 -4-18-19 -9  9 34 58 76 8910126 519AK 7 2111999999999999999999999 2571021536-2099999999999999
111115113109107107107108106 99 87 73 59 42 21  2-10-10 -2 15 35 56 72 8526 520AK 1 31159999999999999999999991633-11999999999999999999999
 99110116116112110107104100 96 89 79 68 57 44 28 12  3  2  9 21 37 54 6926 521AK 2231179999999999999999999991733  2999999999999999999999
 83 97110117117112108102 95 89 84 78 71 64 59 51 38 26 19 17 21 29 42 5626 522AK 3241189999999999999999999991842 17999999999999999999999
 70 83 98110116114108101 92 83 76 71 68 65 64 62 58 50 42 36 33 35 40 4926 523AK 4121169999999999999999999992011 33999999999999999999999
 61 73 85 98108111107 99 89 79 69 63 61 61 63 65 67 67 63 58 53 50 49 5226 524AK 4551111624 67999999999999991222 612141 4999999999999999
 59 68 78 88 97103103 97 87 75 64 56 53 54 58 63 68 72 76 76 73 68 65 6426 525AK 5351041832 77999999999999991214 5323 8 6499999999999999
 65 69 76 83 89 93 96 93 85 72 60 51 45 45 50 58 65 71 79 86 89 86 82 7926 526AK 6 8 961953 89999999999999991233 44999999999999999999999
 76 76 79 83 87 87 88 87 81 69 56 45 39 37 41 50 61 69 77 88 97 99 96 9226 527AK 621 882047 9999999999999999 044 761250 3799999999999999
 89 86 85 87 89 88 84 81 78 68 53 40 32 29 32 41 54 66 75 85 9710510510226 528AK 411 89213110699999999999999 153 8513 2 2999999999999999
 99 96 93 92 93 92 87 80 75 67 53 37 26 22 23 32 46 61 72 82 9410511010826 529AK 419 9322 711099999999999999 243 921312 2299999999999999
104102 99 97 97 97 93 85 76 67 55 38 23 15 15 22 35 52 68 80 9010110911026 530AK22401119999999999999999999991332 14999999999999999999999
107104102100100101 99 92 82 71 59 42 25 13  8 12 24 42 60 75 86 9710611026 531AK231211099999999999999999999914 0  8999999999999999999999
108105103101101103103 98 89 77 65 49 32 16  6  6 14 30 49 67 81 9210110726 6 1AK 531103234610999999999999999 3291011433  599999999999999
109106103101101102103101 94 84 72 58 41 24 11  5  8 19 36 55 72 85 9610426 6 2AK 559103999999999999999999999 3431011511  599999999999999
108108105102101100101100 96 89 78 66 52 36 21 10  7 13 25 42 60 75 88 9826 6 3AK 0291099999999999999999999991551  7999999999999999999999
106110109105102100 98 97 95 90 82 72 61 49 35 22 13 13 19 32 47 64 78 9026 6 4AK 1171109999999999999999999991635 12999999999999999999999
101109113110105101 97 94 91 87 82 75 67 59 49 37 26 20 21 27 38 52 67 8126 6 5AK 2 21139999999999999999999991722 19999999999999999999999
 93105113115110104 98 92 86 82 79 75 69 64 60 52 42 33 29 30 35 45 58 7226 6 6AK 2441159999999999999999999991814 29999999999999999999999
 84 97108115114107 99 91 83 77 73 72 69 67 65 63 57 49 43 40 41 45 53 6426 6 7AK 3231159999999999999999999991915 40999999999999999999999
 77 88100109113109100 90 80 72 67 65 66 67 68 69 69 65 60 55 53 53 56 6326 6 8AK 4 01131529 69999999999999991056 652025 5399999999999999
 72 82 92100106106100 89 77 66 59 57 59 63 68 71 74 77 76 73 69 67 66 6826 6 9AK 4331071723 779999999999999911 2 572141 6699999999999999
 73 80 88 94 98 99 96 87 73 60 51 47 48 54 63 71 77 82 87 89 87 83 81 8026 610AK 456 991857 89999999999999991116 462325 7999999999999999
 80 82 88 92 94 93 90 83 70 54 40 34 34 40 52 65 76 84 92 99102100 95 9226 611AK 355 941957102999999999999991132 33999999999999999999999
 91 90 91 95 96 92 87 80 69 52 33 21 18 22 34 52 69 82 9210211111310910426 612AK 343 96204511499999999999999 1 0 901154 1899999999999999
101 99 98100102100 91 81 71 55 33 13  3  4 13 31 54 74 88 9911112012011426 613AK 4 5103212912199999999999999 155 981227  299999999999999
109107105106108109103 90 77 63 42 17 -3-11 -6  8 31 57 79 9310611712412226 614AK 441109221312499999999999999 22810513 6-1199999999999999
115111110110112115114104 89 74 56 31  5-14-19-11  8 34 61 82 9710912012426 615AK 52411523 012499999999999999 2191091350-1999999999999999
120114110111113116119116104 88 71 51 25 -2-18-19 -8 12 38 64 84 9710911926 616AK 610119235012299999999999999 2151101435-2099999999999999
122117111109111113116118113101 85 68 48 23 -1-14-13 -1 19 43 67 84 9610826 617AK 656118999999999999999999999 2511091523-1599999999999999
118120114109108109110111112107 94 81 67 49 26  6 -3  0 11 28 50 70 84 9526 618AK 043120 74211299999999999999 3421081612 -399999999999999
107116117111107105104102102101 96 86 77 67 53 35 19 14 17 25 39 57 73 8526 619AK 13411899999999999999999999917 5 14999999999999999999999
 96108115114108103 99 94 90 89 88 84 79 75 70 60 47 37 34 35 41 52 65 7726 620AK 22311699999999999999999999918 4 34999999999999999999999
 87 98108113110103 96 89 81 76 75 74 73 73 74 74 69 61 56 54 54 58 65 7426 621AK 3 71131427 74999999999999991244 731920 5499999999999999
 83 91 99107109104 96 86 76 67 62 61 63 65 70 75 79 79 77 75 74 73 74 7826 622AK 3471091637 79999999999999991042 612057 7399999999999999
 83 88 94 99102101 95 85 73 62 54 50 51 55 62 70 78 86 91 93 93 91 90 8926 623AK 4181031920 93999999999999991117 502324 8999999999999999
 89 90 93 95 96 95 92 84 72 59 49 43 41 45 52 62 72 83 9410310710710610226 624AK 421 962035108999999999999991147 41999999999999999999999
 99 96 95 94 93 90 87 81 71 58 46 38 34 36 43 54 65 77 9110411311811711426 625AK21241189999999999999999999991212 34999999999999999999999
110105101 98 94 90 84 78 70 59 46 35 29 29 34 45 58 71 85 9911212112312126 626AK22 11239999999999999999999991232 28999999999999999999999
117112107103 99 93 86 79 71 60 47 34 25 22 27 36 50 65 79 9310611812412426 627AK22301249999999999999999999991252 22999999999999999999999
120116111107103 99 92 84 74 64 51 36 23 17 19 28 41 58 74 8810011212012226 628AK22531229999999999999999999991317 17999999999999999999999
119115112109107104100 92 82 70 57 42 26 15 13 19 32 48 66 82 9510511411826 629AK23141199999999999999999999991346 12999999999999999999999
117113110108108107105100 91 79 66 51 34 18 10 12 22 38 57 75 8910010911526 630AK23351169999999999999999999991418 10999999999999999999999
115111107105106107107106 99 88 75 62 45 27 14 10 16 28 46 65 82 9410311126 7 1AK 549107999999999999999999999 2571051452 1099999999999999
114111106103103104106106104 96 84 72 58 40 23 13 14 22 36 54 73 87 9810626 7 2AK 0 1114 65310699999999999999 3181021527 1299999999999999
113113108102100101101103103 99 90 79 69 55 38 24 18 21 31 45 63 80 9210126 7 3AK 032114 74510399999999999999 4 410016 4 1899999999999999
110115112105 99 97 96 96 97 97 93 84 76 67 55 40 29 27 32 41 55 72 86 9626 7 4AK 1 8115 836 9899999999999999 644 961644 2799999999999999
105113115109101 95 91 88 88 90 90 86 80 75 69 58 46 40 40 44 52 65 80 9126 7 5AK 145116 935 9099999999999999 742 881728 3999999999999999
100108114113104 95 87 81 78 78 81 82 81 79 77 73 66 58 54 55 58 66 76 8726 7 6AK 2211151054 8299999999999999 826 771818 5499999999999999
 96102108111106 96 84 75 68 66 68 72 76 78 80 82 81 77 73 71 72 74 79 8626 7 7AK 2541111520 8299999999999999 9 5 661914 7199999999999999
 93 99102105103 96 84 71 60 54 53 57 65 72 78 84 89 92 92 90 89 89 89 9126 7 8AK 3171051725 9399999999999999 941 532030 8999999999999999
 95 98100 99 98 93 84 69 55 45 40 41 48 59 70 80 89 9810510710610510410226 7 9AK 21910019 7107999999999999991018 40999999999999999999999
101101101 99 95 90 83 71 54 39 29 26 30 41 56 71 83 9510711712012011711426 710AK20141219999999999999999999991056 26999999999999999999999
111107106104 99 92 84 74 59 40 24 15 14 21 36 55 73 8810211612612912712426 711AK21 21299999999999999999999991137 13999999999999999999999
119115112110108101 91 80 67 49 28 11  2  4 15 34 56 77 9310812213113312826 712AK21411339999999999999999999991219  2999999999999999999999
123119117115115113105 92 78 62 42 18  0 -7 -1 14 36 61 82 9811112413213026 713AK221613299999999999999999999913 0 -7999999999999999999999
123118117117118120118109 94 78 60 36 10 -8-10 -1 17 41 68 8810111312412826 714AK 515120225112899999999999999 2111171341-1199999999999999
122114111113116120124122110 94 78 59 32  5 -9 -7  5 24 50 76 9210211312226 715AK 619124232712399999999999999 1531111422-1099999999999999
121112105105109113119124121108 93 78 58 30  7 -1  4 16 36 61 83 9510311326 716AK 713125999999999999999999999 22310415 3 -199999999999999
118113103 98100103108114119114102 90 78 58 34 17 13 19 31 50 73 89 9710426 717AK 0 3118 8 311999999999999999 3 5 981545 1399999999999999
113114106 97 93 94 95 99105108103 94 88 79 62 43 33 33 38 49 65 82 93 9926 718AK 041115 85210899999999999999 4 4 931629 3299999999999999
106112110101 92 88 86 84 87 92 93 90 87 86 80 69 58 54 55 59 67 79 90 9626 719AK 119112 946 9499999999999999 658 841715 5499999999999999
101107109105 96 87 81 75 72 74 77 79 80 83 86 85 80 76 75 76 78 83 90 9626 720AK 1561091420 8699999999999999 8 8 7218 3 7599999999999999
 99102105105 99 89 80 71 63 60 61 64 68 74 81 88 92 94 95 95 95 95 97 9826 721AK 227106999999999999999999999 912 60999999999999999999999
 99100100101 98 91 81 70 60 52 50 51 56 63 72 83 9310210811111111010810626 722AK 23910119471119999999999999910 8 49999999999999999999999
103100 98 97 94 89 81 71 60 50 44 42 45 52 62 74 8710011111912312312011526 723AK20301239999999999999999999991050 42999999999999999999999
110105100 96 92 87 81 72 61 50 41 37 37 42 52 64 78 9310711912713012912426 724AK21 71309999999999999999999991125 36999999999999999999999
117110104 98 93 88 81 73 64 53 42 34 31 35 43 55 69 8510011312413113212826 725AK21381339999999999999999999991156 31999999999999999999999
122115108102 97 92 85 77 68 58 46 35 28 28 35 45 60 76 9210611812713112826 726AK22 31319999999999999999999991227 27999999999999999999999
122117112106102 98 92 84 74 64 53 39 27 23 27 36 50 67 84 9811012012712626 727AK22231279999999999999999999991259 23999999999999999999999
120115112109106104101 94 84 73 61 46 31 21 21 28 41 58 76 9210311312112226 728AK22401229999999999999999999991330 20999999999999999999999
117111108108108108108104 94 83 71 57 39 23 18 22 33 49 68 86 9810711511826 729AK225711899999999999999999999914 0 18999999999999999999999
114106103104106108111111104 93 82 69 50 31 20 20 28 41 60 79 9410211011526 730AK 632112231711699999999999999 2111031428 1899999999999999
113105 98 98101104109114112102 90 79 64 44 27 22 26 36 52 73 9010010611226 731AK 716114234111499999999999999 230 971456 2299999999999999
114106 96 91 94 97102109113108 98 88 77 60 41 30 30 37 48 66 85 9810410926 8 1AK 759113999999999999999999999 3 3 911527 2999999999999999
113110 98 88 86 88 91 98106108102 94 87 76 60 45 40 43 50 62 79 9510310726 8 2AK 0 9114 84610899999999999999 350 8616 1 4099999999999999
111112103 90 82 79 80 83 91 99100 96 92 87 79 66 56 55 59 66 77 9110110626 8 3AK 037112 94110199999999999999 512 791639 5599999999999999
108110106 95 82 73 69 69 73 81 89 92 92 92 91 86 78 73 73 76 82 90 9910526 8 4AK 1 31101212 9299999999999999 642 681725 7399999999999999
106106105 99 86 73 63 57 56 61 71 79 85 89 94 97 97 94 92 92 94 9710110426 8 5AK 1 71061521 9823461059999999 739 561823 9299999999999999
105104101 98 90 77 63 51 45 45 50 60 71 80 89 9810611011111011010910810726 8 6AK1751111999999999999999999999 834 44999999999999999999999
106104100 96 90 81 67 52 40 34 34 40 51 64 77 9010311512212512512312011526 8 7AK1925125999999999999999999999 932 33999999999999999999999
111107103 97 91 84 74 59 44 31 24 24 31 44 60 76 9210812213113513413012426 8 8AK20161359999999999999999999991031 23999999999999999999999
118112108103 97 90 81 69 54 37 23 16 17 26 41 59 78 9511212613613913512926 8 9AK20541399999999999999999999991124 15999999999999999999999
123118113110107101 91 80 68 51 32 16  9 12 23 41 62 83 9911412713613512926 810AK212613799999999999999999999912 9  9999999999999999999999
122118115114115114106 95 82 68 49 26  9  5 12 26 46 70 8910211412613112526 811AK21551319999999999999999999991249  5999999999999999999999
116112112113116121121112 98 85 69 45 20  6  7 16 33 57 81 9610511512312126 812AK 532122222212499999999999999 1201111325  599999999999999
110101102106110118126125113100 88 69 41 18 10 15 26 46 71 9210110711411726 813AK 625127224811899999999999999 12710114 1 1099999999999999
108 95 89 93 99107119127123111100 88 67 40 22 21 28 41 62 8610010510811326 814AK 713128231411399999999999999 158 891436 2099999999999999
110 96 83 81 86 92102115122116106 99 88 66 45 35 38 46 59 80 9810510610926 815AK 759122234011099999999999999 238 811512 3599999999999999
110101 85 76 76 79 84 95107110105101 97 87 70 57 55 58 65 78 9410410610626 816AK 848110999999999999999999999 329 751547 5499999999999999
108104 92 79 72 70 71 76 86 94 96 95 97 96 90 80 75 76 79 84 9410310710626 817AK 0 21081232 9722 51079999999 515 701621 7599999999999999
105104 97 85 75 68 64 62 67 75 81 84 89 95 98 97 95 95 95 9710010410710526 818AK1411 9822 510799999999999999 645 621633 9499999999999999
103101 98 90 80 70 62 56 55 58 64 71 77 86 9610310710911111111111010910726 819AK1831111999999999999999999999 746 55999999999999999999999
102 99 96 91 83 74 64 55 50 48 51 57 65 75 87 9910911712212312211911511026 820AK19 1123999999999999999999999 844 48999999999999999999999
104 98 94 90 85 77 67 58 50 44 43 47 54 64 76 9110511612512913012712211526 821AK1941130999999999999999999999 941 43999999999999999999999
107100 94 90 86 79 71 62 53 45 40 40 45 53 65 80 9611012112913313212711926 822AK20181349999999999999999999991033 40999999999999999999999
111104 97 92 88 83 76 68 59 50 42 37 38 44 54 68 8510111412413113312912226 823AK20491349999999999999999999991120 36999999999999999999999
114107100 95 92 89 83 75 67 58 47 38 34 37 44 57 73 9110511612513112912126 824AK211513199999999999999999999912 2 34999999999999999999999
114108103 99 97 95 91 84 76 68 56 42 33 32 37 47 62 81 9610811812512611926 825AK21351269999999999999999999991239 31999999999999999999999
111106103101101102100 94 86 78 67 51 36 30 32 40 54 72 8910111011812111626 826AK 510102215212199999999999999 3331001311 3099999999999999
106100 99100102106108104 95 87 78 62 43 32 31 37 48 65 84 9710511211711326 827AK 55310822 811799999999999999 152 991336 3099999999999999
102 93 92 95 99106113113105 96 88 74 54 37 32 36 45 60 80 9610410811211126 828AK 631114222411399999999999999 138 911358 3299999999999999
100 86 82 85 91 99111118114105 96 87 69 48 37 38 46 58 76 9510510810911026 829AK 710118223911099999999999999 157 821420 3799999999999999
101 85 73 73 79 87100113118112103 97 85 65 49 45 50 59 73 9210711010910826 830AK 752118205511099999999999999 228 721447 4599999999999999
103 88 71 63 66 72 82 98111113107103 97 84 68 58 60 66 75 8910511211110826 831AK 840114211311399999999999999 310 631519 5899999999999999
104 94 76 61 55 57 64 76 92104105104103 99 89 79 75 78 83 9110211111210826 9 1AK 943106213611399999999999999 4 6 551556 7599999999999999
103 97 84 66 53 48 48 55 68 83 93 98101104104100 95 95 96 9910411011210926 9 2AK1329105215311299999999999999 523 471638 9499999999999999
103 97 89 75 60 47 41 40 46 58 72 82 91 9910711211311311311211211211210926 9 3AK1558113999999999999999999999 637 39999999999999999999999
103 97 90 82 70 55 43 35 33 38 48 61 74 86 9911112112612812712412011611126 9 4AK1759128999999999999999999999 744 33999999999999999999999
105 98 92 86 78 67 53 40 31 28 31 40 53 68 83 9911512813513713513012311526 9 5AK1854137999999999999999999999 858 28999999999999999999999
108101 96 90 84 77 66 53 39 29 24 26 35 48 65 8310111713113914013612812026 9 6AK19411409999999999999999999991012 24999999999999999999999
111105100 97 92 86 78 68 54 39 27 22 24 33 48 66 8510211713013713612912026 9 7AK20201389999999999999999999991111 22999999999999999999999
113107104103102 98 90 82 72 57 39 26 22 26 36 53 73 9110411612713112511526 9 8AK20521319999999999999999999991157 22999999999999999999999
108105103104108109104 95 87 76 57 37 25 24 31 43 63 83 9710511412211910826 9 9AK 442110211812399999999999999 2121031234 2499999999999999
 98 95 96 99107115116108 99 92 78 55 35 28 31 40 56 78 9510210611211410326 910AK 534117214111599999999999999 056 9513 5 2899999999999999
 88 82 84 89 97110120119109103 95 77 53 38 37 43 54 73 9410510510610910226 911AK 621121215910999999999999999 1 7 821335 3699999999999999
 85 71 69 75 82 95112120116109105 96 75 55 47 50 58 71 9010611010610610326 912AK 7 6120194611099999999999999 138 6914 6 4799999999999999
 89 69 59 61 67 77 94110115111108105 94 76 63 62 66 74 8810511311010510226 913AK 75411520 911399999999999999 218 591437 6199999999999999
 93 75 59 53 55 61 73 90103106105106104 95 82 77 79 84 9110311211310710226 914AK1118106203111499999999999999 3 5 5315 7 7799999999999999
 95 82 65 53 50 51 57 69 84 93 97100105105 99 94 94 96 9910411111310810126 915AK1229106204511399999999999999 4 9 501532 9499999999999999
 95 87 73 60 51 47 47 54 65 76 84 91 9810510810810810910911011211210810126 916AK2036112999999999999999999999 526 47999999999999999999999
 95 88 78 67 57 49 44 45 51 60 69 78 88 9910811411812011911811611310810126 917AK1719120999999999999999999999 627 44999999999999999999999
 94 88 81 73 64 55 47 43 43 48 56 65 76 8910211312112612712512111610910126 918AK1748127999999999999999999999 724 42999999999999999999999
 94 88 83 77 70 62 53 46 42 42 46 54 64 77 9110611812613013012611911110326 919AK1825131999999999999999999999 828 42999999999999999999999
 95 88 84 80 76 69 62 54 47 42 41 45 53 64 79 9511012212813112912211310426 920AK19 4131999999999999999999999 941 41999999999999999999999
 96 89 85 83 81 77 70 63 56 48 42 41 45 53 66 82 9911312312812912411510526 921AK19401299999999999999999999991045 40999999999999999999999
 97 91 86 85 85 83 79 73 66 58 48 41 41 46 55 70 8710311412212612411510526 922AK20111269999999999999999999991136 40999999999999999999999
 96 91 87 87 89 89 87 82 77 69 58 47 41 42 49 60 77 9310511412012011310226 923AK 442 90203512199999999999999 238 871218 4199999999999999
 93 89 87 88 92 96 94 90 86 81 69 55 45 43 46 55 70 87 99106112115109 9726 924AK 516 96205411599999999999999 213 871248 4399999999999999
 86 82 82 85 92100103 99 94 91 81 65 51 46 48 54 67 84 98104107110106 9226 925AK 54810321 911099999999999999 122 8213 7 4699999999999999
 77 71 72 77 86 99108108102 99 93 78 60 51 51 57 66 83 99106106105103 9126 926AK 624109191810699999999999999 112 711323 5099999999999999
 71 58 58 64 74 90106114110105102 92 74 59 56 61 69 82 99111110105101 9226 927AK 7 4114192511299999999999999 131 571344 5699999999999999
 72 51 43 47 57 72 93110114110108104 91 74 66 68 75 84 98113116109101 9326 928AK 750114194611799999999999999 2 3 431412 6599999999999999
 77 53 36 33 39 51 70 93108111110110106 93 82 79 84 90 99111119115105 9526 929AK 951111201011999999999999999 244 321444 7999999999999999
 83 62 40 27 26 32 46 67 88100105108112109101 95 96 99104110117117108 9726 930AK12 9112203011899999999999999 336 251520 9599999999999999
 87 72 53 34 24 22 28 41 61 79 91 991071131151131121121131141161151101002610 1AK1347115203011699999999999999 443 2216 211299999999999999
 90 79 66 49 34 24 21 25 37 53 68 81 931051161231251261241221191151091012610 2AK1634126999999999999999999999 555 21999999999999999999999
 92 83 74 64 51 37 26 22 25 33 45 60 74 891051191301341341301251171091012610 3AK1723135999999999999999999999 7 8 22999999999999999999999
 93 86 80 74 66 55 42 31 26 26 31 41 55 70 871051211331371351301211111012610 4AK1810137999999999999999999999 831 25999999999999999999999
 94 88 84 81 77 71 61 49 38 30 28 31 40 54 71 881061211311341301221121022610 5AK1856134999999999999999999999 955 28999999999999999999999
 94 89 87 86 84 81 76 68 57 44 35 32 35 44 58 75 92105117126127119108 992610 6AK19351279999999999999999999991059 32999999999999999999999
 91 87 86 89 91 89 86 83 76 63 49 40 39 42 52 67 84 96104113118114102 912610 7AK 4 0 9120 711899999999999999 135 861146 3999999999999999
 84 81 81 87 94 97 94 92 90 82 67 53 47 47 52 64 80 93 99102108108 97 822610 8AK 451 97203210999999999999999 130 811220 4699999999999999
 73 71 72 78 90100101 98 98 96 86 69 57 55 58 65 79 94101100100102 94 772610 9AK 537102181410120471029999999 1 0 711245 5519261009999999
 62 57 60 65 78 94103103102103100 86 70 64 66 70 80 95106105100 98 92 77261010AK 623104 91110418271079999999 1 0 57 7501011310 649999999
 57 46 46 51 62 79 97104103105107101 86 75 74 77 83 95107111105 98 92 80261011AK 954107185011299999999999999 128 451337 7499999999999999
 59 41 35 38 46 61 81 96102103108108100 89 84 86 89 96107114111101 93 83261012AK1037109191311499999999999999 2 4 3514 6 8499999999999999
 65 45 32 30 34 45 63 82 93 99103109108101 95 95 97100106113113105 95 85261013AK1125109193111499999999999999 246 291434 9599999999999999
 71 53 37 28 28 33 46 64 79 89 96104109109106105105106108112112106 97 86261014AK1227109193811399999999999999 336 2715 210599999999999999
 75 61 46 34 28 28 35 48 63 76 86 95104110113113113113112111110105 97 87261015AK1541114999999999999999999999 431 27999999999999999999999
 78 67 55 43 34 29 30 37 48 61 73 84 96106114118120119116113109103 95 87261016AK16 5120999999999999999999999 526 29999999999999999999999
 79 71 63 53 44 36 32 33 39 48 59 71 84 98110119124124121115109102 94 86261017AK1634125999999999999999999999 622 31999999999999999999999
 79 73 68 62 55 47 40 36 36 40 48 59 71 86101114123126124119111102 93 85261018AK17 6126999999999999999999999 725 35999999999999999999999
 78 73 71 68 64 58 51 44 40 39 42 49 59 73 89105117124125121114103 93 84261019AK1741126999999999999999999999 849 39999999999999999999999
 77 73 71 71 71 68 63 56 50 45 42 44 51 62 76 92107118122121115105 93 83261020AK181912399999999999999999999910 6 42999999999999999999999
 76 72 71 73 75 75 72 68 63 55 49 46 48 55 66 81 96108115118114104 92 81261021AK 428 75185511899999999999999 143 7111 5 4699999999999999
 74 70 71 74 78 80 80 79 75 68 59 53 51 54 61 74 88 99106111110101 88 76261022AK 526 80192511199999999999999 125 701152 5199999999999999
 69 66 67 73 80 84 85 86 86 81 71 61 57 57 62 71 84 95100103104 97 83 67261023AK 735 86194410499999999999999 112 661225 5799999999999999
 59 57 59 67 79 89 91 92 94 93 84 71 64 64 66 72 84 96100 99 98 93 79 59261024AK 822 9418 510099999999999999 053 571238 6399999999999999
 46 42 46 55 71 88 97 98 99101 97 84 72 70 72 77 86 99106102 96 90 78 57261025AK 9 010118 810699999999999999 050 421250 7099999999999999
 35 26 29 38 54 76 95102103106107 98 84 77 78 83 89101111111101 91 80 60261026AK 938107182811299999999999999 112 261314 7699999999999999
 34 15 11 18 33 55 81 98104107111110 99 88 85 89 94102113117110 96 83 67261027AK1020112185411799999999999999 146 111344 8599999999999999
 42 16  2  2 12 30 56 81 97103109114111102 96 97100105112118116104 89 74261028AK1113114191911999999999999999 229  11420 9699999999999999
 55 29  7 -3 -1  9 29 55 77 91100109115114109107108110113116117109 96 81261029AK1223115193611799999999999999 320 -415 310799999999999999
 66 47 25  7 -2  0 10 29 51 70 84 96107115119118117117116115113108 99 86261030AK1416119999999999999999999999 421 -2999999999999999999999
 74 61 45 28 13  5  5 14 29 46 63 78 91105117124126124121116111105 97 88261031AK1548126999999999999999999999 526  4999999999999999999999
 78 69 60 49 35 22 14 13 19 29 43 58 74 89105119127128124119111102 93 862611 1AK1637129999999999999999999999 636 13999999999999999999999
 79 73 68 63 56 45 34 26 23 25 32 43 58 73 89106119126125119110100 89 812611 2AK1721126999999999999999999999 8 3 23999999999999999999999
 76 73 71 70 69 64 56 46 39 34 34 39 48 62 76 91105116120117108 97 85 762611 3AK18 3120999999999999999999999 933 34999999999999999999999
 70 69 70 72 74 74 73 67 59 51 46 45 48 57 69 82 93103110111104 92 80 702611 4AK 456 74184111199999999999999 050 691043 4599999999999999
 64 62 65 71 75 78 80 82 78 70 62 58 57 60 68 79 88 94 98102 99 88 73 622611 5AK 655 82191210299999999999999 049 621144 5799999999999999
 56 53 56 65 74 78 82 88 91 88 79 72 69 69 72 80 89 93 93 93 92 84 68 542611 6AK 8 3 911821 9399999999999999 1 0 531241 6999999999999999
 46 43 45 54 68 78 82 88 96 99 93 85 80 79 79 83 92 97 95 90 87 81 67 482611 7AK 851 991711 9799999999999999 1 6 431325 7999999999999999
 36 32 34 41 56 72 81 87 95103104 96 89 87 87 89 94101101 94 86 79 67 482611 8AK 933105173010299999999999999 1 8 321320 8799999999999999
 30 22 22 28 42 61 77 85 92101107104 97 93 93 94 97103106101 90 80 69 522611 9AK1011107175410699999999999999 127 211330 9399999999999999
 31 17 13 17 28 46 66 80 89 97105108104 99 97 98100104108106 96 84 72 57261110AK1050108181610899999999999999 157 131359 9799999999999999
 37 19 10  9 16 32 52 70 83 92100107107104101101102104107107101 89 77 63261111AK1135108183310899999999999999 233  8144610199999999999999
 46 27 13  7  9 20 37 56 72 84 94102107107106104104104105105101 92 81 68261112AK1237108183510699999999999999 314  7161810499999999999999
 54 38 23 12  8 13 25 42 58 73 85 95103108110109107105104102 99 92 82 72261113AK14 1110999999999999999999999 358  8999999999999999999999
 60 48 35 23 14 13 18 30 45 59 73 86 97106112113111107104100 95 89 81 73261114AK1452113999999999999999999999 445 12999999999999999999999
 64 56 46 36 26 19 19 24 34 46 60 74 87100110115115111105 99 92 85 78 72261115AK1529116999999999999999999999 536 18999999999999999999999
 65 60 54 48 40 31 26 26 30 38 49 62 76 90103114117115108100 91 82 74 69261116AK16 3117999999999999999999999 632 26999999999999999999999
 64 61 59 56 52 45 39 35 34 36 43 53 65 79 94107115116110102 91 80 71 65261117AK1637116999999999999999999999 745 34999999999999999999999
 61 60 60 61 60 58 53 48 44 42 44 49 58 70 83 96107112110102 91 79 68 60261118AK 331 61171211299999999999999 131 59 910 4299999999999999
 57 57 59 62 65 66 65 62 58 54 51 52 56 65 76 87 97104105100 89 76 63 55261119AK 510 66174410599999999999999 028 571019 5199999999999999
 51 52 56 62 67 70 74 75 72 67 63 61 61 65 73 82 90 95 97 95 86 71 56 46261120AK 649 7518 7 9799999999999999 019 511121 6199999999999999
 42 43 49 59 68 73 78 84 85 81 75 71 70 70 74 82 89 91 90 88 81 67 49 35261121AK 748 8517 3 9199999999999999 021 421219 7099999999999999
 29 30 37 51 65 75 81 88 94 94 88 82 79 79 80 85 92 94 90 85 78 65 44 25261122AK 830 951650 9499999999999999 022 2913 1 7999999999999999
 14 14 20 35 55 73 83 90 98103100 92 87 86 87 90 96101 98 88 78 66 46 21261123AK 9 8104171010199999999999999 033 131242 8699999999999999
  2 -4  1 14 35 60 79 89 97106109103 95 92 93 95 99106107 98 84 71 53 28261124AK 948109173910899999999999999 1 1 -413 3 9299999999999999
  1-15-16 -7 11 38 65 83 93103111111104 98 97 99102108112109 96 80 63 41261125AK1032112181111299999999999999 138-171338 9799999999999999
 13-12-24-23-10 12 41 66 83 94104112111105101102104108112113106 91 73 55261126AK1126113184311499999999999999 222-25142110199999999999999
 32  5-16-26-22 -8 15 42 65 81 93104111112108105106107109110108 99 84 67261127AK123411219 511099999999999999 311-26151610599999999999999
 50 29  5-13-20-15 -2 19 42 62 77 90102111113110108107106105103 98 88 75261128AK1347113999999999999999999999 4 4-20999999999999999999999
 62 48 31 12 -3 -9 -4  7 23 43 60 74 88101111114111107104100 95 90 85 77261129AK1450114999999999999999999999 5 1 -9999999999999999999999
 68 59 51 38 23 11  7 10 17 30 45 60 74 88102111112108102 96 88 80 75 72261130AK1540113999999999999999999999 6 3  7999999999999999999999
 67 62 59 56 48 37 28 25 25 30 39 51 63 76 89101108107101 93 83 73 65 612612 1AK1623109999999999999999999999 721 25999999999999999999999
 59 59 59 61 62 58 52 46 43 42 44 50 59 69 79 90 98102 99 90 79 67 56 502612 2AK 339 6217 210299999999999999 1 8 59 855 422353 489999999
 48 50 54 59 64 68 70 68 64 60 58 59 62 68 76 83 89 93 93 87 76 62 50 412612 3AK 554 701736 94999999999999991026 58999999999999999999999
 38 39 45 53 60 68 77 82 82 79 76 73 72 73 77 81 84 85 85 82 73 59 45 342612 4AK 733 831747 8599999999999999 012 371212 7299999999999999
 29 28 34 44 54 64 74 86 93 94 91 88 85 82 82 84 85 83 80 77 70 57 41 282612 5AK 836 951549 8599999999999999 034 281335 8299999999999999
 21 19 23 34 47 58 69 82 95102102 99 96 92 89 89 89 87 80 74 67 57 41 252612 6AK 924102999999999999999999999 052 19999999999999999999999
 14 11 13 23 38 53 65 77 91102106104101 98 95 94 93 92 86 77 68 58 43 252612 7AK10 4106999999999999999999999 1 5 11999999999999999999999
 10  3  4 12 27 45 60 72 85 97105106103100 98 97 96 96 92 84 72 61 47 292612 8AK1039107999999999999999999999 124  3999999999999999999999
 12  0 -3  2 15 34 52 67 80 91100105103100 98 97 97 98 97 91 80 67 53 362612 9AK111210517 8 9899999999999999 150 -41514 9799999999999999
 18  2 -7 -5  5 22 41 60 74 85 94101102100 96 95 96 97 97 94 87 75 61 45261210AK11461021742 9799999999999999 221 -815 6 9599999999999999
 28 10 -4 -8 -3 11 29 48 65 78 88 96100100 96 94 93 94 95 94 89 80 68 54261211AK122310118 3 9599999999999999 257 -81541 9399999999999999
 38 22  6 -4 -5  3 18 36 54 69 81 90 98101 99 95 92 91 91 90 87 82 72 60261212AK13 4101999999999999999999999 334 -6999999999999999999999
 48 34 19  6 -1  1 11 25 42 58 72 83 93100102 98 93 90 88 85 82 79 72 64261213AK1344102999999999999999999999 415 -1999999999999999999999
 54 45 34 21 10  7 10 19 32 47 62 75 87 97103102 97 91 86 81 76 73 69 63261214AK1424103999999999999999999999 457  7999999999999999999999
 57 51 45 36 25 18 17 20 28 39 53 67 79 90100104101 93 86 78 71 65 62 60261215AK15 1104999999999999999999999 543 17999999999999999999999
 56 53 51 47 41 33 29 29 32 38 48 60 71 82 93100101 95 86 76 66 58 54 53261216AK1536102999999999999999999999 632 29999999999999999999999
 52 52 52 53 53 49 45 42 42 44 49 57 66 76 85 93 97 94 85 73 62 52 45 43261217AK 315 5416 9 9799999999999999 1 9 52 729 422257 439999999
 45 48 51 55 59 61 60 58 57 56 57 60 66 73 79 85 89 89 83 71 57 45 36 32261218AK 514 611634 8999999999999999 845 562313 3299999999999999
 34 40 47 54 60 67 72 74 73 71 70 70 70 74 78 81 82 82 78 69 54 38 26 20261219AK 656 7416 7 829999999999999911 4 702331 2099999999999999
 20 27 38 49 59 68 77 85 87 85 83 82 80 79 81 83 82 78 74 66 53 34 18  8261220AK 756 871517 83999999999999991250 792353  599999999999999
  5 10 22 38 53 65 77 88 97 98 95 92 89 87 86 87 87 83 75 66 54 36 15 -2261221AK 841 981534 88999999999999991351 86999999999999999999999
-10 -9  2 20 41 59 73 86 98105104100 96 94 92 92 94 92 84 72 59 43 21 -3261222AK 9211061611 9499999999999999 020-101424 9299999999999999
-20-25-18 -3 21 46 65 79 93104109106100 97 96 96 98100 96 85 70 54 33  7261223AK10 0109165910099999999999999 055-251421 9699999999999999
-18-33-34-23 -2 25 51 70 84 97106108103 97 95 97 99103105 99 85 68 49 26261224AK1042109175110599999999999999 134-351353 9599999999999999
 -3-28-40-36-22  1 30 55 73 86 97105105 98 93 93 97100104106 98 83 64 45261225AK1126106184310699999999999999 216-401421 9299999999999999
 21 -7-30-38-31-15  8 36 59 74 85 96103100 93 89 91 95 98101101 93 77 61261226AK1213103193310299999999999999 3 0-3815 2 8999999999999999
 43 20 -6-24-28-20 -5 17 42 62 74 84 95100 95 88 86 87 89 90 93 92 82 70261227AK13 01002021 9399999999999999 345-281556 8699999999999999
 58 44 24  2-11-11 -4  9 28 48 64 74 84 94 97 91 85 82 80 78 78 79 77 70261228AK1347 972110 7999999999999999 433-121935 7799999999999999
 62 56 46 31 16  9  9 15 25 40 55 66 75 85 93 93 87 80 74 69 64 62 63 62261229AK1432 94999999999999999999999 524  8999999999999999999999
 58 56 55 51 42 34 31 31 34 42 52 62 69 77 85 90 88 81 72 63 54 48 46 47261230AK1514 90999999999999999999999 620 3122 6 4699999999999999
 46 48 53 57 59 57 55 54 54 55 59 64 69 74 78 83 84 80 71 60 48 38 32 30261231AK 356 591546 8599999999999999 740 542253 3099999999999999
