 51 59 66 72 77 83 92103115127135138136128114 95 74 52 33 20 14 14 19 2726 1 1AS11 81389999999999999999999992028 13999999999999999999999
 37 48 58 66 73 79 86 96108122134143147145136120 98 73 48 27 12  6  7 1326 1 2AS12121479999999999999999999992122  6999999999999999999999
 23 36 48 57 65 71 77 84 95109124137147153151141123 99 72 45 22  8  3  526 1 3AS131815399999999999999999999922 8  3999999999999999999999
 14 25 38 50 58 64 69 74 81 92106122137148154152141122 96 68 41 20  7  526 1 4AS14181559999999999999999999992248  5999999999999999999999
 10 19 32 45 54 60 64 67 71 77 87102119133145151148136116 90 63 37 19 1126 1 5AS15141519999999999999999999992321 10999999999999999999999
 12 19 30 43 54 60 64 65 66 68 73 83 97113127138143139125105 81 57 35 2226 1 6AS16 61439999999999999999999992350 19999999999999999999999
 19 24 33 44 56 64 68 69 68 67 66 69 78 92105118127130124111 92 71 51 3626 1 7AS 640 69165313099999999999999 944 66999999999999999999999
 29 31 39 49 60 70 76 76 74 71 67 65 67 75 86 97106113114107 94 78 62 4826 1 8AS 641 77173711499999999999999 014 2911 7 6599999999999999
 40 40 46 55 65 75 83 86 84 79 74 68 65 65 71 79 87 94 98 96 89 78 67 5726 1 9AS 7 1 861817 9899999999999999 034 391221 6499999999999999
 50 48 53 61 71 81 89 94 94 90 83 76 69 64 64 67 71 76 81 83 80 74 66 6026 110AS 727 951855 8399999999999999 047 481341 6399999999999999
 57 56 59 66 75 85 94100103100 94 86 78 70 63 61 61 63 66 69 69 66 63 6026 111AS 7571031936 6999999999999999 046 561520 602353 599999999
 59 60 64 70 78 87 96104109109105 97 89 79 69 61 56 54 55 57 58 58 58 5726 112AS 8331092039 589999999999999917 9 542242 5799999999999999
 59 62 66 72 79 87 96105111114113109100 90 78 67 57 50 47 47 48 50 51 5326 113AS 9161159999999999999999999991834 47999999999999999999999
 57 61 67 72 78 85 94103111117119118112103 91 77 63 51 43 39 39 41 44 4826 114AS10101199999999999999999999991933 39999999999999999999999
 53 59 65 71 77 83 90 98107115121124122116105 90 74 57 44 35 32 33 36 4126 115AS11111249999999999999999999992017 32999999999999999999999
 48 55 62 68 74 79 85 92101110119125128127119106 88 68 50 36 28 25 28 3426 116AS12111299999999999999999999992055 25999999999999999999999
 42 50 58 65 70 75 79 85 93103113123130133130120104 83 61 42 28 21 21 2626 117AS13 41339999999999999999999992130 20999999999999999999999
 34 44 53 61 66 70 74 79 85 94104116126133136131118 98 75 53 34 21 17 2026 118AS135213699999999999999999999922 2 17999999999999999999999
 28 38 48 57 63 67 70 73 77 84 94105118128135136128112 90 66 43 26 18 1826 119AS14351379999999999999999999992231 17999999999999999999999
 24 34 45 55 61 65 67 68 71 75 83 93106118129134132121103 80 56 36 22 1826 120AS15171349999999999999999999992256 18999999999999999999999
 23 32 43 54 62 66 67 67 67 68 72 81 92105117126129125111 91 69 48 31 2426 121AS15581299999999999999999999992319 23999999999999999999999
 25 33 44 55 65 70 71 69 66 65 65 69 78 89101112120121114 99 80 60 43 3226 122AS 540 71164012199999999999999 923 642341 3099999999999999
 31 37 47 59 69 76 78 75 70 65 62 61 65 73 84 95104110109100 86 70 55 4326 123AS 549 781723110999999999999991041 612359 3999999999999999
 39 43 53 64 75 83 87 85 78 71 64 59 57 60 68 77 86 93 97 94 86 74 63 5426 124AS 6 6 8718 8 97999999999999991152 57999999999999999999999
 49 51 59 71 82 91 96 96 90 81 72 63 56 53 55 60 67 74 79 82 79 73 66 6126 125AS 629 971858 8299999999999999 014 4913 7 5399999999999999
 58 59 66 76 87 98105108104 96 85 74 63 55 50 49 52 56 60 65 66 65 63 6126 126AS 65810820 2 6699999999999999 015 581440 492318 619999999
 62 64 70 79 91102111116117111102 90 77 65 54 47 43 42 43 46 50 52 54 5626 127AS 7351179999999999999999999991646 42999999999999999999999
 59 64 71 79 89101112120125124118109 96 83 68 55 43 36 32 32 33 37 41 4626 128AS 8231259999999999999999999991842 32999999999999999999999
 52 60 67 75 85 95107118126131130126116104 89 72 54 40 29 23 21 23 28 3526 129AS 9281319999999999999999999991959 21999999999999999999999
 43 52 61 69 77 86 96108119128134136133124111 94 74 53 35 23 16 14 17 2426 130AS10511369999999999999999999992050 14999999999999999999999
 34 44 53 62 69 75 83 93105117128136140138130116 96 73 50 31 17 11 11 1726 131AS12161409999999999999999999992128 10999999999999999999999
 26 37 48 56 62 67 72 78 87100113126136142141133117 95 70 46 26 14 10 1426 2 1AS13271429999999999999999999992159 10999999999999999999999
 22 34 46 55 60 63 65 67 71 80 92107121133140140130112 90 64 41 23 15 1526 2 2AS14271419999999999999999999992225 14999999999999999999999
 22 33 46 57 63 65 64 62 62 64 72 85101116128135133122103 81 57 36 24 2126 2 3AS 5 4 65151913599999999999999 754 612248 2099999999999999
 26 36 48 60 69 71 69 64 60 56 58 66 79 94108120126122109 91 71 51 35 2926 2 4AS 454 7116 612699999999999999 919 5623 9 2999999999999999
 32 41 52 65 75 80 78 72 64 57 52 53 61 74 87100110113107 94 78 61 47 3826 2 5AS 5 9 801649113999999999999991024 522327 3799999999999999
 39 46 58 70 81 88 88 82 73 64 55 49 50 58 69 81 92 98 98 90 79 66 55 4726 2 6AS 530 891727 99999999999999991121 492341 4699999999999999
 46 52 63 75 86 95 98 93 84 74 63 53 48 50 57 66 75 82 85 82 75 66 59 5426 2 7AS 554 9818 1 85999999999999991216 482346 5299999999999999
 53 57 67 79 90 99104103 96 85 73 62 53 49 50 55 62 68 72 72 68 63 58 5626 2 8AS 6201041831 73999999999999991314 492321 5699999999999999
 57 61 69 80 91101107109105 96 85 73 62 54 50 50 54 58 61 62 61 58 55 5626 2 9AS 6481091859 62999999999999991422 502228 5599999999999999
 58 63 70 80 90100108112111105 96 85 74 64 55 51 49 50 52 53 53 52 52 5326 210AS 7221121929 53999999999999991558 492153 5199999999999999
 57 62 70 78 87 97105111113111106 98 87 76 65 56 49 46 45 45 45 46 47 4926 211AS 8 61139999999999999999999991822 45999999999999999999999
 54 60 67 75 83 91 99107112114112108100 90 78 65 54 46 40 38 37 38 41 4526 212AS 9 91149999999999999999999991947 37999999999999999999999
 50 57 64 71 78 85 92100106112115115111104 92 78 63 50 40 33 31 31 34 3926 213AS10311159999999999999999999992019 30999999999999999999999
 46 53 61 67 73 79 85 91 99106112117118115106 93 76 59 44 32 26 25 27 3326 214AS11491189999999999999999999992046 24999999999999999999999
 41 49 57 63 68 72 77 82 89 97106114120121117107 91 71 52 36 25 20 22 2826 215AS12511219999999999999999999992112 20999999999999999999999
 37 46 54 61 65 67 70 73 78 85 95105115122123117104 85 64 44 29 20 19 2526 216AS13431239999999999999999999992136 19999999999999999999999
 34 44 53 60 64 64 64 65 67 72 81 92105115122122114 98 77 56 37 24 20 2426 217AS14311239999999999999999999992159 20999999999999999999999
 33 44 55 62 66 65 62 60 58 60 66 76 89103114120118107 89 68 48 33 25 2726 218AS 416 66151612099999999999999 8 5 582219 2599999999999999
 35 46 58 67 72 70 65 59 54 50 52 59 71 85 99110114110 97 79 61 44 34 3326 219AS 416 7216 111499999999999999 915 502238 3299999999999999
 39 51 63 73 80 80 73 64 55 47 43 45 53 66 80 93102105 98 85 70 56 45 4126 220AS 428 811645105999999999999991014 432256 4199999999999999
 45 56 69 80 89 91 85 75 62 51 41 36 39 48 60 73 85 92 92 85 74 63 54 4926 221AS 447 911729 93999999999999991110 362310 4999999999999999
 52 62 75 87 97102 99 89 75 61 48 37 32 35 43 54 65 74 79 77 71 65 59 5626 222AS 5111021814 799999999999999912 6 322315 5699999999999999
 58 66 79 92103110111104 91 76 61 47 36 32 34 40 47 55 62 64 63 60 58 5826 223AS 53911119 4 649999999999999913 9 322228 5899999999999999
 61 68 79 93105114119116107 93 78 63 49 38 33 33 36 40 45 48 50 50 52 5526 224AS 6121199999999999999999999991432 33999999999999999999999
 60 66 77 89102113120123119110 97 83 68 54 43 36 32 31 32 34 36 39 42 4726 225AS 6541239999999999999999999991659 31999999999999999999999
 54 62 71 82 94106115121123120112101 89 75 60 47 37 30 26 25 25 28 33 3926 226AS 7511239999999999999999999991910 24999999999999999999999
 47 55 64 73 83 94104113119122120115107 95 81 65 50 37 27 21 19 20 25 3226 227AS 91312299999999999999999999920 7 19999999999999999999999
 40 49 57 65 72 79 88 98107114119121119112100 85 67 50 34 23 17 16 20 2826 228AS10591219999999999999999999992040 16999999999999999999999
 37 46 54 60 64 67 72 79 88 98108116121120114102 86 66 47 31 21 17 19 2626 3 1AS122912199999999999999999999921 5 17999999999999999999999
 36 47 54 59 61 61 61 63 69 78 90102112119120113100 82 62 42 28 21 21 2826 3 2AS13371209999999999999999999992124 20999999999999999999999
 38 49 59 64 64 61 57 53 53 58 69 82 95108115116108 94 75 56 38 28 26 3126 3 3AS 332 64143311799999999999999 734 522143 2699999999999999
 41 53 64 71 71 67 59 51 45 43 49 61 75 90102110108 99 85 67 50 37 32 3626 3 4AS 333 72152211099999999999999 843 4322 2 3299999999999999
 45 57 70 79 81 77 67 56 45 37 36 43 55 70 84 96101 98 88 74 60 47 40 4126 3 5AS 349 8216 510199999999999999 939 352220 3999999999999999
 50 62 74 85 91 88 78 66 52 40 31 32 40 52 66 79 89 91 85 76 65 55 48 4726 3 6AS 411 911644 91999999999999991029 302236 4699999999999999
 54 66 78 90 97 98 90 77 62 48 35 28 31 39 51 64 74 80 79 73 65 59 54 5226 3 7AS 435 991720 80999999999999991116 282245 5299999999999999
 57 68 81 92101105100 89 74 59 44 33 29 32 41 51 61 68 70 67 62 58 56 5626 3 8AS 4591051751 709999999999999912 0 292235 5599999999999999
 60 69 81 93102108107 99 86 71 56 42 34 32 36 43 51 58 61 60 57 55 55 5626 3 9AS 5241091819 61999999999999991246 312138 5499999999999999
 61 68 79 91101108110106 96 83 69 55 43 37 36 39 44 49 52 53 52 50 51 5426 310AS 5521101845 53999999999999991339 352111 5099999999999999
 60 67 77 87 97105109108103 93 81 68 56 46 40 39 40 43 45 46 46 46 47 5126 311AS 6251099999999999999999999991453 39999999999999999999999
 57 64 73 82 91 99104107105100 92 81 69 58 49 43 39 38 38 39 39 40 43 4726 312AS 7 71079999999999999999999991723 38999999999999999999999
 53 61 69 77 85 92 98102104103 99 92 83 72 60 50 42 37 34 33 33 35 38 4326 313AS 8101049999999999999999999991917 33999999999999999999999
 50 57 64 71 78 84 89 94 98101101 99 94 85 74 61 49 39 32 28 27 29 34 4026 314AS 9451019999999999999999999991945 27999999999999999999999
 47 54 60 66 71 75 79 84 89 94 99101101 96 87 74 59 46 34 27 24 25 30 3726 315AS112010299999999999999999999920 8 24999999999999999999999
 45 52 58 62 65 67 69 72 77 83 91 98102102 97 86 72 56 41 30 24 24 28 3626 316AS12331039999999999999999999992030 23999999999999999999999
 45 53 59 61 61 60 59 59 62 69 78 88 97103103 97 84 68 51 37 28 25 29 3726 317AS 334 62133410499999999999999 625 592050 2599999999999999
 47 56 63 64 62 58 53 49 48 52 60 72 84 95102101 93 80 63 47 35 30 33 4126 318AS 256 65142810399999999999999 743 4821 9 3099999999999999
 51 62 69 72 69 61 52 43 37 36 41 52 66 80 92 99 97 88 74 59 46 38 39 4626 319AS 255 721518 9999999999999999 841 352128 3799999999999999
 57 69 78 83 80 71 58 44 33 25 25 32 45 60 75 87 93 89 80 68 57 48 46 5226 320AS 3 9 8316 6 9399999999999999 933 242145 4599999999999999
 63 76 87 94 94 85 70 54 37 24 16 17 25 39 54 69 80 83 79 72 63 56 53 5726 321AS 330 951653 83999999999999991024 1522 0 5399999999999999
 67 81 93103106101 88 69 50 32 17 10 12 22 35 49 62 70 71 68 64 60 57 6026 322AS 3571061742 72999999999999991115 1022 6 5799999999999999
 69 83 97108115114105 88 69 49 30 16 10 12 21 31 43 53 58 59 58 57 58 6026 323AS 4271161838 599999999999999912 9 102059 5799999999999999
 68 81 95109118122118106 88 69 50 32 19 14 15 21 28 36 43 46 47 49 53 5726 324AS 5 21229999999999999999999991310 14999999999999999999999
 64 75 89103114121123117105 88 71 53 37 25 20 20 22 26 30 34 37 40 45 5126 325AS 5431239999999999999999999991433 19999999999999999999999
 58 67 79 92105114119119113103 89 74 58 44 33 26 23 22 23 25 28 32 37 4426 326AS 6321209999999999999999999991710 22999999999999999999999
 52 60 69 79 90100108112113109102 91 78 64 51 39 31 25 21 21 23 27 33 4026 327AS 7401139999999999999999999991848 21999999999999999999999
 47 54 61 68 75 83 91 98103105105100 92 82 69 56 43 33 25 21 21 25 31 3926 328AS 9181059999999999999999999991930 21999999999999999999999
 46 53 57 61 64 67 73 79 86 93 98100 99 93 84 71 57 44 33 26 24 26 33 4126 329AS11 81009999999999999999999991955 24999999999999999999999
 49 55 59 59 58 57 57 60 66 74 83 91 96 97 92 83 70 56 42 32 28 30 36 4526 330AS 247 591237 9799999999999999 529 562012 2899999999999999
 55 62 65 64 59 53 47 45 47 54 64 75 86 92 94 89 80 67 53 41 34 34 40 4926 331AS 212 651344 9499999999999999 7 2 452028 3399999999999999
 60 69 74 72 66 56 46 37 33 36 45 57 69 81 88 89 84 75 63 50 41 39 44 5326 4 1AS 215 741439 9099999999999999 8 3 332047 3999999999999999
 65 75 83 83 76 64 51 37 27 23 28 38 52 65 77 84 84 78 69 59 49 45 48 5726 4 2AS 233 841526 8599999999999999 854 2321 6 4599999999999999
 69 80 89 93 88 76 60 44 28 18 17 24 35 49 63 74 78 76 71 63 56 51 52 5926 4 3AS 255 9316 8 7899999999999999 939 162124 5199999999999999
 71 83 94100 99 88 72 54 37 21 13 14 23 35 49 62 70 71 68 64 59 56 55 6126 4 4AS 3211001646 72999999999999991022 122136 5599999999999999
 72 84 96104106 99 85 67 48 31 17 12 16 26 38 50 60 64 64 61 59 57 57 6226 4 5AS 3461061722 659999999999999911 3 122129 5799999999999999
 71 83 95104109107 96 80 62 43 27 16 14 20 30 40 50 56 58 56 55 56 57 6126 4 6AS 4131091755 58999999999999991143 142016 5599999999999999
 69 80 92102109110104 91 75 57 40 26 19 19 25 34 42 48 51 51 51 52 55 5926 4 7AS 4411109999999999999999999991225 18999999999999999999999
 66 76 88 98106109107 99 86 70 54 39 28 23 25 30 36 41 44 45 46 47 51 5626 4 8AS 5111099999999999999999999991312 23999999999999999999999
 63 72 82 92100105106102 93 81 67 52 40 31 28 29 32 35 38 40 41 43 47 5226 4 9AS 5431069999999999999999999991411 28999999999999999999999
 59 67 76 85 93 98101100 96 88 78 65 52 42 34 31 31 31 33 35 37 39 44 4926 410AS 6231019999999999999999999991548 30999999999999999999999
 56 63 70 78 84 89 93 95 94 91 85 76 65 54 44 37 32 30 29 31 33 37 41 4726 411AS 721 959999999999999999999991744 29999999999999999999999
 53 59 65 71 75 79 83 86 88 89 88 83 76 66 55 45 37 31 28 28 31 35 41 4726 412AS 856 899999999999999999999991832 28999999999999999999999
 52 57 61 64 67 68 71 74 78 82 85 85 83 76 67 56 46 37 31 29 31 36 42 4926 413AS1042 8699999999999999999999919 0 29999999999999999999999
 55 59 60 60 59 58 57 59 63 69 76 81 84 83 77 68 57 46 37 33 34 38 46 5426 414AS 229 611212 8499999999999999 553 571922 3399999999999999
 60 64 64 61 56 50 45 43 45 51 60 70 78 83 83 77 68 57 47 40 39 43 51 6026 415AS 132 651327 8499999999999999 7 2 431942 3999999999999999
 68 73 73 68 59 48 38 30 27 31 40 52 65 75 82 82 76 67 57 49 46 49 57 6826 416AS 129 741430 8399999999999999 754 2720 1 4699999999999999
 78 84 86 81 69 54 39 24 15 13 19 30 45 59 72 78 78 73 66 58 54 55 63 7426 417AS 145 861527 7999999999999999 844 132019 5499999999999999
 86 95100 97 86 69 49 30 13  3  2 10 23 39 54 67 72 72 68 64 60 60 66 7726 418AS 2101001624 7399999999999999 934  12034 5999999999999999
 91103111112105 88 67 45 23  5 -4 -4  5 18 34 49 60 64 64 63 62 61 66 7626 419AS 2421121728 65999999999999991025 -52034 6199999999999999
 91105116122120109 89 66 42 19  2 -6 -5  4 16 30 43 51 55 56 58 59 63 7226 420AS 3181229999999999999999999991117 -7999999999999999999999
 85101115124128123109 89 66 42 20  4 -3 -1  6 16 27 37 43 46 49 53 58 6526 421AS 3591289999999999999999999991213 -3999999999999999999999
 76 91106119126128121107 88 66 44 24 10  4  6 11 17 25 32 36 40 45 51 5726 422AS 4431289999999999999999999991314  4999999999999999999999
 66 78 93106116122122116103 86 67 47 30 18 13 13 15 19 24 29 34 39 45 5126 423AS 5321239999999999999999999991433 13999999999999999999999
 58 66 78 90100108113113107 97 83 67 51 37 27 22 20 20 22 27 32 37 42 4826 424AS 6301149999999999999999999991624 20999999999999999999999
 53 59 65 74 82 90 96101102 98 91 80 68 55 43 34 29 26 25 28 33 38 44 5026 425AS 7451029999999999999999999991738 25999999999999999999999
 54 57 59 62 66 71 77 82 87 90 89 85 77 68 58 48 39 34 31 32 36 43 49 5526 426AS 918 909999999999999999999991815 31999999999999999999999
 59 60 60 58 56 55 58 62 68 74 79 81 79 75 68 59 50 42 38 37 41 47 55 6326 427AS 110 6011 1 8199999999999999 436 551837 3799999999999999
 67 68 65 60 53 46 43 44 49 56 64 71 75 75 73 67 60 51 45 43 46 52 61 7026 428AS 044 681240 7699999999999999 617 431855 4399999999999999
 76 78 75 67 57 45 35 31 32 38 47 56 65 71 73 71 66 59 52 49 50 56 65 7526 429AS 052 781358 7399999999999999 718 301915 4899999999999999
 84 88 86 78 65 50 36 24 20 23 30 41 52 62 69 70 69 64 59 54 54 59 68 7926 430AS 113 881458 7099999999999999 8 6 201936 5399999999999999
 89 96 97 90 77 60 42 26 15 12 17 27 38 51 61 67 68 66 63 59 57 61 69 8026 5 1AS 139 971548 6899999999999999 849 121955 5799999999999999
 91100104101 90 73 53 34 17  8  8 15 26 39 51 60 64 65 63 62 60 62 69 7926 5 2AS 2 71051634 6599999999999999 930  720 6 6099999999999999
 91102109110102 87 67 46 27 12  5  8 17 28 41 52 59 61 61 61 61 62 67 7726 5 3AS 2381109999999999999999999991011  5999999999999999999999
 89100109114111 99 81 61 40 21  9  6 11 21 32 43 51 56 57 57 59 61 65 7326 5 4AS 3 91149999999999999999999991051  6999999999999999999999
 84 96107113115108 94 75 55 35 18  9  9 16 25 36 44 49 52 53 55 58 62 6926 5 5AS 3411159999999999999999999991130  8999999999999999999999
 79 90101110114112103 88 69 49 31 18 12 14 21 30 38 43 47 48 51 54 59 6526 5 6AS 4131149999999999999999999991211 12999999999999999999999
 73 84 95104109111106 96 81 63 45 29 20 17 20 26 33 38 42 44 47 50 55 6126 5 7AS 4461119999999999999999999991253 17999999999999999999999
 68 77 87 96102106105 99 88 74 58 42 29 23 22 25 29 34 38 41 44 48 52 5726 5 8AS 5201069999999999999999999991340 22999999999999999999999
 64 71 80 87 93 98 99 97 91 81 68 54 40 31 27 26 28 32 36 40 43 47 51 5526 5 9AS 6 0 999999999999999999999991434 26999999999999999999999
 60 66 72 78 83 87 90 91 89 84 75 64 52 41 34 31 30 32 35 40 44 48 52 5626 510AS 656 919999999999999999999991539 30999999999999999999999
 59 62 66 69 72 75 77 80 82 82 78 71 62 53 44 38 35 35 37 41 47 52 56 5926 511AS 822 829999999999999999999991638 35999999999999999999999
 61 62 62 61 61 61 62 65 69 73 75 74 69 63 56 49 44 41 42 45 51 58 64 6726 512AS 125 6210 5 752343 689999999 421 601718 4199999999999999
 67 66 62 57 52 47 46 47 52 59 65 69 71 69 65 59 54 49 48 51 57 65 72 7726 513AS1157 712346 7899999999999999 6 2 461747 4899999999999999
 78 75 69 60 49 39 32 29 32 39 48 57 65 69 70 67 63 58 56 57 63 72 82 8926 514AS1338 70999999999999999999999 658 291810 5699999999999999
 92 90 82 70 55 39 25 16 14 18 27 39 51 61 67 69 68 65 63 63 68 77 89 9826 515AS 0 9 9215 1 6999999999999999 749 131827 6299999999999999
105106100 88 70 50 30 13  2  1  7 18 31 46 57 64 67 67 66 66 70 79 9110426 516AS 0431061631 6799999999999999 841  01828 6699999999999999
114119118109 92 70 46 22  4 -7 -7  0 11 26 41 52 59 62 64 65 68 76 8810226 517AS 123120999999999999999999999 934 -8999999999999999999999
116126130127114 94 69 43 18 -1-11-11 -3  9 23 37 47 53 57 60 64 69 79 9426 518AS 2 81309999999999999999999991028-12999999999999999999999
110124133137131116 95 69 42 17 -1-10 -9 -2  9 22 34 42 47 52 56 62 69 8126 519AS 2561379999999999999999999991122-10999999999999999999999
 97113126135137130115 93 69 42 19  2 -4 -3  4 13 24 33 39 44 49 54 60 6826 520AS 3471379999999999999999999991215 -4999999999999999999999
 81 96111123131132125110 90 67 43 22  9  5  6 12 19 28 35 40 45 49 54 5926 521AS 44013299999999999999999999913 9  5999999999999999999999
 67 79 92105115121122115102 84 64 44 28 18 15 17 21 27 34 40 45 49 52 5526 522AS 53512299999999999999999999914 2 15999999999999999999999
 59 65 74 85 94102107108102 91 77 61 46 34 28 26 28 31 37 44 49 53 56 5726 523AS 6361089999999999999999999991454 26999999999999999999999
 58 59 62 68 74 81 87 92 93 89 81 70 59 48 41 37 36 38 43 49 56 61 63 6426 524AS 742 932250 64999999999999991539 36999999999999999999999
 63 61 58 57 59 62 67 72 77 78 76 71 65 58 52 47 45 45 49 55 62 69 73 7426 525AS 858 782248 7499999999999999 255 571614 4599999999999999
 72 68 62 55 50 48 49 53 58 63 66 67 65 62 59 55 52 52 54 60 67 75 82 8426 526AS1038 672311 8499999999999999 5 7 481644 5299999999999999
 83 78 70 60 49 41 37 37 41 47 53 58 61 62 62 61 59 57 58 63 71 80 88 9326 527AS1329 622341 9499999999999999 621 361710 5799999999999999
 94 90 81 69 55 41 31 26 28 33 40 48 54 59 62 63 63 62 62 65 72 82 91 9926 528AS1517 63999999999999999999999 713 261732 6299999999999999
103101 93 81 65 47 32 21 18 21 28 37 46 54 59 63 64 65 65 66 72 81 9210126 529AS 015103999999999999999999999 758 18999999999999999999999
108110105 94 78 58 39 23 14 13 18 26 36 46 55 60 63 65 66 67 71 79 8910026 530AS 051110999999999999999999999 840 13999999999999999999999
109115115107 92 73 52 32 17 10 10 17 27 38 48 56 60 62 64 66 69 75 85 9626 531AS 129116999999999999999999999 921  9999999999999999999999
107116120117106 88 67 45 25 12  8 11 19 30 41 50 56 59 61 63 66 71 79 9026 6 1AS 2 712099999999999999999999910 2  8999999999999999999999
102113120122116102 82 60 39 21 10  8 14 23 33 43 50 54 57 60 63 67 74 8326 6 2AS 2461229999999999999999999991042  8999999999999999999999
 95107116121120112 96 76 54 33 17 10 11 18 27 37 45 50 53 56 59 63 69 7726 6 3AS 3231229999999999999999999991121 10999999999999999999999
 87 99109117119116105 88 68 47 28 16 13 16 24 32 40 47 50 53 56 59 64 7126 6 4AS 4 01199999999999999999999991157 13999999999999999999999
 80 90100109114114109 96 79 59 40 26 18 17 22 30 38 44 49 52 54 57 61 6626 6 5AS 4361159999999999999999999991232 17999999999999999999999
 73 81 91 99105108107 99 87 70 52 36 26 22 24 30 37 43 49 53 55 57 59 6326 6 6AS 51310899999999999999999999913 4 22999999999999999999999
 67 73 81 88 94 98100 97 89 77 62 47 36 29 28 32 38 45 51 56 59 60 61 6226 6 7AS 5561009999999999999999999991337 28999999999999999999999
 64 67 71 76 81 85 89 90 87 80 69 57 46 39 36 37 42 48 54 60 64 66 66 6426 6 8AS 651 902112 669999999999999914 9 36999999999999999999999
 63 63 63 64 67 70 74 77 79 77 72 64 56 50 46 45 48 53 59 66 72 75 74 7226 6 9AS 8 3 792122 7599999999999999 115 631441 4599999999999999
 68 63 59 55 53 54 56 60 65 68 69 66 63 59 55 54 55 59 65 73 80 85 86 8426 610AS 939 692147 8699999999999999 422 5315 8 5499999999999999
 78 70 61 52 44 39 38 41 46 53 58 62 63 63 63 62 62 65 71 79 88 95 99 9926 611AS1228 63222210099999999999999 546 381517 6299999999999999
 93 84 72 58 44 32 25 23 27 33 42 50 57 61 64 66 67 69 74 82 9310311011326 612AS23 6113999999999999999999999 648 23999999999999999999999
111103 90 73 54 36 21 12 10 14 22 32 43 52 59 64 67 70 74 82 9210511612326 613AS2358126999999999999999999999 746 10999999999999999999999
126122112 95 74 51 29 12  2  0  5 14 26 38 49 57 62 67 71 77 8610011412626 614AS9999999999999999999999999999 844  0999999999999999999999
134136132119 99 75 49 25  6 -4 -6  0 10 22 36 46 53 59 64 69 77 8810311926 615AS 054136999999999999999999999 940 -6999999999999999999999
132140143138123102 76 48 22  3 -6 -7 -1 10 23 35 44 51 56 61 66 75 8710326 616AS 1531439999999999999999999991033 -7999999999999999999999
120133142145139123101 75 47 22  4 -4 -3  4 15 27 37 45 50 54 58 63 71 8426 617AS 2511459999999999999999999991121 -4999999999999999999999
101116130139141135119 97 72 45 23  8  3  6 13 23 34 43 48 51 54 57 61 6826 618AS 34814299999999999999999999912 4  3999999999999999999999
 80 95110122130132125110 90 67 44 25 15 14 18 26 35 44 51 54 56 57 57 5926 619AS 4431329999999999999999999991240 13999999999999999999999
 64 75 88100110117118111 98 80 61 43 30 25 27 32 40 49 57 61 63 62 60 5826 620AS 53711920 1 63999999999999991311 252341 5899999999999999
 58 61 69 78 88 96102102 95 84 70 56 44 37 37 41 47 55 63 70 72 72 69 6426 621AS 6301032011 72999999999999991336 36999999999999999999999
 60 57 58 62 68 75 81 85 85 79 71 62 54 48 46 49 54 61 69 77 82 83 80 7526 622AS 724 862039 8399999999999999 119 571355 4699999999999999
 68 61 55 53 54 57 62 67 70 70 67 62 58 56 54 56 60 67 74 83 89 92 91 8626 623AS 824 702113 9399999999999999 310 5314 2 5499999999999999
 79 70 61 52 47 46 47 51 55 58 59 59 58 59 59 61 64 70 77 86 94 99101 9826 624AS2152101999999999999999999999 455 46999999999999999999999
 91 82 70 58 47 40 37 39 42 46 50 53 56 58 61 64 67 71 78 86 9510210710726 625AS2236108999999999999999999999 6 8 37999999999999999999999
103 95 83 68 53 41 33 30 32 36 41 46 51 56 61 65 68 72 77 84 9310210911326 626AS2324114999999999999999999999 7 4 30999999999999999999999
113107 96 82 64 48 34 26 24 27 32 39 46 53 59 64 67 71 75 80 89 9910811526 627AS9999999999999999999999999999 751 24999999999999999999999
119117110 96 79 59 41 27 20 20 24 31 39 48 55 61 65 68 72 76 83 9310311326 628AS 014119999999999999999999999 835 19999999999999999999999
120123120110 94 74 53 35 22 16 17 23 32 41 50 57 62 65 68 72 77 86 9610726 629AS 1 4123999999999999999999999 917 16999999999999999999999
117124126121109 90 68 46 28 17 14 17 25 34 44 52 58 61 64 68 72 78 88 9926 630AS 150126999999999999999999999 957 14999999999999999999999
110120127127120104 84 61 39 23 14 14 20 29 39 48 55 59 61 64 67 72 79 8926 7 1AS 2341289999999999999999999991033 13999999999999999999999
101113122126124114 97 75 53 33 19 14 17 25 35 44 52 57 59 61 63 67 72 8026 7 2AS 31512799999999999999999999911 5 14999999999999999999999
 91103113121123118106 87 65 44 28 18 18 24 33 43 51 57 60 61 62 63 66 7226 7 3AS 3541239999999999999999999991134 17999999999999999999999
 81 91102111116116109 95 76 56 38 26 22 25 33 43 52 59 63 63 63 62 63 6626 7 4AS 4321171847 649999999999999912 0 222056 6299999999999999
 71 80 89 98105109107 98 83 66 49 36 29 30 36 45 54 62 67 69 67 65 63 6226 7 5AS 5121091851 69999999999999991223 282249 6299999999999999
 64 69 76 84 91 97 99 96 86 73 59 46 38 37 41 50 59 67 74 76 75 71 66 6226 7 6AS 556 9919 7 76999999999999991244 37999999999999999999999
 60 60 64 69 75 81 86 87 84 75 65 56 49 46 48 55 64 73 80 85 85 81 74 6726 7 7AS 647 871930 8699999999999999 024 6013 2 4699999999999999
 61 57 55 56 59 64 69 73 75 72 67 61 57 55 56 62 70 79 87 94 96 93 87 7826 7 8AS 751 751959 9699999999999999 2 7 5513 8 5599999999999999
 69 60 53 48 46 47 51 56 60 63 63 62 61 61 63 67 74 83 93101106107102 9426 7 9AS 928 63203610799999999999999 4 1 461211 6199999999999999
 83 71 59 48 39 35 35 37 42 47 52 55 59 62 66 70 76 85 9510511311811711226 710AS2124118999999999999999999999 535 34999999999999999999999
102 89 74 58 43 31 24 22 25 30 37 44 50 57 63 69 75 82 9210311412312812726 711AS2225128999999999999999999999 652 22999999999999999999999
121110 95 77 57 38 23 15 12 14 20 29 38 48 56 63 69 76 84 9510812013013626 712AS2336137999999999999999999999 759 12999999999999999999999
136130118101 80 56 34 17  7  5  7 15 25 36 46 55 62 68 74 83 9510912213426 713AS9999999999999999999999999999 857  5999999999999999999999
141143137124105 81 55 31 13  3  1  6 14 26 38 47 54 60 65 70 79 9110612126 714AS 047143999999999999999999999 947  1999999999999999999999
134143146140127105 80 53 29 11  3  3  9 20 32 43 50 55 58 61 65 73 8510126 715AS 1541469999999999999999999991028  2999999999999999999999
117130140144138123102 76 50 27 12  8 11 19 30 42 51 56 57 58 59 61 67 7826 716AS 25514499999999999999999999911 3  8999999999999999999999
 94110123134137130115 94 70 46 27 17 17 23 33 44 55 61 63 61 59 56 56 6126 717AS 3511371751 63999999999999991132 162137 5699999999999999
 72 86101113123124117102 83 63 44 31 27 31 39 50 61 69 72 70 66 60 55 5326 718AS 44312518 2 72999999999999991156 272257 5399999999999999
 57 66 78 90101109109101 88 72 57 44 38 39 47 56 67 76 82 82 77 70 62 5526 719AS 5311101825 83999999999999991215 37999999999999999999999
 51 53 61 70 80 88 93 91 84 74 63 54 48 48 54 63 73 83 90 92 89 82 73 6426 720AS 616 931853 9399999999999999 0 8 511230 4799999999999999
 55 50 51 56 62 69 75 78 75 70 63 58 55 55 59 68 78 87 95100100 94 85 7526 721AS 659 78192510199999999999999 121 501232 5499999999999999
 65 56 50 49 51 55 60 64 65 63 60 58 58 60 64 71 80 89 98104107104 97 8826 722AS 746 6520 010799999999999999 245 491133 5899999999999999
 77 66 56 49 46 46 48 52 54 55 55 55 58 61 66 72 79 88 9710511011110710026 723AS2044111999999999999999999999 422 46999999999999999999999
 90 79 66 55 46 42 41 42 44 47 49 51 55 60 66 72 78 85 9410210911311411026 724AS2138114999999999999999999999 551 41999999999999999999999
103 92 80 65 52 43 37 35 36 39 42 47 52 58 64 70 75 81 88 9710511211611726 725AS2244117999999999999999999999 7 2 35999999999999999999999
114106 94 79 63 48 37 31 30 32 36 41 48 55 61 67 72 77 82 89 9810611411926 726AS2351121999999999999999999999 754 30999999999999999999999
120117108 94 77 59 43 31 26 25 29 35 43 51 58 64 68 72 77 82 89 9810811626 727AS9999999999999999999999999999 835 25999999999999999999999
122124120109 92 72 53 36 25 21 23 29 37 46 54 61 65 68 71 75 81 89 9910926 728AS 049124999999999999999999999 911 21999999999999999999999
119125126120106 87 66 45 29 20 19 23 32 42 51 58 63 65 67 69 73 79 88 9926 729AS 140126999999999999999999999 942 19999999999999999999999
111120126125117100 79 57 38 24 18 21 28 38 49 57 62 64 65 65 66 70 77 8726 730AS 2261279999999999999999999991011 18999999999999999999999
 99111120124121110 91 70 49 32 22 21 27 37 48 58 64 66 65 64 63 63 67 7526 731AS 3 812417 5 66999999999999991036 202012 6399999999999999
 86 98109117120114100 81 60 42 29 25 29 38 49 60 68 71 69 66 62 59 59 6326 8 1AS 34912017 8 71999999999999991058 252133 5999999999999999
 72 83 95105112112103 88 70 53 39 32 33 42 53 64 73 77 77 71 65 59 56 5526 8 2AS 4291131720 78999999999999991118 312238 5599999999999999
 59 68 79 90 99103101 91 77 62 49 41 40 47 57 69 78 85 86 81 73 64 57 5226 8 3AS 5111031739 86999999999999991136 402340 5199999999999999
 51 55 64 73 82 89 92 88 79 68 58 51 48 53 63 74 84 92 95 92 84 73 63 5426 8 4AS 555 9218 1 95999999999999991151 48999999999999999999999
 48 47 51 57 65 72 78 79 75 69 63 58 56 60 68 79 90 99104104 97 87 75 6326 8 5AS 644 79182810599999999999999 045 471154 5699999999999999
 53 46 43 45 50 55 61 65 66 64 61 60 61 65 72 82 93103111114111102 91 7826 8 6AS 744 6619 211499999999999999 2 2 4311 5 6099999999999999
 65 54 45 40 39 41 44 48 52 53 55 57 61 66 72 82 93104113119121117108 9626 8 7AS1947121999999999999999999999 347 39999999999999999999999
 83 69 56 44 36 32 31 33 36 40 44 49 55 62 69 78 88 9911011912512612311526 8 8AS2048126999999999999999999999 550 31999999999999999999999
103 90 74 58 43 32 25 22 23 26 31 38 46 55 63 71 79 8910011112112713012926 8 9AS22 9130999999999999999999999 721 22999999999999999999999
122111 97 79 60 42 28 19 15 16 20 28 37 47 56 63 70 77 86 9710811912813326 810AS2338134999999999999999999999 819 15999999999999999999999
134129118102 81 60 39 23 14 11 13 20 30 41 50 57 62 67 72 79 9010211512626 811AS9999999999999999999999999999 9 1 11999999999999999999999
134137133121103 81 57 36 20 12 12 17 27 38 48 55 59 61 62 65 71 81 9510926 812AS 057137999999999999999999999 934 11999999999999999999999
122132136132120100 77 54 33 20 15 19 27 38 50 58 62 62 60 57 57 62 72 8626 813AS 2 31361622 629999999999999910 1 151936 5799999999999999
101116127131126113 93 71 49 32 23 24 31 42 54 64 69 69 64 58 53 50 53 6326 814AS 3 01311619 70999999999999991025 2321 2 5099999999999999
 78 93108118122115102 84 64 46 34 32 37 47 59 71 79 79 74 66 57 48 44 4726 815AS 3511221636 80999999999999991046 3122 9 4499999999999999
 57 71 85 98107109101 88 74 58 46 41 44 54 65 77 87 91 87 78 67 55 45 4026 816AS 4381091659 919999999999999911 5 4123 8 4099999999999999
 43 53 65 77 88 95 94 86 76 65 55 50 51 59 71 83 93 99 99 91 79 67 54 4326 817AS 521 951726100999999999999991120 49999999999999999999999
 39 42 50 60 70 78 82 79 72 66 60 56 57 63 74 86 97104107103 92 80 66 5326 818AS 6 0 82175310799999999999999 0 4 391125 5699999999999999
 44 40 43 49 57 64 68 69 66 62 60 59 61 66 76 87 98106111110103 92 79 6626 819AS 636 69182311199999999999999 1 1 401052 5999999999999999
 54 46 43 44 48 53 57 59 59 57 57 59 62 67 75 86 96105111113110103 92 8026 820AS 713 59185811399999999999999 2 6 43 937 5799999999999999
 68 56 48 45 44 46 49 50 51 51 52 56 61 67 74 83 92100107112113110103 9326 821AS1943113999999999999999999999 332 44999999999999999999999
 82 70 58 50 45 43 42 43 44 46 48 52 58 64 72 79 86 9410110711111211010426 822AS2046112999999999999999999999 536 42999999999999999999999
 95 84 72 59 49 42 39 37 38 40 43 48 54 61 68 75 81 87 9310010611011211126 823AS2212112999999999999999999999 710 37999999999999999999999
106 98 86 72 58 46 38 33 32 34 38 44 51 58 65 71 76 80 85 91 9710411011326 824AS2333114999999999999999999999 751 32999999999999999999999
114109100 86 70 54 41 32 28 28 33 39 47 55 62 67 71 74 77 81 87 9510311026 825AS9999999999999999999999999999 820 27999999999999999999999
115116111 99 83 65 48 34 26 25 28 36 45 54 61 66 68 69 70 72 76 83 9210226 826AS 037116999999999999999999999 846 25999999999999999999999
111117117109 95 77 58 41 29 24 26 33 43 53 61 66 67 66 65 64 65 70 79 9026 827AS 1301171555 6799999999999999 910 241859 6499999999999999
101111116115105 89 70 51 36 27 27 33 43 54 64 69 70 67 63 59 57 58 64 7526 828AS 2181171542 7099999999999999 932 262012 5799999999999999
 88100110114110 98 81 62 45 34 31 35 45 57 67 75 76 73 66 58 52 49 51 5926 829AS 3 21141547 7799999999999999 953 312110 4999999999999999
 71 84 97106108102 88 72 56 43 37 40 49 61 73 81 85 82 73 62 53 45 41 4526 830AS 34610816 1 85999999999999991012 3722 2 4199999999999999
 54 67 80 92100100 92 79 65 53 46 46 54 66 78 88 94 93 84 72 59 47 38 3526 831AS 4291011620 95999999999999991029 452253 3599999999999999
 40 50 62 75 85 91 88 81 71 61 55 53 59 71 83 95102104 98 85 70 55 43 3426 9 1AS 512 911643104999999999999991043 532346 3199999999999999
 32 37 46 57 68 76 79 76 70 65 61 59 64 74 87 99108113110100 85 69 54 4126 9 2AS 557 791710113999999999999991047 59999999999999999999999
 32 31 35 42 51 59 65 66 64 62 61 62 66 75 88101111118119114101 86 71 5526 9 3AS 648 66174212099999999999999 044 30 954 6199999999999999
 42 34 32 34 38 43 49 52 54 54 57 60 66 74 85 98110118123122115103 89 7426 9 4AS1822123999999999999999999999 155 32999999999999999999999
 60 46 37 33 32 33 35 38 41 44 48 54 61 69 79 91103113120124123116106 9426 9 5AS1915124999999999999999999999 357 32999999999999999999999
 80 66 52 41 34 29 27 27 30 33 39 46 54 63 71 81 9110211111812212211811026 9 6AS2033122999999999999999999999 624 27999999999999999999999
100 87 72 57 43 33 26 22 22 25 31 39 48 56 64 71 78 87 9610411211812112026 9 7AS2217121999999999999999999999 732 22999999999999999999999
115105 92 76 59 43 31 23 20 21 27 35 44 53 59 64 68 72 78 86 9510411311926 9 8AS2355121999999999999999999999 810 19999999999999999999999
121117108 95 77 58 41 29 22 21 26 34 44 53 60 63 63 63 63 66 74 84 9610726 9 9AS9999999999999999999999999999 836 21999999999999999999999
115120117108 93 75 56 39 29 25 29 37 47 58 65 67 65 61 56 53 54 62 73 8726 910AS 1101201458 6799999999999999 857 251913 5399999999999999
100111116114104 89 70 52 38 32 34 41 52 64 73 76 73 66 57 48 42 43 51 6426 911AS 21111615 0 7699999999999999 915 322023 4299999999999999
 79 94105110106 96 81 65 50 41 40 47 58 70 81 87 85 77 65 52 40 33 35 4426 912AS 3 41101517 8799999999999999 934 392121 3399999999999999
 58 73 87 98101 96 86 74 61 51 47 52 63 75 87 96 97 90 77 62 47 34 27 3026 913AS 3521011541 9899999999999999 953 472213 2799999999999999
 40 54 68 81 90 90 85 76 67 59 54 57 67 79 91101106103 91 75 59 43 30 2526 914AS 435 9116 7106999999999999991010 5423 1 2599999999999999
 29 39 52 65 75 80 79 74 68 63 60 61 69 81 94104111112104 89 72 55 40 2926 915AS 514 801634112999999999999991019 602347 2699999999999999
 26 32 41 52 62 69 70 68 65 63 62 64 70 81 93104112116112101 86 69 53 3926 916AS 550 7017 111699999999999999 958 62999999999999999999999
 31 30 36 43 51 58 61 61 60 60 61 64 70 79 90102110115115109 97 83 68 5326 917AS 625 62173111699999999999999 035 30 836 5999999999999999
 42 36 36 40 45 50 53 54 54 55 58 62 68 76 86 97105112114112105 94 81 6826 918AS18 4114999999999999999999999 128 35999999999999999999999
 55 45 40 40 42 44 47 48 49 50 54 59 66 73 82 91 99105109110108101 92 8126 919AS1848110999999999999999999999 239 40999999999999999999999
 69 58 49 44 41 41 41 42 44 46 50 55 62 70 77 84 91 97102105106104100 9226 920AS1954106999999999999999999999 450 41999999999999999999999
 82 71 60 51 44 40 38 37 39 42 46 52 59 66 73 79 84 88 92 96100102102 9926 921AS2134102999999999999999999999 640 37999999999999999999999
 93 84 73 61 50 42 36 34 35 38 43 50 57 64 70 74 77 80 82 86 90 9510010226 922AS23 8102999999999999999999999 714 34999999999999999999999
100 94 85 72 59 47 38 33 32 35 42 49 57 64 68 71 72 72 72 74 78 85 92 9826 923AS9999999999999999999999999999 738 32999999999999999999999
102101 95 84 70 56 43 35 32 35 41 50 58 65 69 70 69 66 63 62 65 71 80 8926 924AS 0201021445 7099999999999999 8 0 321849 6299999999999999
 97102101 93 81 66 52 40 35 36 42 52 62 70 74 74 69 63 57 52 51 55 64 7526 925AS 1191021425 7499999999999999 820 351943 5199999999999999
 87 96101 99 90 77 62 49 41 40 46 55 66 76 81 81 75 66 55 46 40 40 46 5726 926AS 2121011428 8299999999999999 839 402031 3999999999999999
 71 84 94 98 95 85 72 59 50 46 50 60 72 83 90 92 86 74 60 46 35 29 30 3926 927AS 3 1 981442 9299999999999999 857 462118 2899999999999999
 52 67 81 91 93 88 79 68 59 54 56 65 77 89 99103 99 87 71 53 37 25 20 2326 928AS 348 9315 310399999999999999 915 5422 5 2099999999999999
 34 48 63 76 84 85 80 73 66 61 61 69 81 95106113112103 87 67 48 31 19 1526 929AS 435 86152911499999999999999 929 602254 1599999999999999
 20 31 44 58 70 75 75 71 68 65 65 71 82 97110119122118104 85 65 45 28 1726 930AS 523 76155912299999999999999 932 652345 1499999999999999
 14 20 29 41 52 61 64 64 64 64 66 71 80 95109120127127119104 85 65 45 292610 1AS 622 65163312899999999999999 8 6 64999999999999999999999
 19 17 22 29 37 45 51 54 55 58 62 68 76 89103116125129127118102 85 67 492610 2AS1712129999999999999999999999 042 17999999999999999999999
 34 25 23 25 28 33 38 42 45 49 55 62 70 80 93106117124127124115102 87 702610 3AS1759127999999999999999999999 155 23999999999999999999999
 54 41 32 28 27 27 29 33 37 41 48 55 63 72 82 93104112118120118111101 892610 4AS19 3120999999999999999999999 413 27999999999999999999999
 75 61 48 39 32 28 27 28 31 36 43 50 58 65 72 80 88 951021081111111081012610 5AS2037112999999999999999999999 6 8 27999999999999999999999
 92 79 66 53 43 35 30 28 30 35 42 50 57 62 67 70 73 78 83 89 961011051052610 6AS2230105999999999999999999999 658 28999999999999999999999
101 93 82 70 56 45 36 32 32 37 45 53 60 65 67 66 65 63 64 69 76 84 92 992610 7AS1418 67999999999999999999999 725 3217 7 6399999999999999
101100 93 83 70 57 45 39 38 41 49 59 67 72 73 70 64 57 51 50 54 63 73 842610 8AS 0 71011340 7399999999999999 742 371842 5099999999999999
 93 98 97 91 81 69 56 47 44 47 55 65 75 82 83 78 69 58 47 39 37 42 52 652610 9AS 122 981343 8399999999999999 758 441943 3799999999999999
 78 88 94 93 87 78 66 56 51 52 60 70 82 91 95 91 81 66 51 36 27 27 34 45261010AS 223 9414 1 9599999999999999 816 502035 2699999999999999
 59 73 84 89 88 82 73 65 58 57 64 75 87 97104103 94 79 61 43 27 19 20 29261011AS 314 89142610599999999999999 835 572122 1899999999999999
 42 56 70 80 83 81 76 70 64 62 67 77 89101110113107 93 75 55 35 21 15 18261012AS 4 0 83145411399999999999999 852 6222 6 1599999999999999
 29 42 56 68 75 77 74 71 68 66 69 77 89102112118117107 89 69 49 30 18 15261013AS 443 77152211999999999999999 9 3 662248 1599999999999999
 21 31 44 56 66 70 70 68 68 68 70 76 87100111119122116102 84 64 44 28 19261014AS 524 70155112299999999999999 835 682330 1799999999999999
 19 26 36 47 56 62 64 64 64 66 69 75 84 96108117122120112 97 78 60 42 29261015AS16201229999999999999999999999999999999999999999999999999
 23 25 32 40 48 54 57 58 59 62 67 72 80 91102111118119115105 91 74 57 42261016AS1651119999999999999999999999 012 22999999999999999999999
 32 28 31 37 43 48 51 53 55 58 63 69 76 85 95104111115114109 99 85 71 56261017AS1723115999999999999999999999 059 28999999999999999999999
 43 36 34 36 40 43 46 48 51 54 59 65 72 80 89 96103107109107102 93 82 69261018AS18 2109999999999999999999999 154 34999999999999999999999
 56 46 40 38 39 40 42 45 48 51 56 62 69 76 83 89 94 98100101100 96 89 79261019AS1858101999999999999999999999 315 38999999999999999999999
 68 57 49 43 40 39 40 42 46 50 56 61 67 73 78 82 85 87 89 92 93 93 91 86261020AS2037 94999999999999999999999 5 0 39999999999999999999999
 78 68 59 51 44 41 40 41 45 50 56 62 67 72 74 76 76 77 77 79 83 86 89 88261021AS2225 89999999999999999999999 554 40999999999999999999999
 85 78 69 60 52 45 42 42 46 52 59 66 71 73 74 72 70 66 65 65 69 74 81 85261022AS1342 742357 8799999999999999 624 411817 6499999999999999
 87 85 79 70 61 52 47 45 49 55 64 71 77 79 77 73 66 59 53 50 52 59 67 76261023AS13 5 79999999999999999999999 648 4519 4 5099999999999999
 83 86 85 79 71 62 54 51 53 60 69 78 85 88 86 79 68 56 45 38 36 40 49 61261024AS 113 8713 4 8899999999999999 7 8 511947 3699999999999999
 72 81 86 85 79 71 63 58 59 65 75 86 94 99 98 90 77 61 44 31 23 23 30 42261025AS 216 86132010099999999999999 727 582030 2299999999999999
 56 69 79 84 82 77 71 66 65 69 79 92103110112106 92 73 53 33 18 11 13 23261026AS 313 84134411299999999999999 745 642116 1199999999999999
 36 51 66 76 79 78 75 71 69 73 82 95108118124122110 91 69 46 25 10  4  8261027AS 4 9 80141512499999999999999 757 6922 4  499999999999999
 18 32 48 62 70 73 72 72 71 74 81 94109122131134127112 90 66 41 20  6  2261028AS 516 73145113499999999999999 745 712254  299999999999999
  7 17 30 44 56 62 65 66 68 71 77 89104119131138138129111 88 64 40 20  7261029AS15301399999999999999999999992347  4999999999999999999999
  4  9 18 29 41 49 54 58 62 66 72 81 94110125135140138127109 87 64 41 23261030AS16131409999999999999999999999999999999999999999999999999
 13 11 15 21 29 38 44 48 53 59 65 72 83 97112124132136132121105 86 65 45261031AS17 1136999999999999999999999 044 11999999999999999999999
 29 21 19 21 25 31 37 42 47 52 59 65 73 83 96108118124126123114100 84 662611 1AS1756126999999999999999999999 152 19999999999999999999999
 50 37 30 28 28 30 34 39 44 50 56 61 67 73 81 90 99106111113112105 95 822611 2AS19 6113999999999999999999999 326 27999999999999999999999
 68 55 45 39 35 35 36 40 46 52 57 62 66 69 72 76 80 86 91 96 99100 96 892611 3AS2037100999999999999999999999 453 35999999999999999999999
 80 70 60 52 46 42 42 45 50 57 64 68 71 71 70 68 67 67 70 75 81 86 89 882611 4AS1244 712223 8999999999999999 537 421610 6799999999999999
 85 79 72 64 57 51 49 51 56 64 72 77 80 79 75 68 61 55 53 55 60 67 74 802611 5AS1212 80999999999999999999999 6 1 4918 1 5399999999999999
 82 82 79 73 66 60 57 57 62 70 79 87 91 90 85 75 63 51 42 39 41 48 57 662611 6AS 018 821220 9199999999999999 620 5619 3 3999999999999999
 74 79 80 78 74 68 63 63 67 75 85 94101102 97 87 72 55 40 30 27 31 40 502611 7AS 153 80124310399999999999999 640 621951 2799999999999999
 62 71 76 78 77 74 69 67 70 78 88 99108113110100 84 66 46 29 20 19 25 362611 8AS 3 2 78131111399999999999999 7 0 672035 1899999999999999
 48 60 70 75 77 76 73 71 72 78 89101111119120114 99 79 58 37 21 14 15 242611 9AS 4 2 77134312199999999999999 718 712117 1399999999999999
 35 48 61 69 73 74 74 73 74 78 87 99111121126124113 95 73 50 30 16 11 16261110AS 514 74141512699999999999999 722 732158 1199999999999999
 25 38 51 61 68 70 72 73 74 77 84 95108119127129123109 89 66 44 25 14 13261111AS14491299999999999999999999992238 12999999999999999999999
 19 30 42 53 61 65 67 69 72 75 81 90102115124130129119103 82 60 39 23 15261112AS15221309999999999999999999992318 15999999999999999999999
 17 25 35 45 54 60 63 65 68 72 77 85 96108118126128124113 95 75 54 36 23261113AS15561289999999999999999999992357 19999999999999999999999
 19 23 31 40 48 54 58 61 64 68 73 80 89100110119123123117104 87 68 49 34261114AS16281249999999999999999999999999999999999999999999999999
 26 25 30 37 44 50 54 57 60 64 70 76 83 93102110116118115108 95 79 62 46261115AS17 1118999999999999999999999 037 25999999999999999999999
 35 30 31 36 42 47 52 55 59 63 67 73 79 86 94101106109109106 98 86 72 58261116AS1735110999999999999999999999 117 30999999999999999999999
 45 38 36 37 41 46 51 55 59 63 67 71 76 81 86 91 95 98100 99 96 89 79 67261117AS1821100999999999999999999999 2 0 36999999999999999999999
 56 47 42 41 43 47 51 56 61 65 69 72 75 78 80 82 84 86 87 89 89 87 82 74261118AS1941 89999999999999999999999 249 41999999999999999999999
 65 57 51 47 47 49 53 59 65 70 74 76 77 77 76 75 73 73 73 75 78 80 80 77261119AS1229 772128 8099999999999999 339 471710 7399999999999999
 72 66 60 56 54 54 57 63 70 76 81 84 83 80 76 71 65 60 58 59 62 68 72 75261120AS1119 842332 7599999999999999 424 531812 5899999999999999
 75 73 69 65 62 60 62 68 75 84 90 94 93 89 82 72 61 51 44 42 44 50 58 66261121AS1124 94999999999999999999999 459 601856 4299999999999999
 72 75 75 73 70 68 68 73 81 90 99105107103 94 80 65 49 36 28 27 31 40 51261122AS 132 75114710799999999999999 524 681941 2699999999999999
 61 70 75 76 75 74 74 77 84 95106115120119111 96 77 57 37 22 14 14 21 32261123AS 3 5 76122012099999999999999 539 732028 1399999999999999
 45 58 68 73 76 76 77 79 85 96109121130133129116 97 74 50 27 11  4  5 14261124AS12591339999999999999999999992117  3999999999999999999999
 26 41 54 64 70 73 75 78 83 93107121134142143136120 97 71 45 21  5 -2  1261125AS134314499999999999999999999922 8 -2999999999999999999999
 10 23 38 51 60 65 69 73 78 86 98114130142149149140121 96 69 42 18  3 -2261126AS143015099999999999999999999923 0 -2999999999999999999999
  2 11 23 37 48 55 60 65 70 77 87101118134145152150139119 94 67 41 19  6261127AS15201529999999999999999999992351  2999999999999999999999
  3  7 15 26 38 46 52 57 63 68 75 86101118132143148145133114 91 66 41 22261128AS16111489999999999999999999999999999999999999999999999999
 12 11 15 23 32 41 48 53 58 63 67 74 85 98113125134138134123106 86 63 43261129AS17 5138999999999999999999999 039 11999999999999999999999
 28 22 22 26 33 40 48 54 58 61 65 68 73 82 93104113120123120111 96 79 62261130AS18 2123999999999999999999999 126 21999999999999999999999
 46 37 33 35 38 44 51 58 63 66 68 69 70 72 77 84 91 98104106104 97 86 732612 1AS19 5106999999999999999999999 2 8 33999999999999999999999
 61 51 46 45 47 51 57 65 71 74 76 75 73 71 69 70 73 77 82 86 89 88 84 772612 2AS1011 762016 8999999999999999 245 451414 6999999999999999
 70 63 58 55 56 59 64 71 79 84 87 86 83 77 71 64 61 60 62 66 70 74 75 742612 3AS1012 872152 7599999999999999 316 551647 6099999999999999
 71 69 66 64 63 65 70 77 86 93 98 98 95 88 79 68 57 50 47 48 52 57 62 662612 4AS1038 99999999999999999999999 342 631811 4799999999999999
 68 69 70 70 69 70 74 81 90 99106109108101 91 77 62 48 39 36 37 42 49 562612 5AS111210999999999999999999999919 7 36999999999999999999999
 62 66 70 72 73 74 77 82 91101110116118114105 90 72 54 39 30 27 30 36 452612 6AS11501189999999999999999999991953 27999999999999999999999
 53 61 67 72 75 76 78 82 90100111119125125118105 86 66 46 30 22 21 26 342612 7AS12301269999999999999999999992035 21999999999999999999999
 44 54 63 69 73 76 78 81 87 96108119127131129119102 81 58 38 23 17 19 262612 8AS13111319999999999999999999992115 17999999999999999999999
 35 47 57 65 70 73 76 79 83 91102114125133135130116 97 74 51 31 19 15 192612 9AS13521359999999999999999999992154 15999999999999999999999
 28 39 50 59 66 70 73 76 80 86 95107119129136136128112 90 66 44 26 16 16261210AS14321379999999999999999999992233 15999999999999999999999
 22 32 43 53 61 66 69 72 76 81 88 99111123132136134123104 82 58 37 22 17261211AS151013699999999999999999999923 9 16999999999999999999999
 19 27 37 48 56 62 65 68 72 76 82 91102114124131133128114 95 73 50 32 22261212AS15471339999999999999999999992342 20999999999999999999999
 20 25 34 44 53 59 63 66 69 73 77 84 93104115123127126118103 84 63 44 30261213AS16211289999999999999999999999999999999999999999999999999
 24 26 33 42 51 58 63 66 68 71 74 79 86 95104112118120117107 91 73 55 40261214AS1655120999999999999999999999 013 24999999999999999999999
 31 30 34 42 51 58 64 68 69 71 73 76 80 87 94101107110110105 94 80 64 50261215AS1730110999999999999999999999 041 29999999999999999999999
 40 36 38 44 52 60 67 71 74 74 74 75 77 80 84 89 94 97 99 98 93 83 71 59261216AS1813 99999999999999999999999 1 6 36999999999999999999999
 49 44 44 48 55 63 71 77 80 80 79 77 76 76 76 78 80 83 85 87 86 82 74 65261217AS 839 801914 8799999999999999 129 4313 0 7699999999999999
 58 53 52 54 60 67 75 83 88 89 87 84 80 75 71 69 67 67 69 72 75 75 73 69261218AS 856 892040 7599999999999999 150 521620 6799999999999999
 65 62 60 62 66 72 80 89 96 99 99 95 88 81 72 64 58 53 53 55 58 63 65 67261219AS 923100999999999999999999999 2 2 601747 5399999999999999
 67 67 67 69 72 77 85 94103109111109102 92 81 68 55 45 39 37 40 45 52 58261220AS 9581119999999999999999999991846 37999999999999999999999
 63 67 70 73 76 80 87 97108117123124119110 96 80 62 45 32 24 23 27 34 43261221AS10421249999999999999999999991941 23999999999999999999999
 52 60 67 72 76 80 87 96108120129135135130117100 79 56 36 20 12 12 17 26261222AS11341369999999999999999999992035 11999999999999999999999
 37 48 58 66 72 77 83 91102116129140146146138123102 77 52 28 12  4  4 10261223AS12311479999999999999999999992128  3999999999999999999999
 21 34 46 56 64 70 75 82 92105121135147154153145127103 76 48 23  7  0  1261224AS13291549999999999999999999992218  0999999999999999999999
  9 21 34 46 55 61 67 73 80 90105122137150157156146127102 73 45 21  6  1261225AS142715899999999999999999999923 3  1999999999999999999999
  4 13 25 38 48 55 60 65 69 76 87102119135147155153142123 97 69 42 21  9261226AS15231559999999999999999999992342  7999999999999999999999
  8 13 22 34 45 53 58 61 64 67 72 82 97113128140146144133114 90 64 41 24261227AS16181479999999999999999999999999999999999999999999999999
 17 19 26 35 46 56 61 64 64 65 65 69 77 90105118128133130119101 80 59 42261228AS1711133999999999999999999999 015 17999999999999999999999
 31 29 34 42 51 61 69 72 71 69 67 65 66 72 83 94104112116112102 87 71 56261229AS 719 7218 211699999999999999 043 291114 6599999999999999
 45 41 44 50 59 68 77 82 82 79 75 70 65 64 67 74 81 89 95 97 93 85 75 65261230AS 735 831852 9799999999999999 1 5 411247 6499999999999999
 55 51 53 59 67 77 86 93 96 94 88 81 73 66 62 62 64 68 73 77 78 75 70 65261231AS 8 1 961941 7899999999999999 115 511433 6199999999999999
