 43 74105130145148140125109 97 92 97110127144154153139111 76 39  9 -9-1026 1 1AW 44414915261569999999999999910 1 922233-1199999999999999
  7 37 74110140156159148130111 96 90 95111131150161158140108 68 28 -4-2226 1 2AW 53916016201619999999999999911 0 902324-2399999999999999
-19  2 37 79118149164163149127105 89 85 94113136157167162139103 60 18-1426 1 3AW 6261661712167999999999999991149 85999999999999999999999
-28-22  5 44 88128156168162143118 96 82 81 94117142162170161135 96 51 1026 1 4AW 7 816818 117099999999999999 011-291232 8099999999999999
-18-27-15 15 57101138161166154132106 85 75 79 96120145163167155126 86 4326 1 5AW 747166184716899999999999999 055-271313 7599999999999999
  7-15-18  0 33 74115145161159142118 93 76 70 79 98122145159160144114 7626 1 6AW 822162193216299999999999999 137-191353 7099999999999999
 38  9 -5  0 22 56 94127150157148128103 82 69 68 79 9912214115114712910126 1 7AW 855157201515199999999999999 215 -61434 6799999999999999
 68 38 17 12 22 47 79111137150149135114 91 73 65 67 79 9811713213813211526 1 8AW 92515221 013899999999999999 250 111517 6499999999999999
 90 64 43 31 33 48 72 99124141146139123102 82 68 62 66 78 9410912012311726 1 9AW 954146215012499999999999999 323 3016 5 6299999999999999
103 85 67 54 49 56 71 92114132141140129113 94 77 65 61 64 74 86 9910811126 110AW1024142225611199999999999999 355 4917 2 6199999999999999
107 98 86 75 68 68 76 90106122133137133122106 89 73 62 58 59 67 77 88 9726 111AW1059137999999999999999999999 430 671813 5899999999999999
102103 99 93 87 84 85 91101113124131132127117102 86 70 58 52 52 57 67 7926 112AW 038103114513299999999999999 517 841933 5199999999999999
 90100105107104100 97 96 99105113121127129125115101 83 66 52 43 41 47 5826 113AW 248107125012999999999999999 643 962045 4199999999999999
 73 90104113117116111105101100104111119126129126116100 79 59 42 31 30 3826 114AW 41111714 312999999999999999 8401002140 2999999999999999
 53 74 95113125128125116106 99 96100108119129133130117 97 72 48 29 19 2026 115AW 45712815 413399999999999999 956 962224 1899999999999999
 33 54 80106125136136128115101 92 91 97110124136140133116 90 61 34 15  726 116AW 5321371554140999999999999991043 9023 2  799999999999999
 14 33 61 92119137144139125107 92 84 86 98115133144146134111 79 46 18  126 117AW 6 31441637147999999999999991118 842337 -299999999999999
  0 13 40 73106133147148136116 96 81 77 85103124143153149131101 65 30  426 118AW 6311491716153999999999999991150 77999999999999999999999
 -8 -2 20 53 90123145153145126103 83 71 73 88111134152158148123 87 49 1526 119AW 659153175415899999999999999 010 -81221 7199999999999999
 -6-10  4 34 71108138154153137113 88 70 64 73 94120144158158142111 72 3426 120AW 726155183116099999999999999 042-111253 6499999999999999
  4 -9 -4 18 53 92126150156147124 97 73 60 60 75100127149160154131 97 5826 121AW 75415719 916099999999999999 114-101327 5899999999999999
 24  1 -4 10 38 75112141156153135109 82 61 53 59 79105131150155144118 8426 122AW 821157195015599999999999999 146 -414 3 5399999999999999
 49 21  7 11 30 62 97129150155144121 93 68 51 48 59 8110713114514613210626 123AW 849155203314899999999999999 218  61443 4899999999999999
 75 46 27 21 31 54 85116140152149132107 80 57 45 46 59 8010512513613412126 124AW 918152212313799999999999999 252 211527 4499999999999999
 98 74 53 41 42 55 78104128144148139120 95 70 51 41 43 56 75 9711412312326 125AW 948148222612499999999999999 327 401619 4199999999999999
113 97 79 66 61 64 77 96117133142141130111 88 65 48 38 39 49 65 8410011026 126AW1024143235711499999999999999 4 6 601725 3899999999999999
114110102 92 84 81 85 94108121132137134124107 86 65 47 35 32 38 51 68 8626 127AW1111137999999999999999999999 457 811849 3299999999999999
100110114113108103 99 99103110119127132131124110 90 67 46 29 22 23 34 5226 128AW 211114122613299999999999999 632 992019 2199999999999999
 74 95113123127124118110105103106113122130134130117 96 70 43 21  8  7 1926 129AW 4 112714 213499999999999999 8531032134  699999999999999
 41 68 97121136141137126112101 95 97107120134141140126102 70 37 10 -6 -726 130AW 5 01411522142999999999999991015 952233 -999999999999999
  8 36 70105133149151142125106 90 84 89103122141152150134104 66 28 -2-1826 131AW 54215216241539999999999999911 5 842321-1999999999999999
-15  5 40 80118146159155139115 92 76 73 83104128150162158136101 58 18-1226 2 1AW 6171591716162999999999999991145 72999999999999999999999
-24-15 13 53 96133157163151128100 76 63 65 82108136159168159132 92 47  926 2 2AW 64916318 216899999999999999 0 4-241222 6299999999999999
-16-20 -4 30 73115147163160140111 81 60 52 62 84114143163167152121 79 3726 2 3AW 719164184416899999999999999 042-211256 5299999999999999
  4-12 -7 17 55 97133157162149122 91 64 48 48 63 90120147161159139106 6626 2 4AW 746163192316399999999999999 116-131330 4699999999999999
 31  7  2 15 45 82119147160154132102 72 50 41 48 68 96124145153145123 9126 2 5AW 81016020 115399999999999999 147  114 4 4199999999999999
 57 31 18 22 43 74108137154154139113 84 58 42 40 52 7410012313814012910626 2 6AW 833156203914199999999999999 215 181438 3999999999999999
 79 55 39 36 48 71100127146152143123 96 69 50 40 44 57 7810011812712511326 2 7AW 854152212012899999999999999 241 351514 4099999999999999
 94 75 59 53 57 73 95118137146143129107 83 61 47 43 48 62 79 9610911411126 2 8AW 91614622 811499999999999999 3 5 531556 4399999999999999
102 89 77 70 70 79 93111127137139131116 96 76 59 49 47 52 63 76 88 9710226 2 9AW 940139232410299999999999999 329 691648 4799999999999999
102 97 91 86 85 88 95106118127131129120107 91 75 62 53 50 52 58 68 78 8726 210AW1011131999999999999999999999 355 8518 5 5099999999999999
 94 98100100 99 99101105110116120122120114105 92 79 66 55 48 47 50 57 6826 211AW 21910011 412299999999999999 436 991951 4799999999999999
 80 92102109112111109107106106108112116117115108 97 83 67 52 41 36 38 4726 212AW 423112125911799999999999999 8131062114 3699999999999999
 62 80 97112121123120113105 99 98100107115120121116103 84 63 44 29 23 2826 213AW 453123144012299999999999999 955 9722 6 2399999999999999
 41 63 87109125133131122109 96 89 88 95107120129131123106 81 54 30 15 1126 214AW 5181331542132999999999999991035 872245 1199999999999999
 21 43 71100124139141132116 97 83 77 81 95113131141141128103 71 40 14  226 215AW 54214216291439999999999999911 5 772319  199999999999999
  4 23 52 86118140149143126103 81 68 67 79100124144153148127 94 57 23  026 216AW 6 614917 9153999999999999991134 652351 -699999999999999
 -6  6 33 69106137154153138112 84 63 54 61 82110137157161149120 81 42  926 217AW 62915617471629999999999999912 3 54999999999999999999999
 -7 -5 17 51 91128153160149124 92 64 46 45 60 88121149165164144109 67 2926 218AW 653161182616799999999999999 022 -91234 4399999999999999
  2 -6  7 36 76116147163159137105 70 44 33 40 64 97131157168159133 95 5526 219AW 71816419 516899999999999999 053 -613 7 3399999999999999
 22  5  7 28 62102137159164149119 83 50 29 26 40 69104137158163149120 8426 220AW 743165194616499999999999999 124  31341 2599999999999999
 49 25 17 28 54 89124151163156132 98 63 35 21 24 44 7510813715315213610826 221AW 8 8163202915599999999999999 155 171418 2099999999999999
 77 51 37 38 54 81113140156157142114 80 49 27 19 27 48 7710713014113812326 222AW 833159211714299999999999999 226 351459 1999999999999999
100 78 61 55 62 80104128146152146126 98 68 42 26 22 31 50 75 9911712612426 223AW 9 0152221812699999999999999 258 551548 2299999999999999
113 99 85 77 77 85100118134143143133114 90 65 44 31 27 34 48 67 8610111126 224AW 930144235411399999999999999 331 761651 2799999999999999
113110104 98 95 97102112122130134132123109 90 70 52 38 32 32 41 54 70 8626 225AW1011134999999999999999999999 414 951822 3199999999999999
100109114115114111110110112116120123124121112 99 81 62 45 32 26 29 39 5626 226AW 249115114612499999999999999 6261102011 2699999999999999
 76 96113124129127122114107103103108115122126123112 93 70 46 27 15 15 2726 227AW 41412914 712699999999999999 9271032131 1499999999999999
 48 74101123137141135123108 95 88 89 99113127137137125102 73 42 17  4  526 228AW 4521411531138999999999999991020 872226  299999999999999
 21 48 82113138150148135114 93 77 71 78 95117137150149134105 69 34  7 -526 3 1AW 5221511628152999999999999991057 7123 9 -599999999999999
  2 25 59 97130152158147125 97 73 58 58 73 97126149162157135100 60 24  026 3 2AW 5501581715162999999999999991130 562346 -699999999999999
 -5  9 40 79118148162157137107 75 52 43 51 74105136160168157129 90 49 1626 3 3AW 61516217561689999999999999912 2 43999999999999999999999
  0  4 27 63103139161164148118 84 53 35 35 51 81115146165167149116 76 4026 3 4AW 639165183416899999999999999 019 -11232 3399999999999999
 15  9 23 52 90128155165156130 95 61 35 25 34 58 91125152164158135101 6526 3 5AW 7 2165191016499999999999999 049  813 2 2599999999999999
 36 22 26 48 81117147163160140108 72 42 24 24 40 68102132152157144118 8726 3 6AW 723164194515799999999999999 116 211332 2299999999999999
 58 40 36 50 76108138157160147119 85 53 30 21 29 50 7911013414614412810426 3 7AW 742161202014799999999999999 141 3614 2 2199999999999999
 78 58 50 56 75101128149157150128 98 67 41 26 25 38 61 8811313013612911326 3 8AW 8 2157205713699999999999999 2 5 501433 2499999999999999
 93 76 65 66 77 97120139150148134110 82 56 38 30 34 49 70 9211012112211526 3 9AW 822151213912399999999999999 228 6415 8 3099999999999999
103 90 80 77 83 96112129140142134118 96 73 53 41 38 44 57 73 9010211011026 310AW 844142223911199999999999999 251 771550 3899999999999999
106100 93 90 91 98108119128133130121106 89 72 58 49 47 51 60 71 82 92 9926 311AW 9 9133999999999999999999999 314 901651 4799999999999999
103104103102102103107112117121122119112102 90 77 66 57 52 52 56 63 72 8326 312AW 054104 94312299999999999999 3401021834 5199999999999999
 93102108112113112110109108109110112112110105 97 86 73 61 51 46 46 52 6426 313AW 355113114811299999999999999 7591082028 4599999999999999
 79 95109119124123117109102 97 97100107113116115107 94 76 58 44 35 35 4426 314AW 418124141411699999999999999 939 972131 3499999999999999
 61 82104122132134127114100 89 83 86 95109121128127117 98 74 50 31 22 2626 315AW 4401341524129999999999999991011 832213 2299999999999999
 42 66 94120138144139123103 83 71 69 79 97117134143139123 96 65 37 18 1326 316AW 5 21441613143999999999999991039 682249 1399999999999999
 24 48 80112138152151135110 83 62 53 58 77104131150157147123 89 53 24  926 317AW 52415316551579999999999999911 7 532322  899999999999999
 12 32 64101134156161148122 89 59 40 38 53 82115146164166149118 79 42 1726 318AW 5471611736168999999999999991137 372354  899999999999999
  9 20 48 86124154167161136101 63 35 22 29 54 90128159174169145109 69 3526 319AW 61116818171759999999999999912 9 22999999999999999999999
 17 18 38 72111146167169151117 76 38 15 10 27 59100139166176165137 99 6226 320AW 636171185817699999999999999 027 151242  999999999999999
 36 26 36 62 98134161172162133 93 52 19  2  7 30 67108144167170155126 9226 321AW 7 1172194117199999999999999 1 0 261318  199999999999999
 62 44 44 60 88122151167167147113 72 34  8 -1 10 37 7411214315915814211626 322AW 727169202716199999999999999 132 421357 -199999999999999
 89 68 60 66 85111138157164154129 94 57 26  7  4 18 45 7811013514614313026 323AW 754164211814799999999999999 2 5 601439  399999999999999
110 92 80 78 87105126144154153138113 82 52 28 14 14 28 50 7710212113012926 324AW 822155222413199999999999999 239 781529 1399999999999999
121110100 95 96104117131141144139125104 80 56 37 27 26 35 51 71 9010611626 325AW 855144999999999999999999999 317 941635 2599999999999999
120119115111108109113119125129130127117103 86 68 51 40 34 37 46 61 78 9426 326AW 012120 94313199999999999999 4191081810 3499999999999999
109118123124122118114111110112115118120118111 99 83 65 49 38 34 39 51 6926 327AW 24212412 312099999999999999 7481101957 3499999999999999
 90109124133134129120109100 95 95102111120125124114 96 74 52 36 28 32 4626 328AW 341134141812699999999999999 922 942112 2899999999999999
 68 94118135143141129112 95 81 76 81 93111127137138126104 77 50 30 23 2926 329AW 41514415311399999999999999910 3 7622 3 2399999999999999
 48 76106132148151141121 97 75 61 60 71 92117138150149132105 73 44 25 2226 330AW 4431521623151999999999999991036 592244 2199999999999999
 34 60 92124148158152132104 75 52 43 49 69 98127151161154132100 66 38 2426 331AW 5 815817 71619999999999999911 6 432318 2499999999999999
 28 48 79114143161161145115 81 51 33 31 46 74108140161166153125 91 58 3626 4 1AW 5311631746166999999999999991136 302349 3099999999999999
 30 42 69103135159166155128 92 57 31 20 27 51 85121151166164145114 81 5326 4 2AW 55416618231689999999999999912 5 20999999999999999999999
 39 43 63 93126153167162140105 68 35 16 15 32 62 99133157166156133102 7326 4 3AW 615167185816699999999999999 018 391233 1399999999999999
 54 49 61 86117145163165149119 81 46 20 11 19 43 77112142158159144119 9226 4 4AW 636167193216199999999999999 045 4913 2 1199999999999999
 70 60 64 82109136157164155130 96 60 30 14 14 29 57 9012214415314713010726 4 5AW 65716420 615399999999999999 112 591331 1299999999999999
 85 72 70 81102127148159156139110 76 46 24 16 23 43 7110112614114313411826 4 6AW 719160204214499999999999999 137 6914 1 1699999999999999
 99 85 79 84 98118137150153143121 93 63 40 26 25 36 56 8110512413313212226 4 7AW 742153212313399999999999999 2 3 791435 2499999999999999
109 97 89 89 97111126139145141127106 81 58 41 34 36 48 66 8610411712312126 4 8AW 8 7145221812399999999999999 231 881515 3399999999999999
115107100 97100107117127134135128115 97 78 61 49 44 46 56 69 85 9810911526 4 9AW 835135235011699999999999999 3 4 9716 9 4499999999999999
116114111107106107111116121124123118108 95 81 68 58 52 52 58 67 79 9210326 410AW 917124999999999999999999999 4 51061730 5299999999999999
112117119118115111109108108110113114113109101 90 77 65 57 52 54 61 73 8826 411AW 2 6119111011499999999999999 7 31081914 5299999999999999
103116125128126120111102 97 95 98104111116117111100 85 69 55 47 47 55 7026 412AW 3 6128133511799999999999999 849 952032 4699999999999999
 90110127137138131117101 88 80 80 88101116126130124110 90 68 50 40 41 5326 413AW 338139145513099999999999999 929 792125 3999999999999999
 75100124142149144128106 83 67 60 66 83104126141145137117 90 63 43 34 4026 414AW 4 514915501459999999999999910 1 6022 7 3499999999999999
 59 86116142156157142116 86 59 43 42 57 83113140157159145119 87 58 38 3426 415AW 4311581637160999999999999991033 412246 3399999999999999
 46 71104136159167157131 96 60 33 21 29 53 88125155171169149117 83 54 3826 416AW 45716717221729999999999999911 6 212323 3799999999999999
 40 59 90125155171169148112 71 33 10  6 22 55 97137167179172147113 79 5426 417AW 52417318 7180999999999999991142  4999999999999999999999
 45 54 79112145169176164132 90 46 11 -6 -2 22 62106146173181169142109 7926 418AW 553176185318199999999999999 0 0 451219 -899999999999999
 60 58 73100132160175173151113 68 27 -3-13 -2 28 6911315017217516013410626 419AW 623177194017699999999999999 038 571259-1399999999999999
 82 71 75 92119146167174163135 95 53 16 -6-10  5 37 7611614716416415012826 420AW 654174203016699999999999999 115 701342-1199999999999999
105 89 84 92109132153165165149119 83 46 16  0  0 17 46 8011313915115114026 421AW 727167212715399999999999999 154 841429 -299999999999999
123108 98 97105120137151157152135109 77 48 24 12 14 28 52 8110712813914026 422AW 8 4157223614099999999999999 237 961524 1199999999999999
133123113107107112122133141144138125104 80 57 38 28 28 38 56 7810011812926 423AW 851144999999999999999999999 3331061631 2699999999999999
133131126119113110112116122127130128120107 89 71 54 42 39 44 57 75 9411226 424AW 0 713310 813099999999999999 5111101754 3999999999999999
126133134130123114107103103106113119123122115102 85 67 53 46 47 57 74 9426 425AW 141135121912399999999999999 7301021922 4699999999999999
113129138140134122108 96 87 86 91101113124128125114 96 77 60 50 49 59 7726 426AW 24014014 812999999999999999 845 852033 4899999999999999
 99121138146144133115 95 78 69 69 78 95114130138136123103 81 62 51 52 6426 427AW 319147151813999999999999999 930 672126 5099999999999999
 86110133149153145126101 77 58 51 56 72 96120140149145129105 81 62 53 5826 428AW 35015316111499999999999999910 6 5122 9 5399999999999999
 75100126147158155138112 82 55 39 37 50 74103131151157149129103 78 61 5826 429AW 4171591656157999999999999991038 362245 5799999999999999
 68 90117142159163150125 92 59 35 24 30 51 82115143160161148124 97 75 6426 430AW 44316317351639999999999999911 8 242319 6399999999999999
 66 82108135156166160138105 69 38 19 17 32 60 94128154165161143117 92 7426 5 1AW 5 71661812166999999999999991138 162350 6999999999999999
 69 78 99126150165165149120 83 48 22 11 17 40 73109140161165155134108 8726 5 2AW 53216718481669999999999999912 7 11999999999999999999999
 76 78 93116141160167158133 99 62 31 12 10 25 53 8812214916216014512310126 5 3AW 556167192216399999999999999 020 751237  999999999999999
 85 81 89108131152164162144115 79 46 21 11 17 37 6810213215215815113411326 5 4AW 622165195715899999999999999 050 8113 8 1199999999999999
 96 87 89102121142157161151129 97 64 36 19 16 28 52 8211213614915014012426 5 5AW 648161203415199999999999999 119 861341 1599999999999999
107 95 91 98112131147155152138113 83 55 33 23 26 41 65 9211713514314113026 5 6AW 717156211514499999999999999 150 911417 2399999999999999
117104 97 98106120134145148141124101 75 52 36 31 37 53 75 9811813213713326 5 7AW 74914822 413799999999999999 225 961457 3199999999999999
125114105101104111122132139138130114 94 72 55 43 41 48 62 8110011712813226 5 8AW 82714023 713299999999999999 3101011546 4199999999999999
130124116109105106111118125129129122109 93 76 61 52 49 55 67 8310011612726 5 9AW 922130999999999999999999999 4191051648 4999999999999999
132132126119111105102104109115120122119111 98 83 70 59 55 59 69 8410111726 510AW 023133105512299999999999999 6 410218 3 5599999999999999
130137137131120108 98 92 91 96105114121123118108 93 78 65 59 60 69 8510526 511AW 130138124912399999999999999 736 911920 5899999999999999
123138145143133117 99 84 75 74 82 96112126133131120103 85 69 60 61 71 9026 512AW 218145141813399999999999999 833 732026 5999999999999999
112134149154147130107 82 63 54 56 71 93116136146145133112 90 71 61 63 7726 513AW 257154152414799999999999999 916 532120 6099999999999999
 99124147160160146121 89 60 39 32 41 63 94124149161158143118 93 73 64 6926 514AW 331162162016299999999999999 956 3222 9 6499999999999999
 86112139160169162140105 68 35 15 13 30 61 98134161173168149122 95 75 6926 515AW 4 51691711174999999999999991036 122255 6999999999999999
 78 99127154171174159128 87 46 13 -3  1 25 62105144171181172150122 96 7926 516AW 44017518 2181999999999999991118 -42339 7699999999999999
 77 90114142166178174151113 69 27 -3-14 -4 25 67112150175182171148121 9826 517AW 51617918521829999999999999912 1-14999999999999999999999
 85 87102127153173179169140 99 55 15-10-16 -2 31 7311715317417816614311926 518AW 554180194317899999999999999 023 841247-1799999999999999
100 92 97114137159174175160129 88 46 12 -9-11  7 39 8011915116816915713826 519AW 635177203517199999999999999 1 7 921335-1299999999999999
117103 98105121141160170167149119 82 45 16  0  1 19 49 8512014616016014926 520AW 718170212916299999999999999 154 981426 -299999999999999
132116105103109123140154160156139113 81 50 26 14 16 33 59 9011914115215126 521AW 8 8160222715399999999999999 2451021520 1399999999999999
142129115106104109120133143148145131110 84 59 40 30 33 47 69 9511913714626 522AW 9 7148232814799999999999999 3481041618 3099999999999999
146138127115105101104111121130136135127111 91 71 55 47 48 59 7810012013626 523AW1024137999999999999999999999 5 81011721 4699999999999999
144144137125112100 94 93 98107117126129126116101 84 69 61 61 70 8610512426 524AW 02814512 212999999999999999 637 931828 6099999999999999
139146145136122106 91 82 79 84 94107120128129123110 95 81 72 72 79 9411326 525AW 123146134013099999999999999 752 791935 7199999999999999
130144150146134116 96 78 67 64 71 85103120132136131119104 89 80 79 8710326 526AW 2 8150145713699999999999999 847 642035 7999999999999999
121139151153146129106 82 62 51 51 62 81104125140145139126109 94 85 85 9526 527AW 247154155714599999999999999 930 502128 8499999999999999
112131148157155142119 92 65 46 38 42 59 84111134149152144129110 95 88 9126 528AW 32215816461539999999999999910 8 372213 8899999999999999
103122141156161153133105 74 48 31 28 39 62 92122146158158146128108 94 9026 529AW 3541611728160999999999999991042 272254 9099999999999999
 97113133151162161147121 88 56 32 20 24 43 71104134156164159143123104 9326 530AW 42616418 6164999999999999991116 202330 9299999999999999
 93104123144160165158136105 71 40 21 16 27 51 8411814616216515513611610026 531AW 4571651841166999999999999991148 15999999999999999999999
 93 98113134153165164150123 89 55 28 14 17 34 64 9813015416516214712710826 6 1AW 528166191616599999999999999 0 4 931221 1399999999999999
 96 95105123143160166159138108 73 42 21 14 23 46 7811114015816215413711826 6 2AW 6 0166195016399999999999999 037 941255 1499999999999999
102 95 99113132150162163150125 93 61 34 19 19 34 60 9212214615815714512826 6 3AW 633164202515999999999999999 1 9 951330 1799999999999999
111 99 97104120138154161156139112 81 52 31 23 29 47 7410413114915515013726 6 4AW 7 816121 215599999999999999 144 9614 6 2399999999999999
120106 98 99109125141152155147127101 73 49 33 30 40 61 8711413614915114426 6 5AW 746155214215299999999999999 222 971444 3099999999999999
130115103 98101111126139147147137118 94 69 50 40 40 52 73 9812214014914826 6 6AW 829148222615099999999999999 3 8 981526 3899999999999999
139126112101 97100110122133140139130113 92 71 56 49 52 64 8410712714214926 6 7AW 924141231314999999999999999 4 5 971613 4899999999999999
147137123109 98 93 95103114125132133126113 96 78 65 60 63 75 9311413214526 6 8AW1037134999999999999999999999 514 9317 8 5999999999999999
150147136120104 91 83 84 91103116127132129119105 89 77 71 73 8410112013726 6 9AW 0 415012 813299999999999999 627 821813 7199999999999999
149153148134115 95 78 69 68 77 92109125135137130117102 88 81 82 9110712626 610AW 055153134213799999999999999 733 671924 8099999999999999
143155158149132108 83 62 50 50 61 81105127143148144131114 99 89 89 9711426 611AW 14515815 214899999999999999 830 482034 8899999999999999
133151162162150127 97 67 43 30 32 48 74104132153161157143124107 95 9410326 612AW 23216316 916199999999999999 923 292138 9399999999999999
120141159169166149120 85 50 24 11 16 37 70106139163172167151130111 99 9726 613AW 31917017 8172999999999999991013 112236 9699999999999999
108127149167175169147113 72 35  7 -3  6 32 6911014717118017315513211210026 614AW 4 617618 21809999999999999911 3 -32328 9999999999999999
100113134157174180170143105 61 23 -4-11  1 31 7311615317618317415413011026 615AW 4531801853183999999999999991153-12999999999999999999999
100103118140163179182168138 97 53 16 -8-13  4 37 7912215717818117014812526 616AW 542183194218299999999999999 017 991242-1399999999999999
106 99105121144166180180164132 91 49 14 -6 -6 13 47 8812916017617616114026 617AW 631182202817899999999999999 1 4 991331 -899999999999999
118102 98105123145165177175157125 87 48 18  4  7 28 6110013516117216715226 618AW 722178211217299999999999999 152 971419  399999999999999
130111 98 96105122143160169165147119 84 52 28 18 25 47 7811214116016615826 619AW 814169215316699999999999999 240 9515 5 1899999999999999
142122104 94 93103118136151158154138113 85 59 42 37 46 67 9512314615915926 620AW 9 9158223416199999999999999 333 921551 3799999999999999
150133115 99 90 90 98111127140146143130111 89 70 59 58 68 8711013214915626 621AW1011146231415799999999999999 432 891636 5799999999999999
154143126109 94 85 84 90102116128134134126113 97 84 76 77 8710312113815026 622AW1127135235715499999999999999 538 831724 7699999999999999
154150138121103 88 78 76 81 92105118127130127119107 98 92 9310111412914226 623AW13 0130999999999999999999999 649 761821 9299999999999999
151153147134116 97 81 70 66 71 82 9711212513213312711811010410411012013326 624AW 044153143413399999999999999 755 66193210399999999999999
145152153145130111 90 71 60 56 62 75 9311312913914113612711811110911412326 625AW 135153154814199999999999999 852 56204710999999999999999
136147154153144126103 80 60 48 46 55 73 9511813714815014413312111211011526 626AW 225155164215199999999999999 940 46215011099999999999999
126139151157154141120 94 68 48 37 39 53 7510212814815815714713311911010926 627AW 3131571725159999999999999991022 37223910899999999999999
116129144156161154137111 82 55 36 29 36 55 8311314015816415914512811310626 628AW 35616118 11649999999999999911 0 29231910599999999999999
107118135151163164153130100 68 42 26 24 37 63 9412615116616715613812010626 629AW 4361651835168999999999999991137 23235410299999999999999
102108124143159168164148120 87 55 31 20 25 44 7410813916116916414912811026 630AW 51416819 6169999999999999991211 19999999999999999999999
100101112131151166171162139107 73 42 23 19 31 56 8912315116716915713811726 7 1AW 551171193717099999999999999 026 991245 1899999999999999
101 96102118139159170170155128 93 60 33 20 23 42 7210613816016916414812626 7 2AW 62717220 716999999999999999 059 961319 2099999999999999
107 95 94105124146163171165145115 81 50 30 24 34 58 8912215016616815613726 7 3AW 7 5171203816999999999999999 133 931352 2499999999999999
115 98 90 95109130150164167156133102 71 46 32 33 49 7610713715916816314726 7 4AW 74416721 816899999999999999 2 9 901425 3199999999999999
126105 91 88 95111132150160160146123 94 67 48 41 48 67 9512414916316615626 7 5AW 827162214016699999999999999 250 8715 0 4199999999999999
137116 97 86 85 94111130146154151137116 91 70 56 54 65 8611213715616516226 7 6AW 916154221516599999999999999 336 841538 5499999999999999
148128107 90 80 80 90106124139146144132114 95 79 70 71 8310312514515916326 7 7AW1017147225316399999999999999 429 791622 6999999999999999
157142121100 83 73 73 82 97115130139140133120105 93 87 89 9911513414915926 7 8AW1136141233916199999999999999 531 721715 8699999999999999
161153137116 94 75 64 62 70 8510412113414013813011910910310311112313815126 7 9AW1315140999999999999999999999 640 62182610299999999999999
159160152135113 88 67 53 49 55 71 9211413314514814413512411611311712613926 710AW 036161145414899999999999999 753 48195811399999999999999
152161162154137111 83 57 39 33 39 57 8211013615316115814813512311711712526 711AW 142163161316199999999999999 9 1 33212511699999999999999
139154165168160140111 78 47 25 17 24 46 7711114116317316915714012411411426 712AW 24816817141739999999999999910 2 17223211399999999999999
123139158171176166143110 72 37 12  4 14 40 7611515017318217615913811910826 713AW 35117618 3182999999999999991058  4232610799999999999999
109122142163179183172145107 65 27  3 -4 10 41 8212416018118617515413011026 714AW 4481841847187999999999999991149 -4999999999999999999999
100104121145169186189175144102 58 21 -2 -4 15 50 9313616918618516914411826 715AW 542190192718899999999999999 0121001236 -599999999999999
 99 93101122149173189189172138 96 53 19  2  5 29 6610914817618617815713026 716AW 63219120 318699999999999999 055 931320  099999999999999
105 89 87100124151174187184164129 89 50 23 13 23 50 8712716017918116714226 717AW 720188203618299999999999999 136 8614 0 1399999999999999
115 93 82 85100125150171180174152119 84 53 34 32 47 7511014416817817215326 718AW 8 618021 617899999999999999 218 811437 3099999999999999
127102 84 78 84101124146163168160139111 83 61 51 55 7410113115617117216026 719AW 853168213517399999999999999 3 1 781512 5099999999999999
139114 93 79 76 84100120139152154146129107 87 74 71 80 9912214516216816326 720AW 94415422 316899999999999999 346 761544 7199999999999999
148127105 87 77 76 83 98114129139141135123109 97 91 9210211813715216116226 721AW1044141223416399999999999999 437 751618 9099999999999999
154138119100 85 76 75 81 9210611912813213012411711010711011913014315215726 722AW1211132231315799999999999999 539 7517 010799999999999999
155147133116 98 84 75 72 76 85 9711012212913213112712312112212713414214926 723AW1412132999999999999999999999 653 72181312199999999999999
152151143131115 98 82 71 66 69 77 9010612113213914113813412912712813213826 724AW 012152155014199999999999999 812 66201412699999999999999
145150150144132115 96 78 64 58 60 70 8610612614115015114713813012412312726 725AW 131151164315199999999999999 917 57214312399999999999999
135145152153147133113 91 70 54 48 52 66 8811313515216015814913712511711726 726AW 24415317191609999999999999910 7 48223311699999999999999
124136148158159151133109 82 58 42 38 47 68 9512414816316716014612911510926 727AW 3411601750167999999999999991048 3823 910999999999999999
112124141156166165152129 99 69 45 32 33 49 7610813816117216915613611710426 728AW 4271671818173999999999999991124 30234110299999999999999
102112129150166174169150120 86 54 32 25 34 57 9012415417217616614512210326 729AW 5 71741845176999999999999991158 25999999999999999999999
 95 99115138160176179168142107 71 41 24 25 42 7210814316817917415613110726 730AW 544180191017999999999999999 011 951229 2299999999999999
 91 89100122147170182180161130 92 57 32 23 33 58 9212916017818016614211426 731AW 621183193618299999999999999 041 881259 2399999999999999
 92 82 86104130156176184175150115 78 48 31 31 48 7911514917418317515312526 8 1AW 65818420 118399999999999999 113 811330 2899999999999999
 98 80 76 87109137162178180165137103 70 46 38 46 7010313716518118016413726 8 2AW 736181202718299999999999999 147 7514 0 3899999999999999
108 84 72 73 89114141163175171154125 94 68 53 52 67 9412515517418017114926 8 3AW 817175205318199999999999999 223 701431 5199999999999999
121 94 74 66 73 91116141159167161143118 93 74 67 73 9111614316517617415926 8 4AW 9 3167212117799999999999999 3 3 6615 4 6799999999999999
135108 84 68 64 72 90113135151156151136117 99 88 86 9511213415416817216526 8 5AW 959156215317299999999999999 350 641540 8599999999999999
148125100 79 65 62 70 8610612513914614413512311210610611412814315716516626 8 6AW1114146223316799999999999999 447 62162510599999999999999
158142120 98 78 64 60 64 77 9411212713814214013412812412312713514515416026 8 7AW13 8142233616199999999999999 6 1 60173812399999999999999
160154141122101 80 63 54 54 63 79 9811813514615014914413813313113414014826 8 8AW1514150999999999999999999999 730 53195313199999999999999
155159157147130107 82 60 45 40 47 64 8811413815516316315614513412712613226 8 9AW 112160162716499999999999999 854 40213812699999999999999
142155164166158139112 81 53 33 26 33 54 8311614616717617316014312711611526 810AW 24416617131769999999999999910 1 26223611499999999999999
124140159173178170147115 78 44 21 14 25 51 8712615918018517615613311310226 811AW 3541781751185999999999999991054 14231910199999999999999
104119142166184189178151113 71 34 12  9 26 59100141173189188171144117 9626 812AW 4511891825191999999999999991139  72358 8999999999999999
 89 97118147174193196181148106 62 28 10 13 37 75119158185193183158127 9826 813AW 5411971856193999999999999991220  9999999999999999999999
 81 79 94121153181198196176140 96 55 27 17 29 58 9914017419119017013910726 814AW 626200192419399999999999999 035 781257 1799999999999999
 81 69 75 96126158184196189164127 87 53 34 33 52 8612516018419117815211926 815AW 7 9196195019199999999999999 111 691331 3199999999999999
 89 69 64 76100131161181187176149115 82 58 49 57 8111414817418718216213226 816AW 750187201418799999999999999 147 6414 1 4999999999999999
101 76 63 64 80106134159173173159135107 83 69 70 8410913816418018116814426 817AW 831175203618399999999999999 223 621429 6899999999999999
115 88 69 63 69 86110134152161158144125105 91 86 9311013215517117717015326 818AW 914161205817799999999999999 3 0 631455 8699999999999999
128103 82 69 67 75 9111112914214714413412111010310511412914616116916715726 819AW10 5148212216999999999999999 341 66152010399999999999999
139118 97 82 73 73 80 9310812113113613513012411911812112914015115816115626 820AW1120136215116199999999999999 432 72154911899999999999999
146131114 98 86 78 77 81 9010011212212913213313313113113313614214715015126 821AW1354133224115199999999999999 544 76164313199999999999999
148141130117103 90 81 76 77 82 9110311612813714214314213913713513613814226 822AW1556143999999999999999999999 725 7620 913599999999999999
145145142134122108 92 79 71 68 72 83 9911713414615315314814013312712613026 823AW 039145163215499999999999999 853 68214412699999999999999
137144149148141128109 89 72 60 57 64 8010212514515816315814813412211611726 824AW 227149165916399999999999999 949 57222211599999999999999
125138150158158148130105 80 59 48 48 61 8311113815917016915713912110810526 825AW 3301591723171999999999999991029 46225110599999999999999
111126145161169167151126 96 67 45 37 44 65 95127155173177168148124105 9426 826AW 41617017461789999999999999911 3 372319 9499999999999999
 97111133156174180171148116 81 52 34 33 49 78113147173184178159132105 8726 827AW 45618018 9184999999999999991134 322347 8299999999999999
 83 94116144170185186170140102 66 40 30 38 63 98136168186187170142111 8526 828AW 53318818321899999999999999912 3 30999999999999999999999
 72 76 96125157181193186163127 88 55 35 35 53 85123159184192181155121 8926 829AW 6 9193185519299999999999999 016 721232 3299999999999999
 67 62 75102136167189194180151113 77 50 40 49 75110148177192189167134 9826 830AW 647194191819399999999999999 047 6213 2 4099999999999999
 69 55 58 78110145174190189170138103 72 54 54 7110113616718819217714811326 831AW 726192194219399999999999999 120 541332 5299999999999999
 79 56 49 59 84117150174185178157127 98 76 67 75 9612615617918918316112926 9 1AW 8 718520 718999999999999999 155 4914 2 6799999999999999
 94 66 49 48 63 89120149168174165146121100 87 87 9912014616818218216914426 9 2AW 853174203318499999999999999 233 471433 8599999999999999
113 83 61 50 52 68 9211814215616015313912210910410812013815717117617115526 9 3AW 94916021 217699999999999999 318 4915 610499999999999999
132106 81 63 55 57 70 8911012914214714513813012412212613514715816516616026 9 4AW1111147214016699999999999999 416 54154812299999999999999
147128107 87 70 61 60 67 80 9711412813814314414213913713714014515015415626 9 5AW1338144225815699999999999999 538 59172313799999999999999
153146133116 97 79 65 58 58 67 8210112013714915515515114513913513513814426 9 6AW1534156999999999999999999999 725 57203913499999999999999
150154153145129108 85 65 51 46 53 70 9412014316016816615714413112211912526 9 7AW 120154161916899999999999999 853 46214711999999999999999
136150162166159142116 86 59 40 35 44 66 9612815617417817115413311410310426 9 8AW 256166165217999999999999999 954 35222810299999999999999
115135156173180172150118 82 51 31 28 42 71107143171186183167141114 93 8526 9 9AW 3591801721187999999999999991040 2723 4 8599999999999999
 92112139166186192180152114 74 42 26 29 51 87126162186192180153121 92 7326 910AW 4501921749192999999999999991120 252337 7099999999999999
 71 86114147177196197179146105 66 39 30 41 71109149180195189167133 98 7026 911AW 5341991815195999999999999991156 30999999999999999999999
 58 64 87121156185200195171135 95 61 42 43 63 96135170192195178147109 7626 912AW 615200183919699999999999999 010 581228 4099999999999999
 54 50 65 94130164189196185158122 87 62 54 64 90124159185194185159123 8726 913AW 65419619 119499999999999999 042 501258 5499999999999999
 59 46 51 72104139168186186171143111 85 70 72 8911714917519018816813710126 914AW 732188192219199999999999999 114 451325 6999999999999999
 70 50 46 58 82114144167177172155130106 89 84 9311414016518218517314811726 915AW 810178194318699999999999999 146 451350 8499999999999999
 85 61 50 52 68 93121145161165157141122106 9810111413415617217917315613026 916AW 84916520 417999999999999999 218 491414 9899999999999999
102 77 61 56 63 7910112314115115114413212011211111813114716116916915814026 917AW 934152202617099999999999999 254 56143811199999999999999
117 95 77 67 66 73 8710412013213914013613012512212413114015015816015514526 918AW1039140205116099999999999999 338 6515 512299999999999999
130112 96 83 76 75 79 8910011212213013413513413313313413714114514814814426 919AW13 4135212714899999999999999 441 74155013399999999999999
137127115103 92 84 79 80 85 9310311512613414014314314113813613413513613826 920AW1525143234813999999999999999 624 79201613499999999999999
139137131123111 99 87 78 74 76 84 9711312914215115315014313412612212212726 921AW1555153999999999999999999999 812 74212612299999999999999
134140143141132118101 84 70 64 67 78 9711813915416216015113712211210811226 922AW 2 6143161916299999999999999 914 64215610899999999999999
123137149155152140120 96 74 59 54 61 79105131154168171161143122104 94 9626 923AW 312155164117199999999999999 955 542223 9399999999999999
108127147162168161143116 87 62 48 48 63 89120150171179173153127101 83 7826 924AW 35916817 2180999999999999991029 462250 7899999999999999
 88109136161177179166140107 74 51 42 51 74107142170185184165136104 77 6426 925AW 43918017241879999999999999911 1 422318 6399999999999999
 67 87117149176189185165132 95 64 45 45 62 93130164187192178149112 78 5426 926AW 5171901747193999999999999991132 432348 4899999999999999
 49 62 91128163188196185158121 85 58 48 56 82117154183196189164126 86 5426 927AW 55619618101969999999999999912 3 48999999999999999999999
 37 41 64 99139174195197179148111 79 60 59 76106142174194195177143101 6326 928AW 636198183519799999999999999 019 361234 5799999999999999
 36 28 40 70109149179194190169137105 80 70 77 99131162186195186159121 8026 929AW 71719519 019599999999999999 054 2813 6 7099999999999999
 46 27 27 46 78117152177186178157129104 89 87 9912215017518918817114010226 930AW 8 1186192719099999999999999 130 251338 8699999999999999
 66 39 28 33 54 851191491681731651471261101021061201401621771831751541242610 1AW 850173195518399999999999999 211 27141110299999999999999
 92 62 42 35 42 62 881161401551591531411291201171231341491631711701601422610 2AW 952159202817299999999999999 3 0 35144911799999999999999
117 91 68 52 46 51 66 861081271401461461421361321311341401481551581571492610 3AW1126147211415999999999999999 4 2 46154513199999999999999
136118 99 80 65 57 57 65 79 961141291401461481461421381361361381411441462610 4AW1351148231114699999999999999 530 56183513699999999999999
145139128112 94 77 64 58 60 70 861061261421531571551471381281221211251322610 5AW15 6157999999999999999999999 716 57204512199999999999999
141148149142127107 85 66 54 53 62 811061311511641661591451271121031021112610 6AW 137149154416799999999999999 837 52213210199999999999999
126143157162156139114 86 63 49 48 61 85115143165175171156133109 90 82 872610 7AW 259162161417599999999999999 933 4722 8 8299999999999999
103127151169175166145114 83 58 45 49 68 98131160178181168143113 86 68 652610 8AW 3561751640182999999999999991016 452241 6499999999999999
 77102133161180184171144110 77 55 48 58 84117151177187180157124 89 62 492610 9AW 44318517 6187999999999999991054 472313 4999999999999999
 54 76108143173189187168137102 73 56 57 75105140170188188169137 99 65 43261010AW 5251901730190999999999999991127 542344 3899999999999999
 38 53 82119154181192184160128 95 72 63 73 97129161184191179151113 75 45261011AW 6 41921753191999999999999991158 63999999999999999999999
 31 36 59 93131164185188174148117 91 76 77 93120151176189185163128 89 55261012AW 642189181519099999999999999 014 311227 7499999999999999
 33 29 42 70106142169182179161135109 91 85 93114141167183185171142105 70261013AW 718183183718699999999999999 044 281254 8599999999999999
 43 30 34 54 84118148168174166148125106 95 97111133156174181174152121 87261014AW 75417419 018199999999999999 115 301321 9599999999999999
 58 39 35 46 68 97127150163163153136119107104111126146163173172158134105261015AW 832164192317499999999999999 147 35134810499999999999999
 76 55 44 46 59 81106129146153151141129118112114123137151162165158142119261016AW 915153194916599999999999999 221 43141711299999999999999
 95 73 59 53 58 71 89109126138143141135127122120123131140149154152144130261017AW1012143201815499999999999999 3 3 53145212099999999999999
112 93 77 67 64 68 78 92107120130135137135131128127128132136140142140134261018AW114613721 014299999999999999 357 6416 312799999999999999
124111 98 86 76 72 73 79 89102114125134138140138134130127126126128130131261019AW135214023 113199999999999999 518 72191012599999999999999
130125117106 94 83 76 73 76 84 97112127139146148144136126118113112116122261020AW1447148999999999999999999999 659 73204011299999999999999
129133133127115101 86 74 68 71 81 97116135149156155145130114102 96 98107261021AW 126134151815799999999999999 814 682116 9599999999999999
120134143145137122103 83 69 62 67 81103128149163165157138116 95 81 78 86261022AW 242145154416699999999999999 9 6 622146 7799999999999999
104125145157158147126101 78 62 58 68 89117144165174169150123 94 70 59 62261023AW 33515916 917599999999999999 947 582216 5899999999999999
 80107136159171169152125 96 71 58 60 76104135163180180164135100 67 45 40261024AW 4201721633182999999999999991023 572247 3999999999999999
 53 80115149174184176153121 90 67 59 68 91123155179188178151113 73 40 24261025AW 5 218417 0188999999999999991059 592320 2399999999999999
 27 50 86127163186190177149116 86 68 67 82111144173190189168132 88 47 19261026AW 5451911727192999999999999991135 652355 1099999999999999
 10 22 53 95137172191191172143111 86 75 80101131162185193182152110 66 28261027AW 6281931756193999999999999991211 74999999999999999999999
  6  5 24 60103145175189184164136109 90 86 97120148174189188169134 91 50261028AW 714190182719099999999999999 034  31247 8699999999999999
 18  3  8 32 68109146172181174154131110 98100113135159177184177153118 79261029AW 8 218119 018499999999999999 115  31325 9799999999999999
 43 18  9 17 41 75111142162169162146129115108112125143161173174163140108261030AW 857169193717599999999999999 2 1  914 710899999999999999
 75 46 27 21 29 50 79109134151156152142130121118121131144155162160150131261031AW10 2156202216299999999999999 254 21145911899999999999999
106 79 56 40 35 41 57 801041251401471471421341271231241281351421471471412611 1AW1126148213114899999999999999 358 35162412399999999999999
128110 90 70 55 48 50 61 78 991191351441471451381301231181171201261321372611 2AW13 0147233313899999999999999 517 48184011799999999999999
137131119103 85 69 58 56 63 77 971171351471521491401271141051001021101212611 3AW14 7152999999999999999999999 644 56201210099999999999999
132139139131116 97 78 65 60 65 79100122142155158152137118 99 86 80 85 982611 4AW 131140145015999999999999999 8 0 6021 3 8099999999999999
115133146150142126104 83 68 62 68 85109133153164163149127102 79 64 62 722611 5AW 251150152316599999999999999 858 622142 6199999999999999
 92116140156160151131107 84 69 66 76 96122147165171162140111 81 57 45 482611 6AW 349160155317199999999999999 945 652217 4499999999999999
 66 93123149165167155132106 84 71 73 87112139162174172153124 89 58 37 312611 7AW 4371681620175999999999999991024 702250 3199999999999999
 43 68101134160173170153128102 83 75 83102129155173177165138103 67 38 232611 8AW 51917416471789999999999999911 0 752321 2199999999999999
 25 45 76113146169176168147121 98 83 82 96119145167178173152119 80 46 232611 9AW 5581761713178999999999999991133 812352 1699999999999999
 16 27 54 89126156173175161138114 94 87 92110135159174176162134 97 60 31261110AW 63517617381779999999999999912 5 87999999999999999999999
 15 17 36 67104137162172167151128107 94 93104125148167175168147115 78 45261111AW 71017318 517599999999999999 023 141235 9299999999999999
 23 16 26 49 82116145163166157139119103 96101116136156169169155130 97 63261112AW 745167183217199999999999999 055 1613 5 9699999999999999
 37 22 23 38 64 95125148159157145128112102101110126144159164158140113 83261113AW 82215919 116499999999999999 128 21133610099999999999999
 55 35 28 34 52 77105129146151147135121110104107117132146155155145126101261114AW 9 2151193315699999999999999 2 3 28141010499999999999999
 75 53 40 37 46 64 87111130141144139129119111108112121132142146144133115261115AW 949144201014699999999999999 242 37145510899999999999999
 94 73 56 48 48 57 74 93113128137139135128119113111113119127133135132123261116AW104813921 013599999999999999 328 4716 111199999999999999
109 92 76 63 57 57 65 79 96113127135138136129121114109108111116121125125261117AW1159138222712599999999999999 425 56174410899999999999999
119110 97 83 72 65 64 70 82 98114128138142139132121110101 97 98103111118261118AW13 6142999999999999999999999 535 631921 9799999999999999
123122116105 92 79 71 68 73 84100118134145148143132116 99 86 80 82 90103261119AW 025123135614899999999999999 652 682019 8099999999999999
117127131127116101 85 74 70 74 87105126143154154145126103 81 66 60 65 80261120AW 2 0131143415599999999999999 8 0 7021 1 6099999999999999
101121137144140126108 89 75 71 77 93115137155163158141114 84 58 42 40 52261121AW 3 814415 816399999999999999 856 712139 3999999999999999
 75104131150158152135112 91 76 73 82102127151167170157131 96 61 33 19 23261122AW 4 2158154217099999999999999 945 732217 1899999999999999
 43 75111143164170160139114 91 78 77 91114141164176172151116 75 37 10  1261123AW 4521701616176999999999999991031 762257  199999999999999
 12 40 79120154174177164140113 91 81 85102128155175181169140 99 54 16 -7261124AW 5401781652181999999999999991114 802339-1299999999999999
-10  8 42 85128161179179163137111 92 86 94114141165181180162127 83 38  3261125AW 6281811729183999999999999991157 86999999999999999999999
-16-13 10 47 92134164179175157133109 94 92103125150171181175152115 71 29261126AW 717179181018199999999999999 023-171240 9199999999999999
 -2-16 -9 17 55 97136162173167150127108 97 98111132154170176166141105 64261127AW 8 7173185317699999999999999 110-161325 9699999999999999
 27  1 -8  1 27 63102135157165158142123107100103115133151164166155131 98261128AW 859165194116799999999999999 159 -8141410099999999999999
 63 32 11  5 15 39 71105133151156149135120107101104114129143152153144123261129AW 954156203615499999999999999 251  5151110199999999999999
 96 67 42 26 22 31 52 80107131145149143131118106100101108118130138140134261130AW1051149214614099999999999999 347 211624 9999999999999999
119 98 76 55 42 39 47 64 87110130142145140129115103 95 92 961041141241292612 1AW1150145231912999999999999999 446 391753 9299999999999999
128119104 87 70 59 55 61 75 94114131142144139127112 96 85 79 80 881001122612 2AW1247145999999999999999999999 551 551919 7999999999999999
122126123113 99 84 73 69 73 85101120135145146139124105 86 71 63 64 73 892612 3AW 1 4126133814799999999999999 7 1 692023 6299999999999999
106120129130123110 95 83 78 81 92109126141149148137117 94 71 54 47 50 632612 4AW 235131142215099999999999999 8 8 782112 4699999999999999
 83105125137139131118102 90 84 88 99116134148154148132107 79 54 37 32 402612 5AW 34213915 115499999999999999 9 8 842154 3299999999999999
 59 85111133146147138122105 92 87 93107125143155156145122 93 62 37 23 232612 6AW 435148153715799999999999999 958 872231 2199999999999999
 37 62 92121144154152139121103 91 89 98115134151160155137109 76 44 22 122612 7AW 5191551611160999999999999991041 8923 5 1299999999999999
 19 40 70104133153160153136116 99 90 92104124144158161150126 93 58 28 102612 8AW 5571601644162999999999999991119 892339  799999999999999
  8 22 49 83117144159160148129108 94 89 96113134152162159141111 76 41 162612 9AW 6331621716162999999999999991154 89999999999999999999999
  4 10 30 62 97129152161156139119100 90 90102122143158162152128 95 59 28261210AW 7 6161174916299999999999999 012  41226 8899999999999999
  9  5 17 43 77111139155157147128108 93 88 94110131149159157141114 79 46261211AW 739158182116099999999999999 045  41257 8899999999999999
 20  8 11 29 58 91122145154150136117100 89 89100117137151156149128 99 66261212AW 812154185515699999999999999 118  71330 8899999999999999
 37 17 12 21 44 74105131146150141126108 94 88 92105122139149149137114 85261213AW 846150193115199999999999999 152 1214 6 8899999999999999
 56 33 20 21 35 59 88115136146144133117101 91 88 94107123136142139125102261214AW 921146201014399999999999999 226 191447 8899999999999999
 76 52 35 28 34 50 74100123138143138126111 97 89 88 94106119129133128114261215AW 959143205813399999999999999 3 3 281538 8799999999999999
 95 73 54 41 39 47 65 87110128139141134122107 94 86 84 90100111120123120261216AW104114122 012399999999999999 343 391642 8499999999999999
109 93 75 61 52 52 61 77 97116132140140132118103 89 79 76 80 89100110116261217AW1128141232711799999999999999 430 511756 7699999999999999
116109 97 84 71 64 65 72 87104121134141140130115 97 80 68 63 66 75 89103261218AW1220142999999999999999999999 529 6319 8 6399999999999999
113118116107 96 84 77 75 81 93109125138144141130111 89 67 52 45 48 61 79261219AW 110118131214499999999999999 641 752010 4599999999999999
 99115125127121109 97 87 83 87 98114130143149144129105 77 51 32 25 31 48261220AW 24112814 414999999999999999 8 0 8321 4 2599999999999999
 72 99122137141135122106 93 87 90102119137150155147127 97 63 33 12  5 15261221AW 352141145415599999999999999 911 872155  599999999999999
 38 69103131149154146130111 96 89 92105124144158161149123 87 48 15 -7-11261222AW 4511541543162999999999999991012 882244-1299999999999999
  3 32 70109141160163153133112 95 88 93109131152166166150119 77 35 -1-21261223AW 54416416311689999999999999911 5 882332-2499999999999999
-22 -3 32 74116149167168154131108 91 86 94114138160172169148112 68 24-11261224AW 6321691720173999999999999991153 86999999999999999999999
-29-26 -2 37 82124155170167149125102 86 84 96118143164174168144105 60 16261225AW 71817118 917599999999999999 021-301239 8399999999999999
-15-29-21  6 47 91131158168161140116 94 82 83 97120145165172162136 97 54261226AW 8 2168185817299999999999999 1 8-291325 8099999999999999
 15-12-21 -8 21 61102137158162151129105 86 77 81 97120143159164153126 90261227AW 844163194816499999999999999 154-211411 7799999999999999
 51 18 -2 -5 11 40 77113141156154139118 96 80 74 79 95116136149151140116261228AW 923157204015299999999999999 239 -615 0 7499999999999999
 85 53 28 15 17 34 62 94123143151145129108 88 75 70 76 90108125135137127261229AW10 2151213713899999999999999 322 131555 7099999999999999
108 84 60 42 35 41 57 82107129142144136119100 82 70 66 71 82 97111120123261230AW1040145224612399999999999999 4 4 351658 6699999999999999
116103 87 71 60 57 64 80 99119134141139129112 94 77 65 59 62 71 83 96107261231AW1117142999999999999999999999 445 571810 5999999999999999
