108 56 25 19 43 9516523529132633331026621517114013114919023526928126722426 1 1AX 944334205928199999999999999 244 18155113099999999999999
161 95 42  9  3 29 8816524030234034832227321816913412414519023927328526826 1 2AX1044349215628599999999999999 343  2165012499999999999999
221152 83 29 -3 -8 24 8917125031335035432226720915912511914819925028329126 1 3AX1136357224829299999999999999 438-10174011799999999999999
269215142 72 19-11-11 2810018526332335635131025119214311411715621226229226 1 4AX1223359233729899999999999999 531-15182511199999999999999
295266205130 62 13-12 -4 4412220728033335633928922717012610512016722627326 1 5AX13 5356999999999999999999999 618-1419 710599999999999999
298295257191116 53 11 -6 13 71153234300341349317260198145109 9912618023826 1 6AX 024300134135199999999999999 7 1 -61946 9899999999999999
280298287242174104 49 16 11 43110190263317343333289227168122 95 9813619226 1 7AX 1 9299141434499999999999999 739  92024 9299999999999999
245281292273224158 97 53 31 40 83152227288326334308255195141102 8710214526 1 8AX 154293144533599999999999999 815 3021 2 8799999999999999
199247276281257208150100 67 57 77126191254300322314277222166119 90 8510726 1 9AX 241282151532399999999999999 852 572142 8399999999999999
151200242266267243201154115 92 91116163218266297305286246195145105 84 8526 110AX 332269154730599999999999999 932 882226 8299999999999999
110151195232254256238206170140123126148186227262282281259220175131 98 8126 111AX 43525816272849999999999999910231222319 8099999999999999
 85108145186222247254244222194169153152166192221247260257237204164124 9326 112AX 5552541720261999999999999991134151999999999999999999999
 78 8110113617721724726226124622119417316416818420722924324222619715811926 113AX 726264182924599999999999999 021 77131216499999999999999
 87 70 72 9212817321925627828226824020817916115817019321823623922519515426 114AX 842283194224099999999999999 126 68144215799999999999999
111 77 58 60 8312417622927229730028224720717114814415918821924124522819326 115AX 939302204224699999999999999 226 56154214399999999999999
146 98 62 44 49 7812818824629031331128324019215313213315719523225525523126 116AX1024315213125899999999999999 317 43162612999999999999999
187132 80 44 30 42 8114020726630732331027222117013311813116821425327126426 117AX11 3323221427299999999999999 4 3 3017 311899999999999999
229174112 59 27 20 42 9316223128732132629925019514611611314018823927428526 118AX1139328225328599999999999999 445 19173711099999999999999
266218152 88 39 13 16 5211619125930833032027822116612410411515721426429226 119AX1211331233029699999999999999 524 10181010399999999999999
292259198126 63 21  5 22 74150226287326333304250190139105 9812618024028426 120AX1242334999999999999999999999 6 1  51844 9799999999999999
302289243171 98 42 10  7 41108190263314337325279216157114 91 9914220526226 121AX 0 7302131133899999999999999 636  41917 8999999999999999
297305278220144 76 29  9 22 73151232296332337306246180126 91 8110516022526 122AX 044306133834099999999999999 7 9  91950 8199999999999999
277303299262196122 63 29 22 50113195268318338324275209145 99 74 7811517626 123AX 12430514 633899999999999999 743 212024 7299999999999999
239283301289245179114 66 43 48 88156231291325328297240173115 77 63 7812326 124AX 2 7301143533199999999999999 820 4121 1 6399999999999999
185243281294277234175121 84 70 84126189252297315305265206144 94 64 57 7926 125AX 25729415 931699999999999999 9 2 702144 5699999999999999
126184237272284270234187144115106120157206253285293276236183128 84 58 5526 126AX 358284155029399999999999999 9551062237 5399999999999999
 77120173222258275270247212178153142148171205239261267252219173124 83 5726 127AX 51627616462679999999999999911 91412346 5199999999999999
 51 68104153203244271279269245215187168161169190216237247240216177131 8826 128AX 65627918 6247999999999999991257161999999999999999999999
 57 44 52 8212918323427329529627724521017915915516819322123924222519014226 129AX 833298193924399999999999999 1 7 44144615499999999999999
 93 54 32 33 5910716923128131332030126321817614613514818021824525624320626 130AX 946321205925699999999999999 229 30155813599999999999999
151 93 47 18 14 40 9416523529333033731126421016212711613718122726127526126 131AX104333822 227599999999999999 340 12165011699999999999999
217153 88 36  5  0 31 9517424830834334230625019114010710513919324628129326 2 1AX1129347225429399999999999999 439 -2173410199999999999999
272218145 77 25 -6 -5 37111194268324350335286223164116 9110315121426730026 2 2AX12 9350233930699999999999999 529-101813 9099999999999999
304272207130 63 15 -8  5 61143225293338347314254189133 93 8211117123728626 2 3AX1243348999999999999999999999 611 -91848 8199999999999999
312305259186110 50 11  1 32101186262317344331281214151102 74 8112719425726 2 4AX 020313131234599999999999999 647  01920 7299999999999999
299314294237162 93 43 17 25 74151232295333337302239171115 76 64 9014821626 2 5AX 058314133734099999999999999 719 151951 6499999999999999
272304307274211141 83 46 36 63125202271317334315263195132 84 59 6510616926 2 6AX 135310135933499999999999999 748 362020 5799999999999999
232278300291250190130 85 62 69110174242294320316279219155101 65 55 7712526 2 7AX 214301142232399999999999999 818 612050 5599999999999999
185239276288271230179132101 91110154211262296303283237180125 82 60 63 9226 2 8AX 256288144730499999999999999 852 912124 5899999999999999
141193238266272255221182148128127148185227261277272245201153109 78 66 7626 2 9AX 345273151727899999999999999 93312422 4 6699999999999999
106148192229253259248225198174159158173197223242248239214179142108 85 7726 210AX 45025915562489999999999999910321572257 7799999999999999
 87112146183216241253251239221201184177180190203215221216200174145116 9426 211AX 62225417 5221999999999999991212177999999999999999999999
 84 8810713517020623725726525924322019617817017118019420621120318415712626 212AX 8 5265185321199999999999999 012 84142316999999999999999
 98 82 80 9312115920224227028327925822619216414914916318721122322020116826 213AX 915283201922499999999999999 137 79153014799999999999999
129 93 69 63 7610915620925628830129025921617314112713416119823124724321626 214AX10 3301211824899999999999999 249 63161012799999999999999
172121 77 49 44 6210616522627730831329024519314811711113217522325927326126 215AX104131422 327399999999999999 345 43164411099999999999999
221163102 55 28 28 58116187252300323315276220165121 9810514420125428729426 216AX1115325224429599999999999999 431 251717 9699999999999999
269213143 79 33 12 23 70142218281321331305250188134 96 8511016723128230926 217AX1147332232231199999999999999 512 111750 8599999999999999
304263193117 56 17  6 33 98180254309336327280214152104 76 8112619526130526 218AX1216338999999999999999999999 549  51823 7499999999999999
321302245166 92 39 10 14 61140224290331339307243173115 76 63 8714922328426 219AX 0 0321124334199999999999999 624  71854 6299999999999999
319323289220141 75 33 17 40103189266318340325272198130 81 54 5710117424726 220AX 03732613 834099999999999999 658 171925 5199999999999999
300325316269196123 69 39 39 79152234297331332295228153 92 53 40 6111919526 221AX 116326133233699999999999999 731 351956 4099999999999999
263307322303250181119 77 60 74124196265310325306255183114 64 36 37 7213626 222AX 158322135832599999999999999 8 6 602029 3399999999999999
208268304311287237179130 99 92114164225276303301271215149 90 50 33 44 8426 223AX 245312142830699999999999999 846 9221 8 3399999999999999
145209261291296275236191154132129149188232265278269237187132 85 53 42 5526 224AX 34229715 627899999999999999 9371282159 4299999999999999
 91142197242272282272247215187167161170192217238246239215179137 97 68 5626 225AX 45928216 32469999999999999910541612311 5599999999999999
 62 87127173218253274278268246220196178172176190206219222213190158121 8826 226AX 64627917472229999999999999913 5172999999999999999999999
 66 60 7210214519424027429329327524421017815714915918120622322821618714626 227AX 830295194922999999999999999 051 60145614999999999999999
103 69 50 51 7512218023728331131529325320616313212113617121024125624721426 228AX 939317211025699999999999999 228 48155512199999999999999
162107 63 35 30 5611118024529832932829524318713810410012917923026828527326 3 1AX102933322 728699999999999999 340 281638 9799999999999999
228164101 50 19 17 52119195264316341326279217158109 82 9213820125729630826 3 2AX11 9341225230999999999999999 434 131716 8199999999999999
284225152 87 37 10 18 69146224289332341308247181124 82 69 9816122928531826 3 3AX1142343233132399999999999999 518  81750 6899999999999999
318278208133 71 27 12 39105186260314340326273205141 90 61 6811819025830726 3 4AX1210341999999999999999999999 554 121820 5999999999999999
329313258182111 58 27 30 77154233295332334295228158101 61 50 8014522128326 3 5AX 0 7329123433899999999999999 626 231848 5099999999999999
321328295230156 94 53 39 64127206275320334310252179114 66 43 5310317624726 3 6AX 041330125433499999999999999 654 391914 4299999999999999
300325315269201136 86 60 65109180251303328317272202132 77 43 39 7013220526 3 7AX 115326131332899999999999999 721 571939 3799999999999999
267307318294242180126 90 79102157223279312314283224156 95 53 36 51 9716226 3 8AX 150319133431799999999999999 750 7920 4 3699999999999999
227277304302271221169128105109143195248285298282239180120 73 47 46 7412526 3 9AX 226307135829899999999999999 8221032032 4399999999999999
185238276292283252210171142131142175216251271268243199147102 69 56 66 9926 310AX 3 8293142427299999999999999 9 013121 5 5699999999999999
146196238266276266242212184164158168192217236243234209173135102 81 75 8826 311AX 359276145724399999999999999 9511582149 7599999999999999
117154193227250261257243224203186177179189201210214208192169142118100 9326 312AX 513261155721499999999999999111717723 0 9399999999999999
10012014817921123725526025524122120018217317117618619620119818416313911626 313AX 7 026018 7201999999999999991342171999999999999999999999
101 9810813016119723325927327325823119917115314615417319721522121218915626 314AX 828275195422199999999999999 043 97145714699999999999999
121 95 82 8710914719524027529329026622718414812612314217821624425424220926 315AX 922294205825499999999999999 214 82153812299999999999999
161113 77 60 64 9414620625929731129826020815711910010914619824727828626426 316AX10 3311214628699999999999999 318 58161210099999999999999
215152 95 55 38 50 94160229284318322293238177125 90 8210816422828031030826 317AX1038325222831399999999999999 4 8 381646 8199999999999999
271206134 75 37 26 51112190260310333320271204141 93 66 7312019126031033226 318AX111033423 933299999999999999 451 251720 6499999999999999
317264188114 59 27 28 71147227291330335300234162103 63 50 7614222228933126 319AX1139338234834399999999999999 530 231753 4999999999999999
342313246167 99 52 30 47108190265316338321265189119 68 39 43 9016925031026 320AX12 6338999999999999999999999 6 7 301825 3699999999999999
343341298225149 91 54 47 81153233295329330291220142 79 39 24 4711219627126 321AX 028347123233499999999999999 643 451857 2499999999999999
323346331278206140 93 68 75123197266311326306250173100 48 20 21 6213521726 322AX 1 9346125732699999999999999 719 661928 1699999999999999
285327340316261196141104 91111164229282309307271208135 72 32 16 31 8215526 323AX 152340132531299999999999999 757 9120 3 1699999999999999
229287321326299250196152125120145192242278291276235176113 63 32 26 49 9926 324AX 239328135929199999999999999 8401192044 2599999999999999
165228277306309287248207172151149168201235257261245209161112 73 50 47 6726 325AX 337311144326299999999999999 9371472138 4599999999999999
108161214258286294283257226197176167174190210226231223201168132 99 76 6826 326AX 45429415542319999999999999911 41672257 6899999999999999
 7810514519123426728628827424921919117116216517819621121821219416513110226 327AX 63628918 5218999999999999991314161999999999999999999999
 82 78 9112216621425728830029326723019115813713415017820823123922920015926 328AX 8 8301195923999999999999999 046 78144013399999999999999
118 85 68 7210114920625929831630727322617613310710713417822325827326322626 329AX 91131621 827499999999999999 221 67153110399999999999999
173120 78 54 56 90148214272313328309263204148103 80 9213619525029030428526 330AX 957328215830499999999999999 327 511611 8099999999999999
235171112 67 42 51 97166235292327329294234170114 74 64 9415522328131832326 331AX1034333223932699999999999999 416 411646 6399999999999999
290227158 99 56 40 64124198264313333315262194131 81 52 6111118425530933726 4 1AX11 4333231633899999999999999 456 401718 5099999999999999
327278207139 86 52 52 94165237294327326285219149 92 53 42 7414021828432926 4 2AX1129331235134399999999999999 531 471747 4199999999999999
342315254183122 77 59 79137211274316328302243170105 58 35 47 9917525030826 4 3AX1151328999999999999999999999 6 1 591813 3499999999999999
339335293227161108 77 77117184252302324312265194123 69 35 31 6613221027726 4 4AX 024342121132499999999999999 630 721837 2999999999999999
323339318265201143102 87106159225281313314281219147 85 43 27 44 9616824026 4 5AX 057339123231899999999999999 659 8719 1 2799999999999999
296328328294239181134106107141197254293306288239173108 59 33 35 7013120126 4 6AX 130332125630699999999999999 7291021926 3099999999999999
263306323309269218169133118132172223265287284252197136 84 49 39 5710216426 4 7AX 2 4323132228999999999999999 8 21181954 3999999999999999
225274304309288249205167142138158194233259267253216165115 76 55 57 8413126 4 8AX 241311135226899999999999999 8401362026 5399999999999999
186236274294292271238203173156156174201226241241224191151113 85 73 8110826 4 9AX 325296143024499999999999999 92915421 9 7399999999999999
148193234264280279262237209185170167177193209219220208186157128106 94 9926 410AX 42528215352219999999999999910411662215 9499999999999999
11815018622125126927426524622119517516516517418720221221220017915312811026 411AX 5492741730213999999999999991228163235210499999999999999
10411413716920624226828027625923019716714814215017119822123322921017914426 412AX 7162801916234999999999999991355142999999999999999999999
114 97 9811715219824327729429126822918514612211613216721024626626424019726 413AX 821296202626899999999999999 127 96144711599999999999999
148107 82 79100145202256294311302266213159116 92 9312417723427930129626026 414AX 9 9312211930399999999999999 239 771528 8999999999999999
203142 94 66 64 94152219276313323300248183125 84 66 8013019926531133131626 415AX 94932422 633199999999999999 335 6116 6 6599999999999999
266197132 83 56 61104174245299328324283215145 89 54 46 7914722729433735026 416AX1024330225035099999999999999 422 541643 4599999999999999
323261186122 77 56 73130206273317332310250173104 55 30 38 8917125331735526 417AX1056332233436199999999999999 5 6 561719 2899999999999999
357318248176117 78 68 98165239296326323282209130 68 28 15 4010819627533326 418AX1127329999999999999999999999 548 671754 1599999999999999
362354305235169118 87 88131200266309323303246167 93 40 11 11 5313121829126 419AX 018364115732399999999999999 629 821830  699999999999999
341362343290224166122101114164228282310309274209132 67 24  5 20 7315323426 420AX 1 2362122931499999999999999 71010019 7  599999999999999
300342353328276217167131119140189243283299287244179110 55 21 13 37 9416926 421AX 14935413 529999999999999999 7541191947 1299999999999999
242300335340313267216172143137159201243271279261220162105 60 34 32 5911226 422AX 239341134827999999999999999 8431362034 2999999999999999
178241292321324302263219181156151167197228250255240207163117 79 58 56 7926 423AX 337326144625599999999999999 9451502133 5499999999999999
122177232277305311296265228192166155161180204225235231211179142109 86 7926 424AX 44731216142359999999999999911 91552253 7999999999999999
 9112316721726129230529727223719916714714315517820522623623020817514011026 425AX 6 830518 9236999999999999991245142999999999999999999999
 94 9411515420224928630530327924119715612811712915919723225525924120616426 426AX 724307194226099999999999999 028 92135911799999999999999
125 98 90106144196248289311309280233181134101 9111015320525128229027022726 427AX 824313204729099999999999999 152 901451 9199999999999999
175129 96 84100144202258299318308269212154105 74 7310516322527831131528626 428AX 911319213731899999999999999 257 841533 6999999999999999
233174124 90 81106159221275311320296243179119 74 53 6611618525430733532826 429AX 948321222033799999999999999 347 8016 9 5299999999999999
287225165115 86 87124185247294319312270206139 85 49 43 7514021628333034726 430AX1018321225834799999999999999 429 821641 4199999999999999
327274209151107 88104154218274310317291233163101 55 34 46 9717224730834526 5 1AX1045318233435199999999999999 5 5 881711 3399999999999999
347312253190138104 99131189250295315303258190122 68 35 31 6412920627632726 5 2AX11 9316999999999999999999999 538 961738 2899999999999999
349336290229171127106118163223276307308277218148 87 45 27 42 9216423829926 5 3AX 0 8350113431299999999999999 61010518 5 2799999999999999
337344316264206155121115143195250291305290243178112 62 33 32 6612720026626 5 4AX 04134612 130599999999999999 6411141831 2999999999999999
315339330292239186143122131169221267293293262207142 86 47 33 50 9716323126 5 5AX 114340122929799999999999999 7141211859 3399999999999999
288324332311268217170138130150191237272285271231174116 71 45 46 7513019426 5 6AX 14733313 128599999999999999 7481291929 4299999999999999
255300323320291247201162140141167206243266269248205152103 68 54 6510215726 5 7AX 222325133727199999999999999 82713720 4 5499999999999999
216268303316305274233192160146152176209238254252229190145104 78 71 8712426 5 8AX 3 3316142325699999999999999 9131452049 7099999999999999
174226270299307294264227190163150156175202226241240222191153118 95 8910326 5 9AX 35330715272429999999999999910131502150 8999999999999999
13517822526529130028926222719216414814916418821323324023120717414011410326 510AX 455300165724099999999999999112814623 910399999999999999
10913417221725828729929126622919015613513114417220623625325323420216312926 511AX 6 62991829255999999999999991244130999999999999999999999
10910812616220825428930429726922617813711210612316120825027828426622918126 512AX 712304194628499999999999999 035106134510699999999999999
138109101116154207259296312302266212155110 83 8110715922027330731629524826 513AX 8 7312204831699999999999999 1521011435 7899999999999999
191140106 94111155215271307318299251186123 78 54 6010016724029933534231326 514AX 853318214234399999999999999 257 941520 5399999999999999
258194140104 93114167232286316319287225152 89 47 31 4810318326132235635726 515AX 935321223236299999999999999 353 9316 2 3199999999999999
321258193140106 98128187251299320311265193117 59 23 16 4611420128033836926 516AX1013321232137199999999999999 444 971644 1499999999999999
363319254191141110110147210269307318295238160 88 36  8 10 5313021829434826 517AX1051318999999999999999999999 5321051727  499999999999999
373359311248189143117125169230281309309276211134 67 22  2 14 6714823330426 518AX 010373113031399999999999999 6181151810  199999999999999
352370350300240185143125140187243286305296255188116 57 18  5 27 8516524526 519AX 059370121330699999999999999 7 51251855  599999999999999
310352363338288231180144132153199248283296281238174108 56 24 18 4510518126 520AX 148364125929699999999999999 7531321942 1799999999999999
254312348352324275222175144138160202244274283267226169111 66 40 38 6812426 521AX 238354135328399999999999999 8441362033 3599999999999999
194259311339339310264214172144139159196233260269257222174124 85 63 63 9026 522AX 329343145726999999999999999 9411382129 6099999999999999
141202260305329326298255209168142135151182217245259253228189147111 89 8726 523AX 42433116142599999999999999910471352235 8599999999999999
10915220525729731831528924920316213412413616520123425626024421217413811426 524AX 5233201742261999999999999991157124235010799999999999999
10712215720425229031030728324219515112010711814819123226327526723920016126 525AX 62431219 62759999999999999913 3107999999999999999999999
132119128158203250287306303276231180133100 8710113919024027929829226221926 526AX 722308201629999999999999999 1 711914 0 8799999999999999
175141124130159205252288305298265213157109 77 69 9114020125830132131227726 527AX 813306211232299999999999999 2171231447 6899999999999999
227179142124131165214261294305289246187128 82 56 58 9315322128232433932226 528AX 856305215933999999999999999 3141231527 5399999999999999
279225175138123137178230274300301272219155 99 59 43 5810617524630534234826 529AX 932304224035099999999999999 4 212316 3 4399999999999999
321270214165132126150198249287303290248187123 73 42 39 6912920327232535226 530AX10 5303231935399999999999999 4431241636 3699999999999999
345308253198153128134169221268297300273219154 95 53 34 46 9115923229533826 531AX1036302235535299999999999999 52012717 8 3499999999999999
352333287231179142129148192244283301290249188124 72 41 36 6311919025931426 6 1AX11 8301999999999999999999999 5551291740 3499999999999999
344344313262208162134135167215263293298273222158 99 56 37 47 8815222228426 6 2AX 029348114029999999999999999 6281311811 3699999999999999
328344329289236185147132146186236276296288252194131 79 47 41 6611818625326 6 3AX 1 2344121429799999999999999 7 11321843 4099999999999999
306336338311264211166138135160205251283292273229169110 67 46 53 9015021826 6 4AX 134341125029299999999999999 7361321916 4599999999999999
279321339328291240190152134141174219260283283257208150 98 64 53 7111617926 6 5AX 2 7339133028799999999999999 8131331953 5399999999999999
244297330336314271220174143133148183226261279273243195141 96 70 68 9214126 6 6AX 243337141628099999999999999 8551332036 6599999999999999
202262307331328299254205163137132150185226258273266238194146106 85 8611226 6 7AX 323333151327399999999999999 9441312128 8299999999999999
15921727030932631828624119415413012714517921925227026824420616212610510526 6 8AX 4113261624271999999999999991040125223110299999999999999
12716922127030531830827723118314311811413216721024927427926222918815012526 6 9AX 5 53181744279999999999999991141113234511999999999999999
120136171219265299312302269222170126 99 9411315220325128529928925821517226 610AX 6 431219 5299999999999999991243 93999999999999999999999
142129138169214261295309297262209152104 76 71 9314020126030232331728623826 611AX 7 3309201732499999999999999 1 61291341 7099999999999999
190153134138166212261295308294253193129 80 51 49 7713420527232134634130626 612AX 759308212134799999999999999 2231331435 4799999999999999
254201160136137166215265298308289240173106 57 30 32 6813421328433736335626 613AX 851308221936499999999999999 3301331527 2799999999999999
318262206163136138171223273303307282226154 86 39 15 22 6513822229534837326 614AX 940309231437499999999999999 4281331619 1499999999999999
363320262206161136141179234281307306274212137 72 27  7 19 6914723130435526 615AX1029310999999999999999999999 5211341710  799999999999999
377362315256200157135146189244288310304265199125 63 22  6 23 7916024331226 616AX 0 6377111831199999999999999 61213418 2  699999999999999
360376354303244190150133152199253293310300257189117 59 22 11 35 9717825726 617AX 05637612 931199999999999999 7 01331851 1199999999999999
322363370340286227176140131157207259295309294248181113 61 29 24 5612120026 618AX 14237213 130999999999999999 7461301939 2299999999999999
274331363359322265208160131129161211260293304286239176115 69 43 46 8415026 619AX 225366135430499999999999999 8321262025 4199999999999999
224290337357343299243188145122128162211257287296277233176123 84 66 7611626 620AX 3 5357145029699999999999999 9191212111 6599999999999999
179245301337345322276221171133116126161207249279287271232184140107 9510826 621AX 34634515512879999999999999910 911522 1 9599999999999999
14720225830332832730025520315612210912115419824027028227124120216313612526 622AX 42833117 12829999999999999911 2109225912599999999999999
13717021526129731430828023718814411310111314518923326728428125922519016326 623AX 51531518202859999999999999912 0101999999999999999999999
150156181218257286300292265223175132101 9110313618223127129529828124921326 624AX 6 9300193929999999999999999 0111501259 9199999999999999
182165164182214249277289281254210161117 88 79 9313118323728331231830126726 625AX 7 8289204531899999999999999 1311621354 7999999999999999
226191168163178210245273284274243196145101 73 68 8813219125130133033431326 626AX 8 3284214033699999999999999 2451621444 6799999999999999
273227187162157175210248275284269232180126 84 60 61 9014220727031934534226 627AX 853284222534799999999999999 3421561528 5799999999999999
313267217176152153179219259283286263217160106 68 51 6110016022929033435226 628AX 93628823 635299999999999999 42814916 9 5099999999999999
340302250199161144155190235274292286252199139 87 55 47 6811718425230934426 629AX1015293234335299999999999999 5 71441647 4699999999999999
351327281227179147141165209256289299282237177116 70 46 49 8314221227732626 630AX1052300999999999999999999999 5421401724 4499999999999999
350343307255201159138145181231276302301271217152 95 56 43 5910517324330226 7 1AX 017351112930599999999999999 6151371759 4399999999999999
340350328281226176143134155202254293309297255192127 76 48 46 7713620827626 7 2AX 04835012 530999999999999999 6481331833 4399999999999999
326350344307252198154131135170223273304310286234167106 63 46 5810317224626 7 3AX 118352124231199999999999999 72212919 7 4699999999999999
306344353330281223171136124142187242286309305270212145 91 59 54 7913621026 7 4AX 148354132131199999999999999 7561241942 5299999999999999
279330354347309252194149122122150201255293308296255195134 88 66 7210817126 7 5AX 21735514 430899999999999999 8321182020 6599999999999999
243304342352331283223169130112121157210260294304288245189136 99 85 9813926 7 6AX 250353145430499999999999999 91211221 3 8599999999999999
20126531534233930925719814811510411915921125929130028524719815212211212626 7 7AX 326344155330099999999999999 956104215511199999999999999
165220274313330320286234179132102 9511315320425228730029126122018015114026 7 8AX 4 933017 5300999999999999991048 9423 214099999999999999
150181225269301313302268219165119 90 8310114019224428430530528425021118026 7 9AX 5 13131829308999999999999991147 83999999999999999999999
164165185219257286298289258211157109 78 69 8412317823628531632531228024026 710AX 6 4298195432599999999999999 0261621253 6999999999999999
204178169179207244275290284256208152100 65 52 6610516523128832834633730426 711AX 715291211034699999999999999 2 016914 1 5299999999999999
260216183165169196235271290288260209148 91 53 37 49 9115622929434136335426 712AX 823292221436399999999999999 32016415 6 3799999999999999
319268218179156159190235275298296266211144 83 42 24 36 8215423330235237426 713AX 926300231037599999999999999 42315416 8 2499999999999999
363321265211169146153191242286309306272210138 76 34 16 31 8216024231236126 714AX1024311999999999999999999999 51714417 6 1699999999999999
380361311252197155136152198255298320313273205131 70 29 14 35 9417725932626 715AX 0 0380111832199999999999999 6 51361758 1499999999999999
369379349292231178139128155210268310328316268196122 65 29 20 5111920428226 716AX 04438012 832999999999999999 6481281845 1999999999999999
341374370327265204155123124163224280319331311257183115 64 35 38 8115623826 717AX 123377125633199999999999999 7291191927 3299999999999999
307355372351297233176132111125174236289322328300241172112 70 52 6812219726 718AX 157372134232999999999999999 8 811120 4 5299999999999999
271329361360323263200148113104131184244291318317284228167117 86 8010816626 719AX 228365142932299999999999999 8451032041 7999999999999999
23629733935433628922817112610110413819224628831030427122217213311211715026 720AX 258354151931199999999999999 924 98212111099999999999999
204262308334333304255199148112 9710814519424328029929326622718815814515326 721AX 32833716162999999999999999910 5 9722 814599999999999999
184227270302315305274228179136107 9811314619123527129029027224421318817626 722AX 4 43151729292999999999999991052 98231217699999999999999
18120223226228429027825021116913110610011314318422726528929628826723921426 723AX 4522901857296999999999999991150100999999999999999999999
198194203222245262269261238204166130106 9810813617622226529631130828925926 724AX 558269201931299999999999999 0461941256 9899999999999999
228204191192206228248259256237205165128101 9110012817322427330932832530226 725AX 717260212232999999999999999 22519014 2 9199999999999999
266227195177176193220247263262242206162120 90 80 9112517623428832634233426 726AX 826265221034399999999999999 3321741459 8099999999999999
303258213177160165191227260277273247203152106 76 69 8612818825230634135026 727AX 920278225135199999999999999 4171591549 6999999999999999
332290238190158147164202246281295283247192134 88 62 61 8814220927532535226 728AX10 4295232635599999999999999 4531471633 5899999999999999
350317266211166141143175224272303309286237173113 70 51 6010116623830034326 729AX1043310235735799999999999999 5261381712 5099999999999999
357339293236183145131149195252298321316279216147 90 55 46 7012620127232726 730AX1120323999999999999999999999 5581311748 4599999999999999
357355319262203156128129164221279318331312260189121 72 47 52 9316424230726 731AX 027360115633199999999999999 6291241822 4599999999999999
350364341289226171133117134185248301331332298235161100 61 49 7112920928426 8 1AX 054364123233599999999999999 7 11171854 4999999999999999
338365358316252190141113112147208271317336324278209140 89 62 6510317425426 8 2AX 11936613 933699999999999999 7321091926 5999999999999999
318357365338281212154115 99114163229288325334311258190130 91 76 9314421826 8 3AX 145366134933499999999999999 8 3 9920 0 7699999999999999
289340361350306241175124 95 9212117824329632532729824518513510710312918426 8 4AX 211361143433099999999999999 837 90203910199999999999999
251309343348322270204145103 83 9112918724729431931829124419515613513716426 8 5AX 240349152832299999999999999 914 83212613399999999999999
213266308328322291238179127 92 79 9213118524128531031229325821918716916926 8 6AX 31732916363149999999999999910 1 79222916799999999999999
189224262292304295266220169123 91 80 9112417222527030031230428125122120026 8 7AX 4 530418 63129999999999999911 1 80999999999999999999999
192198218244267279276255218173129 96 79 8310915120325429431832331028325026 8 8AX 517280194632499999999999999 0 41921219 7899999999999999
220199192199220245264271260231188141100 75 70 8712718324229433034533630726 8 9AX 65327121 834599999999999999 2 01921344 6999999999999999
267226193175177199233263280277252206151100 66 53 6510616923830034436435426 810AX 822281221136499999999999999 32417315 2 5399999999999999
318267217177154158189235275299300272219154 95 55 37 49 9616824531135837726 811AX 93230323 237799999999999999 42215216 8 3799999999999999
359312253199156135148193249295321320285222149 87 45 27 4410118126132737126 812AX1029324234438299999999999999 5 913517 3 2799999999999999
380350292229174134122149207269316340332286213138 78 38 26 5512420928734626 813AX1118341999999999999999999999 5501221750 2699999999999999
379372326260198147115117160227290333351332275197125 71 39 40 8416224631626 814AX 02138112 235199999999999999 6271111830 3499999999999999
363377350290222164120101121178249308344351320254179115 70 51 6912821028626 815AX 052378124335399999999999999 7 210119 4 5099999999999999
342371363316248183131 98 95133199268319347342300232164111 79 7511117925626 816AX 119372132234999999999999999 734 921936 7299999999999999
318357364334274205146103 85101151219281324341325277215158117 9911215922626 817AX 14236514 234199999999999999 8 5 8520 8 9999999999999999
291336354340294230167117 87 8511517023328732132830626020816413513015420226 818AX 2 5354144532999999999999999 836 82204212999999999999999
259306332332304252193140102 85 9513218624028531031229025321418116316519126 819AX 230336153431499999999999999 9 8 85212316199999999999999
230271300310298265218169128101 9411114719323927529729928425923020619319526 820AX 259310163730199999999999999 947 94222119299999999999999
21223726127727926423619916113011110812415319122926328629428927425323221626 821AX 33828018 6294999999999999991038107999999999999999999999
21121522623824825124222319716814112311812714918021725328229930329427424926 822AX 445251194730399999999999999 0 0211115111899999999999999
22520820120321322723723922920918215312911712013716720825128831232031128526 823AX 638239205832099999999999999 216201131911699999999999999
25121719117818119722224325324822719415612410510412215820725930333033631926 824AX 810253214633699999999999999 321177143410299999999999999
282237195167156168198235265278270242197148108 87 8711115921927832334634326 825AX 9 8278222434999999999999999 3591561530 8499999999999999
313264211168143143170216263295305287244185129 87 67 7511217424330334435726 826AX 952305225635799999999999999 4301391615 6799999999999999
339293234180141126142188246295324324292232164105 67 55 7512920327533036026 827AX1031327232636499999999999999 5 11261655 5499999999999999
358321261199149119118154215278324343330281209138 84 54 54 9216324230935426 828AX11 7344235436899999999999999 5321141731 4999999999999999
368345289222164122104122177247307344352322258181115 71 52 6912620728434026 829AX1143353999999999999999999999 6 310418 4 5299999999999999
368361316248181130100 98136205276329355349303230156100 68 6410017225532126 830AX 020370121935799999999999999 633 941837 6199999999999999
361368338275202141101 84102158233300343357336279206141 97 78 9114422229626 831AX 044370125635799999999999999 7 3 8419 9 7799999999999999
346366351300227157106 78 7811418225731634835131925819113810610112818926326 9 1AX 1 6366133535499999999999999 731 741942 9999999999999999
322353352319256182120 81 66 8213120327232134533930224618914912813316822626 9 2AX 130357141934799999999999999 8 2 66202012799999999999999
286327340325280215149 98 69 66 9214621327431633532629324620317215816719926 9 3AX 158340151233599999999999999 838 6421 815899999999999999
245288312314291246189134 93 73 7510315221126330132031629426022720219019426 9 4AX 234316162132199999999999999 924 71221618999999999999999
214243269284282263228184140105 86 8610714619424128130631430528425823221326 9 5AX 3242861757314999999999999991030 84999999999999999999999
205209222239253258251230199162128103 9310112716821526129832032431228525326 9 6AX 456258194532599999999999999 01020512 3 9399999999999999
222199188192209231250258251228192150114 90 8610214019325029933334633530226 9 7AX 7 425821 234699999999999999 2151881345 8599999999999999
258215179160163188225260281283261218164115 80 66 7812018425131035036434626 9 8AX 836285215636499999999999999 32215815 4 6699999999999999
302246193152132143184236283311315287231166108 66 49 6511719126632736637226 9 9AX 938317224037599999999999999 4 913116 4 4999999999999999
340283219164123112139196260311340337297229156 96 55 42 7013521629034737626 910AX1027343231637799999999999999 4491111652 4299999999999999
365317249185132100104150220287336359345290214142 86 51 51 9417025231936326 911AX11 9360234637599999999999999 525 961732 4699999999999999
374342278208148103 85109172248312355366336270193128 81 59 7613621729134426 912AX1148367999999999999999999999 558 8518 7 5899999999999999
369356304232164112 81 82126200275332363360316245174119 84 7911618726432426 913AX 012370122536699999999999999 629 761838 7699999999999999
359361324257184124 84 69 92152229296343361343289221160117 9711216423630126 914AX 03436413 136199999999999999 657 6919 7 9799999999999999
343356335280208142 93 67 7211318125331134635032026420515612612215220927226 915AX 054357133835399999999999999 723 65193812099999999999999
321343336296233165110 75 66 8814120827131734033229724719816114415319024226 916AX 116344141634199999999999999 749 65201114399999999999999
290319324300252191135 94 74 8011416822727931432631328024020317716918421826 917AX 140325145932699999999999999 818 72205116999999999999999
256286299291260214164122 95 8710213918723527630230929827324321619819420626 918AX 2 7300155130999999999999999 851 87214419399999999999999
22825126626925622919315712711010812515519323126428729629127625623421720926 919AX 24226917 729699999999999999 936106231520999999999999999
21122023023823923221519216814513012613615718621825027629229628927224922626 920AX 3452401850296999999999999991047126999999999999999999999
20920019820321322422822421019016714613313314616920224027429930930528525426 921AX 6 1228201231099999999999999 142198123013199999999999999
22119317617218220322824524923921518114812511712615219324128531532731728726 922AX 74824921 332799999999999999 24717114 011799999999999999
244200166148150174212250276282266230183137106 9510714319825730633634131926 923AX 848282214234399999999999999 32314615 1 9599999999999999
273219169135123141184238284311312283231170118 84 76 9815021828233135434526 924AX 932315221535599999999999999 3551231548 7599999999999999
305245184135107110147208272319341330285217149 97 67 6810617424931335236226 925AX1012342224636399999999999999 4261041629 6399999999999999
333275206146104 88109167240305347359333271195129 82 61 7713321128634036526 926AX1050360231436699999999999999 458 8817 7 6199999999999999
354304232162110 79 79122196273333365364321249173114 77 7010317325431935726 927AX1128370234036599999999999999 530 741743 6899999999999999
363329261184121 79 62 83145227301351373356301225157109 84 9214221929334226 928AX12 6373999999999999999999999 6 0 621818 8299999999999999
360344289212138 86 56 57 9717225532136137034027820815111410112518526031926 929AX 0 4360124537199999999999999 631 52185410199999999999999
349348311243164100 60 45 6211919927633236235932126019915312712716222328626 930AX 028353132636599999999999999 7 1 45193112399999999999999
327340321271199128 76 47 46 781412192873333543443052512011651481571932462610 1AX 055340141235599999999999999 734 43201314799999999999999
293318317288235169109 68 50 58 961582262853243403292962532131851721822112610 2AX 12832115 634099999999999999 813 5021 617299999999999999
250281294287258211158111 79 66 771111632202703063233192972652332071931952610 3AX 210294161832499999999999999 9 4 66222419299999999999999
211234254264260240208169132103 89 931161552022482863103173072842552262042610 4AX 3142641753317999999999999991018 88999999999999999999999
1921932052212372452412251981651331101011101361772252703053243233042712332610 5AX 514245192832699999999999999 02519112 110199999999999999
198173163172194223248261257235199157121 99 951141552102663103373403162742610 6AX 718261203634299999999999999 2 31631341 9499999999999999
224178144131145181226267291294269223169122 89 78 971462102743243523493152610 7AX 836296212635599999999999999 3 01311453 7899999999999999
260200147112104132185245295325325291232168114 77 68 951542272933413613452610 8AX 93132922 536199999999999999 3431031547 6799999999999999
295229165113 84 91137205273326352343295226158104 70 701111812553163543592610 9AX1016354223836299999999999999 421 821631 6599999999999999
324259188127 82 67 93157235303350367343283210145 96 73 89144219288337358261010AX105636723 535899999999999999 454 6717 9 7399999999999999
341286213144 91 60 64111187265328365367328260190133 95 88121188261317349261011AX1133372232935399999999999999 525 561742 8699999999999999
348308239165104 63 50 75139220293346369355303235173126103114163232295335261012AX12 9370235034699999999999999 553 50181410299999999999999
346322264189122 73 48 54100173251314354362333276213161126119147204268316261013AX1243364999999999999999999999 620 46184411799999999999999
337328284216145 89 54 46 73132207277328354346308252197155134142181238289261014AX 012338131735599999999999999 645 45191513399999999999999
320323296241173112 69 50 60103167236294333344326284234188157148168210257261015AX 037326135334499999999999999 711 50194914899999999999999
293308296258201141 94 65 61 86135197256302328328304265223187166167190226261016AX 1 4308143133299999999999999 739 59202916399999999999999
261282284263223172125 91 75 83115163216265300316311288256222194179183202261017AX 136286151631799999999999999 812 75211917899999999999999
227249261256235201162127103 96107138179222261290303299281255227204190189261018AX 215261161530399999999999999 854 95223218899999999999999
200215229237235221197169143124117125148180216250278294295283262236210191261019AX 320238173629699999999999999 959117999999999999999999999
183184193207221228226213192167145131130143168202239272294302294272241207261020AX 517229185930299999999999999 020182113412999999999999999
179162159171193219240248242221190158133122128152190235276305315305276234261021AX 7 424820 131599999999999999 14215913 812299999999999999
189154133133155192234267282275247204159123106110139187243291322330310267261022AX 813282204733099999999999999 230131141910599999999999999
212159121103114152207262301317303262205149108 89 98138199263313339336301261023AX 9 3317212534299999999999999 3 91031513 8999999999999999
242177122 87 79106164234295334344319263196136 95 80 99152224289333348329261024AX 948345215934899999999999999 345 781559 8099999999999999
275203135 85 59 66113187265326360360320253182125 89 83115181255313345345261025AX1030365223035099999999999999 419 571642 8199999999999999
306236158 95 54 40 66131216293349374362310238171120 92 98144216285331347261026AX1112375225934799999999999999 454 401723 9099999999999999
327270190115 61 31 33 77156243315362378353294223164122103122178249307337261027AX1154378232834199999999999999 528 2818 310399999999999999
336298228147 80 37 20 38 97182266330367372338277213162128121151210273317261028AX1237375235933199999999999999 6 2 20184311999999999999999
331315264188112 56 24 20 52120204280336365360321264208164139141177233284261029AX1323367999999999999999999999 639 18192613699999999999999
313315288231159 92 46 24 31 71141219286334355345307256207171152160194241261030AX 035318141235699999999999999 719 23201415199999999999999
280298293261207144 89 52 37 50 92156225284325342332298254212180165171199261031AX 11729915 734299999999999999 8 4 37211216499999999999999
234263276270242198147101 71 59 711081622212743113283222952582201891721722611 1AX 211277161332999999999999999 9 1 59222916999999999999999
189214238253253236205165127 98 84 891151592102592973183182982652281931692611 2AX 3312551730321999999999999991015 83999999999999999999999
1591661872122352472452271961601271061001151491962452873143203052722291872611 3AX 523248184732199999999999999 0 3159114710099999999999999
1541351381601942292562672582311911511191031091381862392863173263092702202611 4AX 7 5267195132799999999999999 124134131510299999999999999
1691281061101401882372772972912602131631231001021331852442943253313062562611 5AX 818298204133299999999999999 2221041426 9799999999999999
196140 97 77 90135197257304327317278221165120 951011391982593073333282902611 6AX 914327212233599999999999999 3 7 771521 9399999999999999
228162105 67 57 86146218284331349330280217159115 951091572222803203343132611 7AX10 0349215533499999999999999 346 5616 7 9599999999999999
259189123 72 44 50 961692473113523593272692041491111021291862503013283242611 8AX1041361222433199999999999999 421 42164610199999999999999
285218146 86 46 33 581202002753333633553122501881391121171582202773153262611 9AX1119365225032699999999999999 452 33172210999999999999999
302247175107 57 31 36 80152232300347362340289227172132119139190250297320261110AX1155362231632199999999999999 521 29175511899999999999999
312271205134 75 38 29 53111187261319352352318263205158130132166220272306261111AX1229356234331499999999999999 549 28182812799999999999999
313288234165101 54 32 39 80147221286331349334292238186148133149191242284261112AX13 3349999999999999999999999 616 3119 013399999999999999
304295257197132 78 44 37 61113182249303335338312267216172144142168211255261113AX 013305133634199999999999999 645 36193514099999999999999
285292271225166109 66 46 53 89147212271313332323290245199163146154183223261114AX 045293141133299999999999999 715 45201314699999999999999
258277273245199145 97 67 58 76118175234283315323307272230190162152163191261115AX 122278145032399999999999999 750 58205815299999999999999
224250262253225183137 99 78 77100142194245286310312293260222187163156166261116AX 2 6262153631499999999999999 832 74215515599999999999999
189216237247240216181144113 96 97118155201246282302303286255219186162152261117AX 3 6247163330599999999999999 927 9423 715299999999999999
158176201224238238222195163134115111126157198241276298301285255218181152261118AX 4312401739302999999999999991041111999999999999999999999
137140158186216240250243221188155129118126151191235274299304288255211166261119AX 6 6250184530599999999999999 02213612 611899999999999999
131113115138177219255274273250213170136117119142185235279306310289247192261120AX 726276194131199999999999999 124111132611599999999999999
140102 83 91125178234280305304277230178136112111138186243289315313283228261121AX 829308202831899999999999999 214 83143210899999999999999
163107 68 55 72121190257308334330293237179133107108141198258302321310266261122AX 92233621 932299999999999999 258 55152910499999999999999
198127 71 38 33 64129209281332356344299236176130106113154217275313322298261123AX1011357214832399999999999999 339 31161910499999999999999
239163 91 40 14 21 67144229302350368348295230172129110125174238291318315261124AX1059368222532199999999999999 420 1217 611099999999999999
277208128 61 17  1 19 78162248317360371342286222168130118141196257300317261125AX114737223 431799999999999999 5 1  1175311799999999999999
303254178101 40  4 -3 26 94181263326363366331274214164132127158214268303261126AX1234369234531199999999999999 544 -5183812599999999999999
310286230155 82 29  1  2 40112197274331361356318261205160134137172225272261127AX1323364999999999999999999999 629 -3192613199999999999999
299299269211139 74 28  7 15 59131212282332355344303249197157136143179227261128AX 031302141135599999999999999 716  6201513599999999999999
268289285254199134 77 38 22 35 81150223286329345330289237189153136145178261129AX 12229015 134599999999999999 8 5 22211013699999999999999
221256275271244195139 90 57 44 59103165231286322333315276228183149133140261130AX 222276155333399999999999999 859 44221213299999999999999
169206239259261241202155113 83 71 841211752332813133213032662211771421242612 1AX 33526316493219999999999999910 1 71232012399999999999999
128152187222248257247219180141111 971041341802302743033102942592131681302612 2AX 5 02571749311999999999999991112 97999999999999999999999
1091091311682092442632632432091711381181181401792262682963032872512021532612 3AX 630266184930499999999999999 029106123111599999999999999
112 88 871121552052502792872712361941561301241411782242662932992802391842612 4AX 749287194530099999999999999 132 84134712399999999999999
131 88 65 681001532132653013112942552071641341241411802282702942952692192612 5AX 853311203329899999999999999 224 62145312499999999999999
159104 63 44 56 991632302873233313072612091621311231451892382772962882512612 6AX 944332211429799999999999999 3 9 44154612299999999999999
193130 76 40 31 551111822533093403403072552001531261261562052532862952752612 7AX1029344215029699999999999999 348 30163012299999999999999
226162 99 51 25 29 671322082773273493372952391841421221341742252692932892612 8AX11 9349222329599999999999999 424 2317 912299999999999999
255197130 72 33 19 38 891612362983383473232742161651311241481952462832942612 9AX1146348225529499999999999999 457 19174412399999999999999
277230166101 50 23 23 57118192262315342336300247191147125132167218264291261210AX1220344232729499999999999999 529 19181712399999999999999
289258202135 76 35 21 37 84152224286326338318273218168133123144188239277261211AX1252339999999999999999999999 6 0 21184912399999999999999
292277235172108 57 28 28 58116187255306332329296245191148124128160208254261212AX 0 1292132333599999999999999 631 24192212299999999999999
283286260209145 86 45 29 43 86151221281320332314271217168133121136175223261213AX 036288135333299999999999999 7 3 29195712199999999999999
262281274239184123 72 43 39 65118185251301327325295246194151125122145187261214AX 114282142632999999999999999 737 37203612099999999999999
231263273259221166111 70 51 57 92148214272311325312274224176139120124151261215AX 15727315 132599999999999999 816 50212011899999999999999
191231257264247209160112 80 68 80118173232281311316296256207162129114121261216AX 247264154231799999999999999 9 1 68221111499999999999999
149187224250257243210167127 99 90103138187239281304304281241194150118104261217AX 351257163130799999999999999 956 90231010499999999999999
112139177216245257250224188151123112120149191237274294293270230182136103261218AX 5 825717272979999999999999911 6112999999999999999999999
 88 95122164209246267268249216178147129130150187230266287286263221168118261219AX 633270182828999999999999999 012 87122812799999999999999
 82 66 73104153208255285293278244202164139132146180224262284283258210152261220AX 752293192828799999999999999 113 65135113299999999999999
 97 58 41 50 88147212268306319304267218174142129141176223264286283253198261221AX 859319202428899999999999999 210 4015 412999999999999999
132 73 33 18 32 78147221284326340323279226176140125138178229270291284246261222AX 958340211629299999999999999 3 3 1816 412599999999999999
184112 51 12  0 20 74152232297341353331282225173136121139185239279296283261223AX105235422 629699999999999999 355  0165812199999999999999
238169 94 34 -3-12 15 77161243309350359330277217165129119145196251288300261224AX1144360225530099999999999999 447-12174811999999999999999
281229155 80 22-11-16 18 87174255318356357322264204154122119152208261295261225AX1233361234530399999999999999 538-18183511699999999999999
302277219142 70 16-13-12 29104192269328357349306246187140114119160218268261226AX1318359999999999999999999999 628-17192111199999999999999
298300270208132 64 16 -7  2 51129214285335354335284223167125106121167224261227AX 03530314 035499999999999999 716 -920 610699999999999999
270296294259197126 65 24  8 26 81159237300338344314259199148111100122170261228AX 127299144034699999999999999 8 1  8205110099999999999999
224267288283248189126 74 41 33 59117189257308333326289233176130100 96122261229AX 220290151833599999999999999 845 322138 9499999999999999
169219258277272239188135 93 68 67 96150213268306319303263210158116 92 92261230AX 318278155831999999999999999 932 642229 8899999999999999
117162209247267264238197154119100103130176227271297301280239189140102 82261231AX 4232691639302999999999999991023 982323 8099999999999999
