 20 18 16 12  7  2 -2 -4 -5 -4 -1  4  9 14 19 21 23 24 24 24 23 23 22 2326 1 1B21744 24999999999999999999999 757 -5999999999999999999999
 23 23 21 18 13  7  2 -2 -5 -6 -5 -1  4 11 17 21 24 26 26 25 25 24 24 2426 1 2B21745 26999999999999999999999 853 -62234 2499999999999999
 25 25 25 23 19 14  8  2 -3 -6 -7 -5 -1  5 12 18 23 25 26 26 25 24 24 2426 1 3B2 121 2518 3 2699999999999999 948 -72251 2499999999999999
 24 25 26 26 24 21 15  8  1 -4 -6 -7 -5  0  6 13 19 23 25 25 24 23 22 2226 1 4B2 230 261827 25999999999999991040 -723 7 2299999999999999
 22 23 25 26 26 24 20 14  7  0 -4 -6 -6 -4  1  8 14 19 22 23 22 20 19 1926 1 5B2 334 271854 23999999999999991130 -72333 1999999999999999
 19 20 21 23 25 25 23 18 12  5  0 -4 -6 -5 -2  3  9 14 18 20 20 18 17 1626 1 6B2 433 251922 20999999999999991215 -6999999999999999999999
 15 16 17 18 20 22 22 20 15  9  4 -1 -3 -4 -3  0  5 10 14 17 17 16 14 1326 1 7B2 528 221949 1799999999999999 014 151254 -499999999999999
 12 12 12 13 15 17 18 18 16 12  7  3  0 -2 -2  0  3  7 11 14 15 15 13 1126 1 8B2 623 182015 1599999999999999 1 9 121325 -299999999999999
 10  9  8  9 10 11 13 14 13 12  9  5  3  1  1  2  4  6  9 12 13 13 12 1026 1 9B2 721 142036 1499999999999999 211  81343  199999999999999
  8  7  6  5  5  6  8  9 10 10  9  7  5  4  4  5  6  8 10 11 13 13 12 1026 110B2 833 102048 1399999999999999 321  51340  499999999999999
  8  6  5  4  3  3  4  5  6  7  8  7  7  7  7  8  9 10 11 12 13 13 13 1126 111B21020  82042 1399999999999999 437  313 5  799999999999999
  9  7  5  3  2  1  1  2  3  4  6  7  8  9 10 11 12 13 14 15 15 15 14 1326 112B220 2 15999999999999999999999 549  1999999999999999999999
 11  9  7  5  3  1  0  0  1  2  4  7  9 10 12 13 15 16 17 17 17 17 16 1526 113B21936 17999999999999999999999 646  0999999999999999999999
 14 12  9  7  4  2  0 -1 -1  0  3  5  9 11 14 15 17 18 19 19 19 19 18 1726 114B21938 19999999999999999999999 730 -1999999999999999999999
 16 15 12 10  7  4  2  0 -1 -1  1  4  8 11 14 17 18 19 20 20 20 20 20 1926 115B21929 20999999999999999999999 811 -1999999999999999999999
 18 17 16 13 10  7  4  1 -1 -2 -1  2  6 10 14 17 19 20 21 21 20 20 20 2026 116B218 5 21999999999999999999999 851 -2999999999999999999999
 20 19 18 16 14 10  6  2 -1 -3 -3 -1  3  7 12 16 19 20 21 20 20 19 19 1926 117B21749 21999999999999999999999 931 -32159 1999999999999999
 20 20 20 19 16 13  9  4  0 -3 -4 -3 -1  4  9 14 18 20 20 20 19 18 18 1826 118B2 1 8 201754 20999999999999991010 -422 8 1899999999999999
 18 19 20 20 18 15 11  6  2 -2 -5 -5 -4  0  5 10 15 18 19 18 17 16 15 1526 119B2 216 2018 9 19999999999999991048 -52230 1599999999999999
 16 17 18 19 19 17 13  9  3 -1 -5 -7 -6 -4  1  6 11 15 17 17 15 14 13 1326 120B2 310 191828 17999999999999991124 -72255 1399999999999999
 13 14 16 17 18 17 14 10  5  0 -4 -7 -7 -6 -3  2  7 12 14 15 14 12 10  926 121B2 359 181850 15999999999999991157 -72325  999999999999999
  9 10 12 14 16 16 15 12  7  2 -2 -5 -7 -7 -5 -1  4  8 12 13 13 10  8  726 122B2 448 161912 13999999999999991228 -7999999999999999999999
  6  6  8 10 12 14 14 12  9  5  1 -3 -5 -5 -4 -2  2  6 10 12 12 10  7  526 123B2 541 141932 1299999999999999 0 1  61254 -599999999999999
  3  3  4  5  7 10 11 12 11  8  4  1 -1 -2 -1  0  2  6  9 11 11 10  7  426 124B2 643 121950 1199999999999999 046  31311 -299999999999999
  2  0  0  1  3  5  8  9 10  9  8  5  3  3  3  4  5  7  9 11 12 11  9  626 125B2 8 0 1020 3 1299999999999999 140  01314  399999999999999
  2  0 -2 -2 -1  1  3  6  8  9  9  9  8  7  8  9 10 11 12 13 14 13 12  926 126B2 944  920 8 1499999999999999 243 -213 0  799999999999999
  5  1 -1 -3 -3 -3 -1  1  4  7  9 10 11 12 12 13 14 15 16 16 16 16 15 1226 127B21944 16999999999999999999999 357 -3999999999999999999999
  9  5  2 -1 -3 -4 -4 -3  0  3  6  9 12 14 16 17 18 19 19 19 19 18 17 1626 128B218 2 19999999999999999999999 524 -4999999999999999999999
 14 11  7  3 -1 -3 -5 -5 -4 -2  2  6 10 14 17 19 20 21 22 21 21 20 19 1926 129B218 0 22999999999999999999999 648 -5999999999999999999999
 18 16 13  9  4  0 -3 -5 -6 -5 -3  2  7 12 16 19 21 22 22 22 21 21 20 2026 130B21758 22999999999999999999999 8 0 -6999999999999999999999
 20 20 18 15 10  5  0 -4 -6 -7 -6 -3  2  7 13 17 20 21 21 21 20 19 19 1926 131B21737 21999999999999999999999 9 1 -72226 1999999999999999
 20 21 21 19 16 11  6  0 -5 -7 -8 -7 -3  3  9 14 18 20 20 19 18 17 16 1626 2 1B2 136 211735 2099999999999999 954 -82234 1699999999999999
 17 19 21 21 20 16 11  5 -1 -6 -8 -9 -7 -2  4 10 14 17 18 17 15 14 13 1326 2 2B2 250 211748 18999999999999991040 -92251 1399999999999999
 13 15 18 20 21 19 15  9  3 -3 -7 -8 -8 -5  0  6 11 14 16 15 13 11  9  926 2 3B2 351 2118 7 16999999999999991120 -92319  999999999999999
  9 10 13 16 18 19 17 13  7  1 -4 -7 -8 -6 -3  2  7 11 14 14 12  9  6  526 2 4B2 446 191829 14999999999999991154 -82355  599999999999999
  5  5  7 10 13 15 16 14  9  4 -1 -4 -5 -5 -3  1  5  9 12 12 11  8  5  326 2 5B2 538 161849 12999999999999991222 -6999999999999999999999
  2  2  3  5  8 11 13 12 10  6  2 -1 -2 -3 -1  1  5  8 10 11 11  8  5  226 2 6B2 628 1319 5 1199999999999999 036  21239 -399999999999999
  0  0  0  1  3  6  8 10  9  8  5  2  1  1  2  3  6  8 10 11 11  9  6  326 2 7B2 721 101913 1199999999999999 119  01241  199999999999999
  0 -1 -2 -1  0  2  4  6  7  7  6  5  4  4  5  6  8 10 11 12 11 10  7  426 2 8B2 825  819 5 1299999999999999 2 6 -21224  499999999999999
  2  0 -1 -2 -1  0  1  3  5  6  7  7  7  7  8 10 11 13 13 14 13 12  9  726 2 9B21842 14999999999999999999999 259 -2999999999999999999999
  4  2  0 -1 -2 -1  0  1  3  5  6  7  8  9 11 12 14 15 16 16 15 14 12  926 210B21828 16999999999999999999999 4 6 -2999999999999999999999
  7  4  2  1 -1 -1 -1 -1  1  3  5  7  9 11 13 14 16 17 17 17 17 15 14 1226 211B21828 17999999999999999999999 528 -1999999999999999999999
 10  7  5  3  1  0 -1 -2 -1  1  3  6  9 11 13 15 17 18 18 18 17 17 15 1426 212B21825 18999999999999999999999 645 -2999999999999999999999
 12 10  8  6  4  1 -1 -2 -2 -1  1  4  7 11 13 15 17 18 18 18 17 17 16 1526 213B21750 18999999999999999999999 745 -2999999999999999999999
 14 13 11  9  6  4  1 -2 -4 -4 -2  1  5  9 12 15 16 17 17 16 16 15 15 1526 214B21718 17999999999999999999999 835 -4999999999999999999999
 15 14 13 11  9  6  2 -1 -4 -5 -5 -3  1  5 10 13 15 16 16 15 14 13 13 1326 215B217 9 16999999999999999999999 918 -62214 1399999999999999
 14 14 14 13 11  8  4  0 -4 -7 -7 -6 -3  2  6 11 14 15 14 13 12 11 10 1126 216B2 127 141712 1599999999999999 957 -722 9 1099999999999999
 11 13 14 14 13 10  6  1 -3 -7 -9 -9 -7 -2  3  8 11 13 13 11  9  8  7  726 217B2 233 141724 13999999999999991033 -92222  799999999999999
  8 10 12 14 13 12  8  4 -2 -6 -8-10 -9 -6 -1  4  9 11 11 10  7  5  4  326 218B2 328 141739 129999999999999911 6-102243  399999999999999
  4  6  9 12 13 13 11  6  1 -3 -7 -9 -9 -7 -3  2  6 10 11  9  6  3  1  026 219B2 421 131756 11999999999999991137 -92312  099999999999999
  0  2  5  8 11 13 12  9  5  0 -3 -6 -7 -6 -3  1  5  8 10  9  6  2 -1 -326 220B2 514 131812 109999999999999912 6 -72347 -399999999999999
 -3 -2  0  4  8 11 12 11  9  5  1 -2 -3 -3 -1  2  5  8 10 10  8  4 -1 -426 221B2 610 121828 10999999999999991228 -3999999999999999999999
 -5 -5 -4 -1  3  7 10 11 11  9  6  3  2  2  3  5  7 10 11 12 10  6  2 -326 222B2 713 111840 1299999999999999 030 -61233  299999999999999
 -6 -7 -7 -5 -2  2  6  9 11 11  9  8  7  7  8  9 10 12 13 14 12 10  6  126 223B2 827 111846 1499999999999999 120 -71214  799999999999999
 -3 -6 -7 -7 -5 -2  1  5  8 10 11 11 11 12 13 14 14 15 16 16 15 13 10  626 224B21830 16999999999999999999999 218 -7999999999999999999999
  1 -2 -5 -6 -6 -5 -3  0  4  7  9 11 13 14 15 17 18 18 18 18 17 16 14 1126 225B21719 18999999999999999999999 332 -6999999999999999999999
  7  3  0 -3 -5 -5 -5 -4 -1  2  6  9 12 14 16 18 19 20 19 19 18 17 16 1426 226B217 8 20999999999999999999999 5 8 -5999999999999999999999
 12  9  5  2 -1 -4 -5 -5 -5 -2  1  5  9 13 16 18 19 19 19 18 17 17 16 1626 227B21713 19999999999999999999999 648 -6999999999999999999999
 15 13 11  7  3  0 -3 -5 -6 -6 -3  1  5 10 13 16 17 18 17 17 16 15 14 1526 228B21658 18999999999999999999999 8 5 -62155 1499999999999999
 15 16 15 12  8  4  0 -4 -6 -7 -6 -3  1  6 10 14 15 16 15 14 13 12 11 1226 3 1B2 040 161640 1699999999999999 9 2 -72156 1199999999999999
 13 15 16 15 13  9  4 -1 -5 -7 -8 -6 -3  2  7 11 13 14 13 11  9  8  7  826 3 2B2 2 5 161643 1499999999999999 948 -822 9  799999999999999
  9 12 15 16 15 12  7  2 -3 -6 -8 -7 -5 -1  4  8 11 12 11  9  6  4  3  326 3 3B2 310 161655 12999999999999991026 -82231  399999999999999
  5  7 11 14 15 14 11  6  0 -4 -6 -7 -6 -3  2  6 10 11 11  8  4  2  0 -126 3 4B2 4 5 151713 11999999999999991058 -72258 -199999999999999
  0  3  6 10 13 14 12  9  4 -1 -4 -5 -5 -3  1  5  8 10 10  8  4  1 -2 -326 3 5B2 455 141730 11999999999999991124 -52329 -399999999999999
 -3 -2  2  6  9 12 12 10  7  3  0 -2 -2 -1  1  5  8 10 10  9  5  1 -2 -426 3 6B2 543 121745 10999999999999991143 -2999999999999999999999
 -5 -4 -2  2  5  9 11 11  9  6  3  2  1  2  4  6  9 10 11 10  7  3 -1 -426 3 7B2 631 111752 1199999999999999 0 2 -51151  199999999999999
 -5 -5 -4 -1  2  6  9 10 10  8  6  5  5  5  7  8 10 12 12 11  9  5  1 -226 3 8B2 722 101748 1299999999999999 036 -61146  599999999999999
 -4 -5 -5 -3  0  3  6  8  9  9  8  8  8  9 10 11 13 14 14 13 11  8  4  026 3 9B2 822 101735 1499999999999999 113 -51127  899999999999999
 -2 -4 -4 -3 -2  1  4  6  8  9 10 10 10 11 12 14 15 16 16 15 13 10  7  426 310B21726 16999999999999999999999 155 -4999999999999999999999
  1 -1 -2 -3 -2  0  2  4  6  8  9 10 11 13 14 15 16 17 17 16 14 12  9  626 311B21727 17999999999999999999999 249 -3999999999999999999999
  4  2  0 -1 -1 -1  0  1  4  6  8 10 11 13 14 16 17 17 17 16 15 13 11  926 312B21725 17999999999999999999999 4 6 -1999999999999999999999
  7  5  3  1  0 -1 -1 -1  1  3  5  8 10 12 14 15 16 16 16 16 15 13 12 1026 313B217 3 16999999999999999999999 546 -1999999999999999999999
  9  7  5  3  1  0 -2 -2 -2  0  2  5  8 11 13 14 15 15 15 14 13 12 11 1126 314B21630 15999999999999999999999 7 8 -2999999999999999999999
 10  9  7  5  3  1 -2 -3 -4 -4 -2  2  5  9 11 13 14 13 13 12 11 10 10 1026 315B21611 14999999999999999999999 8 6 -4999999999999999999999
 10 10  9  7  5  2 -1 -4 -5 -6 -5 -2  2  6  9 11 12 12 10  9  8  7  7  826 316B216 6 12999999999999999999999 852 -62138  799999999999999
  9 10 10  9  7  4  1 -3 -6 -7 -7 -5 -2  3  7  9 11 10  8  6  5  4  3  426 317B2 146 101611 1199999999999999 932 -72139  399999999999999
  6  8 10 11 10  7  3 -1 -4 -7 -8 -7 -4  0  4  8 10  9  7  4  2  0  0  026 318B2 249 111622 109999999999999910 8 -82153  099999999999999
  3  6  9 11 12 10  7  3 -1 -4 -6 -6 -5 -1  3  7  9  9  7  4  0 -3 -4 -426 319B2 345 121636 10999999999999991042 -72217 -499999999999999
 -2  2  6 10 12 13 11  7  3 -1 -3 -4 -3 -1  3  7  9 10  9  5  0 -4 -7 -726 320B2 440 131652 10999999999999991114 -42250 -799999999999999
 -6 -3  2  7 11 14 14 12  8  4  2  1  0  2  4  8 10 12 11  7  2 -3 -7 -926 321B2 534 1417 8 12999999999999991144  02329 -999999999999999
 -9 -7 -3  2  8 12 15 15 13 10  7  6  5  6  7 10 12 14 13 11  6  0 -5 -926 322B2 631 151723 149999999999999912 4  5999999999999999999999
-10-10 -7 -3  3  8 12 15 15 13 12 11 10 11 11 13 14 16 16 14 11  5 -1 -526 323B2 735 151736 1699999999999999 015-101150 1099999999999999
 -8 -9 -9 -6 -2  3  8 12 14 15 14 14 14 15 15 16 17 18 18 17 14 10  5  026 324B2 858 151738 1899999999999999 1 7 -911 9 1499999999999999
 -4 -7 -8 -7 -5 -1  3  7 11 13 14 15 16 17 18 19 19 19 19 18 17 14 10  626 325B21649 19999999999999999999999 2 7 -8999999999999999999999
  2 -2 -4 -5 -5 -4 -1  2  6  9 12 14 16 17 19 19 20 20 19 18 17 16 14 1126 326B216 4 20999999999999999999999 322 -6999999999999999999999
  7  4  1 -2 -3 -4 -3 -2  1  4  8 11 14 16 17 18 19 19 18 17 16 15 14 1326 327B216 7 19999999999999999999999 5 1 -4999999999999999999999
 11  9  6  3  0 -2 -3 -3 -2  0  3  7 10 13 15 16 17 16 15 14 13 13 13 1326 328B21557 17999999999999999999999 641 -4999999999999999999999
 13 12 10  7  4  1 -2 -3 -4 -3  0  3  7 10 13 14 14 13 12 11  9  9  9 1026 329B21533 14999999999999999999999 754 -421 7  999999999999999
 12 13 12 11  8  4  1 -2 -3 -4 -3  0  4  8 11 12 12 11  9  7  6  5  5  626 330B2 113 131529 1299999999999999 847 -42122  599999999999999
  9 11 13 13 11  7  4  0 -2 -3 -3 -1  2  6  9 11 11 10  7  4  2  1  1  226 331B2 225 131538 1199999999999999 928 -32142  199999999999999
  5  8 11 13 13 10  7  3  0 -2 -2 -1  1  4  8 10 11 10  7  3  0 -2 -3 -226 4 1B2 324 131553 119999999999999910 0 -222 5 -399999999999999
  0  4  8 11 13 13 10  6  3  1  0  0  1  4  7 10 11 10  8  3 -1 -3 -5 -526 4 2B2 415 1316 9 11999999999999991027  02231 -599999999999999
 -3  0  5  9 12 13 12 10  7  4  3  3  3  5  8 10 12 11  9  5  1 -3 -5 -626 4 3B2 5 3 131622 12999999999999991047  22259 -699999999999999
 -5 -3  2  6 11 13 14 13 10  8  6  6  6  8 10 12 13 13 11  8  3 -1 -5 -626 4 4B2 549 141631 13999999999999991059  62329 -699999999999999
 -6 -4 -1  4  8 12 14 14 13 11 10  9  9 10 12 14 15 15 13 10  6  1 -2 -526 4 5B2 634 151632 159999999999999911 5  9999999999999999999999
 -6 -5 -2  2  6 10 13 15 15 14 12 12 12 13 14 16 16 16 15 13  9  5  1 -226 4 6B2 722 151628 1799999999999999 0 1 -611 3 1299999999999999
 -4 -4 -3  0  4  8 11 14 15 15 14 14 15 15 16 17 18 18 17 15 12  8  4  126 4 7B2 820 151628 1899999999999999 037 -41051 1499999999999999
 -2 -3 -2 -1  2  5  9 12 14 15 15 15 16 16 17 18 19 19 18 16 14 10  7  426 4 8B21633 19999999999999999999999 118 -3999999999999999999999
  1  0 -1 -1  1  3  6  9 11 13 14 15 16 17 17 18 19 19 18 17 15 12  9  626 4 9B21635 19999999999999999999999 2 8 -1999999999999999999999
  4  2  1  0  0  1  3  5  8 10 12 14 15 16 17 17 17 17 17 16 14 12 10  826 410B21617 17999999999999999999999 313  0999999999999999999999
  6  4  2  1  0  0  1  2  4  7  9 12 13 14 15 16 16 15 15 14 13 12 10  926 411B21533 16999999999999999999999 441  0999999999999999999999
  7  6  4  2  1  0 -1  0  1  3  6  9 11 13 14 14 14 13 12 11 10 10  9  926 412B21456 14999999999999999999999 611 -1999999999999999999999
  8  7  6  4  2  1 -1 -2 -1  0  2  6  9 11 12 12 12 10  9  8  7  7  7  826 413B21440 12999999999999999999999 719 -22057  799999999999999
  9  9  8  6  4  2  0 -2 -2 -2  0  3  6  9 11 11 10  8  6  5  4  4  4  626 414B2 032  91442 1199999999999999 811 -22044  499999999999999
  8  9 10  9  7  5  2  0 -1 -2 -1  1  5  8 10 11 10  7  4  2  0  0  1  326 415B2 156 101452 1199999999999999 856 -22054  099999999999999
  6  9 11 12 11  9  6  4  1  0  0  1  4  7 10 11 10  8  4  0 -2 -4 -3 -126 416B2 3 1 1215 6 1199999999999999 937  02117 -499999999999999
  2  7 11 14 15 14 11  8  6  4  3  4  5  8 11 13 13 10  6  1 -4 -6 -7 -526 417B2 359 151523 13999999999999991016  32150 -799999999999999
 -2  3  9 14 17 18 17 14 11  9  8  7  8 10 13 15 15 14  9  4 -2 -6 -9 -926 418B2 455 181542 16999999999999991053  72230 -999999999999999
 -6 -2  4 11 16 19 20 19 16 14 13 12 12 14 15 17 18 18 14  9  2 -4 -8 -926 419B2 551 2016 4 18999999999999991126 122316-1099999999999999
 -9 -6 -1  6 12 17 21 21 20 19 17 17 17 17 18 20 21 21 19 14  8  2 -4 -726 420B2 649 211626 21999999999999991146 17999999999999999999999
 -9 -8 -5  1  7 13 18 21 22 21 20 20 20 20 21 22 23 23 22 19 14  8  2 -326 421B2 757 221648 2399999999999999 0 7 -91059 2099999999999999
 -6 -7 -6 -3  2  7 13 17 20 21 21 21 22 22 22 23 23 23 23 22 19 14  9  326 422B217 2 23999999999999999999999 1 3 -7999999999999999999999
 -1 -3 -4 -4 -1  2  7 12 15 18 19 20 21 22 22 22 22 22 22 21 20 17 14  926 423B215 3 22999999999999999999999 2 6 -4999999999999999999999
  5  2 -1 -2 -2  0  3  6 10 13 16 18 19 20 21 21 20 20 19 19 18 18 16 1326 424B21450 21999999999999999999999 319 -2999999999999999999999
 10  7  4  2  0  0  1  3  6  9 12 15 17 18 18 18 18 17 16 15 15 15 15 1526 425B21431 18999999999999999999999 444  0999999999999999999999
 13 11  8  5  3  2  1  2  3  6  9 11 14 15 16 15 15 13 12 11 10 11 12 1326 426B214 1 162358 1399999999999999 610  120 2 1099999999999999
 13 13 11  9  7  5  3  2  2  4  6  9 12 13 14 13 12 10  9  7  6  6  7 1026 427B21359 14999999999999999999999 720  22025  699999999999999
 12 13 13 12 10  7  6  4  4  4  5  8 10 12 13 13 11  9  6  4  3  2  3  626 428B2 128 1314 8 1399999999999999 812  42049  299999999999999
  9 11 13 13 12 10  8  7  6  5  6  8 10 12 13 13 11  9  5  2  0 -1  0  226 429B2 240 131422 1399999999999999 852  52113 -199999999999999
  5  9 12 14 14 13 11 10  8  8  8  9 11 13 14 14 13 10  6  2 -1 -2 -2 -126 430B2 339 151437 1499999999999999 921  82138 -299999999999999
  2  7 11 14 16 16 15 13 11 11 11 11 12 14 16 16 15 12  8  4  0 -2 -3 -226 5 1B2 429 161450 1699999999999999 942 1122 3 -399999999999999
  0  4  9 14 17 18 18 16 15 14 14 14 15 16 17 18 17 15 11  7  2 -1 -3 -326 5 2B2 514 1815 1 1899999999999999 956 142232 -399999999999999
 -1  3  7 12 17 19 20 19 18 17 17 17 17 18 19 20 20 18 15 10  6  1 -1 -226 5 3B2 557 2015 9 20999999999999991010 1723 4 -299999999999999
 -1  1  6 11 15 19 21 22 21 20 19 19 20 20 21 22 22 20 18 14  9  5  1 -126 5 4B2 639 221518 22999999999999991025 192339 -199999999999999
 -1  1  4  8 13 18 21 22 22 21 21 21 21 22 23 23 23 22 20 17 13  8  4  226 5 5B2 724 221532 23999999999999991039 21999999999999999999999
  0  1  3  6 11 15 19 21 22 22 21 21 22 22 23 23 24 23 22 19 15 11  7  426 5 6B2 816 221548 2499999999999999 018  01048 2199999999999999
  2  1  2  4  8 12 15 18 20 21 21 21 21 22 22 23 23 23 22 20 17 13 10  626 5 7B216 3 23999999999999999999999 1 1  1999999999999999999999
  4  3  2  3  5  8 12 15 17 19 20 20 20 20 21 21 21 21 20 19 17 14 11  826 5 8B216 3 21999999999999999999999 148  2999999999999999999999
  6  4  3  3  4  5  8 11 14 16 17 18 19 19 19 19 19 18 18 17 16 14 12 1026 5 9B21442 19999999999999999999999 240  3999999999999999999999
  7  5  4  3  3  4  5  7 10 13 15 16 17 17 17 16 16 16 15 14 14 13 12 1126 510B21244 17999999999999999999999 340  3999999999999999999999
  9  7  6  4  4  3  4  5  7 10 12 14 15 15 15 14 13 12 12 11 11 11 11 1126 511B21243 15999999999999999999999 452  3999999999999999999999
 11  9  8  7  5  5  4  5  6  8 10 13 14 15 14 13 11 10  8  8  8  8 10 1126 512B21254 15999999999999999999999 6 6  41932  899999999999999
 12 12 11 10  9  7  6  6  6  7  9 12 14 15 14 12 10  7  6  4  4  5  7 1026 513B2 036 1213 7 1599999999999999 712  61944  499999999999999
 12 14 15 14 13 12 10  9  9  9 10 12 14 16 16 14 11  7  4  2  1  1  3  726 514B2 2 4 151324 1699999999999999 811  92011  199999999999999
 11 15 17 18 18 17 15 14 13 13 13 14 16 18 18 17 14  9  4  0 -2 -2 -1  326 515B2 315 181344 1899999999999999 9 4 132046 -299999999999999
  7 13 18 21 22 22 21 19 18 17 17 17 19 21 22 21 18 14  8  2 -2 -4 -4 -226 516B2 416 2314 8 2299999999999999 952 172129 -499999999999999
  3  9 15 21 24 26 26 24 23 22 21 21 22 23 25 25 23 19 14  7  1 -3 -5 -526 517B2 514 261438 25999999999999991035 212217 -599999999999999
 -2  4 11 17 23 27 28 28 27 26 25 25 25 26 27 28 28 25 20 14  7  1 -3 -526 518B2 610 281513 28999999999999991110 252310 -599999999999999
 -4 -1  5 12 19 24 28 29 29 28 27 27 27 28 28 29 30 29 26 21 14  7  1 -226 519B2 7 9 291553 30999999999999991121 27999999999999999999999
 -4 -3  1  6 13 19 24 27 28 28 28 28 28 28 28 29 30 30 29 26 20 14  8  326 520B21639 30999999999999999999999 0 6 -4999999999999999999999
  0 -2 -1  3  7 13 19 23 25 26 27 27 27 27 27 27 28 28 28 27 24 20 14  926 521B21731 28999999999999999999999 1 4 -2999999999999999999999
  4  2  1  2  4  8 13 18 21 23 24 24 24 25 24 24 24 25 25 25 24 22 18 1426 522B21836 25999999999999999999999 2 4  1999999999999999999999
 10  6  4  3  4  6  9 13 17 19 21 22 22 22 21 21 20 20 20 21 21 21 19 1726 523B21136 222011 2199999999999999 3 4  31716 2099999999999999
 14 11  8  6  6  6  8 10 13 16 18 20 20 20 19 18 17 16 15 15 16 17 17 1726 524B21149 202212 1799999999999999 4 6  61822 1599999999999999
 16 14 12 10  9  8  9 10 12 14 16 18 19 18 17 16 14 12 11 11 11 12 14 1526 525B212 6 19999999999999999999999 5 5  819 9 1199999999999999
 16 15 14 13 12 11 11 11 12 14 15 17 18 18 17 15 13 10  9  7  7  8 10 1226 526B2 0 4 161223 1899999999999999 6 1 111946  799999999999999
 14 16 16 16 15 14 14 14 14 15 16 17 19 19 18 16 13 10  7  5  4  5  6  926 527B2 147 161239 1999999999999999 648 142018  499999999999999
 13 15 17 18 18 17 17 17 17 17 18 19 20 20 19 17 15 11  8  5  4  3  4  726 528B2 319 181252 2099999999999999 721 172045  399999999999999
 11 15 18 20 21 20 20 20 20 20 20 21 22 22 22 20 17 14 10  6  4  3  3  626 529B2 424 2113 4 2299999999999999 742 202112  399999999999999
  9 14 18 21 23 23 23 23 23 23 23 23 24 24 24 23 21 17 13  9  5  3  3  526 530B2 5 7 231317 2499999999999999 812 232141  399999999999999
  8 12 17 21 24 26 26 26 25 25 25 26 26 27 27 26 24 21 17 12  8  5  4  426 531B2 540 261336 2799999999999999 848 252213  499999999999999
  7 11 16 21 25 27 28 28 27 27 27 27 28 28 29 28 27 24 20 16 11  7  5  426 6 1B2 612 2814 3 2999999999999999 924 272250  499999999999999
  6  9 13 19 23 27 29 29 28 28 28 28 28 29 29 30 29 27 24 19 15 10  7  526 6 2B2 645 291436 3099999999999999 958 282329  599999999999999
  5  7 11 16 21 25 28 29 29 28 28 28 28 29 29 30 29 28 26 22 18 13  9  626 6 3B2 720 291512 30999999999999991032 27999999999999999999999
  5  6  8 12 17 21 25 27 28 27 27 27 27 27 28 28 29 28 26 23 20 15 11  826 6 4B2 759 281546 2999999999999999 010  511 6 2799999999999999
  6  6  7  9 13 17 21 24 26 26 26 25 25 25 26 26 26 26 25 23 21 17 13 1026 6 5B2 842 261620 2699999999999999 051  51150 2599999999999999
  7  6  6  7 10 14 17 21 23 24 24 23 23 23 23 23 24 24 23 22 20 18 14 1126 6 6B2 926 241654 2499999999999999 131  613 2 2399999999999999
  8  7  6  6  8 11 14 17 20 22 22 22 21 21 20 20 20 20 20 20 19 18 15 1326 6 7B210 3 22999999999999999999999 2 9  6999999999999999999999
 10  8  7  7  8  9 12 15 17 19 21 21 20 19 18 17 17 17 17 17 17 17 16 1526 6 8B21032 21999999999999999999999 246  7999999999999999999999
 13 11 10  9  9 10 11 14 16 18 20 20 19 18 16 15 14 14 13 14 15 16 16 1626 6 9B21055 202236 1699999999999999 321  91739 1399999999999999
 16 15 14 13 13 13 13 14 16 18 20 20 20 18 16 14 12 11 10 10 11 13 15 1726 610B21114 20999999999999999999999 4 1 131815 1099999999999999
 18 18 18 17 17 17 17 17 18 19 21 22 22 21 18 15 12  9  7  7  8 10 13 1626 611B2 044 181134 2299999999999999 5 2 171855  799999999999999
 19 21 22 22 22 22 22 22 22 22 23 24 25 24 22 18 14 10  6  5  4  6  9 1326 612B2 236 231156 2599999999999999 7 2 221939  499999999999999
 18 22 25 27 27 27 27 26 26 26 26 27 28 28 26 23 18 13  8  4  3  3  5  926 613B2 4 1 271226 2899999999999999 839 262028  299999999999999
 14 20 25 29 31 31 31 31 30 30 30 30 31 32 31 29 25 19 13  7  3  1  2  426 614B2 459 3113 6 3299999999999999 941 302120  199999999999999
  9 16 22 28 32 34 34 33 33 33 33 33 33 34 34 34 31 26 20 13  7  3  1  226 615B2 546 341357 34999999999999991021 332215  199999999999999
  5 10 17 24 29 33 35 35 34 34 34 34 34 35 36 36 35 32 27 20 13  7  3  126 616B2 630 351454 36999999999999991040 342311  199999999999999
  2  5 11 18 25 30 33 34 34 33 33 33 33 34 35 36 37 35 32 27 20 13  7  426 617B2 712 341555 37999999999999991041 33999999999999999999999
  2  3  7 12 19 25 29 32 32 32 31 31 31 31 32 33 34 35 34 31 26 19 13  826 618B2 753 321657 3599999999999999 0 7  21133 3199999999999999
  5  4  5  8 14 19 24 28 30 30 29 28 28 28 28 29 30 31 32 31 28 24 18 1326 619B2 831 3018 0 3299999999999999 1 0  41311 2899999999999999
  9  7  6  8 11 15 20 24 26 27 27 26 25 24 24 24 25 26 27 28 27 25 21 1726 620B2 9 6 2719 8 2899999999999999 149  61436 2499999999999999
 13 11  9  9 11 13 17 21 23 25 25 24 23 22 21 20 20 20 21 23 23 23 22 2026 621B2 938 252029 2499999999999999 232  91558 2099999999999999
 17 14 13 12 13 14 16 19 22 23 24 24 22 21 19 18 17 16 16 17 18 20 20 2026 622B210 5 2422 8 2099999999999999 3 5 121715 1699999999999999
 19 17 16 16 16 17 18 19 21 23 24 24 23 21 19 17 15 13 13 13 14 16 18 1926 623B21027 24999999999999999999999 317 161819 1399999999999999
 20 19 19 19 19 20 21 22 23 24 24 24 24 22 20 17 15 13 11 11 11 12 15 1726 624B21042 2499999999999999999999919 8 11999999999999999999999
 19 21 22 22 23 23 24 24 25 25 26 26 25 24 22 19 16 13 11 10 10 10 13 1626 625B21046 269999999999999999999991946  9999999999999999999999
 19 21 23 25 26 26 27 27 28 28 28 28 28 27 25 22 19 16 13 10  9 10 11 1426 626B21033 289999999999999999999992019  9999999999999999999999
 18 22 25 27 28 29 29 30 30 30 30 30 30 29 28 25 22 19 15 12 10  9 10 1326 627B21011 309999999999999999999992051  9999999999999999999999
 17 21 25 28 30 31 32 32 32 32 32 32 32 32 31 29 26 22 18 14 11 10 10 1226 628B21117 329999999999999999999992127 10999999999999999999999
 15 20 24 28 31 33 33 33 33 33 33 33 34 34 33 32 29 26 22 17 13 11 10 1126 629B21237 3499999999999999999999922 4 10999999999999999999999
 13 17 22 27 31 33 34 34 33 33 33 33 34 34 34 34 32 29 25 21 16 12 10 1026 630B2 617 341341 3499999999999999 9 4 332244  999999999999999
 11 14 19 24 29 32 33 33 33 32 32 32 33 34 34 34 33 31 28 23 18 14 11  926 7 1B2 635 331436 3499999999999999 949 322323  999999999999999
  9 12 16 21 25 29 32 32 32 31 30 30 31 32 32 33 33 32 29 25 21 16 12  926 7 2B2 658 321524 33999999999999991030 30999999999999999999999
  8  9 12 17 21 26 29 31 30 29 29 28 28 29 30 31 31 31 29 26 22 17 13 1026 7 3B2 725 3116 9 3199999999999999 0 1  81113 2899999999999999
  8  8 10 13 18 22 26 28 29 28 27 26 26 26 26 27 28 29 28 26 23 19 15 1226 7 4B2 752 291656 2999999999999999 037  812 3 2699999999999999
  9  9  9 11 15 19 23 26 27 27 25 24 23 23 23 24 25 26 26 25 24 21 17 1426 7 5B2 819 271750 2699999999999999 1 8  913 3 2399999999999999
 11 10 10 11 14 17 20 23 25 26 25 23 21 21 20 20 21 22 23 24 23 22 19 1726 7 6B2 844 2619 1 2499999999999999 134 1014 8 2099999999999999
 14 13 13 13 15 17 20 22 24 25 25 23 21 19 18 17 18 18 20 21 22 22 21 2026 7 7B2 9 5 252043 2299999999999999 152 131513 1799999999999999
 18 17 17 17 18 19 21 23 25 26 25 24 22 19 17 15 15 15 16 18 19 21 22 2326 7 8B2 923 262252 2399999999999999 2 1 171617 1599999999999999
 22 22 21 22 22 23 24 25 26 27 27 26 24 21 18 15 13 12 13 14 16 19 21 2426 7 9B2 939 27999999999999999999999 2 0 211720 1299999999999999
 25 26 26 26 27 28 28 29 29 30 30 29 28 25 21 17 14 12 11 11 12 15 19 2226 710B2 955 309999999999999999999991823 10999999999999999999999
 26 28 30 31 31 32 32 33 33 33 33 33 32 30 26 22 17 13 10  9  9 11 14 1926 711B21018 339999999999999999999991925  9999999999999999999999
 24 28 31 34 35 35 36 36 36 36 36 36 36 35 32 28 23 17 13  9  8  8 10 1426 712B2 9 8 369999999999999999999992025  7999999999999999999999
 20 25 30 34 36 37 38 38 38 37 37 37 38 38 37 34 30 24 18 12  8  7  7  926 713B21238 389999999999999999999992123  6999999999999999999999
 14 20 26 32 35 37 38 38 37 37 37 37 38 39 40 39 36 31 24 18 12  8  6  626 714B2 6 3 381355 409999999999999910 0 372219  699999999999999
  9 15 21 27 32 36 37 37 36 36 35 36 36 37 39 40 39 36 31 24 17 11  7  626 715B2 617 3715 5 409999999999999910 4 352311  699999999999999
  7 10 16 22 28 32 35 35 34 33 32 32 33 34 36 38 39 38 35 30 23 16 11  826 716B2 639 351610 39999999999999991043 322359  799999999999999
  7  8 12 17 23 28 32 33 32 31 29 29 29 29 31 33 35 37 36 33 28 21 15 1126 717B2 7 4 331712 37999999999999991141 29999999999999999999999
  9  8 10 14 19 24 28 31 31 29 27 26 25 25 25 27 30 32 33 32 30 25 20 1526 718B2 730 311812 3399999999999999 042  81245 2599999999999999
 12 11 11 14 17 22 26 28 29 28 26 24 22 22 21 22 24 26 28 29 28 26 23 1926 719B2 756 291914 2999999999999999 118 111351 2199999999999999
 16 15 15 16 18 21 24 27 28 28 26 24 22 20 19 19 19 20 22 24 25 25 24 2226 720B2 820 282026 2599999999999999 143 151458 1999999999999999
 20 19 18 19 20 22 25 26 28 28 27 25 22 20 18 17 17 17 18 20 21 23 23 2326 721B2 837 2822 2 2399999999999999 146 1816 8 1799999999999999
 22 22 22 23 24 25 26 28 28 29 28 26 24 21 19 17 16 15 15 16 18 20 22 2326 722B2 843 29999999999999999999999 112 221719 1599999999999999
 24 24 25 26 27 28 29 30 30 30 30 28 26 24 21 19 17 15 15 15 16 18 20 2326 723B2 819 309999999999999999999991821 15999999999999999999999
 25 26 28 29 30 31 32 33 33 32 32 31 29 27 24 22 19 17 15 14 15 16 19 2226 724B2 738 339999999999999999999991912 14999999999999999999999
 25 27 29 31 32 33 34 35 35 34 34 33 32 30 28 25 22 19 17 15 14 15 17 2026 725B2 741 359999999999999999999991956 14999999999999999999999
 24 27 30 32 34 35 35 36 36 36 35 35 34 33 31 28 25 22 19 16 14 14 16 1826 726B2 8 8 369999999999999999999992037 14999999999999999999999
 22 26 30 32 34 35 36 36 36 36 36 36 36 35 34 31 29 25 21 17 15 13 14 1626 727B2 910 369999999999999999999992117 13999999999999999999999
 20 24 28 32 34 35 35 35 35 35 35 35 36 36 35 34 31 28 24 19 16 13 12 1326 728B21246 369999999999999999999992157 12999999999999999999999
 16 21 25 30 33 34 35 34 34 33 33 34 34 35 35 35 33 30 26 21 17 13 11 1126 729B2 547 351357 3599999999999999 914 332235 1199999999999999
 13 17 22 27 30 33 34 33 32 31 31 31 32 33 34 35 34 32 28 23 18 14 11 1026 730B2 559 341452 3599999999999999 951 312311 1099999999999999
 11 13 18 23 27 31 32 32 30 29 28 28 29 30 32 33 33 32 29 25 20 16 12 1026 731B2 616 321542 33999999999999991028 282344  999999999999999
 10 11 15 19 24 28 30 30 29 27 26 25 26 26 28 30 31 31 30 27 22 18 14 1126 8 1B2 636 301631 319999999999999911 5 25999999999999999999999
 10 11 13 17 21 25 28 29 28 26 24 23 22 23 24 26 28 30 29 28 24 20 16 1326 8 2B2 656 291723 3099999999999999 014 101147 2299999999999999
 12 12 13 16 20 24 27 28 28 25 23 21 20 20 21 22 25 27 28 28 26 23 20 1726 8 3B2 715 281823 2899999999999999 039 121233 2099999999999999
 15 15 16 17 20 23 26 28 28 26 23 20 18 18 18 19 21 23 25 27 27 26 23 2126 8 4B2 733 281935 2799999999999999 055 151325 1799999999999999
 20 19 20 21 22 25 27 28 29 28 25 22 19 17 16 16 17 19 22 24 26 26 26 2526 8 5B2 747 2921 7 2799999999999999 056 191423 1699999999999999
 24 24 24 25 26 28 29 30 31 30 28 25 21 18 16 15 15 16 18 20 23 25 27 2826 8 6B2 756 31999999999999999999999 046 241530 1599999999999999
 28 28 29 30 31 32 32 33 33 33 31 29 25 21 18 16 14 14 15 16 19 22 25 2826 8 7B2 755 339999999999999999999991649 14999999999999999999999
 30 31 32 34 35 35 36 36 36 35 34 33 30 26 22 19 16 14 13 13 15 18 22 2626 8 8B2 643 369999999999999999999991811 13999999999999999999999
 29 32 34 36 37 38 38 38 38 37 37 36 35 32 28 24 20 16 13 12 12 14 17 2126 8 9B2 610 389999999999999999999991927 12999999999999999999999
 26 30 34 36 38 38 39 39 38 38 38 38 38 37 34 30 25 20 16 12 10 10 12 1626 810B2 615 399999999999999999999992032 10999999999999999999999
 21 27 31 35 37 38 38 37 37 37 37 37 38 39 38 36 31 26 20 15 11  9  9 1226 811B2 540 3813 0 3999999999999999 935 372128  999999999999999
 16 22 27 32 35 36 36 35 34 34 34 35 36 38 39 39 36 32 26 19 14 10  8  926 812B2 521 361417 3999999999999999 936 342218  899999999999999
 12 17 23 28 32 34 34 33 31 30 30 31 32 34 37 39 38 36 31 24 18 13 10  926 813B2 529 341523 3999999999999999 957 3023 1  999999999999999
 10 13 19 24 29 32 32 31 29 27 26 26 27 29 32 35 37 37 34 29 22 17 13 1026 814B2 546 321624 37999999999999991035 262340 1099999999999999
 10 12 16 21 26 29 31 30 27 25 23 22 22 24 26 30 33 35 34 31 26 21 16 1326 815B2 6 8 311720 35999999999999991123 22999999999999999999999
 12 13 15 19 24 27 30 30 27 24 21 20 19 19 21 24 27 30 32 31 28 24 20 1726 816B2 630 301815 3299999999999999 012 121213 1999999999999999
 16 16 17 20 23 26 29 29 28 25 22 19 18 17 18 19 22 25 28 29 28 26 23 2126 817B2 649 291913 2999999999999999 035 1613 4 1799999999999999
 20 20 20 22 24 27 29 30 29 26 23 20 18 17 16 17 19 21 24 26 27 27 25 2426 818B2 7 3 302019 2799999999999999 042 191357 1699999999999999
 23 23 24 25 27 29 30 30 30 28 25 22 20 18 17 16 17 18 20 22 24 26 26 2626 819B2 7 4 30999999999999999999999 022 231455 1699999999999999
 26 27 28 29 30 31 32 32 31 30 28 25 22 20 18 17 17 17 18 20 22 24 26 2726 820B2 641 3299999999999999999999916 2 17999999999999999999999
 28 29 30 31 33 34 34 34 33 32 30 28 25 23 21 19 18 17 17 18 20 22 24 2726 821B2 615 349999999999999999999991721 17999999999999999999999
 28 30 32 33 34 35 36 35 35 34 32 31 28 26 24 22 20 18 17 17 18 20 22 2526 822B2 615 369999999999999999999991834 17999999999999999999999
 28 30 32 34 35 36 36 36 35 35 34 33 31 29 27 25 22 20 18 17 16 18 20 2326 823B2 623 369999999999999999999991932 16999999999999999999999
 26 29 32 34 35 35 35 35 35 35 34 34 33 32 30 27 25 22 19 16 15 15 17 2026 824B2 6 1 359999999999999999999992021 15999999999999999999999
 24 27 31 33 34 34 34 34 33 33 33 33 33 33 32 30 27 24 20 17 14 13 14 1726 825B2 5 2 3499999999999999999999921 4 13999999999999999999999
 20 25 28 31 33 33 32 32 31 31 31 31 32 33 32 31 29 26 22 18 14 12 12 1326 826B2 450 331316 3399999999999999 9 8 312142 1299999999999999
 17 21 25 29 31 31 31 30 28 28 28 29 30 31 32 32 30 27 23 19 15 12 11 1126 827B2 453 311417 3299999999999999 921 282217 1099999999999999
 13 18 22 26 29 30 29 28 26 25 25 25 27 29 31 32 31 29 25 21 16 13 11 1026 828B2 5 4 3015 9 3299999999999999 945 252249 1099999999999999
 11 15 19 24 27 29 28 26 24 22 22 22 23 25 28 30 31 30 27 23 19 15 12 1126 829B2 519 2916 0 31999999999999991013 212319 1199999999999999
 11 13 17 22 25 28 28 26 23 20 19 18 19 21 24 28 30 31 29 26 22 18 15 1326 830B2 535 281652 31999999999999991045 182346 1399999999999999
 13 14 17 21 25 27 28 26 23 20 17 16 16 18 20 24 27 30 30 29 26 22 19 1726 831B2 552 281747 30999999999999991122 16999999999999999999999
 16 17 18 21 25 27 28 28 25 21 17 15 14 14 16 20 24 27 29 30 29 26 23 2126 9 1B2 6 7 291847 3099999999999999 0 8 1612 4 1499999999999999
 21 21 22 24 26 28 30 29 27 23 19 15 13 13 14 16 19 23 27 29 30 29 27 2626 9 2B2 621 301957 3099999999999999 013 211254 132358 259999999
 25 26 26 27 29 30 32 31 30 27 23 18 15 13 13 14 16 19 22 26 28 29 29 2926 9 3B2 630 329999999999999999999991353 13999999999999999999999
 29 30 31 32 32 33 34 34 33 30 27 23 19 16 14 13 14 15 18 21 24 27 29 3026 9 4B2 627 3499999999999999999999915 5 13999999999999999999999
 31 32 34 35 35 36 36 35 35 33 31 28 24 20 17 15 14 14 15 17 20 23 26 2926 9 5B2 531 369999999999999999999991636 13999999999999999999999
 31 33 35 36 37 37 37 36 36 35 34 32 29 26 22 19 16 14 13 13 15 18 22 2526 9 6B2 458 379999999999999999999991814 13999999999999999999999
 29 32 34 35 36 37 37 36 35 35 35 34 33 31 28 24 20 16 14 12 12 14 17 2126 9 7B2 5 4 379999999999999999999991933 12999999999999999999999
 25 29 32 34 35 35 34 34 33 33 33 34 35 34 32 29 25 20 16 13 11 11 13 1626 9 8B2 449 3512 7 3599999999999999 9 0 332035 1199999999999999
 21 25 29 31 32 32 31 31 30 30 30 31 33 35 35 33 29 24 19 15 12 10 10 1326 9 9B2 419 321332 3599999999999999 9 2 302124 1099999999999999
 17 21 26 29 30 30 29 27 26 25 25 27 29 32 34 35 33 29 23 18 14 11 10 1126 910B2 417 301439 3599999999999999 917 2522 5 1099999999999999
 14 18 23 27 29 29 27 24 22 21 21 22 24 28 31 34 34 32 27 22 17 13 11 1126 911B2 429 291539 3499999999999999 944 212240 1199999999999999
 13 16 21 25 27 28 26 23 20 18 17 17 19 22 26 30 33 33 30 26 21 17 14 1326 912B2 447 281633 33999999999999991019 172310 1399999999999999
 14 16 20 24 27 28 27 24 20 17 15 14 15 17 21 26 29 31 31 29 24 20 18 1726 913B2 5 6 281725 32999999999999991058 142333 1699999999999999
 16 18 20 24 26 28 28 25 21 17 14 13 13 14 17 21 25 29 30 30 27 24 22 2026 914B2 523 281816 30999999999999991138 132345 2099999999999999
 20 21 22 25 27 29 29 27 24 20 16 14 13 13 15 18 21 25 28 29 29 27 25 2426 915B2 536 291910 29999999999999991218 122339 2499999999999999
 24 24 25 27 29 30 30 29 26 22 18 16 14 13 14 16 19 22 25 27 28 28 27 2726 916B2 536 302012 289999999999999913 1 132317 2799999999999999
 27 27 28 30 31 31 31 30 28 25 22 18 16 15 15 15 17 20 22 25 27 28 28 2826 917B2 522 319999999999999999999991349 15999999999999999999999
 29 30 31 32 33 33 33 32 30 28 25 22 19 17 16 16 17 18 20 22 25 26 28 2926 918B2 5 5 339999999999999999999991449 16999999999999999999999
 30 31 32 33 34 34 34 33 31 29 27 25 22 20 19 17 17 17 18 20 22 24 26 2826 919B2 5 3 349999999999999999999991611 17999999999999999999999
 29 31 32 33 34 34 34 33 32 30 29 27 25 23 21 19 18 17 17 17 19 21 23 2626 920B2 5 6 349999999999999999999991746 17999999999999999999999
 28 30 31 32 33 33 32 32 31 30 29 28 27 25 23 21 19 17 16 15 16 17 20 2326 921B2 447 3399999999999999999999919 0 15999999999999999999999
 26 28 30 31 31 31 30 30 29 29 28 28 27 27 25 23 21 18 16 14 13 14 16 1926 922B2 4 1 319999999999999999999991954 13999999999999999999999
 23 26 28 29 29 29 28 27 26 26 26 27 27 27 26 25 22 19 16 14 12 12 13 1626 923B2 341 291223 2799999999999999 9 5 262038 1299999999999999
 20 23 26 27 27 27 25 24 23 23 23 24 26 27 27 26 24 21 17 14 12 11 11 1326 924B2 338 271336 2799999999999999 850 232115 1099999999999999
 17 20 24 26 26 25 23 21 20 19 20 21 23 26 27 27 26 23 19 16 13 11 10 1126 925B2 345 261433 2799999999999999 9 2 192149 1099999999999999
 14 18 22 24 25 24 22 19 17 16 16 18 20 23 26 28 28 26 22 18 15 13 11 1226 926B2 356 251525 2899999999999999 922 162221 1199999999999999
 14 17 21 24 25 24 22 18 15 13 13 14 16 20 24 27 29 28 26 22 19 16 14 1426 927B2 410 251617 2999999999999999 949 132252 1499999999999999
 15 17 21 24 26 26 23 19 15 12 10 10 12 16 21 25 29 30 29 27 23 20 18 1726 928B2 426 2617 9 30999999999999991021 102320 1799999999999999
 18 19 22 25 27 27 26 22 17 12  9  8  9 12 16 22 27 30 31 30 28 25 23 2226 929B2 442 2718 4 31999999999999991059  82340 2299999999999999
 22 23 24 27 29 29 28 25 20 15 10  8  8  9 12 17 22 27 30 31 31 29 27 2626 930B2 458 2919 4 31999999999999991145  82329 2699999999999999
 26 27 28 29 31 31 31 29 25 19 14 10  8  8 10 13 18 22 27 30 31 31 30 302610 1B2 512 312018 31999999999999991237  823 1 3099999999999999
 30 30 31 32 33 33 33 32 29 24 19 14 11  9  9 11 13 17 22 25 28 30 31 312610 2B2 521 339999999999999999999991339  9999999999999999999999
 32 32 33 34 34 34 34 33 32 29 24 20 16 13 11 11 11 13 16 20 23 26 29 302610 3B2 5 3 349999999999999999999991455 11999999999999999999999
 31 33 34 34 34 34 34 33 32 31 28 25 21 18 15 13 12 12 13 15 18 21 25 272610 4B2 351 349999999999999999999991631 12999999999999999999999
 29 31 32 33 33 33 32 32 31 31 30 28 26 23 20 16 14 12 11 12 14 16 20 232610 5B2 351 339999999999999999999991810 11999999999999999999999
 26 28 30 30 30 30 29 28 28 28 29 29 29 27 24 21 17 14 12 11 11 13 15 192610 6B2 339 3011 0 2999999999999999 810 281927 1199999999999999
 23 25 27 28 27 27 25 24 24 24 25 27 28 29 27 25 21 17 14 12 11 11 13 162610 7B2 3 5 281241 2999999999999999 816 242023 1099999999999999
 20 23 25 26 25 23 22 20 19 19 20 23 26 28 29 27 25 21 17 14 12 11 12 142610 8B2 258 261355 2999999999999999 835 1921 7 1199999999999999
 17 21 23 24 24 22 19 17 15 15 15 18 21 25 28 29 27 24 20 17 14 13 12 142610 9B2 3 7 241456 2999999999999999 9 0 152143 1299999999999999
 16 20 23 24 24 22 18 15 12 11 11 13 16 21 25 28 29 27 24 20 17 15 15 15261010B2 322 241551 2999999999999999 929 112212 1599999999999999
 17 20 22 24 25 23 19 15 12  9  9 10 12 17 21 26 28 29 27 24 21 19 18 17261011B2 339 251642 299999999999999910 0  92236 1799999999999999
 18 21 23 25 26 25 22 17 13  9  8  8  9 13 18 23 27 29 29 27 24 22 21 21261012B2 356 261730 29999999999999991032  82250 2199999999999999
 21 23 24 26 27 26 24 20 15 11  9  8  8 11 15 20 24 28 29 29 27 25 24 24261013B2 4 8 271818 299999999999999911 6  82255 2499999999999999
 24 25 26 28 28 28 26 23 19 14 11  9  9 10 13 17 22 26 28 30 29 28 27 26261014B2 413 2919 7 30999999999999991142  92253 2699999999999999
 27 28 29 30 30 30 28 26 22 18 14 11 10 10 12 15 19 23 26 28 29 29 28 28261015B2 410 3020 5 29999999999999991221 102245 2899999999999999
 28 29 30 31 31 31 30 28 25 21 17 14 12 12 12 14 17 20 23 26 28 28 29 29261016B2 4 6 3199999999999999999999913 6 12999999999999999999999
 29 30 31 31 32 31 30 29 26 23 20 17 15 13 13 13 15 17 20 23 25 26 27 28261017B2 410 3299999999999999999999914 1 13999999999999999999999
 29 29 30 31 31 31 30 29 27 25 22 19 17 15 14 14 14 15 17 19 21 23 25 26261018B2 416 319999999999999999999991511 14999999999999999999999
 27 28 29 29 29 29 28 27 26 25 23 21 19 17 16 14 13 13 14 15 17 20 22 24261019B2 4 3 299999999999999999999991641 13999999999999999999999
 25 26 27 27 27 26 26 25 24 23 22 21 20 19 17 15 14 13 12 13 14 16 19 21261020B2 256 2799999999999999999999918 5 12999999999999999999999
 23 24 25 25 24 23 22 22 21 21 21 21 20 20 18 17 15 13 12 11 11 13 15 18261021B2 217 2599999999999999999999919 8 11999999999999999999999
 21 22 23 23 22 20 19 18 18 18 19 20 20 20 20 18 16 14 12 11 10 11 13 16261022B2 2 8 231234 2099999999999999 815 181957 1099999999999999
 19 21 22 21 20 18 16 15 14 15 16 18 20 21 21 20 19 16 14 12 11 11 12 14261023B2 213 221346 2199999999999999 815 142039 1199999999999999
 17 20 21 21 19 17 14 12 11 11 12 15 18 21 22 23 22 20 17 15 13 12 13 14261024B2 224 211445 2399999999999999 830 112117 1299999999999999
 17 20 21 22 20 17 13 10  8  8  8 11 15 19 23 25 25 24 21 19 17 15 15 16261025B2 238 221539 2599999999999999 853  82154 1599999999999999
 18 20 23 23 22 19 14 10  7  5  5  7 11 16 22 26 28 28 26 23 21 20 19 19261026B2 254 231632 2899999999999999 924  52229 1999999999999999
 20 22 24 26 25 22 18 12  7  4  3  4  7 12 18 24 28 30 30 28 26 24 23 23261027B2 313 261725 309999999999999910 2  323 1 2399999999999999
 23 25 27 28 28 26 22 16 10  5  3  2  4  8 13 20 25 30 32 31 30 28 27 27261028B2 335 281820 32999999999999991046  22318 2799999999999999
 27 27 29 30 31 30 27 22 16  9  5  3  2  4  9 14 21 26 30 31 31 30 29 29261029B2 359 311922 32999999999999991136  22247 2999999999999999
 30 30 31 32 32 32 31 27 22 15 10  6  4  4  6  9 15 20 25 29 30 30 30 30261030B2 425 329999999999999999999991233  3999999999999999999999
 31 31 31 32 32 33 32 30 26 21 16 11  7  5  5  7 10 14 19 23 26 28 29 29261031B2 451 339999999999999999999991337  5999999999999999999999
 30 30 31 31 31 31 31 30 29 25 21 16 12  9  7  7  8 10 14 17 21 24 26 272611 1B2 511 319999999999999999999991450  7999999999999999999999
 28 28 29 29 29 28 28 28 28 27 24 21 17 14 11  9  8  9 10 13 16 19 22 242611 2B2 246 299999999999999999999991615  8999999999999999999999
 25 25 26 26 25 25 24 24 24 24 24 23 21 18 15 13 11  9  9 10 12 15 18 202611 3B2 217 26 915 2499999999999999 645 241742  999999999999999
 22 23 23 22 21 20 19 19 19 20 21 22 22 21 19 16 14 12 11 10 11 12 15 182611 4B2 127 231127 2299999999999999 712 191856 1099999999999999
 20 21 21 20 18 17 15 14 14 15 17 19 21 22 21 19 17 15 13 12 11 12 14 162611 5B2 124 2113 0 2299999999999999 743 141954 1199999999999999
 19 20 20 19 17 14 12 10  9 10 12 15 18 21 22 22 20 18 16 14 13 13 14 162611 6B2 135 201415 2299999999999999 814  92040 1399999999999999
 18 20 20 19 17 14 11  8  6  6  7 10 15 19 22 23 23 21 19 17 16 16 16 172611 7B2 151 201518 2399999999999999 844  62115 1699999999999999
 19 21 21 21 19 15 11  8  5  4  5  7 11 16 20 23 24 24 22 21 19 19 19 192611 8B2 2 8 211611 2499999999999999 913  42142 1999999999999999
 20 22 23 23 21 18 14  9  6  4  3  5  8 13 18 23 25 26 25 24 22 22 21 222611 9B2 224 231658 2699999999999999 942  32157 2199999999999999
 22 24 25 25 24 21 17 12  8  5  4  4  7 11 16 21 25 27 28 27 25 24 24 24261110B2 239 251741 28999999999999991013  422 6 2499999999999999
 25 26 26 27 26 24 20 16 11  7  5  4  6  9 14 19 24 27 29 28 27 26 26 26261111B2 251 271823 29999999999999991046  42218 2699999999999999
 26 27 28 28 28 26 23 19 14 10  7  6  6  8 12 16 21 25 28 29 28 27 27 27261112B2 3 3 2819 6 29999999999999991122  52235 2799999999999999
 27 28 29 29 29 28 26 22 18 13 10  7  6  7 10 13 18 22 25 27 28 27 27 27261113B2 317 291953 289999999999999912 2  62252 2799999999999999
 27 28 28 29 29 28 27 24 20 16 12  9  8  7  8 11 14 18 22 25 26 26 26 26261114B2 336 299999999999999999999991246  7999999999999999999999
 26 26 27 28 28 27 26 24 21 18 14 11  9  8  8  9 11 14 18 21 23 24 24 24261115B2 357 289999999999999999999991333  8999999999999999999999
 24 24 25 25 25 25 25 23 21 19 16 13 11  9  8  8  9 11 14 17 19 21 22 22261116B2 410 259999999999999999999991425  8999999999999999999999
 22 22 22 22 22 22 22 21 20 18 16 14 12 10  9  8  8  9 11 13 15 17 19 20261117B2 136 222357 20999999999999991523  8999999999999999999999
 20 20 20 19 19 19 18 18 17 17 16 14 13 11 10  9  8  8  9 10 12 15 17 18261118B299999999999999999999999999991631  8999999999999999999999
 19 18 18 17 16 15 15 14 14 14 14 14 14 13 12 11 10  9  9 10 11 13 15 17261119B2 0 9 199999999999999999999991745  9999999999999999999999
 17 17 16 15 13 12 11 11 11 12 13 14 15 15 14 13 12 11 11 10 11 12 14 16261120B2 024 181231 1599999999999999 714 111854 1099999999999999
 17 17 16 14 12 10  8  7  7  8 10 13 15 17 17 17 16 15 14 13 13 13 15 16261121B2 039 181358 1799999999999999 729  71955 1399999999999999
 18 19 18 15 12  9  6  4  4  5  7 11 14 18 20 21 20 19 18 17 16 16 17 18261122B2 056 1915 5 2199999999999999 755  42049 1699999999999999
 20 21 20 18 15 10  6  3  1  1  3  7 12 17 21 24 24 24 23 21 20 20 20 20261123B2 116 2116 2 2499999999999999 828  12137 2099999999999999
 22 23 23 22 19 14  8  3  0 -1  0  3  8 14 20 24 27 28 27 26 25 24 23 24261124B2 140 231655 2899999999999999 9 7 -12218 2399999999999999
 24 26 27 26 24 19 13  7  2 -1 -2 -1  3  9 16 22 27 29 30 29 28 27 26 26261125B2 211 271746 3099999999999999 953 -22249 2699999999999999
 27 28 29 29 28 25 19 13  6  1 -2 -3 -1  4 10 17 23 28 30 30 29 29 28 28261126B2 247 291839 30999999999999991044 -32255 2899999999999999
 28 29 30 31 31 29 25 19 12  6  1 -2 -2  0  4 11 17 23 27 29 29 29 28 28261127B2 330 311935 29999999999999991138 -22235 2899999999999999
 28 29 29 30 31 31 29 25 19 12  6  1 -1 -1  1  5 11 17 22 25 27 27 27 26261128B2 419 319999999999999999999991236 -1999999999999999999999
 27 27 27 28 29 30 29 27 23 18 12  6  3  1  1  2  6 11 16 20 23 24 24 24261129B2 514 309999999999999999999991334  0999999999999999999999
 24 24 24 24 25 26 26 26 24 21 17 12  7  4  3  3  4  7 11 15 18 20 21 21261130B2 619 262226 21999999999999991434  2999999999999999999999
 21 20 20 20 20 20 21 22 22 21 19 15 12  8  6  5  5  6  8 11 14 17 18 192612 1B2 744 222258 1999999999999999 349 201535  599999999999999
 18 18 17 16 15 15 15 16 17 18 18 17 15 12 10  8  8  8  8 10 12 14 16 172612 2B2 935 182324 1799999999999999 520 151636  799999999999999
 17 16 15 13 12 11 10 10 11 13 14 15 15 15 13 12 11 10 10 11 12 13 15 162612 3B21132 162346 1799999999999999 625 101741 1099999999999999
 17 16 14 12 10  8  6  6  6  7 10 12 14 15 15 15 14 14 13 13 14 14 15 172612 4B21327 16999999999999999999999 714  61852 1399999999999999
 17 17 15 13 10  7  5  3  3  4  6  9 13 15 17 17 17 17 17 16 16 16 17 182612 5B2 0 6 171517 1799999999999999 754  320 5 1699999999999999
 18 18 17 15 12  8  5  3  1  1  3  6 10 14 17 19 20 20 20 19 19 19 19 202612 6B2 024 181627 2099999999999999 828  121 5 1999999999999999
 20 20 19 17 14 11  7  3  1  1  1  4  8 13 17 20 22 22 22 22 22 21 21 222612 7B2 040 2017 4 2299999999999999 859  12135 2199999999999999
 22 22 22 20 18 14 10  6  3  1  1  3  6 11 16 20 23 24 25 24 23 23 23 232612 8B2 058 221732 2599999999999999 930  12125 2399999999999999
 24 24 24 23 21 18 13  9  5  2  1  2  5  9 14 19 23 25 26 26 25 24 24 252612 9B2 122 241759 269999999999999910 2  12139 2499999999999999
 25 25 26 25 24 21 17 12  8  4  2  2  3  7 12 17 22 25 26 26 25 25 24 25261210B2 156 261827 26999999999999991038  122 5 2499999999999999
 25 26 26 26 25 23 20 16 11  6  3  2  2  5  9 14 19 23 25 26 25 24 24 24261211B2 234 261858 26999999999999991116  22235 2499999999999999
 24 25 25 26 26 24 22 18 13  9  5  2  2  3  6 10 15 19 22 24 24 23 22 22261212B2 313 261931 24999999999999991155  223 8 2299999999999999
 22 23 23 24 24 24 22 19 15 11  6  3  2  2  3  6 11 15 19 21 22 21 20 20261213B2 351 2420 7 22999999999999991234  12348 2099999999999999
 20 20 21 21 22 22 21 19 16 12  8  5  2  1  2  4  7 11 14 17 19 19 19 18261214B2 427 222043 19999999999999991311  1999999999999999999999
 17 17 17 18 18 19 18 17 15 12  9  6  3  2  2  3  5  8 11 14 16 17 17 16261215B2 5 5 192117 1799999999999999 041 171344  299999999999999
 15 14 14 14 15 15 15 15 14 12  9  7  5  3  3  3  4  6  9 11 13 15 15 15261216B2 551 152148 1599999999999999 2 6 141410  399999999999999
 13 12 12 11 11 11 12 12 12 11 10  8  7  5  5  5  5  6  8 10 12 14 14 14261217B2 714 122213 1499999999999999 355 111427  599999999999999
 13 11 10  9  8  8  8  8  9 10 10 10  9  8  8  7  8  8  9 10 12 13 14 14261218B2 959 102234 1499999999999999 5 8  81437  799999999999999
 13 11  9  7  6  5  5  5  6  8  9 11 11 11 11 11 11 12 12 13 13 14 15 16261219B22254 16999999999999999999999 556  5999999999999999999999
 15 13 10  7  5  3  2  2  3  5  7 10 13 15 15 16 16 16 16 16 16 17 17 18261220B22316 18999999999999999999999 639  2999999999999999999999
 18 16 13 10  6  3  0 -1 -1  1  4  8 12 16 18 20 20 20 20 20 20 20 20 20261221B217 9 202348 2199999999999999 723 -12055 2099999999999999
 21 20 18 14 10  5  1 -2 -3 -3  0  4 10 15 19 22 24 24 24 24 23 23 23 23261222B217 8 24999999999999999999999 811 -32154 2399999999999999
 24 24 22 20 15 10  4 -1 -4 -5 -4 -1  5 11 17 22 25 26 27 26 26 25 25 25261223B2 034 241735 2799999999999999 9 1 -52226 2599999999999999
 25 26 26 25 21 16 10  3 -2 -5 -6 -5 -1  5 12 18 23 26 27 27 26 26 25 25261224B2 132 2618 8 2799999999999999 954 -62241 2599999999999999
 26 27 28 28 26 22 16  9  2 -3 -6 -7 -5 -1  6 13 19 24 26 26 25 25 24 24261225B2 234 281842 26999999999999991048 -72244 2499999999999999
 25 25 27 28 28 27 22 16  9  2 -3 -6 -7 -5  0  6 13 19 22 24 24 23 22 22261226B2 337 291916 24999999999999991142 -723 8 2299999999999999
 22 22 24 25 27 27 25 21 15  8  1 -3 -6 -6 -3  1  7 13 18 20 21 20 19 18261227B2 438 271949 21999999999999991233 -6999999999999999999999
 18 18 19 20 22 24 24 23 19 13  7  1 -2 -4 -4 -1  3  8 13 16 18 18 17 15261228B2 540 242020 1899999999999999 0 3 181321 -499999999999999
 14 14 14 15 16 18 20 20 19 15 11  6  2  0 -1  0  2  6 10 13 15 16 15 13261229B2 645 202050 1699999999999999 123 1414 3 -199999999999999
 12 11 10 10 10 12 14 15 16 15 13  9  6  4  3  3  4  6  8 11 13 14 14 13261230B2 8 0 162117 1499999999999999 247 101435  299999999999999
 11  9  7  6  6  6  7  9 10 11 12 10  9  7  7  7  7  8 10 12 13 14 14 13261231B2 934 122134 1499999999999999 413  61434  799999999999999
