 22 20 17 13  8  4  1 -1 -2  0  3  8 13 17 20 23 24 24 24 24 24 24 25 2626 1 1B59999999999999999999999999999 737 -2999999999999999999999
 26 25 23 20 15  9  4  0 -2 -2  0  4  9 14 19 23 25 26 26 26 26 26 26 2726 1 2B5 0 2 261732 2699999999999999 836 -32021 2699999999999999
 28 29 28 26 22 16 10  4  0 -3 -3  0  4 10 15 20 24 26 26 26 25 25 25 2626 1 3B5 1 3 291751 2699999999999999 933 -321 0 2599999999999999
 28 29 30 30 27 23 17 10  4 -1 -3 -3  0  5 11 16 21 24 25 25 24 23 23 2426 1 4B5 211 301814 25999999999999991026 -32142 2399999999999999
 25 27 29 30 30 27 22 16  9  3 -1 -3 -2  1  6 12 17 21 23 23 22 21 20 2026 1 5B5 314 301837 23999999999999991115 -32232 2099999999999999
 21 22 25 27 28 28 25 20 14  7  2 -1 -3 -1  3  8 13 17 20 21 20 18 17 1626 1 6B5 411 2819 1 21999999999999991157 -32330 1699999999999999
 16 17 19 22 24 25 24 21 16 10  5  1 -1 -1  1  5  9 14 17 18 18 17 15 1426 1 7B5 5 3 251925 19999999999999991233 -2999999999999999999999
 13 13 14 16 18 19 20 19 16 12  7  4  1  0  1  4  7 11 14 16 17 16 14 1226 1 8B5 554 201948 1799999999999999 033 1313 1  099999999999999
 10  9  9 10 12 13 15 15 14 12  9  6  3  2  2  4  7 10 13 15 16 15 14 1226 1 9B5 648 1520 8 1699999999999999 138  91320  299999999999999
  9  8  7  6  7  8  9 10 11 10  9  7  6  5  5  6  8 10 13 14 15 15 14 1226 110B5 759 112023 1599999999999999 246  61325  599999999999999
 10  8  6  5  4  4  5  6  7  8  8  8  8  8  8  9 10 12 14 15 16 16 15 1326 111B510 1  82030 1699999999999999 4 5  41251  899999999999999
 11  9  7  5  3  3  3  3  4  6  7  8  9 10 11 12 13 14 16 17 17 17 16 1526 112B52026 17999999999999999999999 527  3999999999999999999999
 13 11  8  6  4  3  2  2  3  4  6  9 11 12 14 15 16 17 18 19 19 19 19 1826 113B52024 19999999999999999999999 630  2999999999999999999999
 16 14 11  9  6  4  2  2  2  3  5  8 11 14 16 17 19 20 20 21 21 21 21 2026 114B52044 21999999999999999999999 717  1999999999999999999999
 19 17 15 12  9  7  4  2  2  2  4  7 11 14 17 19 20 21 22 22 22 22 22 2226 115B52211 22999999999999999999999 759  2999999999999999999999
 22 21 19 16 13 10  6  4  2  2  3  6  9 13 17 19 21 22 22 22 22 22 23 2326 116B59999999999999999999999999999 840  1999999999999999999999
 23 23 22 20 17 13  9  5  3  1  1  4  7 11 15 19 21 22 22 22 21 21 22 2326 117B5 0 1 231738 2299999999999999 919  12030 2199999999999999
 23 24 24 22 20 16 12  7  3  1  0  1  4  8 13 17 20 21 21 21 20 19 20 2026 118B5 113 241737 2199999999999999 957  02111 1999999999999999
 22 23 24 23 22 18 14  9  5  1 -1 -1  1  5  9 14 17 20 20 19 18 17 17 1726 119B5 210 241748 20999999999999991032 -12153 1799999999999999
 18 20 22 23 22 19 16 11  6  1 -2 -3 -2  1  6 11 15 17 19 18 16 15 14 1426 120B5 259 2318 5 199999999999999911 4 -32236 1499999999999999
 15 16 18 20 20 19 16 12  7  2 -2 -4 -4 -2  2  7 12 15 17 17 15 13 11 1026 121B5 343 211826 17999999999999991132 -42321 1099999999999999
 11 12 14 16 18 18 16 13  8  3 -1 -3 -4 -3  0  4  9 13 15 15 14 12  9  826 122B5 428 181847 16999999999999991158 -4999999999999999999999
  7  8  9 12 14 15 15 13  9  5  1 -2 -3 -3 -1  3  7 11 13 15 14 12  9  626 123B5 517 1519 7 1599999999999999 0 5  71222 -399999999999999
  5  4  5  7 10 12 13 12 11  8  4  1  0  0  1  3  7 10 13 14 14 12  9  626 124B5 615 131924 1499999999999999 051  41241 -199999999999999
  4  2  2  3  5  8 10 11 11 10  7  5  4  4  4  6  8 11 13 15 15 14 11  826 125B5 729 111937 1599999999999999 138  21253  499999999999999
  4  2  0  0  2  4  6  8 10 10 10  9  8  8  9 10 12 14 15 16 17 16 14 1126 126B5 913 101947 1799999999999999 232  01247  899999999999999
  7  4  1  0  0  0  2  5  7  9 11 12 12 13 13 15 16 17 18 19 19 19 17 1526 127B51954 19999999999999999999999 338 -1999999999999999999999
 12  8  4  2  0 -1  0  1  3  6  9 12 14 16 17 18 19 20 21 22 22 22 21 1926 128B520 1 22999999999999999999999 5 2 -1999999999999999999999
 17 13 10  6  3  0 -1 -1  0  3  6 10 13 16 19 21 22 23 23 23 23 23 23 2326 129B52052 23999999999999999999999 631 -1999999999999999999999
 22 19 16 12  8  3  0 -2 -2 -1  2  6 11 15 18 21 23 23 24 24 24 24 24 2426 130B52343 25999999999999999999999 745 -2999999999999999999999
 25 24 22 18 14  9  4  0 -3 -3 -2  2  6 11 16 19 22 23 23 22 22 22 22 2426 131B51730 23999999999999999999999 847 -32034 2299999999999999
 25 26 25 23 20 15  9  3 -1 -4 -4 -2  2  7 12 17 20 21 21 20 19 19 19 2026 2 1B5 115 261726 2199999999999999 939 -42112 1999999999999999
 22 24 26 25 23 19 14  7  2 -3 -5 -5 -2  3  8 13 17 19 19 18 16 15 15 1626 2 2B5 226 261735 19999999999999991023 -52155 1599999999999999
 17 20 23 24 24 22 17 11  5  0 -4 -5 -4  0  5 10 14 17 17 16 14 12 11 1126 2 3B5 326 241750 179999999999999911 1 -52241 1199999999999999
 12 14 17 20 22 21 19 14  8  2 -2 -4 -4 -2  2  7 12 15 16 15 13 10  8  726 2 4B5 420 2218 7 16999999999999991132 -52329  799999999999999
  7  8 11 14 17 18 17 15 10  5  0 -2 -3 -2  1  5 10 13 15 15 12  9  7  426 2 5B5 510 181825 15999999999999991156 -3999999999999999999999
  3  4  6  9 11 13 14 13 11  7  3  0 -1  0  2  5  9 12 14 14 13 10  7  426 2 6B5 6 0 141840 1499999999999999 016  31214 -199999999999999
  2  1  2  4  6  9 10 11 10  8  5  3  2  2  4  6 10 12 14 14 13 11  8  526 2 7B5 653 111850 1499999999999999 1 2  11222  299999999999999
  2  1  0  1  3  5  7  8  8  8  7  6  5  5  7  9 11 13 15 15 14 13 10  726 2 8B5 758  81853 1599999999999999 150  01211  599999999999999
  4  2  1  0  1  2  4  5  7  7  8  8  8  9 10 11 13 15 16 17 16 14 12  926 2 9B51849 17999999999999999999999 243  0999999999999999999999
  7  4  2  1  1  1  2  4  5  7  8  9 10 11 13 14 16 17 18 18 18 17 15 1226 210B51847 18999999999999999999999 353  1999999999999999999999
 10  7  5  3  2  2  2  2  4  5  7  9 11 13 15 16 18 19 20 20 20 19 17 1526 211B51852 20999999999999999999999 528  2999999999999999999999
 13 11  9  6  4  3  2  2  2  4  6  9 11 14 16 18 19 20 20 21 20 20 19 1826 212B519 5 21999999999999999999999 647  2999999999999999999999
 16 14 12 10  7  5  3  1  1  2  4  7 10 13 16 18 19 20 20 20 20 20 20 2026 213B519 4 20999999999999999999999 744  1999999999999999999999
 19 17 16 13 10  7  4  1  0  0  2  4  8 11 15 17 18 19 19 19 19 19 19 1926 214B52353 20999999999999999999999 830  0999999999999999999999
 20 19 18 16 13  9  5  2 -1 -2 -1  1  5  9 13 15 17 18 17 17 16 16 16 1726 215B517 1 18999999999999999999999 910 -22042 1699999999999999
 19 19 19 18 15 11  7  3 -1 -3 -4 -2  1  6 10 13 15 16 16 14 13 13 13 1426 216B5 116 191657 1699999999999999 944 -42115 1399999999999999
 16 17 18 18 16 13  9  4 -1 -4 -5 -5 -2  2  7 11 14 15 14 12 10  9  9 1026 217B5 216 1817 4 15999999999999991014 -52150  999999999999999
 11 14 16 17 17 14 10  5  0 -3 -6 -6 -4 -1  4  9 12 14 13 11  8  6  5  526 218B5 3 8 171717 14999999999999991042 -62226  599999999999999
  7  9 13 15 16 15 12  8  2 -2 -5 -6 -5 -2  2  7 11 13 13 11  7  4  2  126 219B5 359 161732 139999999999999911 8 -623 4  199999999999999
  2  4  8 11 14 14 13 10  5  1 -2 -4 -4 -2  2  6 10 12 13 11  8  4  1 -126 220B5 451 141748 13999999999999991131 -42343 -299999999999999
 -2  0  3  7 10 13 13 12  9  5  1 -1 -1  0  3  6 10 13 14 13 10  5  1 -226 221B5 547 1318 3 14999999999999991151 -1999999999999999999999
 -4 -3 -1  2  6  9 12 12 11  8  6  4  3  4  5  8 11 14 15 15 12  8  4  026 222B5 648 121816 1599999999999999 024 -412 4  399999999999999
 -3 -4 -4 -1  2  6  9 11 12 11  9  8  8  8  9 12 14 16 17 17 15 12  8  326 223B5 8 0 121828 1799999999999999 111 -412 2  899999999999999
  0 -3 -4 -3 -1  2  5  8 10 11 12 11 12 12 14 15 17 18 19 19 18 16 13  926 224B51836 19999999999999999999999 2 5 -4999999999999999999999
  4  1 -1 -3 -2 -1  1  4  7  9 11 13 14 15 17 18 19 20 21 21 21 19 17 1426 225B51839 21999999999999999999999 316 -3999999999999999999999
 10  6  3  1 -1 -1 -1  1  3  6  9 11 14 16 18 19 21 21 22 22 22 21 20 1826 226B51831 22999999999999999999999 456 -1999999999999999999999
 16 12  9  5  2  0 -1 -2  0  2  5  9 12 15 17 19 20 21 21 21 21 21 21 2026 227B51942 21999999999999999999999 639 -2999999999999999999999
 19 17 15 11  7  3  0 -2 -3 -2  1  5  9 12 16 18 19 19 19 19 19 19 19 2026 228B517 1 19999999999999999999999 753 -32022 1899999999999999
 21 20 19 16 12  7  3 -1 -3 -4 -2  1  5  9 13 16 17 17 16 16 15 15 15 1726 3 1B5 013 211634 1799999999999999 847 -42043 1599999999999999
 19 20 20 19 16 11  6  1 -3 -5 -5 -2  2  6 10 13 15 15 14 12 11 10 11 1226 3 2B5 138 201632 1599999999999999 930 -52116 1099999999999999
 15 17 19 20 18 14  9  4 -1 -4 -5 -4 -1  3  8 11 14 14 13 10  8  6  6  726 3 3B5 243 201640 149999999999999910 4 -52153  699999999999999
  9 12 16 18 18 16 12  7  2 -2 -4 -4 -2  2  6 10 12 13 12  9  6  3  2  226 3 4B5 338 181653 13999999999999991033 -52232  299999999999999
  4  7 11 14 16 16 13  9  4  0 -2 -3 -2  1  5  9 12 13 12  9  6  2  0 -126 3 5B5 429 1617 8 13999999999999991057 -32310 -199999999999999
 -1  2  5  9 12 14 13 11  7  3  0 -1 -1  2  5  9 12 13 13 11  7  3 -1 -326 3 6B5 518 141721 13999999999999991116 -12346 -399999999999999
 -3 -2  1  5  8 11 12 11  9  6  3  2  2  4  6 10 12 14 14 12  9  5  1 -226 3 7B5 6 6 121731 14999999999999991129  2999999999999999999999
 -3 -3 -1  2  5  8 10 11 10  8  7  5  5  7  9 11 14 15 15 14 11  7  3  026 3 8B5 657 111735 1599999999999999 023 -41132  599999999999999
 -2 -3 -2  0  3  6  8 10 10 10  9  8  9 10 11 14 16 17 17 16 13 10  6  326 3 9B5 758 101736 1799999999999999 1 0 -31114  899999999999999
  1 -1 -1  0  2  4  6  8 10 10 10 11 11 12 14 16 17 18 18 18 16 13 10  626 310B51739 19999999999999999999999 143 -1999999999999999999999
  4  2  1  1  1  3  4  6  8 10 11 12 13 14 16 17 18 19 20 19 18 15 13 1026 311B51746 20999999999999999999999 240  0999999999999999999999
  7  5  3  2  2  2  3  4  6  8 10 11 13 15 16 18 19 20 20 19 19 17 15 1326 312B51755 20999999999999999999999 410  2999999999999999999999
 11  8  6  4  3  2  2  2  3  5  8 10 12 14 16 17 18 19 19 19 18 17 16 1526 313B51753 19999999999999999999999 558  2999999999999999999999
 13 11  9  7  5  3  1  0  1  2  5  7 10 13 15 16 17 17 17 17 16 16 16 1526 314B517 4 17999999999999999999999 7 9  0999999999999999999999
 14 13 11  9  6  3  1 -1 -2 -1  1  4  8 11 13 15 15 15 15 14 14 14 14 1426 315B51613 152350 1599999999999999 759 -22032 1499999999999999
 15 14 13 11  8  5  1 -1 -3 -3 -2  1  5  8 11 13 13 13 12 11 10 10 11 1226 316B51555 13999999999999999999999 839 -32038 1099999999999999
 13 14 14 12 10  6  3 -1 -4 -5 -4 -2  2  6  9 11 12 11  9  7  6  6  6  826 317B5 119 141555 1299999999999999 912 -521 1  699999999999999
 10 12 14 14 12  9  5  1 -3 -5 -5 -4  0  4  8 10 11 10  8  5  3  1  1  326 318B5 225 1416 1 1199999999999999 943 -52130  199999999999999
  6  9 12 14 14 11  8  4  0 -3 -4 -4 -1  3  7 10 11 11  8  4  1 -2 -3 -226 319B5 323 141612 12999999999999991011 -422 3 -399999999999999
  1  5  9 13 14 14 11  7  3  0 -2 -2  0  3  7 11 12 12 10  6  1 -3 -5 -626 320B5 419 141626 13999999999999991037 -22239 -699999999999999
 -4  0  5 10 13 15 14 12  8  5  3  2  3  5  9 12 14 14 13  9  3 -2 -6 -826 321B5 514 151641 159999999999999911 2  22319 -899999999999999
 -7 -4  0  6 10 14 15 15 12  9  7  6  6  8 11 14 16 17 16 13  7  2 -3 -726 322B5 611 151658 17999999999999991120  6999999999999999999999
 -8 -7 -4  1  6 11 14 15 15 13 12 11 11 12 14 16 18 19 19 17 13  7  1 -326 323B5 713 151716 1999999999999999 0 4 -81127 1199999999999999
 -6 -7 -5 -2  2  7 11 14 15 15 14 14 14 15 17 18 20 21 21 20 17 13  7  326 324B5 831 151734 2199999999999999 053 -711 5 1499999999999999
 -1 -4 -5 -3 -1  3  6 10 12 14 15 16 16 17 19 20 21 22 22 22 20 17 13  926 325B51749 22999999999999999999999 152 -5999999999999999999999
  5  1 -1 -2 -2  0  2  5  9 11 13 15 17 18 19 20 21 22 22 22 21 19 17 1426 326B51753 22999999999999999999999 3 8 -2999999999999999999999
 10  7  4  1  0 -1  0  2  4  7 10 13 15 17 18 19 20 20 20 20 20 19 18 1726 327B517 6 20999999999999999999999 450 -1999999999999999999999
 15 12  9  5  3  1  0  0  1  3  6  9 12 15 17 17 18 17 17 17 16 17 17 1726 328B51557 182245 1799999999999999 625 -11957 1699999999999999
 17 15 13 10  6  3  0 -1 -1  0  3  6 10 12 14 15 15 15 14 13 12 12 13 1526 329B51522 15999999999999999999999 733 -12011 1299999999999999
 16 16 15 13  9  6  2  0 -2 -1  1  4  7 10 13 14 13 12 10  9  8  7  9 1126 330B5 043 161515 1499999999999999 821 -22038  799999999999999
 13 15 15 15 12  9  5  1 -1 -2 -1  2  5  9 11 13 13 11  8  6  4  3  3  626 331B5 158 151521 1399999999999999 858 -221 9  399999999999999
  9 12 14 15 14 11  7  4  1 -1 -1  1  4  8 11 12 12 11  8  4  1  0 -1  126 4 1B5 259 151531 1399999999999999 927 -12140 -199999999999999
  4  8 11 14 14 13 10  7  3  1  1  2  4  8 11 13 13 12  8  4  1 -2 -3 -326 4 2B5 352 141544 1399999999999999 953  12212 -399999999999999
  0  4  8 11 14 14 13 10  7  4  3  4  6  9 11 14 14 13 10  6  2 -2 -4 -526 4 3B5 442 141557 14999999999999991015  32244 -599999999999999
 -3  0  5  9 12 14 14 12 10  8  6  6  8 10 13 15 16 15 13  9  4  0 -3 -526 4 4B5 529 1416 7 16999999999999991033  62315 -599999999999999
 -4 -2  2  7 11 13 15 14 13 11 10 10 10 12 15 17 18 17 15 12  7  3 -1 -326 4 5B5 615 151615 18999999999999991047 102348 -499999999999999
 -4 -2  1  5  9 12 14 15 15 14 13 13 13 15 16 18 19 19 18 15 11  6  2 -126 4 6B5 7 4 151623 19999999999999991051 13999999999999999999999
 -2 -2  0  3  7 10 13 15 16 15 15 15 15 16 18 20 21 21 20 17 14 10  6  326 4 7B5 8 3 161633 2199999999999999 023 -21035 1599999999999999
  1  0  0  2  5  8 11 13 15 16 16 16 17 18 19 20 21 22 21 19 16 13  9  626 4 8B51645 22999999999999999999999 1 4  0999999999999999999999
  3  2  1  2  4  6  8 11 13 14 15 16 17 18 19 20 21 21 21 20 18 15 12  926 4 9B51655 21999999999999999999999 155  1999999999999999999999
  6  4  3  2  3  4  5  8 10 12 14 15 16 17 18 19 20 20 20 19 17 16 13 1126 410B51654 20999999999999999999999 3 3  2999999999999999999999
  8  6  4  3  2  2  3  4  6  9 11 13 15 16 17 18 18 18 17 17 16 15 13 1226 411B516 6 18999999999999999999999 434  2999999999999999999999
 10  8  6  4  2  1  1  2  3  5  8 11 13 14 15 16 15 15 14 14 13 13 13 1226 412B51453 16999999999999999999999 555  1999999999999999999999
 11  9  8  6  3  2  0  0  1  2  5  8 11 13 14 14 13 12 11 10 10 10 10 1126 413B51430 142351 1199999999999999 655  020 8 1099999999999999
 11 11 10  8  5  3  1  0 -1  0  3  6  9 11 12 12 11  9  7  6  6  6  7  926 414B51427 13999999999999999999999 742 -12011  699999999999999
 11 12 12 10  8  6  3  1  0  0  2  5  8 10 12 12 10  8  5  3  1  1  3  526 415B5 129 121431 1299999999999999 822  02032  199999999999999
  9 11 13 13 12 10  7  4  2  2  3  5  8 11 13 13 11  8  4  1 -2 -3 -2  126 416B5 240 131439 1399999999999999 858  221 1 -399999999999999
  5 10 13 15 16 14 11  9  6  5  5  6  9 12 14 15 14 11  6  1 -3 -6 -6 -426 417B5 342 161453 1599999999999999 932  52137 -699999999999999
  1  6 11 15 18 18 16 14 11 10  9 10 12 14 17 18 17 15 10  4 -2 -6 -8 -726 418B5 440 181512 189999999999999910 3  92217 -899999999999999
 -4  1  7 13 17 20 20 19 16 14 13 13 15 17 19 21 21 19 15  9  3 -3 -7 -826 419B5 536 201535 21999999999999991029 1323 2 -899999999999999
 -7 -3  3  9 15 19 21 21 20 18 17 17 18 19 22 23 24 23 21 16  9  3 -3 -626 420B5 634 2116 2 24999999999999991047 172351 -799999999999999
 -7 -5 -1  4 10 15 19 21 22 21 20 20 20 22 23 25 26 26 24 21 16 10  4 -126 421B5 741 221632 26999999999999991049 20999999999999999999999
 -4 -4 -3  1  6 11 15 19 20 21 21 21 22 22 24 25 26 26 26 24 21 16 10  526 422B517 4 26999999999999999999999 046 -5999999999999999999999
  1 -1 -2  0  2  6 10 14 17 19 20 21 21 22 23 24 24 25 25 24 22 19 15 1126 423B51737 25999999999999999999999 147 -2999999999999999999999
  7  3  1  1  1  3  6 10 13 16 18 19 20 21 21 22 22 22 22 22 21 20 18 1526 424B518 8 22999999999999999999999 259  1999999999999999999999
 12  8  5  3  2  3  4  6  9 12 14 17 18 19 19 19 19 18 18 18 18 18 17 1626 425B514 2 19999999999999999999999 418  2999999999999999999999
 14 12  9  6  5  3  3  4  6  9 12 14 16 17 17 16 15 14 13 13 13 13 14 1526 426B51337 172323 1599999999999999 534  31922 1399999999999999
 15 14 12  9  7  5  4  4  5  7 10 12 14 16 16 15 13 11  9  8  8  8 10 1226 427B51337 16999999999999999999999 635  41953  899999999999999
 13 14 13 12 10  8  6  5  5  6  9 11 13 15 15 14 12 10  7  5  4  4  5  826 428B5 1 6 141344 1599999999999999 723  52023  499999999999999
 11 13 14 14 12 10  8  7  7  7  9 11 13 15 16 15 13  9  6  3  1  0  2  426 429B5 222 141355 1699999999999999 8 1  72051  099999999999999
  8 11 13 15 15 13 12 10  9  9 10 12 14 16 17 16 14 11  7  3  0 -1 -1  126 430B5 323 1514 8 1799999999999999 833  92119 -299999999999999
  5  9 13 15 17 16 15 13 12 11 12 13 15 17 18 18 16 13  9  4  1 -2 -2 -126 5 1B5 416 171421 1899999999999999 9 2 112148 -299999999999999
  2  7 11 15 18 19 18 17 15 15 15 16 17 19 20 20 19 16 12  7  3  0 -2 -126 5 2B5 5 3 191435 2199999999999999 928 142217 -299999999999999
  1  5 10 14 18 20 21 20 19 18 17 18 19 21 22 23 22 20 16 11  6  2  0 -126 5 3B5 547 211450 2399999999999999 951 172249 -199999999999999
  1  4  8 13 17 21 22 22 21 20 20 20 21 23 24 25 24 23 19 15 10  6  2  126 5 4B5 629 2215 8 25999999999999991010 202323  199999999999999
  1  3  7 11 16 20 22 23 23 22 22 22 22 24 25 26 26 25 22 18 14  9  5  326 5 5B5 713 231529 26999999999999991024 22999999999999999999999
  2  3  6  9 13 17 20 22 23 23 22 22 23 24 25 26 26 26 24 21 17 12  8  526 5 6B51551 26999999999999999999999 0 0  2999999999999999999999
  4  3  5  7 11 14 18 20 22 22 22 22 23 23 24 25 25 25 24 22 18 14 11  726 5 7B51610 25999999999999999999999 041  3999999999999999999999
  5  4  4  5  8 11 14 17 19 21 21 22 22 22 23 23 23 23 22 21 19 16 12  926 5 8B51621 23999999999999999999999 126  4999999999999999999999
  7  5  4  4  6  8 11 14 16 18 19 20 21 21 21 21 21 20 20 19 18 15 13 1026 5 9B51451 21999999999999999999999 215  4999999999999999999999
  8  6  4  4  4  5  8 10 13 15 17 18 19 19 19 18 18 17 17 16 16 15 13 1126 510B51235 19999999999999999999999 3 8  4999999999999999999999
  9  7  6  5  4  4  6  7 10 12 15 17 17 17 17 16 15 14 13 13 13 13 13 1226 511B51233 18999999999999999999999 4 6  4999999999999999999999
 11 10  8  7  6  5  5  6  8 11 13 15 16 17 16 14 12 11 10  9  9 10 11 1226 512B51237 17999999999999999999999 5 7  519 9  999999999999999
 13 12 11 10  9  8  7  7  9 10 13 15 16 17 16 13 11  8  6  5  5  7  9 1126 513B5 0 6 131244 1799999999999999 6 9  71925  599999999999999
 13 15 15 14 13 12 11 10 11 12 14 16 18 18 17 15 11  7  4  2  2  3  5  926 514B5 147 151254 1899999999999999 7 9 101954  299999999999999
 13 16 18 19 18 17 16 15 14 15 16 18 20 21 20 18 14  9  5  1 -1 -1  1  526 515B5 3 3 191310 2199999999999999 8 2 142031 -199999999999999
 10 15 19 22 23 23 21 20 19 19 19 21 23 24 24 23 19 14  8  3 -1 -3 -2  126 516B5 4 8 231334 2499999999999999 847 192115 -399999999999999
  6 12 18 22 25 27 26 25 24 23 23 24 26 27 28 27 25 20 14  8  2 -2 -4 -226 517B5 5 6 2714 7 2899999999999999 923 2322 3 -499999999999999
  2  7 14 20 25 28 29 28 27 26 26 27 28 29 31 31 30 27 21 15  8  2 -2 -326 518B5 6 2 291446 3199999999999999 952 262254 -399999999999999
 -1  3  9 16 22 26 29 29 29 28 28 28 29 30 32 33 33 31 28 22 15  8  3  026 519B5 659 291531 33999999999999991014 282348 -199999999999999
 -1  1  5 11 17 22 26 28 29 29 28 28 29 29 31 32 33 33 31 27 22 15  9  426 520B5 8 1 291620 33999999999999991034 28999999999999999999999
  2  1  3  7 12 17 22 25 27 27 27 27 27 28 28 29 31 31 31 29 25 20 15 1026 521B51712 31999999999999999999999 044  1999999999999999999999
  6  4  3  5  8 13 17 21 23 25 25 25 25 25 25 26 26 27 28 27 26 23 19 1526 522B518 8 28999999999999999999999 140  3999999999999999999999
 11  7  6  6  7 10 13 17 20 22 23 23 23 23 22 22 22 22 22 23 23 22 20 1726 523B51058 231921 2399999999999999 235  51547 2299999999999999
 14 11  9  8  8  9 11 14 17 19 21 22 22 21 20 18 17 17 17 17 18 18 18 1726 524B51118 222125 1899999999999999 326  81738 1799999999999999
 16 14 12 10 10 10 11 13 15 18 20 21 21 20 18 16 15 13 12 12 13 14 15 1626 525B51136 212346 1699999999999999 412 101842 1299999999999999
 16 15 14 13 12 12 13 14 15 17 19 20 21 20 18 16 13 11  9  8  8  9 11 1326 526B51152 21999999999999999999999 452 121924  899999999999999
 15 16 16 16 15 15 15 15 16 18 19 21 21 21 19 17 14 11  8  6  5  6  8 1126 527B5 142 1612 8 2199999999999999 532 151957  599999999999999
 14 16 18 18 18 18 18 18 18 19 21 22 23 23 21 19 15 12  8  6  4  4  6  926 528B5 319 181223 2399999999999999 618 182026  499999999999999
 13 16 19 21 21 21 21 21 21 22 23 24 25 25 24 22 18 14 11  7  5  4  5  826 529B5 427 221238 2599999999999999 711 212054  499999999999999
 12 16 20 23 24 25 24 24 24 24 25 26 27 27 27 25 22 18 14 10  7  5  5  726 530B5 5 8 251258 2799999999999999 8 0 242124  599999999999999
 11 15 20 23 26 27 27 27 27 26 27 28 29 29 29 28 26 22 18 13  9  7  6  726 531B5 539 271324 3099999999999999 840 262157  699999999999999
 10 14 19 23 27 29 29 29 29 28 28 29 30 31 31 31 29 26 22 17 13  9  7  726 6 1B5 6 7 291357 3199999999999999 914 282233  799999999999999
  9 13 17 22 26 29 30 30 30 29 29 29 30 32 32 32 31 29 25 21 16 12  9  826 6 2B5 635 301433 3299999999999999 946 292310  899999999999999
  8 11 15 19 24 27 30 30 30 29 29 29 30 31 32 32 32 30 28 24 19 14 11  926 6 3B5 7 6 301510 32999999999999991019 292348  899999999999999
  8  9 12 16 21 25 28 29 29 29 28 28 28 29 30 31 31 30 28 25 21 16 12 1026 6 4B5 742 291545 31999999999999991059 28999999999999999999999
  8  8 10 13 17 21 25 27 28 28 27 27 27 27 27 28 29 28 27 25 21 17 14 1026 6 5B5 823 281617 2999999999999999 026  81159 2799999999999999
  8  8  8 10 14 18 21 24 26 26 26 25 25 25 25 25 25 26 25 23 21 18 15 1126 6 6B5 9 6 261648 2699999999999999 1 3  81330 2599999999999999
  9  8  8  9 11 14 18 21 23 24 25 24 23 23 22 22 22 22 22 21 20 18 15 1326 6 7B5 945 25999999999999999999999 137  7999999999999999999999
 10  9  8  9 10 12 15 18 21 23 23 23 22 21 20 19 18 18 19 19 19 18 16 1526 6 8B51013 23999999999999999999999 2 9  8999999999999999999999
 13 11 10 10 11 12 14 17 19 21 22 22 21 20 18 16 15 15 15 16 16 17 17 1726 6 9B51032 232150 1799999999999999 241 101713 1599999999999999
 16 15 14 13 13 14 16 17 20 21 23 23 22 20 18 15 13 12 12 12 14 15 17 1826 610B51046 23999999999999999999999 317 131751 1299999999999999
 19 19 19 18 18 18 19 20 21 23 24 25 24 22 19 16 13 10  9  9 10 12 16 1926 611B5 028 1911 1 2599999999999999 4 0 181832  999999999999999
 21 23 23 23 23 23 23 24 24 26 27 27 27 26 23 19 15 11  8  7  7  9 12 1726 612B51121 289999999999999999999991919  6999999999999999999999
 21 25 27 28 28 28 28 28 28 29 30 31 31 30 28 24 19 14 10  6  5  6  9 1326 613B51153 319999999999999999999992010  5999999999999999999999
 18 24 28 31 32 33 32 32 32 32 33 34 35 35 34 31 26 20 14  9  6  4  5  926 614B5 454 331238 3599999999999999 753 3221 3  499999999999999
 14 20 26 30 34 35 35 35 34 34 35 36 37 38 38 36 33 28 22 15  9  6  4  626 615B5 539 351334 3899999999999999 839 342159  499999999999999
 10 15 21 27 32 35 36 36 35 35 35 36 37 38 40 40 38 35 29 22 15 10  6  526 616B5 620 361435 4099999999999999 916 352255  599999999999999
  7 11 16 22 28 32 35 35 35 34 34 34 35 37 38 40 40 38 35 29 22 15 10  726 617B5 657 351536 4099999999999999 958 342349  699999999999999
  6  8 12 17 23 28 31 33 33 33 32 32 32 33 35 37 38 38 37 33 27 21 15 1126 618B5 732 331637 38999999999999991054 32999999999999999999999
  8  8 10 14 19 24 28 30 31 31 30 29 29 29 30 31 33 34 35 33 30 25 20 1526 619B5 8 5 311736 3599999999999999 039  81212 2999999999999999
 11 10 10 12 16 20 24 27 29 29 28 27 26 25 25 26 27 29 30 30 29 26 22 1826 620B5 836 291838 3099999999999999 123  91338 2599999999999999
 15 12 12 12 15 18 22 25 27 27 27 26 24 23 21 21 21 22 24 25 25 24 23 2026 621B5 9 4 271955 2599999999999999 2 1 1215 3 2199999999999999
 18 16 14 14 16 18 21 23 25 26 26 25 24 22 20 18 17 17 18 19 20 21 21 2126 622B5 929 272142 2199999999999999 229 141629 1799999999999999
 20 18 17 17 18 19 21 23 25 26 27 26 24 22 20 17 16 15 14 15 16 18 19 2026 623B5 952 27999999999999999999999 244 171745 1499999999999999
 21 21 20 20 21 22 23 24 26 27 27 27 26 24 21 18 16 14 13 12 13 15 17 1926 624B51010 279999999999999999999991840 12999999999999999999999
 21 22 23 24 24 25 26 27 28 28 29 29 28 26 24 21 18 15 13 12 12 13 16 1926 625B51025 299999999999999999999991922 12999999999999999999999
 22 24 26 27 27 28 29 29 30 30 31 31 30 29 27 24 21 17 15 13 12 13 15 1826 626B51042 319999999999999999999991958 12999999999999999999999
 22 25 27 29 30 31 31 32 32 32 33 33 33 32 30 28 24 21 17 15 13 13 14 1726 627B51112 339999999999999999999992033 13999999999999999999999
 21 25 28 31 32 33 34 34 34 34 35 35 35 35 34 31 28 25 21 17 15 14 14 1626 628B512 0 359999999999999999999992111 14999999999999999999999
 20 24 28 31 34 35 35 35 35 35 35 36 37 37 36 35 32 29 25 21 17 15 14 1526 629B51256 379999999999999999999992150 14999999999999999999999
 18 22 27 30 33 35 35 35 35 34 35 36 37 37 38 37 35 32 28 24 19 16 14 1426 630B5 558 351351 3899999999999999 852 342229 1499999999999999
 16 20 24 28 32 34 35 35 34 33 33 34 35 36 37 38 37 34 31 26 21 17 15 1426 7 1B5 613 351440 3899999999999999 933 3323 7 1499999999999999
 14 17 21 25 29 32 34 34 33 32 32 32 32 34 35 36 36 35 32 28 23 19 15 1326 7 2B5 633 341525 36999999999999991019 322342 1399999999999999
 13 14 18 22 26 30 32 32 32 31 30 29 30 30 32 33 34 33 32 28 24 20 16 1326 7 3B5 658 3216 6 34999999999999991111 29999999999999999999999
 12 12 15 18 23 27 29 31 31 30 28 27 27 27 28 29 31 31 30 28 25 20 17 1426 7 4B5 725 311647 3199999999999999 013 1212 9 2799999999999999
 12 12 13 16 20 24 27 29 29 29 27 26 25 24 24 25 27 28 28 27 25 22 18 1526 7 5B5 752 291734 2899999999999999 041 1213 5 2499999999999999
 13 12 13 15 18 22 25 27 28 28 26 25 23 22 21 22 23 24 25 25 25 23 20 1826 7 6B5 816 281837 2599999999999999 1 6 121358 2199999999999999
 16 15 15 16 18 21 24 26 28 28 27 25 22 21 19 19 20 21 22 23 24 24 23 2126 7 7B5 837 282010 2499999999999999 128 151449 1999999999999999
 19 18 18 19 20 22 24 27 28 28 28 26 23 21 18 17 17 18 19 21 23 24 24 2426 7 8B5 853 282219 2599999999999999 148 181543 1799999999999999
 24 23 23 23 24 25 27 28 30 30 30 28 26 22 19 17 16 15 16 18 20 23 25 2726 7 9B5 9 7 30999999999999999999999 2 3 231645 1599999999999999
 27 28 28 28 29 29 30 31 32 33 33 32 30 26 23 19 16 15 14 15 17 20 23 2726 710B5 927 339999999999999999999991752 14999999999999999999999
 29 31 32 33 33 34 34 35 35 36 36 36 34 32 28 24 20 16 14 13 14 16 20 2426 711B510 3 3699999999999999999999919 0 13999999999999999999999
 28 32 34 36 37 37 37 38 38 38 39 39 39 37 34 30 26 21 16 14 12 13 16 2026 712B511 8 3999999999999999999999920 5 12999999999999999999999
 25 30 34 37 38 39 39 39 39 39 40 41 42 42 40 37 33 27 22 17 13 12 13 1626 713B51227 4299999999999999999999921 8 12999999999999999999999
 20 26 31 35 38 39 39 39 39 39 39 41 42 43 44 42 39 34 28 22 16 13 11 1226 714B51343 4499999999999999999999922 6 11999999999999999999999
 16 21 26 31 35 37 38 38 37 37 37 38 40 42 44 44 43 40 35 28 21 16 12 1126 715B5 558 381452 4499999999999999 9 0 372258 1199999999999999
 12 16 21 27 31 35 36 36 35 34 33 34 35 37 40 42 43 42 38 33 26 20 15 1226 716B5 618 361556 4399999999999999 957 332344 1199999999999999
 12 14 18 23 28 31 34 34 33 31 30 29 30 32 34 37 39 40 39 35 30 24 19 1526 717B5 639 341655 409999999999999911 0 29999999999999999999999
 13 13 16 20 24 28 31 32 31 29 28 26 26 26 28 31 33 35 36 35 32 27 22 1826 718B5 7 2 321753 3699999999999999 023 1312 5 2699999999999999
 16 15 16 19 23 26 29 31 31 29 27 25 23 22 23 24 27 29 31 32 30 28 24 2126 719B5 724 311853 3299999999999999 055 1513 8 2299999999999999
 19 17 18 20 22 26 28 30 30 29 27 25 22 21 20 20 22 24 26 27 28 27 26 2426 720B5 745 3020 3 2899999999999999 120 171411 2099999999999999
 22 21 21 22 24 26 28 30 31 30 28 26 23 21 19 18 19 20 21 23 24 25 26 2526 721B5 8 3 312139 2699999999999999 133 211517 1899999999999999
 24 24 24 25 26 28 30 31 31 31 30 28 25 23 21 19 18 18 19 20 22 24 25 2626 722B5 816 31999999999999999999999 124 241631 1899999999999999
 26 27 27 28 29 30 31 32 33 33 32 30 28 26 23 21 19 18 18 19 20 22 24 2626 723B5 820 339999999999999999999991746 18999999999999999999999
 28 29 30 31 32 33 34 34 35 35 34 33 31 29 27 24 22 20 19 19 19 21 23 2626 724B5 821 359999999999999999999991847 19999999999999999999999
 29 31 32 34 34 35 36 36 36 36 36 36 34 33 30 28 25 23 21 19 19 20 22 2526 725B5 843 369999999999999999999991938 19999999999999999999999
 28 31 33 35 36 37 37 37 37 38 38 38 37 36 34 32 29 26 23 21 19 20 21 2426 726B51016 389999999999999999999992025 19999999999999999999999
 27 30 33 35 37 37 37 37 37 38 38 39 39 39 37 35 33 29 26 22 20 19 20 2226 727B51159 3999999999999999999999921 9 19999999999999999999999
 25 29 32 35 36 37 37 36 36 37 37 38 39 40 39 38 36 32 28 24 21 19 18 1926 728B5 520 371311 4099999999999999 754 362149 1899999999999999
 22 26 30 33 35 36 36 35 35 34 35 36 38 39 40 39 37 35 31 26 22 19 17 1726 729B5 519 3614 8 4099999999999999 839 342226 1799999999999999
 19 23 27 30 33 35 35 34 32 32 32 33 34 36 38 39 38 36 32 27 23 19 16 1526 730B5 530 351457 3999999999999999 923 322258 1599999999999999
 16 19 23 28 31 33 33 32 31 29 29 29 30 32 35 36 37 35 33 28 24 19 16 1526 731B5 546 331542 379999999999999910 9 292327 1499999999999999
 15 17 20 25 28 31 32 31 29 27 26 26 26 28 31 33 34 34 33 29 25 20 17 1526 8 1B5 6 5 321626 34999999999999991055 262353 1499999999999999
 14 15 18 22 26 29 31 31 29 26 24 23 23 24 26 29 31 32 32 30 26 22 19 1626 8 2B5 625 311714 32999999999999991140 23999999999999999999999
 15 16 18 21 25 28 30 30 29 26 24 22 21 21 22 25 28 30 30 30 28 25 22 1926 8 3B5 645 3018 9 3199999999999999 016 151223 2199999999999999
 18 18 19 21 25 27 30 30 30 27 24 22 20 19 19 21 24 27 29 29 29 28 25 2326 8 4B5 7 2 301914 2999999999999999 037 1813 7 1999999999999999
 22 21 22 23 26 28 30 31 31 29 26 23 20 19 18 19 21 23 26 28 29 29 28 2726 8 5B5 717 312037 2999999999999999 054 211355 1899999999999999
 26 26 26 27 29 31 32 33 33 32 29 26 23 20 18 18 19 20 23 25 28 29 30 3026 8 6B5 729 33999999999999999999999 1 3 261453 1899999999999999
 30 30 31 31 32 34 35 35 35 35 33 30 27 24 21 19 18 18 20 22 25 28 30 3226 8 7B5 742 3599999999999999999999916 8 18999999999999999999999
 33 34 34 35 36 37 37 38 38 38 37 35 32 29 25 22 20 18 18 19 21 24 27 3026 8 8B5 8 5 389999999999999999999991739 18999999999999999999999
 33 35 36 37 38 39 39 40 40 40 40 39 38 35 31 28 24 20 18 17 18 20 23 2726 8 9B5 922 4099999999999999999999919 6 17999999999999999999999
 31 34 36 38 39 39 40 40 40 41 41 42 42 40 38 34 29 25 21 18 16 17 19 2226 810B51120 429999999999999999999992018 16999999999999999999999
 27 31 34 37 38 39 38 38 38 39 40 41 43 43 42 40 36 30 25 20 16 15 15 1826 811B51252 439999999999999999999992117 15999999999999999999999
 22 27 31 34 36 37 36 36 35 36 37 38 41 43 44 43 40 36 30 24 19 15 14 1526 812B5 459 3714 6 4499999999999999 8 6 3522 6 1499999999999999
 18 22 27 31 34 35 34 33 32 31 32 33 36 39 42 43 42 39 34 28 22 17 14 1426 813B5 5 8 351510 4399999999999999 9 1 312248 1399999999999999
 15 19 24 28 31 33 33 31 29 27 27 28 30 33 37 40 41 40 37 32 26 20 16 1426 814B5 523 3316 9 4199999999999999 956 272324 1499999999999999
 15 17 21 26 29 31 32 30 27 25 23 23 24 27 30 34 37 38 37 34 29 24 19 1726 815B5 540 3217 4 38999999999999991049 232353 1699999999999999
 16 17 20 24 28 30 31 30 28 24 22 20 20 21 24 28 31 34 35 33 30 26 22 2026 816B5 559 311758 35999999999999991141 20999999999999999999999
 18 19 21 24 27 30 31 31 29 25 22 20 18 18 20 23 26 29 31 32 30 28 25 2326 817B5 617 311853 3299999999999999 017 181231 1899999999999999
 22 22 23 25 28 30 31 31 30 27 24 21 19 18 18 20 22 25 27 29 29 29 27 2626 818B5 632 321957 2999999999999999 034 221320 1899999999999999
 25 25 26 28 30 31 32 33 32 29 27 24 21 19 19 19 20 22 24 26 28 29 29 2826 819B5 641 33999999999999999999999 037 251413 1899999999999999
 28 28 29 30 32 33 34 34 33 32 29 27 24 22 21 20 20 21 22 24 26 28 29 3026 820B5 641 349999999999999999999991518 20999999999999999999999
 30 31 32 33 34 35 35 36 35 34 32 30 28 26 24 22 21 21 22 23 24 26 28 3026 821B5 637 369999999999999999999991649 21999999999999999999999
 31 33 34 35 36 36 37 37 37 36 35 33 31 29 27 25 24 22 22 22 23 25 27 2926 822B5 643 379999999999999999999991820 22999999999999999999999
 31 33 35 36 36 37 37 37 37 37 37 36 34 33 31 29 26 24 22 21 21 23 25 2726 823B5 715 379999999999999999999991926 21999999999999999999999
 30 32 34 35 36 36 37 37 37 37 37 37 37 36 34 32 29 26 23 21 20 20 22 2526 824B51021 379999999999999999999992017 20999999999999999999999
 28 31 33 34 35 35 35 35 35 35 36 37 37 37 36 34 31 28 24 21 19 18 19 2126 825B51214 3799999999999999999999921 0 18999999999999999999999
 25 28 31 33 34 34 33 32 32 33 34 35 36 37 37 36 33 30 26 22 19 17 17 1826 826B5 426 341322 3799999999999999 751 322135 1799999999999999
 21 25 28 31 32 32 31 30 29 29 30 31 34 35 36 36 34 31 27 23 19 16 15 1626 827B5 427 321415 3699999999999999 832 2922 6 1599999999999999
 18 22 26 29 30 30 29 27 26 25 26 27 30 32 34 35 35 32 28 24 20 16 15 1426 828B5 436 3115 4 3599999999999999 912 252233 1499999999999999
 16 20 24 27 29 30 28 26 24 22 22 23 25 28 31 33 34 33 30 26 21 18 15 1426 829B5 449 301552 3499999999999999 952 222259 1499999999999999
 15 18 22 26 28 29 28 26 23 20 19 19 20 23 27 31 32 33 31 28 24 20 17 1626 830B5 5 5 291640 33999999999999991031 192322 1699999999999999
 16 18 21 25 28 29 29 27 23 20 17 16 17 19 23 27 30 32 32 30 27 23 20 1926 831B5 521 301732 32999999999999991110 162345 1899999999999999
 18 20 22 25 28 30 30 29 25 21 18 16 15 16 19 23 27 30 32 32 30 27 24 2326 9 1B5 537 301828 32999999999999991151 15999999999999999999999
 22 23 24 27 30 31 32 31 28 24 20 17 15 15 16 20 23 27 30 31 31 30 28 2726 9 2B5 553 321932 3299999999999999 0 4 221236 1599999999999999
 26 27 28 30 32 33 34 33 31 28 24 20 17 16 16 17 20 24 27 29 31 32 31 3126 9 3B5 6 7 342055 3299999999999999 014 261328 152358 309999999
 30 31 31 33 34 35 36 36 34 32 29 25 21 18 17 17 18 20 23 26 29 31 32 3226 9 4B5 621 369999999999999999999991434 17999999999999999999999
 33 33 34 35 36 37 37 38 37 36 33 30 26 23 20 19 18 18 20 22 25 27 30 3226 9 5B5 639 3899999999999999999999916 6 18999999999999999999999
 33 34 36 36 37 38 38 38 38 38 37 35 32 29 25 22 20 18 18 18 20 23 26 2926 9 6B5 720 389999999999999999999991754 18999999999999999999999
 31 34 35 36 37 37 37 38 38 38 38 38 36 34 31 27 23 20 18 17 17 19 21 2526 9 7B5 953 389999999999999999999991919 16999999999999999999999
 28 31 33 35 35 35 35 35 35 36 37 38 39 38 36 32 28 23 19 16 15 15 17 2126 9 8B51151 399999999999999999999992021 15999999999999999999999
 24 28 31 32 33 32 32 31 31 32 34 36 38 39 38 36 32 27 22 18 15 14 14 1726 9 9B5 4 0 331314 3999999999999999 729 3121 9 1499999999999999
 21 25 28 30 31 30 29 27 27 27 28 31 34 37 38 38 35 31 26 21 16 14 13 1526 910B5 358 311421 3899999999999999 817 272148 1399999999999999
 18 22 26 28 29 29 27 24 23 22 23 25 28 32 35 37 36 34 29 24 19 16 14 1426 911B5 4 7 291519 3799999999999999 9 4 222220 1499999999999999
 17 20 24 27 29 28 26 23 20 18 18 19 22 26 30 34 35 34 31 27 22 18 16 1526 912B5 421 291614 3599999999999999 950 182248 1599999999999999
 17 20 23 27 28 29 27 24 20 17 15 15 17 21 25 29 32 33 32 29 25 22 19 1826 913B5 438 2917 5 33999999999999991034 152311 1899999999999999
 18 21 24 27 29 29 28 25 22 18 15 14 14 16 20 24 28 31 32 30 28 25 22 2126 914B5 454 291756 32999999999999991116 142330 2199999999999999
 21 23 25 28 30 31 30 28 24 20 17 14 14 15 17 21 25 28 30 30 29 27 26 2426 915B5 5 8 311848 30999999999999991157 142341 2499999999999999
 24 25 27 29 31 32 32 30 27 23 20 17 15 15 16 19 22 25 28 29 30 29 28 2726 916B5 518 321947 30999999999999991239 152335 2799999999999999
 27 28 29 31 32 33 33 32 30 26 23 20 18 17 17 18 20 23 25 27 29 29 29 2926 917B5 522 339999999999999999999991325 17999999999999999999999
 30 30 31 33 34 35 34 34 32 29 26 24 21 20 19 19 20 21 23 25 27 28 29 3026 918B5 525 359999999999999999999991426 19999999999999999999999
 31 32 33 34 35 35 35 35 34 32 29 27 25 23 21 20 20 20 21 23 24 26 28 2926 919B5 533 3599999999999999999999916 1 20999999999999999999999
 31 32 33 34 35 35 35 35 34 33 32 30 28 26 24 22 21 20 20 20 21 23 26 2826 920B5 547 359999999999999999999991747 19999999999999999999999
 30 31 32 33 34 34 34 34 34 33 32 31 30 28 26 24 22 20 18 18 19 20 22 2526 921B5 558 349999999999999999999991857 18999999999999999999999
 27 29 31 31 32 32 32 31 32 32 32 32 31 30 28 26 23 20 18 16 16 17 19 2226 922B5 7 8 329999999999999999999991947 16999999999999999999999
 25 27 29 30 30 29 29 28 28 29 30 30 31 31 29 27 24 21 18 16 14 14 16 1926 923B5 331 3012 6 3199999999999999 722 282027 1499999999999999
 22 25 27 28 28 27 26 25 24 25 26 28 29 30 30 28 26 22 19 16 14 13 14 1626 924B5 321 281316 3099999999999999 751 242059 1399999999999999
 19 23 25 26 26 25 23 21 20 21 22 24 27 29 30 29 27 24 20 17 14 13 13 1426 925B5 323 261413 3099999999999999 823 202128 1299999999999999
 18 21 24 25 25 24 21 19 17 17 17 20 23 26 29 30 29 27 23 19 16 14 13 1426 926B5 331 2615 6 3099999999999999 857 172155 1399999999999999
 17 20 24 25 26 24 21 18 15 13 13 15 18 23 27 29 30 29 26 22 19 16 15 1626 927B5 343 261559 3099999999999999 931 132220 1599999999999999
 18 21 24 26 27 26 23 19 15 12 11 11 14 19 23 27 30 31 29 26 23 20 19 1826 928B5 357 271651 319999999999999910 8 112245 1899999999999999
 19 22 25 28 29 28 26 22 17 12 10  9 11 14 19 24 28 31 31 30 27 24 23 2226 929B5 414 291745 31999999999999991048  923 6 2299999999999999
 22 24 27 29 31 31 29 26 21 15 11  9  9 11 15 20 25 29 31 31 30 28 27 2626 930B5 433 311842 32999999999999991132  92320 2699999999999999
 26 27 29 31 33 33 33 30 25 20 15 12 10 10 13 17 21 25 29 31 31 30 30 292610 1B5 454 331949 31999999999999991222 102315 2999999999999999
 29 30 31 33 34 35 35 33 30 26 21 16 13 12 12 14 17 21 24 27 29 30 30 312610 2B5 517 359999999999999999999991322 12999999999999999999999
 31 32 33 34 35 36 36 35 34 30 26 22 18 15 14 14 15 17 20 23 26 28 29 302610 3B5 544 369999999999999999999991438 13999999999999999999999
 31 32 33 34 35 35 36 36 35 33 31 27 24 20 17 15 14 15 16 18 21 24 26 282610 4B5 622 369999999999999999999991616 14999999999999999999999
 30 31 32 33 33 33 34 34 34 34 33 31 28 25 22 18 16 14 14 15 16 19 22 252610 5B5 757 349999999999999999999991753 14999999999999999999999
 27 29 30 30 30 30 30 30 31 32 32 32 31 29 26 22 19 16 14 13 13 15 18 212610 6B51024 3299999999999999999999919 5 13999999999999999999999
 24 26 27 28 27 27 26 26 26 27 29 30 31 31 29 26 22 18 15 13 12 13 15 182610 7B5 252 281211 3199999999999999 659 261957 1299999999999999
 21 24 26 26 25 24 22 21 21 22 24 26 29 30 30 28 25 21 17 14 12 12 14 162610 8B5 243 261327 3099999999999999 742 212038 1299999999999999
 20 23 24 25 24 22 19 17 16 16 18 21 25 28 29 29 27 24 20 17 14 13 14 162610 9B5 248 251431 3099999999999999 822 162110 1399999999999999
 19 22 24 25 24 22 18 15 13 12 13 16 20 24 27 29 29 27 23 20 17 15 15 16261010B5 3 0 251527 2999999999999999 9 2 122138 1599999999999999
 19 22 24 26 25 23 19 15 12 10 10 11 15 19 24 27 29 28 26 23 20 18 17 18261011B5 315 261620 2999999999999999 940 1022 2 1799999999999999
 20 23 25 27 27 25 22 17 13 10  9  9 12 16 20 24 27 29 28 26 23 21 20 20261012B5 331 2717 9 29999999999999991016  92223 2099999999999999
 22 24 26 28 28 27 24 20 16 12 10  9 10 13 17 22 26 28 29 28 26 24 23 23261013B5 347 281757 29999999999999991053  92239 2399999999999999
 24 26 28 30 30 30 27 24 19 15 12 10 10 12 15 19 23 27 29 29 28 27 26 26261014B5 4 0 301846 29999999999999991130 102247 2699999999999999
 26 28 30 31 32 31 30 27 23 19 15 13 12 12 14 17 21 24 27 28 29 28 28 28261015B5 412 321943 299999999999999912 9 122240 2899999999999999
 28 29 31 32 33 33 32 29 26 22 19 16 14 13 14 16 19 22 24 26 28 28 28 28261016B5 425 339999999999999999999991256 13999999999999999999999
 29 30 31 32 33 33 32 31 28 25 22 19 17 15 15 15 17 19 21 23 25 26 27 28261017B5 441 339999999999999999999991354 15999999999999999999999
 29 29 30 31 32 32 32 31 29 27 24 21 19 17 15 15 15 16 18 20 22 24 25 26261018B5 458 329999999999999999999991512 15999999999999999999999
 28 28 29 30 30 30 30 30 29 27 25 23 21 19 17 15 14 14 15 16 18 20 22 24261019B5 511 309999999999999999999991642 14999999999999999999999
 26 27 27 27 28 28 27 27 27 26 25 23 22 20 18 16 14 13 12 13 15 17 19 21261020B5 415 289999999999999999999991754 12999999999999999999999
 23 25 25 25 25 24 24 24 24 24 24 23 22 21 19 17 15 13 11 11 12 14 16 19261021B5 225 259999999999999999999991847 11999999999999999999999
 21 23 23 23 22 21 20 20 20 20 21 22 22 22 20 18 16 14 12 11 11 12 14 17261022B5 2 5 231148 2299999999999999 719 201930 1099999999999999
 19 21 22 21 20 18 17 16 16 16 18 20 21 22 22 20 18 16 13 12 11 11 13 16261023B5 2 2 221311 2299999999999999 738 1620 6 1199999999999999
 19 21 22 21 19 17 14 12 12 12 14 17 20 22 23 23 21 19 16 14 13 12 14 16261024B5 2 6 221416 2399999999999999 8 4 122039 1299999999999999
 19 21 22 22 20 17 13 10  8  8 10 13 17 21 24 25 25 23 20 18 16 15 16 17261025B5 215 221515 2599999999999999 834  82110 1599999999999999
 20 23 24 24 22 19 14 10  7  6  6  9 14 19 23 26 27 27 25 22 20 19 19 20261026B5 229 241610 2799999999999999 910  62138 1899999999999999
 22 25 26 27 26 22 18 12  8  5  4  6  9 15 20 25 28 29 29 26 24 23 22 23261027B5 248 2717 5 2999999999999999 950  422 3 2299999999999999
 24 27 29 30 30 27 23 17 11  6  4  4  6 10 16 22 26 29 30 30 28 26 26 26261028B5 313 3018 0 30999999999999991035  42223 2599999999999999
 27 29 31 32 33 31 28 23 17 11  7  4  5  7 12 17 22 27 29 30 30 29 28 28261029B5 343 3319 0 30999999999999991125  42232 2899999999999999
 29 30 32 34 35 34 32 28 23 17 11  8  6  6  8 13 17 22 26 28 29 29 29 29261030B5 418 359999999999999999999991221  6999999999999999999999
 29 30 32 33 34 35 34 32 28 23 17 13  9  7  7  9 13 17 21 24 26 27 28 28261031B5 457 359999999999999999999991325  7999999999999999999999
 29 29 30 31 33 33 34 33 31 27 23 18 14 11  9  9 10 12 16 19 22 24 25 262611 1B5 544 349999999999999999999991438  9999999999999999999999
 27 28 28 29 29 30 30 31 30 28 26 22 18 15 12 10  9 10 12 14 17 20 22 242611 2B5 646 319999999999999999999991558  9999999999999999999999
 25 25 25 25 25 25 26 26 27 27 26 24 22 18 15 13 11 10 10 12 14 16 19 212611 3B5 828 279999999999999999999991714 10999999999999999999999
 22 23 23 22 21 21 20 21 21 23 23 24 23 21 18 16 13 11 10 11 12 14 17 192611 4B5 115 231044 2499999999999999 6 3 201817 1099999999999999
 21 21 21 20 18 17 16 15 16 17 19 21 22 22 21 18 16 14 12 11 12 13 15 182611 5B5 111 211227 2299999999999999 659 1519 7 1199999999999999
 20 21 21 19 17 14 12 11 11 12 14 17 19 21 22 21 19 16 14 13 13 14 15 182611 6B5 118 211346 2299999999999999 741 111947 1399999999999999
 20 21 21 20 17 14 11  9  7  8 10 13 16 20 22 22 21 19 17 16 15 15 16 182611 7B5 131 211452 2299999999999999 818  72020 1599999999999999
 21 22 22 21 19 15 12  8  6  5  6  9 13 17 21 23 23 22 21 19 18 18 18 202611 8B5 147 231548 2399999999999999 853  52049 1899999999999999
 22 24 24 24 22 18 14 10  7  5  5  7 11 15 20 23 25 25 24 22 21 20 20 222611 9B5 2 5 241637 2599999999999999 926  52115 2099999999999999
 23 25 26 26 24 21 17 13  9  6  5  6  9 13 18 22 25 27 26 25 24 23 23 24261110B5 224 261722 2799999999999999 959  52137 2399999999999999
 25 27 28 28 27 25 21 16 12  8  6  6  8 12 16 20 24 27 28 27 26 25 25 25261111B5 244 2818 5 28999999999999991034  62157 2599999999999999
 26 28 29 30 30 28 25 20 16 11  9  7  8 10 14 18 22 25 27 28 27 26 26 26261112B5 3 7 301848 28999999999999991112  72212 2699999999999999
 27 28 30 31 31 30 27 23 19 15 11  9  8  9 12 15 19 23 25 27 27 26 26 26261113B5 331 311938 27999999999999991152  82222 2699999999999999
 27 28 29 30 31 30 28 25 22 17 14 11  9  9 10 13 16 19 22 24 25 25 25 25261114B5 357 319999999999999999999991237  9999999999999999999999
 26 27 28 29 29 29 28 26 23 19 15 12 10  9  9 10 13 16 18 21 23 23 24 24261115B5 423 299999999999999999999991326  9999999999999999999999
 24 25 25 26 27 27 26 25 23 20 17 14 11  9  8  9 10 12 15 17 19 21 22 22261116B5 447 279999999999999999999991418  8999999999999999999999
 23 23 23 23 23 24 23 23 21 19 17 14 12 10  8  8  8  9 11 14 16 18 19 20261117B5 5 4 249999999999999999999991511  8999999999999999999999
 21 21 20 20 20 20 20 19 19 18 16 15 13 11  9  8  8  8  9 11 13 15 17 18261118B5 024 2199999999999999999999916 6  8999999999999999999999
 19 19 18 17 17 16 16 16 16 16 15 15 14 12 11  9  9  8  9 10 11 14 16 17261119B5 017 1999999999999999999999917 1  8999999999999999999999
 18 18 17 15 14 13 12 12 12 13 14 15 15 14 13 12 11 10 10 10 11 13 15 17261120B5 020 181144 1599999999999999 641 121758 1099999999999999
 18 18 17 15 12 10  9  8  9 10 12 14 16 17 17 16 15 13 13 12 13 14 16 18261121B5 026 181323 1799999999999999 7 3  81853 1299999999999999
 19 19 18 15 12  9  7  5  5  7  9 13 16 18 20 20 19 18 17 16 16 17 18 20261122B5 035 191437 2099999999999999 733  51943 1699999999999999
 21 22 21 18 15 10  6  4  2  3  6 10 14 19 22 23 24 23 21 20 20 20 21 22261123B5 052 221539 2499999999999999 8 9  22025 2099999999999999
 24 25 25 23 19 14  9  4  1  1  2  6 11 16 21 25 27 27 26 24 23 23 23 25261124B5 117 251636 2799999999999999 852  12058 2399999999999999
 27 28 29 27 24 20 14  8  3  0  0  2  6 12 18 23 27 29 29 28 26 26 26 27261125B5 150 291729 2999999999999999 940  02125 2699999999999999
 28 30 31 31 30 26 20 14  7  3  0  0  2  7 13 19 24 28 29 29 28 27 27 27261126B5 232 321822 29999999999999991031  02147 2799999999999999
 29 30 32 33 33 31 27 20 14  7  3  0  1  3  8 14 19 24 27 28 28 27 27 27261127B5 319 341916 28999999999999991126  022 8 2799999999999999
 28 29 31 33 34 33 31 26 20 13  8  3  1  2  4  9 14 19 23 25 26 26 25 25261128B5 410 349999999999999999999991223  1999999999999999999999
 26 27 28 30 31 32 31 29 24 19 13  8  4  3  3  5  9 13 18 21 23 23 23 23261129B5 5 3 329999999999999999999991320  2999999999999999999999
 23 23 24 25 27 28 28 28 26 22 17 12  8  5  4  4  6 10 13 17 19 20 21 21261130B5 6 1 2822 6 21999999999999991416  4999999999999999999999
 20 20 20 20 21 22 23 24 23 22 19 15 12  9  7  6  6  8 11 13 16 18 19 192612 1B5 710 242238 1999999999999999 149 2015 8  699999999999999
 18 18 17 16 16 16 17 18 18 19 18 16 14 12 10  8  8  8 10 12 14 16 17 182612 2B5 850 1923 2 1899999999999999 4 3 161556  899999999999999
 17 16 15 13 12 11 11 12 13 14 15 15 15 14 12 11 10 10 11 12 14 15 17 182612 3B511 2 152323 1899999999999999 540 111641 1099999999999999
 18 16 15 12 10  8  7  7  8  9 11 13 15 15 15 14 13 13 13 13 14 16 17 182612 4B513 3 152344 1999999999999999 644  71727 1399999999999999
 19 18 16 13 10  7  5  4  4  5  8 11 13 15 17 17 16 16 16 16 16 17 18 192612 5B51447 17999999999999999999999 729  41820 1699999999999999
 20 20 18 15 12  9  6  3  2  3  5  8 12 15 18 19 19 19 19 18 19 19 20 212612 6B5 0 5 2016 1 1999999999999999 8 6  21916 1899999999999999
 22 22 21 18 15 11  8  4  3  2  4  7 11 15 18 21 22 22 22 21 21 21 22 232612 7B5 029 221644 2299999999999999 840  220 3 2199999999999999
 24 24 23 22 19 15 11  7  4  3  3  6  9 14 18 21 24 24 24 24 23 23 23 242612 8B5 055 241715 2499999999999999 913  32040 2399999999999999
 25 26 26 25 22 19 15 10  7  4  4  5  8 12 17 21 24 26 26 25 24 24 24 252612 9B5 127 261743 2699999999999999 948  42110 2499999999999999
 26 27 28 27 26 22 18 14  9  6  4  4  7 10 15 19 23 25 26 26 25 24 24 25261210B5 2 3 281811 26999999999999991025  42138 2499999999999999
 26 27 28 29 28 25 22 17 12  8  5  4  5  8 12 16 21 24 25 25 25 24 24 24261211B5 240 291841 269999999999999911 3  422 7 2499999999999999
 25 26 27 28 28 26 23 19 15 10  7  4  4  6  9 13 17 21 23 24 24 23 22 22261212B5 318 281914 24999999999999991141  42241 2299999999999999
 23 24 25 26 27 26 24 20 16 12  8  5  4  4  6  9 13 17 20 22 22 21 21 20261213B5 353 271950 22999999999999991219  32327 2099999999999999
 20 21 22 23 24 24 22 20 16 12  8  5  3  3  4  6 10 13 16 19 20 20 19 18261214B5 425 242028 20999999999999991253  3999999999999999999999
 18 18 18 19 20 20 20 18 16 12  9  6  4  2  3  4  7 10 13 16 17 18 18 17261215B5 458 2021 4 1899999999999999 035 181323  299999999999999
 16 15 15 15 16 16 16 16 14 12  9  7  4  3  3  4  5  8 11 13 15 16 16 16261216B5 535 162135 1699999999999999 2 1 151349  399999999999999
 14 13 13 12 12 12 13 13 12 11 10  8  6  5  4  5  6  7 10 12 14 15 16 15261217B5 638 132157 1699999999999999 326 121411  499999999999999
 14 12 11 10  9  9  9 10 10 11 10 10  9  8  7  7  8  9 10 12 14 15 16 16261218B5 9 0 112214 1699999999999999 436  91433  799999999999999
 14 12 10  8  7  6  6  7  8  9 11 11 12 12 11 11 11 12 13 14 15 16 17 17261219B512 7 122229 1799999999999999 528  61454 1199999999999999
 16 14 11  8  6  4  3  4  5  7 10 12 14 15 16 16 16 16 16 17 18 19 20 20261220B52252 20999999999999999999999 614  3999999999999999999999
 19 17 14 11  7  4  2  1  2  4  7 11 15 18 19 20 21 21 21 21 21 22 22 23261221B52327 23999999999999999999999 7 1  1999999999999999999999
 23 22 19 15 11  6  2  0 -1  1  4  8 13 17 21 23 24 24 24 24 24 24 25 26261222B51648 24999999999999999999999 752 -11939 2499999999999999
 26 26 24 21 17 11  6  1 -1 -2  0  4  9 14 20 23 26 27 27 26 26 26 26 27261223B5 017 261720 2799999999999999 845 -22024 2699999999999999
 29 29 29 27 23 18 12  5  0 -2 -3 -1  4 10 16 21 25 27 27 27 26 26 26 27261224B5 116 291754 2799999999999999 940 -32059 2699999999999999
 29 30 31 31 29 24 18 11  5  0 -3 -3 -1  4 10 16 21 24 26 26 25 24 24 25261225B5 218 311826 26999999999999991035 -32137 2499999999999999
 26 28 30 32 31 29 24 18 11  4 -1 -3 -3  0  5 11 16 20 23 24 23 22 22 22261226B5 320 321858 24999999999999991127 -32225 2299999999999999
 22 24 26 29 30 30 27 23 16  9  3 -1 -3 -2  1  6 11 16 19 21 21 20 19 18261227B5 419 301927 21999999999999991216 -32328 1899999999999999
 18 19 21 23 25 27 26 24 19 14  8  3  0 -1  0  3  7 12 16 18 19 18 17 15261228B5 518 271955 199999999999999913 0 -1999999999999999999999
 14 14 15 17 19 21 22 21 19 16 11  7  3  1  1  3  6 10 13 16 17 17 15 14261229B5 618 222020 1799999999999999 044 141336  199999999999999
 12 11 10 11 12 14 15 16 16 15 12  9  6  5  4  4  6  9 12 14 16 16 15 13261230B5 728 172045 1699999999999999 2 4 1014 4  499999999999999
 11  9  8  7  7  7  9 10 11 12 12 10  9  8  7  8  9 11 13 15 16 17 16 15261231B5 9 5 1221 3 1799999999999999 330  71410  799999999999999
