 17 15 13 10  6  2 -1 -3 -4 -3  0  4  8 11 14 16 16 16 16 16 16 15 16 1726 1 1B616 3 16999999999999999999999 8 0 -42047 1599999999999999
 17 17 16 14 10  6  2 -2 -5 -6 -4 -1  3  8 12 15 16 16 16 15 15 15 15 1626 1 2B6 0 7 171642 1699999999999999 858 -62112 1599999999999999
 17 18 19 18 15 11  6  1 -3 -6 -7 -5 -2  3  8 12 14 15 15 14 14 13 14 1526 1 3B6 147 191721 1599999999999999 954 -721 7 1399999999999999
 16 18 20 20 19 16 12  6  0 -4 -7 -8 -6 -2  3  8 11 14 14 14 13 12 12 1326 1 4B6 243 201759 14999999999999991047 -82114 1299999999999999
 15 17 20 21 21 19 16 11  5 -1 -5 -8 -8 -5 -1  4  8 12 13 14 13 12 11 1226 1 5B6 328 211836 14999999999999991133 -82145 1199999999999999
 13 15 18 20 21 20 18 14  9  3 -2 -6 -7 -6 -3  1  6 10 12 14 13 12 11 1126 1 6B6 4 8 211911 14999999999999991213 -72241 1199999999999999
 11 12 14 17 19 19 18 16 12  6  1 -2 -5 -5 -4  0  4  8 12 14 14 13 11 1126 1 7B6 449 191941 14999999999999991247 -5999999999999999999999
 10 10 11 13 15 16 16 15 13  9  5  1 -1 -2 -2  1  4  8 11 14 15 15 13 1126 1 8B6 544 1620 9 1599999999999999 027 101315 -299999999999999
 10  9  8  9 11 11 12 12 12 10  7  5  3  2  1  3  6  9 11 14 16 16 14 1226 1 9B6 718 122035 1699999999999999 146  81338  199999999999999
 10  8  6  6  7  7  8  9 10 10  9  7  6  6  5  6  8 11 13 14 16 17 16 1426 110B6 842 102059 1799999999999999 249  61354  599999999999999
 11  8  6  4  4  4  5  5  7  8  9  9  9  9  9  9 11 13 14 15 16 17 17 1526 111B62122 17999999999999999999999 348  4999999999999999999999
 12  9  7  4  2  2  2  3  4  6  8 10 10 11 12 12 13 14 16 16 17 17 17 1626 112B62135 17999999999999999999999 449  2999999999999999999999
 14 11  8  5  3  1  1  1  2  4  7  9 11 12 13 14 15 16 17 17 17 17 16 1626 113B61919 17999999999999999999999 553  1999999999999999999999
 15 13 10  7  5  2  1  1  1  3  5  8 10 12 14 15 16 16 17 17 17 16 16 1626 114B61927 17999999999999999999999 655  1999999999999999999999
 15 14 12 10  7  5  2  1  1  1  3  5  9 12 14 15 15 16 16 16 16 16 16 1526 115B61818 16999999999999999999999 751  1999999999999999999999
 15 15 14 12 10  7  4  2  0  0  1  3  6 10 12 14 15 15 15 15 15 15 15 1526 116B69999999999999999999999999999 843  0999999999999999999999
 16 16 16 15 12 10  6  3  1 -1 -1  1  3  7 10 13 14 14 14 14 13 13 14 1526 117B6 126 161711 1499999999999999 929 -12032 1399999999999999
 15 16 17 17 15 12  8  5  1 -2 -3 -2  0  4  8 11 13 14 13 13 12 12 12 1326 118B6 2 6 171714 14999999999999991011 -32046 1299999999999999
 15 16 18 18 16 14 10  6  2 -2 -4 -5 -3  0  5  9 11 13 13 12 11 10 10 1126 119B6 235 181739 13999999999999991046 -52111 1099999999999999
 13 15 17 18 17 15 12  7  2 -2 -5 -6 -5 -3  2  6 10 12 13 12 10  9  8  926 120B6 3 2 1818 6 13999999999999991117 -62149  899999999999999
 10 12 14 17 17 15 12  9  4 -1 -4 -6 -6 -5 -1  4  8 11 12 12 10  8  7  626 121B6 335 171831 12999999999999991143 -62238  699999999999999
  7  8 10 13 15 14 12  9  6  1 -3 -5 -5 -5 -2  2  7 10 11 12 11  8  6  426 122B6 414 151849 129999999999999912 1 -52344  499999999999999
  4  4  6  8 11 12 11  9  7  3  0 -3 -3 -3 -2  1  6  9 11 12 11  9  6  326 123B6 5 2 121856 129999999999999912 8 -3999999999999999999999
  1  1  1  3  6  8  9  9  7  5  3  0 -1 -1  0  2  5  8 11 12 11  9  6  326 124B6 6 9  919 2 1299999999999999 1 0  11221 -199999999999999
  0 -2 -2 -2  0  3  5  7  7  6  5  4  2  2  3  4  6  8 10 11 11 10  7  426 125B6 745  71920 1299999999999999 158 -21244  299999999999999
  0 -3 -4 -5 -4 -2  1  3  5  6  6  6  5  5  5  6  7  9 10 11 11 10  8  526 126B6 942  61945 1299999999999999 248 -51310  599999999999999
  2 -1 -4 -6 -6 -5 -4 -1  2  4  6  6  7  7  7  8  9 10 10 11 11 11 10  726 127B62019 11999999999999999999999 343 -6999999999999999999999
  5  2 -2 -4 -6 -7 -6 -5 -2  1  3  5  7  8  8  9  9 10 11 11 11 11 11 1026 128B61942 11999999999999999999999 5 8 -7999999999999999999999
  8  6  3 -1 -4 -5 -7 -7 -6 -4  0  2  5  7  8  9 10 10 11 11 11 11 11 1126 129B62232 12999999999999999999999 655 -7999999999999999999999
 11 10  8  5  1 -2 -5 -7 -8 -8 -5 -2  2  5  7  9  9 10 10 10 10 10 11 1226 130B69999999999999999999999999999 810 -8999999999999999999999
 13 13 12 10  7  3 -1 -5 -8-10 -9 -6 -3  1  5  8  9 10 10 10 10  9 10 1126 131B6 039 13999999999999999999999 911-10999999999999999999999
 13 15 15 14 12  8  3 -2 -7-10-11-10 -7 -2  2  6  8  9  9  9  9  8  9 1026 2 1B6 157 151732 109999999999999910 2-1121 0  899999999999999
 12 14 16 17 15 12  8  2 -4 -8-11-12-10 -5  0  4  7  9 10  9  8  7  7  826 2 2B6 247 171747 10999999999999991043-122140  799999999999999
  9 12 15 16 16 15 11  6  0 -5 -9-11-10 -7 -2  3  7  9 10 10  8  6  6  626 2 3B6 330 1718 4 10999999999999991116-112236  599999999999999
  6  9 11 14 15 15 12  8  3 -2 -6 -9 -9 -7 -3  2  6  9 11 11  9  6  5  426 2 4B6 413 151823 11999999999999991142 -92337  399999999999999
  3  5  7 10 12 12 12 10  6  1 -3 -5 -6 -5 -2  2  6 10 12 12 10  7  4  226 2 5B6 5 5 121842 129999999999999912 4 -6999999999999999999999
  1  1  3  5  7  9 10  9  7  4  1 -1 -2 -2  0  4  7 10 12 13 12  9  5  226 2 6B6 617 1019 2 1399999999999999 033  11222 -299999999999999
  0 -1 -1  1  3  5  6  7  7  6  3  2  1  1  2  5  8 11 12 13 12 10  6  326 2 7B6 732  71919 1399999999999999 122 -11229  199999999999999
  0 -2 -3 -2  0  2  3  5  6  6  5  4  4  4  5  7  9 11 12 12 12 11  8  426 2 8B6 841  61916 1299999999999999 2 7 -31148  499999999999999
  1 -1 -3 -4 -3 -1  1  2  4  6  6  6  6  7  7  8 10 12 13 12 12 11  9  626 2 9B618 7 13999999999999999999999 250 -4999999999999999999999
  3  0 -2 -3 -3 -2  0  1  2  4  6  7  7  8  8  9 10 12 13 12 12 11 10  826 210B61821 13999999999999999999999 334 -3999999999999999999999
  5  3  1 -1 -2 -2 -1  0  1  3  5  6  7  8  9  9 10 11 12 12 12 11 10  926 211B61847 12999999999999999999999 430 -2999999999999999999999
  8  6  4  2  0 -1 -1 -1  0  1  3  5  7  8  8  9 10 11 11 12 12 11 10 1026 212B61927 12999999999999999999999 557 -1999999999999999999999
  9  8  7  5  3  1  0 -1 -1 -1  0  2  5  7  8  9 10 10 11 11 11 11 11 1126 213B62233 11999999999999999999999 735 -1999999999999999999999
 11 11 10  8  6  3  1 -1 -3 -3 -2  0  2  5  8  9  9 10 10 10 10 10 11 1126 214B69999999999999999999999999999 836 -3999999999999999999999
 11 12 12 11  8  5  2 -1 -4 -5 -5 -3  0  3  6  9  9  9  9  9  9  9  9 1026 215B6 125 121652  999999999999999 918 -52015  999999999999999
 11 13 13 12 10  7  4  0 -4 -6 -7 -6 -3  1  5  8  9 10  9  8  7  7  7  826 216B6 2 2 131638 1099999999999999 950 -72057  799999999999999
 10 12 13 13 12  9  5  1 -3 -6 -8 -8 -5 -1  3  7  9 10  9  7  6  4  4  526 217B6 234 131653 10999999999999991019 -82138  499999999999999
  7  9 12 13 12 10  7  2 -2 -6 -8 -8 -7 -3  2  6  9 10  9  7  4  2  1  126 218B6 3 8 1317 9 10999999999999991043 -82219  199999999999999
  3  5  8 11 11 10  8  4  0 -4 -6 -7 -7 -4  1  5  8 10  9  7  4  0 -2 -326 219B6 349 121718 109999999999999911 2 -723 0 -399999999999999
 -2  0  3  7  9 10  8  6  2 -2 -4 -5 -5 -3  0  4  8  9  9  8  4  0 -4 -626 220B6 437 101722 10999999999999991113 -52342 -699999999999999
 -6 -5 -2  2  5  7  8  7  5  2 -1 -3 -3 -2  0  3  7  9  9  8  5  1 -4 -726 221B6 538  81732  9999999999999991125 -3999999999999999999999
 -9 -9 -7 -4  0  4  6  6  6  4  2  0  0  0  2  3  6  8  9  8  5  2 -3 -726 222B6 656  61750  999999999999999 026 -91145  099999999999999
 -9-10-10 -8 -5 -1  2  4  5  5  4  3  2  2  3  4  6  7  8  8  6  3  0 -426 223B6 814  51815  899999999999999 113-111211  299999999999999
 -8-10-11-10 -8 -5 -2  1  3  4  4  4  4  3  4  5  6  7  8  8  7  5  3 -126 224B6 936  41847  899999999999999 2 5-111234  399999999999999
 -4 -7 -9-10 -9 -8 -6 -3  0  2  3  4  4  4  5  5  6  7  8  8  8  7  6  326 225B61945  8999999999999999999999 3 9-10999999999999999999999
  1 -2 -5 -7 -8 -8 -8 -7 -5 -2  0  2  3  4  5  5  6  7  8  8  8  8  8  726 226B61940  8999999999999999999999 5 9 -8999999999999999999999
  5  4  1 -2 -5 -7 -8 -9 -8 -6 -4 -1  1  3  4  5  6  7  8  8  8  8  9  926 227B62254  9999999999999999999999 7 9 -9999999999999999999999
  9  8  7  4  0 -3 -6 -9-10-10 -8 -5 -2  1  4  5  6  7  8  8  7  8  9 1026 228B69999999999999999999999999999 817-10999999999999999999999
 11 11 11  9  5  1 -3 -7-10-11-11 -8 -4  0  3  6  7  7  7  7  7  6  7  926 3 1B6 056 111735  799999999999999 9 8-112052  699999999999999
 11 12 13 12 10  6  1 -4 -8-11-12-10 -6 -2  3  6  8  8  8  7  6  5  5  626 3 2B6 2 1 131653  899999999999999 948-122133  599999999999999
  8 11 13 13 12  9  5  0 -5 -8-10-10 -7 -2  2  6  9  9  9  7  5  3  2  326 3 3B6 252 131657  9999999999999991019-102214  299999999999999
  4  7 10 12 12 11  8  3 -1 -5 -7 -8 -6 -2  3  7 10 11 10  7  4  1  0 -126 3 4B6 341 1217 4 11999999999999991043 -82253 -199999999999999
  0  3  6  9 11 11  9  6  2 -2 -4 -5 -4 -1  3  8 10 12 11  8  5  1 -2 -326 3 5B6 435 111713 129999999999999911 1 -52330 -499999999999999
 -3 -2  2  5  8  9  9  8  5  2 -1 -2 -1  1  4  8 11 12 12 10  6  1 -3 -526 3 6B6 534 101720 12999999999999991115 -2999999999999999999999
 -6 -5 -2  1  5  7  8  8  7  4  2  1  2  3  5  9 11 12 12 10  7  2 -2 -526 3 7B6 635  81711 1299999999999999 0 6 -61119  199999999999999
 -7 -7 -5 -2  2  4  6  7  7  6  4  4  4  5  6  9 11 12 11 10  8  4 -1 -426 3 8B6 731  81654 1299999999999999 041 -711 7  499999999999999
 -6 -7 -7 -4 -1  2  4  6  7  7  6  5  5  6  7  9 11 12 11 10  8  5  2 -226 3 9B6 823  717 1 1299999999999999 117 -71111  599999999999999
 -4 -5 -6 -5 -2  0  2  4  6  7  6  6  6  6  7  8 10 11 11 10  8  7  4  126 310B6 915  71723 1199999999999999 157 -61129  599999999999999
 -1 -3 -4 -4 -3 -1  1  2  4  5  6  6  6  6  7  8  9 10 11 10  9  7  6  426 311B61755 11999999999999999999999 243 -4999999999999999999999
  2  0 -1 -2 -2 -1  0  1  2  3  5  5  6  6  6  7  8  9 10 10  9  8  7  626 312B61837 10999999999999999999999 346 -2999999999999999999999
  5  3  2  1 -1 -1 -1 -1  0  1  2  4  5  6  6  7  8  9  9 10 10  9  9  826 313B61930 10999999999999999999999 523 -1999999999999999999999
  8  6  5  3  1  0 -2 -2 -2 -1  0  2  4  6  7  7  8  8  9  9 10 10  9  926 314B62223 10999999999999999999999 7 5 -2999999999999999999999
  9  9  7  5  3  1 -1 -3 -4 -3 -2  0  3  6  7  8  8  8  8  8  8  9  9  926 315B69999999999999999999999999999 8 0 -4999999999999999999999
 10 10 10  8  5  3  0 -3 -5 -5 -4 -2  2  5  8  9  9  8  7  6  6  6  7  826 316B6 1 7 101519  999999999999999 838 -52021  699999999999999
  9 10 11 10  8  4  1 -2 -5 -6 -5 -3  0  4  8 10 10  9  7  5  3  3  3  526 317B6 156 111534 1099999999999999 910 -621 4  399999999999999
  7  9 10 11  9  7  3  0 -3 -5 -6 -4 -1  3  7 10 10  9  7  3  1 -1 -1  026 318B6 242 111548 1199999999999999 939 -62140 -199999999999999
  2  6  9 10 10  9  6  2 -1 -4 -4 -4 -1  3  7 10 11 10  7  3 -1 -4 -6 -526 319B6 329 111558 119999999999999910 4 -42212 -699999999999999
 -3  1  5  9 10 10  8  5  2 -1 -2 -2 -1  2  6  9 11 10  7  3 -2 -7 -9 -926 320B6 420 1016 6 11999999999999991026 -32242 -999999999999999
 -8 -5  0  5  9 10  9  8  5  1  0  0  0  2  5  8 10 10  7  4 -1 -7-11-1226 321B6 515 101617 10999999999999991042 -12314-1299999999999999
-12 -9 -5  0  5  8  9  9  7  4  2  1  2  3  5  7  9  9  8  5  0 -5-10-1226 322B6 613  91636 109999999999999911 1  12353-1399999999999999
-13-12 -9 -5  0  5  7  8  7  6  4  3  3  4  5  6  8  9  8  6  3 -2 -7-1026 323B6 712  817 1  9999999999999991124  3999999999999999999999
-12-13-11 -9 -4  0  3  5  6  6  5  4  4  4  5  6  7  8  8  7  5  2 -2 -626 324B6 810  61732  899999999999999 042-131146  399999999999999
 -9-10-11-10 -8 -5 -1  2  4  4  4  4  4  4  5  6  7  8  8  8  7  5  3  026 325B6 921  41817  899999999999999 147-111150  499999999999999
 -3 -6 -8 -9 -8 -7 -5 -3  0  2  3  3  4  4  5  6  7  8  8  8  8  8  7  526 326B61954  8999999999999999999999 311 -9999999999999999999999
  2  0 -3 -6 -7 -8 -8 -7 -5 -2  0  2  3  4  5  6  7  8  8  8  9  9  9  826 327B62127  9999999999999999999999 536 -8999999999999999999999
  7  5  2 -1 -4 -6 -7 -8 -8 -5 -3  0  2  4  6  6  7  8  8  8  8  9 10 1026 328B623 7 10999999999999999999999 7 6 -8999999999999999999999
 10  9  7  4  1 -2 -5 -8 -9 -7 -5 -2  2  4  6  8  8  8  8  7  7  7  8 1026 329B61716  8999999999999999999999 8 0 -92021  799999999999999
 11 11 10  9  5  2 -2 -5 -7 -7 -6 -2  1  5  8  9  9  9  8  6  5  5  5  726 330B6 059 111540  999999999999999 842 -821 3  599999999999999
  9 11 12 11  9  6  2 -1 -4 -5 -5 -2  2  6  9 11 11 10  8  5  3  2  2  326 331B6 210 121540 1199999999999999 916 -52140  299999999999999
  6  9 11 12 11  9  6  3  0 -2 -2 -1  2  7 10 12 13 11  8  5  2 -1 -2 -126 4 1B6 311 121543 1399999999999999 944 -32210 -299999999999999
  1  5  9 11 12 11  9  7  4  2  1  1  4  7 11 13 14 13 10  5  1 -2 -4 -426 4 2B6 4 9 121546 149999999999999910 5  12236 -599999999999999
 -3  1  5  9 11 12 11  9  7  5  4  4  6  8 12 14 14 13 11  6  1 -3 -6 -726 4 3B6 5 4 121549 15999999999999991021  423 1 -799999999999999
 -6 -2  2  6 10 12 12 11  9  7  6  6  7  9 12 14 15 14 11  7  2 -2 -6 -726 4 4B6 552 121549 15999999999999991031  62327 -799999999999999
 -7 -5 -1  4  8 10 12 12 10  8  7  7  8  9 12 14 14 13 11  8  4 -1 -4 -626 4 5B6 634 121550 14999999999999991031  72355 -799999999999999
 -7 -6 -3  2  6  8 10 11 11  9  8  8  8  9 11 13 14 13 11  9  6  2 -2 -526 4 6B6 714 1116 3 14999999999999991035  8999999999999999999999
 -5 -5 -4  0  4  6  8 10 10  9  8  8  8  9 10 12 13 13 12 10  7  4  1 -226 4 7B6 755 101629 1499999999999999 028 -61052  799999999999999
 -3 -4 -3 -1  2  5  6  8  9  9  8  7  7  8  9 10 12 13 12 10  9  7  4  126 4 8B6 840  917 2 1399999999999999 113 -41116  799999999999999
  0 -1 -2 -1  0  3  5  6  7  8  8  7  7  8  9 10 11 12 13 12 10  9  7  526 4 9B6 938  81742 1399999999999999 214 -21142  799999999999999
  3  1  0  0  0  1  3  4  5  6  7  7  7  7  8  9 10 11 12 12 11 10  9  726 410B61827 13999999999999999999999 325  0999999999999999999999
  6  4  2  1  0  0  1  2  3  4  6  7  8  8  8  9 10 11 11 12 12 11 10  926 411B61920 12999999999999999999999 445  0999999999999999999999
  8  6  4  3  1  0  0  0  1  3  5  7  9  9  9  9 10 10 10 10 11 11 10 1026 412B62035 11999999999999999999999 6 2  0999999999999999999999
  9  9  7  5  3  1  0 -1  0  2  4  6  9 11 11 10  9  9  8  8  8  8  9  926 413B61348 11999999999999999999999 659 -11922  899999999999999
 10 10  9  8  5  3  2  0  0  1  3  6  9 11 12 12 10  8  6  5  4  4  6  726 414B6 056 1014 9 1299999999999999 743  02010  499999999999999
  9 10 11 10  8  6  4  2  1  1  3  6  9 11 13 13 11  8  5  2  0  0  1  326 415B6 2 3 111428 1399999999999999 823  12047  099999999999999
  6  9 11 12 11  9  7  5  3  2  3  5  8 11 13 14 12  8  4  0 -3 -5 -4 -226 416B6 3 0 121442 1499999999999999 9 0  22118 -599999999999999
  2  6 10 13 13 12 10  8  5  4  4  5  8 11 13 14 13  9  5 -1 -5 -8 -9 -726 417B6 353 131454 1499999999999999 935  42147 -999999999999999
 -3  2  7 11 14 14 13 10  8  6  5  6  7 10 12 14 13 10  6  1 -5 -9-11-1126 418B6 443 141510 149999999999999910 5  52217-1199999999999999
 -8 -3  3  9 12 14 14 12 10  8  7  7  7  9 11 13 13 11  8  3 -3 -8-11-1226 419B6 531 141533 14999999999999991027  72252-1299999999999999
-11 -7 -2  4  9 12 13 13 11  9  7  7  8  8 10 12 13 12 10  6  1 -4 -9-1126 420B6 618 1316 3 13999999999999991042  72338-1199999999999999
-11-10 -6 -1  4  8 10 11 11  9  8  7  7  8  9 11 13 13 12  9  5  1 -4 -726 421B6 7 8 111638 13999999999999991058  7999999999999999999999
 -9 -9 -8 -5 -1  3  6  8  9  9  8  7  7  8  9 11 12 13 13 11  9  6  2 -226 422B6 8 6  91721 1399999999999999 042 -911 9  799999999999999
 -5 -7 -7 -6 -4 -1  2  4  6  7  7  7  7  8  9 10 11 12 13 13 12 10  7  426 423B61823 13999999999999999999999 159 -7999999999999999999999
  1 -2 -4 -5 -5 -4 -2  0  3  5  6  7  8  8  9 10 11 12 12 12 13 12 11  926 424B620 4 13999999999999999999999 323 -6999999999999999999999
  6  3  0 -2 -4 -4 -4 -3  0  3  5  7  8  9 10 10 11 11 11 11 12 12 12 1126 425B62127 13999999999999999999999 511 -4999999999999999999999
 10  8  5  2  0 -2 -3 -3 -1  2  5  7  9 11 11 11 11 11 10 10 10 10 12 1226 426B61413 1123 9 1299999999999999 629 -31938 1099999999999999
 12 11  9  7  4  2  0 -1 -1  2  5  8 11 12 13 13 12 10  9  8  7  7  9 1026 427B614 7 13999999999999999999999 719 -12020  799999999999999
 12 12 12 11  9  6  4  3  2  3  6  9 12 14 15 15 13 11  8  6  5  4  5  726 428B6 117 121410 1599999999999999 8 0  22055  499999999999999
 10 12 13 13 13 11  9  7  6  6  7 10 13 16 17 16 14 12  8  5  2  1  1  326 429B6 240 141414 1799999999999999 837  62122  199999999999999
  7 10 13 15 15 15 13 11 10  9 10 12 14 17 18 18 16 13  9  5  1 -1 -2  026 430B6 350 151422 1899999999999999 9 9  92145 -299999999999999
  3  8 12 15 16 17 16 15 13 12 12 13 15 17 19 19 17 14 10  5  1 -2 -3 -226 5 1B6 445 171433 1999999999999999 936 1222 6 -399999999999999
  1  5 10 14 17 18 18 16 15 14 14 14 15 17 19 19 18 15 11  7  2 -2 -3 -326 5 2B6 523 181444 1999999999999999 957 142229 -499999999999999
 -1  3  8 12 16 18 18 17 16 15 14 14 15 17 19 19 18 16 13  9  4  0 -2 -326 5 3B6 552 181455 199999999999999910 6 142254 -399999999999999
 -2  1  6 11 14 16 17 17 16 14 14 14 15 16 18 19 19 17 14 11  6  2 -1 -226 5 4B6 619 181514 199999999999999910 2 142324 -299999999999999
 -2  0  4  9 12 14 16 16 15 14 13 13 14 15 17 18 19 17 15 12  9  5  2  026 5 5B6 651 161540 199999999999999910 9 13999999999999999999999
  0  0  2  6 10 12 14 15 15 13 12 12 13 14 15 17 19 18 16 14 11  8  5  226 5 6B6 731 151613 1999999999999999 0 5  01028 1299999999999999
  1  1  2  4  7 10 11 12 13 13 12 12 12 13 14 16 18 19 17 15 13 11  8  526 5 7B6 821 131649 1999999999999999 1 2  11053 1299999999999999
  3  2  2  3  5  8  9 11 12 13 13 12 12 13 14 15 17 18 18 16 14 13 10  826 5 8B6 922 131728 1899999999999999 2 2  21124 1299999999999999
  5  4  3  3  3  5  8  9 11 12 13 13 13 13 14 14 15 16 17 17 15 14 12 1026 5 9B61812 17999999999999999999999 256  3999999999999999999999
  8  6  4  4  3  4  6  8 10 12 13 14 14 14 13 14 14 14 15 15 15 14 13 1226 510B61129 1419 8 1599999999999999 346  31415 1399999999999999
 10  8  6  5  5  5  6  7 10 12 13 15 16 15 14 13 12 12 12 12 13 13 12 1226 511B612 6 162044 1399999999999999 435  51750 1299999999999999
 12 11  9  8  7  7  7  8 10 12 14 15 17 17 15 13 11 10  9  8  9 10 11 1226 512B61233 17999999999999999999999 532  71857  899999999999999
 13 13 13 11 10 10  9  9 10 12 14 16 17 18 17 14 11  8  6  4  4  5  8 1026 513B6 1 5 131255 1899999999999999 639  91940  499999999999999
 12 14 15 15 14 13 12 11 11 12 14 16 17 18 18 15 12  7  4  1  0  0  3  626 514B6 218 151311 1899999999999999 741 112015  099999999999999
 10 14 16 18 17 16 15 14 13 13 14 16 17 19 18 17 13  9  4  0 -3 -4 -2  226 515B6 317 181330 1999999999999999 836 132049 -499999999999999
  7 11 16 19 20 19 18 16 15 14 14 15 17 18 19 18 15 11  6  0 -4 -6 -5 -326 516B6 4 6 201357 1999999999999999 923 142125 -699999999999999
  2  8 13 17 20 20 19 17 16 14 14 15 16 18 19 19 17 14  9  3 -2 -5 -7 -626 517B6 449 201432 1999999999999999 956 1422 4 -799999999999999
 -3  3  9 14 18 19 20 18 16 14 14 14 15 17 19 20 19 17 13  8  2 -3 -6 -626 518B6 531 201511 209999999999999910 6 142252 -699999999999999
 -5 -2  4  9 14 17 18 18 16 14 13 14 14 16 18 20 20 19 17 13  8  2 -2 -526 519B6 616 181552 20999999999999991011 132352 -599999999999999
 -5 -4 -1  4  9 13 15 16 15 14 13 13 14 15 17 19 20 21 19 17 13  8  3 -126 520B6 7 9 161635 21999999999999991023 13999999999999999999999
 -3 -4 -3  0  4  8 11 13 14 14 13 13 14 15 16 18 20 20 20 19 17 13  8  426 521B6 810 141722 2099999999999999 058 -41034 1399999999999999
  1 -1 -2 -1  1  4  7 10 13 14 14 14 14 15 16 17 18 19 19 19 19 16 13  926 522B61827 20999999999999999999999 2 1 -2999999999999999999999
  6  3  1  0  1  2  5  8 11 14 15 15 15 15 16 16 17 17 17 18 18 18 16 1326 523B620 2 18999999999999999999999 258  0999999999999999999999
 10  8  5  3  3  3  5  7 11 14 16 17 17 17 16 16 15 15 15 15 16 16 16 1526 524B61213 172128 1699999999999999 350  31840 1599999999999999
 14 12 10  8  7  6  7  8 11 14 17 18 19 19 18 16 15 14 13 12 12 13 15 1526 525B612 8 192333 1599999999999999 437  61923 1299999999999999
 15 15 14 13 11 11 11 11 13 15 18 20 21 21 19 17 15 12 11  9  9 10 12 1426 526B61213 21999999999999999999999 524 111957  999999999999999
 16 17 17 17 16 16 15 15 16 17 19 21 23 23 21 19 16 12 10  8  6  7  8 1126 527B6 2 5 171228 2399999999999999 642 152025  699999999999999
 15 17 19 20 20 20 19 19 19 19 20 22 23 24 23 21 17 14 10  7  5  4  6  926 528B6 347 201249 2499999999999999 759 192050  499999999999999
 13 17 20 22 23 23 23 22 22 21 22 22 24 25 24 22 19 15 11  8  5  4  4  626 529B6 450 231314 2599999999999999 9 1 212113  499999999999999
 10 15 19 22 24 24 24 24 23 22 22 23 24 25 25 24 21 18 13  9  6  4  4  526 530B6 516 241340 2599999999999999 944 222139  399999999999999
  9 13 18 22 24 25 25 24 23 23 22 23 23 24 25 25 23 20 16 12  8  5  4  526 531B6 527 2514 6 2599999999999999 955 2222 9  499999999999999
  7 11 16 20 23 24 24 24 22 22 22 22 23 24 25 25 24 22 18 14 10  7  5  526 6 1B6 540 241433 2599999999999999 942 222244  599999999999999
  6  9 14 18 21 23 23 23 21 21 20 21 22 23 25 26 25 23 20 17 13  9  7  526 6 2B6 6 3 2315 1 2699999999999999 932 202325  599999999999999
  6  8 11 16 19 21 22 22 21 20 19 20 21 22 24 26 26 24 22 19 15 11  8  626 6 3B6 636 221531 2699999999999999 942 19999999999999999999999
  6  6  9 13 16 18 20 21 21 19 19 19 20 21 23 25 26 25 23 21 18 14 10  826 6 4B6 719 2116 3 2699999999999999 010  610 5 1999999999999999
  6  6  7 10 14 16 18 20 20 20 19 19 19 20 21 23 25 25 24 21 19 16 12  926 6 5B6 8 8 201638 2699999999999999 056  61039 1899999999999999
  7  7  7  8 11 15 17 19 20 21 20 19 19 20 20 21 23 24 24 22 20 17 14 1126 6 6B6 855 211717 2499999999999999 135  61132 1999999999999999
  9  8  8  8 10 13 16 18 20 21 21 20 19 19 19 19 20 21 22 21 20 18 16 1426 6 7B6 935 2118 6 2299999999999999 2 5  81330 1999999999999999
 11 10  9 10 11 13 16 19 20 22 22 22 20 19 17 17 17 17 18 19 19 18 17 1626 6 8B610 6 221922 1999999999999999 218  91549 1799999999999999
 14 13 12 12 13 14 16 19 21 22 23 23 22 19 17 15 14 13 14 15 16 17 17 1726 6 9B61020 232313 1799999999999999 229 1217 9 1399999999999999
 17 16 16 15 16 16 17 19 21 23 24 24 23 21 17 14 12 11 10 10 12 14 16 1726 610B61015 24999999999999999999999 254 151810 1099999999999999
 19 19 19 19 19 19 20 20 22 23 24 24 23 22 19 15 12  9  7  7  8 10 13 1626 611B6 122 191027 2499999999999999 330 191859  799999999999999
 19 21 22 22 22 22 22 22 22 23 24 25 24 23 21 18 13  9  6  5  4  6  9 1326 612B6 233 2211 4 2599999999999999 715 221945  499999999999999
 17 21 23 25 24 24 24 23 23 23 23 24 25 25 23 21 17 12  8  5  3  3  5  926 613B6 325 2512 8 2599999999999999 830 232031  299999999999999
 14 18 22 25 26 25 25 24 23 22 23 24 25 26 25 24 21 16 11  7  3  1  2  426 614B6 4 9 261322 2699999999999999 913 222121  199999999999999
  9 14 19 23 25 26 25 24 22 22 22 23 24 26 27 27 25 21 17 11  6  3  1  226 615B6 450 261420 2799999999999999 929 222214  199999999999999
  4  9 15 19 23 24 24 23 22 21 21 22 23 25 27 29 28 26 22 16 11  6  2  126 616B6 534 2515 9 2999999999999999 925 212310  199999999999999
  2  5 10 15 19 22 23 23 22 21 20 21 22 24 27 29 30 29 26 22 16 10  5  326 617B6 621 231553 3099999999999999 937 20999999999999999999999
  1  2  6 10 15 19 21 22 22 21 20 20 21 23 25 28 29 29 28 25 21 15 10  626 618B6 710 221636 2999999999999999 0 5  110 1 2099999999999999
  3  2  4  7 12 16 19 21 22 21 21 21 21 22 23 25 27 28 28 27 24 19 15 1026 619B6 758 221722 2899999999999999 054  21040 2099999999999999
  7  5  5  7 10 14 17 21 23 23 22 21 21 21 22 23 24 25 25 25 25 22 18 1526 620B6 841 231835 2699999999999999 136  51246 2199999999999999
 12  9  8  9 11 14 17 20 23 24 24 23 22 21 20 20 21 21 22 22 23 22 21 1826 621B6 915 2420 8 2399999999999999 211  81433 2099999999999999
 16 14 12 12 13 15 18 21 24 26 26 25 24 22 20 19 18 18 18 19 20 21 21 2026 622B6 942 262138 2199999999999999 239 1217 0 1899999999999999
 19 18 17 17 18 19 20 22 25 27 28 27 26 24 21 19 17 16 15 15 16 18 20 2126 623B610 7 28999999999999999999999 3 0 171836 1599999999999999
 22 22 22 22 22 23 24 25 26 28 29 29 28 26 23 20 17 15 14 13 14 15 18 2126 624B61032 299999999999999999999991910 13999999999999999999999
 23 24 25 25 26 26 27 28 28 28 29 30 29 27 25 22 18 16 14 12 12 13 16 1926 625B61059 309999999999999999999991941 12999999999999999999999
 22 25 27 28 29 29 29 30 30 29 30 30 30 29 27 24 21 18 15 13 12 12 14 1726 626B61133 309999999999999999999992014 12999999999999999999999
 21 25 27 29 30 31 31 31 30 30 30 30 30 30 29 27 24 21 17 14 13 12 13 1626 627B6 556 319999999999999999999992050 12999999999999999999999
 19 23 27 29 30 31 31 31 30 30 30 30 30 31 30 29 27 24 20 17 14 13 13 1426 628B6 538 311318 31999999999999991028 302129 1299999999999999
 17 21 25 28 30 31 31 30 30 29 29 30 30 31 32 31 29 27 23 19 16 13 12 1326 629B6 529 3114 2 3299999999999999 924 2922 9 1299999999999999
 15 19 23 27 29 30 30 29 28 28 28 29 30 31 32 32 31 29 26 22 18 15 13 1226 630B6 532 301433 3399999999999999 9 4 282249 1299999999999999
 13 17 21 24 27 29 29 28 27 27 27 28 29 31 33 33 33 31 28 24 19 16 13 1226 7 1B6 553 291458 3399999999999999 9 7 272325 1199999999999999
 12 14 18 22 25 27 28 28 27 26 26 27 28 29 32 33 33 32 29 26 21 17 14 1226 7 2B6 625 281525 3499999999999999 929 262358 1199999999999999
 11 12 15 20 24 26 28 28 27 26 25 26 26 28 30 32 33 32 29 27 23 18 15 1226 7 3B6 7 0 281556 339999999999999910 5 25999999999999999999999
 12 12 14 18 22 25 27 28 28 27 25 25 25 26 27 29 31 31 29 27 24 20 16 1426 7 4B6 732 281633 3199999999999999 026 111057 2599999999999999
 13 13 14 16 21 24 27 28 29 28 26 24 23 23 24 25 27 28 28 27 25 22 19 1626 7 5B6 758 291720 2999999999999999 041 131227 2399999999999999
 15 15 15 17 20 24 27 28 29 29 27 24 22 21 21 21 22 24 26 26 25 23 21 1926 7 6B6 812 291826 2699999999999999 043 141411 2199999999999999
 18 17 18 19 21 24 27 29 30 29 28 25 22 20 18 18 18 20 22 23 24 24 23 2226 7 7B6 8 8 302013 2499999999999999 057 1715 9 1899999999999999
 21 20 21 21 23 25 27 29 30 30 29 26 24 20 17 16 15 16 17 19 22 23 24 2426 7 8B6 816 30999999999999999999999 122 2016 2 1599999999999999
 24 24 24 24 25 27 28 29 30 31 30 28 25 22 18 15 14 13 14 15 18 21 23 2426 7 9B6 838 3199999999999999999999917 5 13999999999999999999999
 26 26 27 27 27 28 29 29 30 31 30 29 27 25 21 17 15 13 12 12 14 17 20 2326 710B6 911 319999999999999999999991821 12999999999999999999999
 25 27 28 29 29 29 30 30 30 30 31 30 29 28 25 22 18 15 12 11 11 13 16 2026 711B610 2 319999999999999999999991931 11999999999999999999999
 23 26 29 30 30 30 30 30 30 30 30 31 31 31 29 27 23 19 15 12 10 10 12 1626 712B61132 319999999999999999999992035 10999999999999999999999
 20 23 27 29 30 30 30 29 29 29 30 31 32 33 33 31 28 24 19 15 11  9  9 1126 713B6 426 301323 3399999999999999 843 292134  999999999999999
 15 19 24 27 29 30 29 29 28 28 29 30 32 34 35 35 33 30 25 19 14 10  8  826 714B6 5 5 301425 3599999999999999 843 282228  899999999999999
 11 15 20 24 27 29 29 29 28 27 28 29 31 33 36 37 36 34 30 24 18 13  9  726 715B6 542 291512 3799999999999999 857 272314  799999999999999
  8 11 16 21 25 28 29 29 28 27 27 27 29 31 34 36 37 36 33 29 22 16 12  926 716B6 616 291554 3799999999999999 934 272353  899999999999999
  8 10 14 19 23 27 29 30 29 27 26 26 27 28 31 34 35 36 34 31 26 21 16 1226 717B6 647 301638 36999999999999991031 26999999999999999999999
 10 11 13 17 22 26 29 31 30 28 27 26 25 26 27 30 32 33 33 32 29 24 20 1626 718B6 715 311735 3399999999999999 026 1012 1 2599999999999999
 14 14 15 18 22 26 29 31 32 30 28 26 25 24 24 25 27 29 30 30 29 27 24 2126 719B6 741 321858 3099999999999999 054 141318 2499999999999999
 19 18 18 20 24 27 30 32 33 32 30 27 25 23 22 22 23 25 26 27 28 28 26 2426 720B6 8 6 332020 2899999999999999 117 181420 2299999999999999
 23 23 22 24 26 29 31 32 34 34 32 29 26 23 21 20 20 21 22 24 25 27 27 2726 721B6 830 342145 2799999999999999 135 221515 2099999999999999
 27 27 27 27 29 31 32 33 34 35 34 31 28 25 22 20 19 19 20 21 23 25 27 2826 722B6 854 35999999999999999999999 112 271610 1999999999999999
 29 29 30 30 31 33 34 34 34 35 34 33 30 27 25 22 20 19 19 20 21 23 26 2826 723B6 912 359999999999999999999991715 19999999999999999999999
 30 31 32 33 33 34 35 35 35 35 35 34 32 30 27 25 22 21 20 20 20 22 24 2726 724B6 647 359999999999999999999991840 20999999999999999999999
 30 31 33 34 34 35 36 36 36 35 35 34 34 33 31 28 26 24 22 20 20 21 22 2526 725B6 656 369999999999999999999991950 20999999999999999999999
 28 31 33 34 35 35 36 36 36 35 35 35 35 35 33 32 29 27 24 22 20 20 21 2326 726B6 653 369999999999999999999992046 20999999999999999999999
 26 29 32 34 34 35 35 35 35 35 35 35 35 36 36 35 32 30 27 24 21 20 20 2126 727B61325 369999999999999999999992131 19999999999999999999999
 24 27 31 33 34 35 35 34 34 34 34 35 36 37 37 37 35 32 29 25 22 19 18 1926 728B6 546 3514 6 3799999999999999 829 3422 7 1899999999999999
 21 25 29 32 34 34 34 34 33 33 33 34 36 37 38 38 37 34 31 27 23 19 17 1726 729B6 522 341434 3899999999999999 848 332237 1799999999999999
 19 23 27 31 33 34 34 33 32 32 32 33 34 36 38 39 38 36 32 28 24 20 17 1626 730B6 531 341457 3999999999999999 916 3223 3 1699999999999999
 17 20 25 29 32 34 35 34 32 31 30 31 32 34 36 38 38 36 33 30 25 21 18 1726 731B6 550 351525 3899999999999999 953 302325 1799999999999999
 17 19 23 28 32 34 35 34 32 30 28 28 29 30 33 35 36 36 33 31 27 22 19 1826 8 1B6 6 9 3516 1 36999999999999991040 282336 1899999999999999
 18 19 22 27 31 34 35 34 33 30 27 26 26 26 28 31 34 34 33 31 28 25 22 2026 8 2B6 621 351647 34999999999999991137 252338 2099999999999999
 20 20 23 26 31 33 35 34 33 30 26 24 23 23 23 26 29 31 32 31 30 27 25 2326 8 3B6 618 351747 32999999999999991236 232349 2299999999999999
 22 23 24 27 30 33 35 35 33 31 27 23 21 20 20 21 24 27 29 30 30 29 28 2626 8 4B6 622 351914 30999999999999991327 20999999999999999999999
 25 25 26 28 30 33 34 35 34 31 28 24 21 19 18 18 20 23 26 28 29 30 29 2926 8 5B6 640 352059 3099999999999999 013 251413 1899999999999999
 28 28 28 30 31 33 34 35 34 32 30 26 23 20 17 17 17 19 22 25 27 29 30 3026 8 6B6 7 6 35999999999999999999999 042 2815 2 1799999999999999
 30 30 30 31 32 33 34 35 35 34 32 29 26 23 20 18 17 17 18 21 24 26 28 2926 8 7B6 741 3599999999999999999999916 9 17999999999999999999999
 30 31 31 32 32 33 34 34 35 35 34 32 30 27 24 21 19 18 17 18 20 22 25 2726 8 8B6 833 359999999999999999999991813 17999999999999999999999
 29 31 32 32 33 33 34 34 34 35 35 34 33 32 30 27 23 21 18 17 17 18 21 2426 8 9B6 950 359999999999999999999991942 16999999999999999999999
 26 29 31 32 32 33 34 34 34 34 35 36 36 36 35 32 29 25 21 18 16 15 16 1926 810B61149 369999999999999999999992048 15999999999999999999999
 23 26 29 32 33 33 33 33 33 34 35 36 38 39 39 37 34 30 25 21 17 14 13 1526 811B61334 399999999999999999999992140 13999999999999999999999
 19 23 27 31 33 33 33 33 33 33 33 35 37 39 40 40 39 35 30 24 19 15 13 1326 812B6 517 331429 4199999999999999 843 322222 1399999999999999
 16 21 26 30 33 34 34 33 32 31 31 32 34 37 40 41 40 38 34 28 23 18 15 1326 813B6 524 341515 4199999999999999 928 312255 1399999999999999
 15 19 24 29 33 35 35 34 32 30 29 29 31 33 37 39 40 39 36 32 26 21 18 1626 814B6 540 3516 1 40999999999999991021 292323 1699999999999999
 16 19 24 29 33 35 36 35 32 30 28 27 27 29 32 35 37 38 37 34 30 25 22 1926 815B6 557 361656 38999999999999991116 272346 1999999999999999
 19 21 24 29 33 36 37 36 34 30 27 25 25 25 27 31 33 35 36 35 32 29 26 2426 816B6 614 3718 4 369999999999999912 9 25999999999999999999999
 23 24 26 30 34 36 38 38 36 32 28 25 23 22 23 26 29 31 33 34 33 31 29 2726 817B6 632 381915 3499999999999999 0 4 231257 2299999999999999
 27 27 29 31 35 37 38 38 37 34 29 26 23 21 21 23 25 28 30 32 33 33 31 3026 818B6 648 382022 3399999999999999 017 271341 212359 309999999
 30 30 31 33 36 37 38 38 37 35 32 28 25 22 21 21 23 25 27 29 31 33 33 3226 819B6 645 389999999999999999999991424 21999999999999999999999
 32 33 33 34 36 38 38 38 37 36 34 30 27 25 23 22 22 24 26 27 29 31 33 3326 820B6 547 389999999999999999999991510 22999999999999999999999
 33 34 35 35 36 38 38 38 37 36 35 33 30 28 26 24 24 24 25 26 27 30 32 3326 821B6 557 3899999999999999999999916 5 24999999999999999999999
 34 34 35 36 37 38 38 38 37 37 36 35 33 31 30 28 26 25 25 26 26 28 30 3226 822B6 621 389999999999999999999991738 25999999999999999999999
 33 34 35 36 37 37 38 38 38 37 37 36 36 35 33 31 30 28 26 26 25 26 27 3026 823B6 656 389999999999999999999991943 25999999999999999999999
 32 34 35 36 36 37 37 38 38 38 37 37 37 37 36 34 32 30 28 26 25 24 25 2726 824B6 746 389999999999999999999992038 24999999999999999999999
 30 33 35 36 36 37 37 37 37 37 37 38 38 39 39 37 35 32 29 26 24 23 23 2526 825B61318 399999999999999999999992112 23999999999999999999999
 28 31 34 36 37 37 37 36 36 36 37 37 38 39 40 39 37 34 31 27 24 22 22 2326 826B6 516 371358 4099999999999999 817 362138 2299999999999999
 26 30 34 36 37 37 37 36 35 34 35 36 37 39 40 40 38 36 32 28 24 22 21 2226 827B6 426 371431 4099999999999999 9 2 3422 3 2199999999999999
 24 28 33 36 38 38 37 35 33 32 32 32 34 37 39 40 39 37 33 29 26 23 21 2126 828B6 434 3815 4 4099999999999999 941 322224 2199999999999999
 23 27 32 36 38 38 37 35 32 29 28 29 30 33 36 38 38 37 35 31 27 24 22 2226 829B6 445 381542 39999999999999991017 282241 2299999999999999
 23 27 31 35 38 38 37 35 31 27 25 25 26 28 32 35 37 37 36 33 30 26 24 2426 830B6 450 381628 37999999999999991050 252249 2499999999999999
 25 27 30 34 37 38 37 35 31 26 23 21 21 23 26 31 34 36 36 35 32 29 27 2626 831B6 451 381723 36999999999999991122 2123 0 2699999999999999
 26 28 30 33 37 38 37 35 31 26 22 19 18 19 21 25 30 33 35 35 34 32 29 2826 9 1B6 5 0 381832 35999999999999991157 182320 2899999999999999
 28 29 31 33 35 37 37 35 32 27 23 19 17 17 18 21 25 29 32 34 34 33 31 3026 9 2B6 518 371943 34999999999999991238 172348 3099999999999999
 30 30 31 33 35 36 36 35 33 29 25 21 18 17 17 18 21 25 28 31 32 33 32 3126 9 3B6 543 362052 33999999999999991327 17999999999999999999999
 31 31 32 33 34 35 36 36 34 32 28 25 22 19 18 18 19 21 24 27 29 31 31 3126 9 4B6 615 36999999999999999999999 017 311429 1899999999999999
 31 31 32 33 34 35 35 36 35 34 32 29 27 24 21 20 19 20 21 23 25 28 29 3026 9 5B6 7 6 3699999999999999999999916 3 19999999999999999999999
 31 31 32 33 34 35 35 36 36 36 35 33 32 29 27 24 22 20 20 20 21 23 26 2726 9 6B6 831 369999999999999999999991832 19999999999999999999999
 29 31 32 32 33 35 35 35 36 36 37 37 36 34 32 29 26 23 20 18 18 19 22 2526 9 7B610 3 379999999999999999999991948 18999999999999999999999
 27 30 32 33 33 34 35 35 35 36 37 38 38 38 37 34 31 27 23 20 17 17 19 2226 9 8B61211 389999999999999999999992041 17999999999999999999999
 25 29 31 33 34 34 35 34 34 34 35 37 38 39 40 38 35 31 27 22 19 17 17 2026 9 9B6 559 351337 4099999999999999 828 342123 1799999999999999
 23 28 31 34 35 35 34 33 32 32 32 34 36 39 40 40 39 35 31 26 22 19 18 1926 910B6 425 351435 4099999999999999 913 322157 1899999999999999
 23 27 32 35 37 37 35 33 31 29 29 30 32 35 38 40 40 38 34 30 25 22 20 2126 911B6 429 371529 4099999999999999 955 292224 2099999999999999
 23 27 32 36 38 38 36 33 30 27 26 26 27 31 34 37 39 39 37 33 29 26 24 2326 912B6 437 381625 39999999999999991034 262245 2399999999999999
 25 28 33 36 39 39 38 34 30 26 24 22 23 26 30 34 36 38 38 36 32 29 27 2726 913B6 446 391724 389999999999999911 9 2223 3 2799999999999999
 27 30 33 37 39 40 39 36 31 26 23 21 20 22 25 30 33 36 37 37 35 32 30 3026 914B6 453 401822 37999999999999991144 202314 3099999999999999
 30 31 34 37 39 40 39 37 32 27 23 20 19 20 22 26 30 33 35 36 36 34 32 3226 915B6 452 401916 36999999999999991219 192313 3299999999999999
 32 33 35 37 39 39 39 37 34 30 25 22 20 19 21 24 27 30 33 35 36 35 34 3326 916B6 441 3920 6 36999999999999991256 1923 8 3399999999999999
 33 34 35 37 39 39 38 37 35 32 28 24 22 21 21 23 26 28 30 32 34 35 34 3326 917B6 445 392056 35999999999999991338 212318 3399999999999999
 34 34 35 36 38 39 38 37 35 34 31 28 25 24 23 23 25 27 29 30 32 33 34 3326 918B6 5 4 399999999999999999999991428 23999999999999999999999
 33 34 35 35 37 38 38 37 36 35 33 31 29 27 26 25 25 26 27 28 29 31 32 3326 919B6 534 389999999999999999999991531 25999999999999999999999
 33 34 34 35 36 37 38 37 36 36 35 34 32 31 29 28 27 26 26 27 28 29 30 3226 920B6 612 3899999999999999999999917 0 26999999999999999999999
 33 33 34 35 36 36 37 38 37 36 36 35 35 33 32 30 29 27 26 26 26 27 28 3126 921B6 655 389999999999999999999991853 26999999999999999999999
 33 34 34 35 36 36 36 37 37 37 36 36 36 36 34 32 30 28 26 25 25 25 27 2926 922B6 751 379999999999999999999991945 25999999999999999999999
 32 34 35 36 36 36 36 35 35 36 36 36 36 37 36 34 32 30 27 25 24 24 25 2826 923B61256 379999999999999999999992019 24999999999999999999999
 31 34 36 37 36 36 35 34 33 33 34 35 36 37 37 36 34 31 29 26 24 23 24 2726 924B6 258 371349 3799999999999999 820 332049 2399999999999999
 30 34 36 38 37 36 34 32 30 30 30 32 33 35 37 37 36 33 30 27 25 24 24 2626 925B6 310 381437 3799999999999999 859 302117 2499999999999999
 29 33 36 38 38 36 33 30 27 26 26 27 30 33 35 37 37 35 33 29 27 25 25 2626 926B6 324 381524 3799999999999999 931 252143 2599999999999999
 29 32 36 38 38 36 33 29 25 22 21 22 25 29 33 36 37 37 35 32 29 27 26 2726 927B6 333 381613 3799999999999999 959 2122 5 2699999999999999
 28 32 35 38 38 36 33 28 23 19 17 18 20 23 29 33 36 37 36 34 31 29 28 2826 928B6 339 3817 2 37999999999999991024 172222 2899999999999999
 29 31 34 37 37 36 33 29 23 18 15 14 15 19 23 29 34 36 36 35 33 31 29 2926 929B6 351 371753 36999999999999991052 142240 2999999999999999
 29 30 33 35 37 36 33 30 25 19 15 13 13 15 19 24 29 33 35 35 34 32 30 2926 930B6 410 371846 35999999999999991125 1323 3 2999999999999999
 30 30 32 34 35 35 34 31 27 22 18 14 13 14 16 19 24 29 31 33 33 32 31 292610 1B6 436 361940 33999999999999991210 132326 2999999999999999
 30 30 31 33 34 35 34 32 30 26 22 18 16 15 15 17 20 24 27 29 31 31 30 292610 2B6 510 352042 31999999999999991313 152343 2999999999999999
 29 30 31 32 33 34 34 34 32 30 27 23 20 18 17 17 18 19 22 25 27 28 29 292610 3B6 553 349999999999999999999991436 16999999999999999999999
 29 29 30 31 33 34 34 34 34 33 31 28 26 23 20 18 18 18 18 20 23 25 26 282610 4B6 7 6 349999999999999999999991635 18999999999999999999999
 29 29 30 31 32 33 34 34 34 34 34 32 30 28 25 22 20 18 17 17 19 22 24 262610 5B6 840 359999999999999999999991827 17999999999999999999999
 28 30 30 31 32 33 33 33 33 34 35 34 34 32 30 27 23 21 18 17 17 19 22 252610 6B610 9 359999999999999999999991928 17999999999999999999999
 28 30 31 32 32 32 32 32 31 32 33 34 35 35 33 31 28 24 21 19 18 18 21 242610 7B6 520 321218 3599999999999999 753 312013 1799999999999999
 28 30 33 33 33 32 31 30 29 29 30 32 33 35 35 34 32 29 25 22 20 20 21 242610 8B6 3 5 331349 3599999999999999 839 292051 2099999999999999
 28 31 34 35 34 33 30 28 26 25 25 27 30 33 35 36 35 32 29 26 24 22 23 252610 9B6 3 9 351457 3699999999999999 918 252123 2299999999999999
 28 32 35 36 36 34 31 27 24 22 21 23 26 30 33 35 36 35 33 30 28 26 26 27261010B6 315 361559 3699999999999999 950 212150 2599999999999999
 29 33 36 37 37 35 31 27 23 20 18 19 21 25 30 34 36 36 35 33 31 29 28 29261011B6 321 381654 36999999999999991017 182212 2899999999999999
 30 33 36 38 38 36 33 28 23 19 16 16 18 21 26 31 34 36 36 35 33 31 30 30261012B6 328 381742 36999999999999991044 162229 3099999999999999
 31 33 36 38 38 36 34 29 24 19 16 15 15 18 23 28 32 34 36 36 34 32 31 31261013B6 333 381823 36999999999999991111 152236 3199999999999999
 32 33 36 37 38 36 34 31 26 21 17 16 15 17 21 25 29 32 34 35 34 33 31 31261014B6 339 3819 1 35999999999999991142 152235 3199999999999999
 32 33 34 36 37 36 34 32 28 24 20 18 17 17 19 23 27 30 32 33 33 32 31 31261015B6 351 371941 34999999999999991219 172243 3199999999999999
 31 32 33 35 36 36 34 32 30 27 23 20 19 19 19 22 25 27 29 31 32 32 31 30261016B6 414 362026 329999999999999913 8 1923 0 3099999999999999
 30 31 32 34 35 36 35 33 31 29 26 24 22 21 20 21 23 25 27 28 29 30 30 30261017B6 445 362121 309999999999999914 6 202322 3099999999999999
 30 31 31 32 34 35 35 33 32 31 29 27 24 23 22 21 22 23 25 26 27 29 30 30261018B6 521 359999999999999999999991510 21999999999999999999999
 30 30 31 32 33 34 35 34 33 32 31 29 27 25 24 23 22 22 23 24 25 27 29 30261019B6 6 0 359999999999999999999991616 22999999999999999999999
 30 31 31 31 32 33 33 34 33 32 31 30 29 27 25 24 23 22 22 23 24 26 28 30261020B6 642 349999999999999999999991725 22999999999999999999999
 31 32 31 31 31 31 31 32 32 31 31 30 30 29 27 26 24 23 22 22 23 25 27 29261021B6 736 329999999999999999999991823 22999999999999999999999
 32 33 33 32 31 30 29 29 29 29 29 29 30 30 29 28 26 25 23 23 23 25 27 29261022B6 120 331242 3099999999999999 715 291911 2399999999999999
 32 33 34 32 31 29 27 25 25 25 26 28 29 30 31 30 28 27 25 24 24 25 27 29261023B6 141 341353 3199999999999999 759 251954 2499999999999999
 31 33 34 33 31 28 25 22 21 20 22 24 27 29 31 32 31 29 28 26 25 25 26 28261024B6 2 1 341452 3299999999999999 832 202035 2599999999999999
 31 33 34 34 31 27 23 19 17 16 17 19 23 27 31 33 33 32 30 28 27 26 26 28261025B6 215 341544 3399999999999999 9 1 162114 2699999999999999
 30 32 34 34 32 28 23 18 14 12 12 14 18 23 28 32 34 34 32 30 28 27 27 27261026B6 228 341630 3499999999999999 929 122148 2799999999999999
 29 31 33 34 32 29 24 18 13 10  9 10 13 19 25 30 33 34 33 32 29 27 27 27261027B6 244 341713 3499999999999999 958  92211 2799999999999999
 28 30 32 33 32 30 26 20 15 10  8  8 10 14 19 25 30 32 33 32 30 27 26 26261028B6 3 9 331756 33999999999999991031  72224 2699999999999999
 27 28 30 32 32 31 28 23 18 13  9  8  8 10 14 20 25 28 30 30 29 27 26 26261029B6 341 321843 30999999999999991114  82239 2699999999999999
 26 27 29 31 32 31 29 26 22 17 13 10  9  9 11 15 19 23 26 27 27 27 25 25261030B6 418 321938 28999999999999991215  92254 2599999999999999
 25 26 28 29 31 31 31 29 26 22 18 14 11 10 10 12 14 18 21 23 25 25 25 24261031B6 5 1 312049 25999999999999991332 1023 0 2499999999999999
 25 26 27 28 30 31 31 30 29 26 23 19 16 13 11 11 12 14 16 19 22 23 24 242611 1B6 552 319999999999999999999991450 11999999999999999999999
 25 25 26 27 29 29 30 30 30 29 26 24 20 17 15 13 12 12 13 16 19 21 23 242611 2B6 712 309999999999999999999991615 12999999999999999999999
 25 26 26 27 27 28 28 28 29 29 28 27 24 22 19 16 14 13 13 14 17 20 23 252611 3B6 842 299999999999999999999991741 13999999999999999999999
 26 27 27 27 27 26 26 26 26 27 28 27 27 25 23 20 18 16 15 15 17 19 23 252611 4B6 251 271015 2899999999999999 7 5 261842 1599999999999999
 27 28 28 27 26 25 24 23 22 23 25 26 27 27 26 25 23 21 19 18 18 20 23 262611 5B6 131 281245 2799999999999999 751 221930 1899999999999999
 28 30 30 29 26 24 22 20 19 19 20 23 25 27 28 28 27 25 24 22 22 22 24 272611 6B6 136 301422 2899999999999999 829 192014 2299999999999999
 29 31 31 30 28 24 21 18 16 15 16 19 22 26 28 30 30 29 28 26 25 25 26 272611 7B6 144 311538 3099999999999999 9 0 152055 2599999999999999
 30 32 32 31 29 25 21 17 14 12 12 15 19 23 27 30 31 31 31 29 28 27 27 282611 8B6 155 321636 3299999999999999 926 122132 2799999999999999
 30 32 33 32 30 27 22 17 13 11 10 12 15 20 25 29 31 32 32 31 30 29 28 292611 9B6 210 331716 3299999999999999 951 1022 1 2899999999999999
 30 32 33 33 31 28 24 19 14 11 10 10 13 17 22 27 30 32 32 31 30 29 28 29261110B6 228 331744 32999999999999991018  92214 2899999999999999
 29 31 32 33 32 29 26 21 16 13 10 10 11 15 20 24 28 30 31 31 29 28 28 28261111B6 246 331811 31999999999999991047 1022 7 2899999999999999
 28 30 31 32 32 30 27 24 19 15 12 11 11 13 17 22 25 28 29 29 28 27 26 27261112B6 3 6 321842 29999999999999991123 1122 3 2699999999999999
 27 28 30 32 32 30 28 26 22 18 14 13 12 13 15 19 23 25 26 27 27 26 25 25261113B6 331 321921 289999999999999912 8 122215 2599999999999999
 26 27 29 31 31 31 29 27 24 20 17 15 13 13 14 17 20 22 24 25 26 25 24 24261114B6 4 0 3120 9 269999999999999913 0 132237 2499999999999999
 25 26 27 29 31 31 29 27 25 23 19 17 15 14 14 15 17 20 22 23 24 25 25 24261115B6 432 3121 4 25999999999999991351 1323 9 2499999999999999
 24 25 26 27 29 30 29 27 26 24 21 18 16 15 14 14 15 18 20 21 23 25 25 25261116B6 5 7 309999999999999999999991438 14999999999999999999999
 25 25 25 26 27 28 28 27 26 24 22 20 18 16 15 14 15 16 19 21 22 24 26 26261117B6 545 282253 26999999999999991517 14999999999999999999999
 26 25 25 24 25 25 26 26 25 24 23 21 20 18 17 16 16 16 18 20 22 24 26 27261118B6 631 262330 2799999999999999 329 241549 1699999999999999
 27 26 24 23 22 22 22 22 23 22 22 22 21 20 19 18 18 18 18 20 22 24 26 27261119B6 752 232358 2899999999999999 526 2216 9 1899999999999999
 28 27 25 22 21 19 18 18 19 20 20 21 22 22 21 20 20 20 20 21 22 24 26 27261120B61247 22999999999999999999999 635 181630 2099999999999999
 28 27 25 22 19 17 15 14 14 16 18 19 21 23 24 23 23 22 22 22 22 24 26 27261121B6 019 2814 5 2499999999999999 718 141858 2299999999999999
 27 27 26 23 19 15 12 10  9 11 13 17 20 23 25 26 26 25 24 24 23 23 25 26261122B6 034 2815 3 2699999999999999 754  920 9 2399999999999999
 27 27 27 24 20 15 11  8  6  6  8 12 17 21 25 27 28 27 26 25 24 23 24 25261123B6 053 271550 2899999999999999 829  621 3 2399999999999999
 26 27 27 25 22 17 12  8  4  3  4  7 12 18 22 26 28 28 27 25 24 23 23 23261124B6 126 271630 2899999999999999 9 5  32139 2399999999999999
 25 26 27 26 24 20 15 10  5  2  2  3  7 13 18 23 26 27 26 25 23 22 22 22261125B6 2 7 271710 2799999999999999 946  22149 2299999999999999
 23 25 27 27 26 23 19 13  8  4  1  1  3  7 13 18 22 24 25 24 22 21 20 21261126B6 251 271754 25999999999999991034  12153 2099999999999999
 22 23 25 27 27 26 22 18 12  7  3  1  1  3  7 12 17 20 22 22 21 20 19 19261127B6 334 271846 22999999999999991132  122 6 1999999999999999
 20 22 24 26 27 27 25 22 17 12  7  4  2  2  3  7 12 15 18 20 20 19 19 19261128B6 417 271944 20999999999999991237  12225 1899999999999999
 19 21 22 24 26 27 26 24 21 17 12  7  4  2  2  4  7 11 14 17 19 19 19 19261129B6 5 1 279999999999999999999991337  2999999999999999999999
 19 20 21 22 24 25 25 25 23 20 16 12  8  5  4  4  5  8 11 15 17 19 19 19261130B6 553 259999999999999999999991430  3999999999999999999999
 19 19 20 20 21 22 22 23 23 21 19 15 12  9  7  6  6  8 10 13 16 19 20 212612 1B6 717 232256 21999999999999991516  6999999999999999999999
 20 20 19 19 19 19 19 19 20 20 19 18 16 14 11 10  9 10 11 13 16 19 21 222612 2B6 850 202313 2299999999999999 318 191554  999999999999999
 22 21 19 18 17 16 15 15 16 17 18 18 18 17 16 14 14 14 14 15 17 20 22 232612 3B61039 182328 2399999999999999 646 151626 1499999999999999
 23 22 20 18 16 14 12 11 12 13 15 17 18 19 19 19 18 18 18 18 19 21 23 242612 4B61339 192348 2599999999999999 725 111659 1899999999999999
 25 24 22 19 16 13 11  9  8  9 12 15 18 20 21 22 22 22 22 22 21 22 23 252612 5B61529 22999999999999999999999 759  81948 2199999999999999
 25 25 23 21 17 13 10  8  6  6  8 11 15 19 22 24 24 25 24 24 24 23 24 242612 6B6 013 251645 2599999999999999 830  621 3 2399999999999999
 25 26 25 22 19 15 11  8  6  5  6  8 13 17 21 24 25 26 26 25 25 24 24 242612 7B6 045 261711 2699999999999999 9 0  52156 2499999999999999
 25 26 26 24 21 18 13  9  6  5  5  6 10 15 19 23 25 26 26 25 24 24 24 242612 8B6 121 261726 2699999999999999 931  42213 2399999999999999
 24 25 26 25 23 20 16 12  8  5  4  5  8 12 17 21 23 25 25 24 23 23 22 232612 9B6 157 261739 259999999999999910 6  42153 2299999999999999
 23 25 26 26 24 22 19 15 10  7  5  5  6 10 14 18 21 23 23 23 22 21 21 21261210B6 230 2618 0 23999999999999991044  52131 2199999999999999
 22 24 25 26 25 23 21 17 13  9  6  5  5  7 11 15 18 20 22 22 21 20 19 20261211B6 257 261830 22999999999999991125  52134 1999999999999999
 21 22 24 26 26 24 22 19 15 11  8  6  5  6  9 12 16 18 20 20 20 19 18 19261212B6 323 2619 9 209999999999999912 7  52155 1899999999999999
 20 21 23 25 25 24 22 20 17 12  9  6  5  5  6 10 13 16 18 19 20 19 18 18261213B6 350 251952 20999999999999991246  52230 1899999999999999
 19 19 21 23 24 24 22 20 17 14 10  7  6  5  5  8 11 14 17 18 19 20 18 18261214B6 421 242032 20999999999999991319  52325 1799999999999999
 18 18 18 20 21 22 21 19 17 15 11  8  7  6  6  7 10 13 16 18 19 20 19 18261215B6 457 2221 7 20999999999999991342  6999999999999999999999
 17 17 16 17 18 19 19 18 16 15 13 10  8  7  7  8  9 12 16 18 19 20 20 19261216B6 542 192133 2099999999999999 215 161343  799999999999999
 17 15 14 14 14 15 16 16 15 14 13 12 11  9  9 10 11 13 15 18 20 20 21 20261217B6 648 162142 2199999999999999 332 141347  999999999999999
 18 15 13 11 10 10 11 12 13 13 13 13 13 12 12 12 13 14 16 18 20 21 21 20261218B6 917 132127 2199999999999999 437 101410 1299999999999999
 18 16 12  9  8  7  7  8 10 11 13 14 15 15 15 15 15 16 17 18 19 21 21 20261219B62139 21999999999999999999999 535  6999999999999999999999
 19 17 13  9  6  4  3  3  5  8 10 13 15 16 17 17 17 18 18 18 19 20 20 20261220B62211 20999999999999999999999 628  3999999999999999999999
 19 18 15 11  7  4  2  1  1  3  7 10 13 16 18 19 19 19 19 18 18 19 19 20261221B615 5 1923 9 2099999999999999 718  020 1 1899999999999999
 20 19 17 14 10  5  2  0 -2 -1  2  6 10 14 17 19 20 19 19 18 18 17 18 19261222B61548 20999999999999999999999 8 9 -22050 1799999999999999
 20 20 19 17 14  9  4  1 -2 -3 -2  1  5 10 14 17 19 19 18 17 16 16 16 17261223B6 046 201629 1999999999999999 9 2 -321 9 1699999999999999
 19 20 21 20 18 14  9  4 -1 -4 -5 -3  0  5 10 14 17 18 17 16 15 15 15 16261224B6 158 211713 1899999999999999 957 -521 7 1599999999999999
 17 20 21 22 21 18 14  8  2 -2 -5 -6 -4 -1  5  9 13 15 16 15 14 13 13 14261225B6 251 2218 0 16999999999999991052 -62120 1399999999999999
 16 18 21 22 23 21 18 13  7  1 -3 -6 -6 -5  0  5  9 12 14 15 14 13 12 13261226B6 335 231847 15999999999999991145 -62149 1299999999999999
 14 16 18 21 22 22 20 16 11  5  0 -4 -6 -6 -4  1  5  9 12 14 14 13 12 12261227B6 417 221932 14999999999999991232 -62233 1299999999999999
 13 14 15 18 20 20 20 18 14  9  4  0 -3 -5 -4 -1  3  7 10 13 14 14 13 12261228B6 5 2 202010 14999999999999991313 -5999999999999999999999
 12 12 12 14 16 17 17 17 15 12  8  4  1 -1 -2 -1  2  6  9 13 15 15 14 13261229B6 6 5 172042 1599999999999999 014 121347 -299999999999999
 11 10 10 10 11 12 13 14 14 13 10  7  5  3  2  2  4  7  9 12 15 16 16 14261230B6 737 1421 8 1699999999999999 2 5 101415  299999999999999
 12 10  8  7  7  8  8  9 11 11 11 10  9  8  7  7  8 10 11 14 16 18 18 16261231B6 9 9 122129 1899999999999999 329  71431  799999999999999
