 63 92118136145145137126117112113121132144151150138114 83 49 18 -2 -7  426 1 1D6 426146142315299999999999999 9171122150 -799999999999999
 28 60 95125146155154144131119112113122135148156154139111 75 37  5-14-1726 1 2D6 52015615181579999999999999910211122240-1899999999999999
 -3 26 63101133153161156143127114108111123139154161157138107 68 28 -4-2126 1 3D6 6 516116101619999999999999911 91082326-2399999999999999
-20 -1 32 72110140158161152136119106103109124143158164156135100 60 21 -826 1 4D6 6451611659164999999999999991151102999999999999999999999
-21-14  9 45 84120146158156143125108 97 97108125144158162151127 92 53 1726 1 5D6 721159174616299999999999999 010-211230 9699999999999999
 -6-12  0 27 63100131150155147131111 96 89 93106125143155155142116 83 4826 1 6D6 753155183215699999999999999 051-1213 9 8999999999999999
 19  3  4 21 49 83115139150149136117 99 86 83 90104122138146144129105 7526 1 7D6 821151191714799999999999999 128  11349 8399999999999999
 47 26 19 26 46 74104129144148140124104 88 79 78 87101117129134130116 9526 1 8D6 84714820 413499999999999999 2 1 191432 7799999999999999
 72 51 40 39 50 71 96120138145142130112 94 80 73 74 83 9510811812111610526 1 9D6 911146205612199999999999999 232 381522 7399999999999999
 90 74 61 57 61 74 94114132142143135121104 87 75 69 70 77 87 9710510910726 110D6 93614322 710999999999999999 3 1 571622 6999999999999999
100 91 82 76 76 82 95110125136141138128114 98 82 71 64 64 69 77 86 9410026 111D610 5141999999999999999999999 331 751735 6399999999999999
102101 98 94 92 93 99109120130136137132123109 94 78 66 58 55 59 66 76 8726 112D6 0 6102104213799999999999999 4 8 921854 5599999999999999
 97104108109107106106110115122129133133129120107 90 73 58 48 45 48 57 7026 113D6 244109113613499999999999999 51910620 2 4599999999999999
 86100111118120119116114114116121126131132129120105 86 66 48 37 33 38 5126 114D6 4 0120125113299999999999999 7301132056 3399999999999999
 69 89108122129130126120115112114119125132135131120102 79 55 36 24 22 3126 115D6 43913114 013599999999999999 9101122139 2199999999999999
 49 73 98119133138136128118111108110118128136139134119 96 69 42 22 12 1426 116D6 5 913814541399999999999999910 31082218 1199999999999999
 29 53 82109130142143136124112104103109120134143144135115 87 55 27  8  326 117D6 53814415391459999999999999910391022253  399999999999999
 12 33 63 95122140147143130115102 96 99110126141150148133107 74 41 14 -126 118D6 6 41471619151999999999999991111 962327 -399999999999999
 -1 16 44 78110135148148137120103 92 90 98115134149154147127 95 60 27  326 119D6 6311491658154999999999999991141 89999999999999999999999
 -5  4 27 60 95125145151144127108 91 83 86100120140154155142116 82 46 1726 120D6 656151173615699999999999999 0 0 -51212 8399999999999999
  0 -1 15 44 79113138151149135114 94 79 76 85103125144154151133104 70 3726 121D6 722152181615599999999999999 032 -31246 7699999999999999
 14  5 12 34 66100129147152142123100 80 70 71 85105127144150142122 93 6226 122D6 747152185715099999999999999 1 3  41322 6999999999999999
 35 19 18 31 57 89119141151147131108 85 69 62 68 84105125139142132112 8626 123D6 812151194314299999999999999 135 1614 1 6299999999999999
 60 40 32 38 55 81109133147149138118 94 73 60 57 64 8110111913013112210526 124D6 837150203613299999999999999 2 6 321446 5699999999999999
 84 66 54 52 62 80103125141147142127106 83 64 53 51 59 74 9210811812011426 125D6 9 2147214412099999999999999 239 521540 5199999999999999
103 89 78 73 75 85101119134143143134118 97 76 58 47 45 51 63 79 9410511126 126D6 931144233011199999999999999 313 731648 4599999999999999
111107101 95 94 97104116127136140138128113 94 73 55 42 37 39 49 64 80 9426 127D610 6140999999999999999999999 354 941811 3799999999999999
106113116115114112113117122129134136134126113 95 74 53 36 26 25 33 48 6726 128D6 22111611 213699999999999999 5101121937 2599999999999999
 87106119128130129125122120122125130134135130118 99 76 50 28 14 10 18 3526 129D6 4 3130124213599999999999999 8 41202050 1099999999999999
 60 86111129140142138130122116115119127135140138126105 76 46 19  1 -3  726 130D6 448142141514099999999999999 9431152149 -399999999999999
 29 59 92120140150149139126114106106114126140148146133107 74 39  9 -9-1126 131D6 52315015231489999999999999910311052237-1299999999999999
  3 31 67102132150155148133115101 94 98111129146156153136106 68 31  1-1426 2 1D6 55315516181569999999999999911 8 942320-1599999999999999
-11  9 43 81117143155153140119 99 86 83 93112134152161154133 99 60 23 -326 2 2D6 62215617 6161999999999999991142 832358-1299999999999999
-11 -1 25 62100132151156146125102 82 72 76 91115138156160150125 89 51 1926 2 3D6 6471561750161999999999999991215 72999999999999999999999
  1  0 18 48 85120144155150132107 83 67 63 72 93118140154154140113 79 4526 2 4D6 710155183115699999999999999 032 -21247 6399999999999999
 21 12 20 43 76109137152152138115 89 67 56 59 73 95119138147143126100 7026 2 5D6 731154191114799999999999999 1 2 121320 5699999999999999
 45 31 31 46 72102129147152143123 97 73 56 51 58 75 97118132136129112 8926 2 6D6 750152195213699999999999999 129 291355 5199999999999999
 67 51 46 54 73 98123142150146130107 82 62 51 51 60 77 9611312312311610126 2 7D6 8 8150203512499999999999999 153 461432 4999999999999999
 85 71 64 66 78 97118136146145135116 94 73 57 50 52 62 77 9210511111110526 2 8D6 828147212911299999999999999 215 631515 5099999999999999
 96 87 80 80 86 98114129140142136123105 85 68 57 52 54 62 73 85 9510010226 2 9D6 84814223 010299999999999999 235 791610 5299999999999999
101 98 94 93 96103113123132136134126113 98 82 68 58 53 53 58 66 76 85 9326 210D6 911136999999999999999999999 249 931727 5299999999999999
 99102105106107110114119124128128126119109 97 84 70 59 51 48 50 56 66 7826 211D6 94012999999999999999999999919 6 48999999999999999999999
 90101109115118118118118118120121122121117111100 87 71 56 45 39 39 46 5926 212D611 61229999999999999999999992027 38999999999999999999999
 75 93108120126127124119114112112115118122122116105 88 68 49 34 27 28 3926 213D6 439127133012299999999999999 9281122120 2699999999999999
 57 79102120131134131122113106103105112121128129123107 86 61 38 21 15 2126 214D6 45613414421309999999999999910 310322 1 1599999999999999
 38 62 90115132140138128115102 94 94102115128138138127106 79 49 24  9  726 215D6 5161401532139999999999999991030 932237  699999999999999
 20 44 75105129143145135119101 87 83 89103122139147144128101 68 36 12  126 216D6 5371451615148999999999999991057 832310  199999999999999
  7 27 58 92123143149143125103 84 73 74 87108131149155146124 91 55 24  426 217D6 5581491656155999999999999991125 722341  099999999999999
  1 15 43 78113139152149133109 84 66 60 68 89115140156157143116 80 45 1826 218D6 6201531736158999999999999991154 60999999999999999999999
  6 11 33 65101132151154142118 89 64 50 51 67 93122146158154136105 71 4026 219D6 642155181715899999999999999 012  51226 4999999999999999
 20 16 30 57 91123147156148127 98 68 47 39 47 68 97126147154147126 96 6626 220D6 7 315619 015499999999999999 042 1613 0 3999999999999999
 42 31 36 55 83114140154152136109 78 51 34 33 46 70 99125142146136116 9026 221D6 725155194614699999999999999 112 311336 3199999999999999
 67 52 50 60 82108133149153143120 91 62 39 28 31 47 71 9711913213312410826 222D6 746153203813499999999999999 141 491417 2899999999999999
 90 75 69 73 86105126143150145130105 78 52 35 28 32 47 68 9010811812011526 223D6 8 7150214512199999999999999 2 9 6915 6 2799999999999999
106 96 89 89 95107122136144144135118 96 72 51 36 30 33 44 61 78 9310411026 224D6 830145234511199999999999999 234 8816 9 3099999999999999
111109106105108113121129136138135125111 94 74 56 42 33 32 38 49 64 79 9326 225D6 855138999999999999999999999 2511051740 3299999999999999
104112117119120121123125127128129126121112 99 83 65 48 34 28 28 36 50 6826 226D6 9361299999999999999999999991925 27999999999999999999999
 87105119128131131127123119117117120122123120110 94 73 51 32 20 17 25 4126 227D6 417132124512399999999999999 9171172046 1799999999999999
 64 90112129139139133124113105103106115124131131122103 77 50 26 11  8 1926 228D6 436140143013299999999999999 9551032142  799999999999999
 41 70 99124141146140127111 97 89 89 99115131142142130107 76 44 18  4  526 3 1D6 4581461534143999999999999991024 882226  299999999999999
 22 50 83114138149147134113 93 77 73 80 98120140151150134105 71 37 13  326 3 2D6 5201501624152999999999999991054 7323 3  399999999999999
 11 34 67102131149152140119 93 72 60 61 77101127148157151130 98 63 31 1326 3 3D6 54215217 7157999999999999991122 592336  999999999999999
 11 26 55 90123146154147126 99 71 52 47 56 79107135153158146122 88 55 3026 3 4D6 6 21541747158999999999999991151 46999999999999999999999
 20 27 49 81114141154151134107 76 51 38 41 58 85115140153152136110 79 5126 3 5D6 621155182615599999999999999 0 5 201220 3799999999999999
 35 35 50 76107135152154141116 85 56 36 31 41 64 92120140148142124 98 7226 3 6D6 63915519 314899999999999999 032 331249 3199999999999999
 54 47 55 75102129148154146125 95 65 41 29 32 47 72 99122136139129111 9026 3 7D6 656154194113999999999999999 057 471319 2899999999999999
 72 62 64 78 99123142151148131106 77 51 34 29 37 56 7910212012812711710226 3 8D6 714151202112999999999999999 120 611351 2999999999999999
 87 77 75 83 98117135146146135115 90 64 45 34 35 45 63 8310111311811610826 3 9D6 73214721 811899999999999999 141 741427 3399999999999999
 98 90 87 90100114128138141135121101 79 59 45 40 42 52 66 82 9510410810726 310D6 750141222010899999999999999 2 0 871510 3999999999999999
104100 97 99104112122130134131123109 92 75 61 51 46 48 55 65 76 86 9410026 311D6 8 8134999999999999999999999 213 971612 4699999999999999
104105106108110113118122125125121113103 91 78 66 57 51 49 52 58 67 77 8826 312D6 8231259999999999999999999991751 49999999999999999999999
 98106112116117117117117116116115113109104 96 85 73 61 51 45 44 49 59 7226 313D6 4341179999999999999999999991939 44999999999999999999999
 88102115122125123118113108106106108111113111104 92 77 60 46 36 34 40 5426 314D6 4 412513 311399999999999999 9291052045 3499999999999999
 73 94113126132130123112102 95 94 98107116122121113 97 76 55 36 26 26 3726 315D6 416132142812299999999999999 944 942130 2499999999999999
 57 82107126137138129114 98 86 80 84 95111126134132120 98 72 46 26 18 2326 316D6 43313915221359999999999999910 6 8022 8 1899999999999999
 41 67 97123140145137120 98 79 67 67 78 98120138146141123 95 64 37 19 1626 317D6 45214516 7146999999999999991031 652242 1599999999999999
 28 53 85116139150145128102 76 56 49 57 77105131150155145122 90 57 31 1926 318D6 5121501651155999999999999991059 492315 1899999999999999
 23 43 73107135152152137111 79 51 35 35 52 81113142158159144117 83 52 3226 319D6 5331541734161999999999999991129 332347 2799999999999999
 27 39 65 97128150157147122 88 54 29 19 28 52 86121148161158139110 79 5326 320D6 55415718171629999999999999912 1 19999999999999999999999
 40 43 62 90120145157153133101 64 32 12 11 27 56 92125149158151131104 7826 321D6 61615819 315899999999999999 019 401236  999999999999999
 61 56 66 87113138154156143116 80 45 17  5 10 30 61 9512514314814012210126 322D6 638158195114899999999999999 049 561313  499999999999999
 83 74 76 89109131148155148128 98 64 33 12  6 14 36 64 9411813213612911626 323D6 7 0155204713699999999999999 119 731355  699999999999999
102 92 90 96109126141149148136113 85 56 31 16 13 22 40 64 8810711912312026 324D6 72315022 212399999999999999 146 891444 1299999999999999
114107104105112122133141142137123103 80 57 38 26 23 29 42 60 78 9410611326 325D6 746143999999999999999999999 2111041549 2399999999999999
116116115115117121126130132131125115101 84 66 50 38 32 33 40 52 68 83 9826 326D6 030116 81013299999999999999 2271151723 3199999999999999
110118122124124122121119119118118117113105 94 79 63 48 37 33 35 45 60 7826 327D6 31412499999999999999999999919 9 32999999999999999999999
 97113125130131126119111105103104109114117115107 92 74 54 38 30 30 41 5926 328D6 330131131211799999999999999 9 71032027 2999999999999999
 81104122134137132120107 94 87 86 93105117126127119102 79 55 36 27 29 4326 329D6 350137143912899999999999999 933 852120 2699999999999999
 65 92116134142138125107 88 73 68 73 88107125137138127106 79 53 34 27 3326 330D6 41114215361399999999999999910 1 6822 1 2799999999999999
 53 80108131145145133112 87 66 53 53 67 89114135147145130105 75 50 34 3226 331D6 4311461622148999999999999991029 522236 3199999999999999
 45 70100127145150141119 91 64 44 37 46 67 96124145153146127 99 70 48 3926 4 1D6 45115017 4153999999999999991056 3723 7 3899999999999999
 44 64 92120142152147128100 68 42 27 29 46 74106133151154142120 92 66 5126 4 2D6 5101531743154999999999999991124 262336 4899999999999999
 49 62 86114138152152137110 77 46 24 18 28 53 84116140152150134111 86 6626 4 3D6 5291541820153999999999999991152 18999999999999999999999
 58 65 83108132150154144120 88 55 28 14 17 35 63 95124143149142124102 8226 4 4D6 549154185614999999999999999 0 3 581220 1499999999999999
 70 70 83103126144153148129100 67 38 18 13 23 46 75104128140141131114 9626 4 5D6 6 8153193314299999999999999 029 691249 1399999999999999
 83 78 85100119138149148135111 81 52 28 17 19 34 58 8510912713413112110726 4 6D6 628150201213499999999999999 054 781320 1699999999999999
 94 87 89 99114130142145138120 95 67 43 27 22 29 45 67 9010912112512111326 4 7D6 649145205812599999999999999 118 871354 2299999999999999
103 96 95100110123134139136124105 82 60 42 32 31 39 54 73 9110511411611426 4 8D6 71013922 111699999999999999 143 951434 3099999999999999
109105102104109117125131131124112 95 77 59 46 40 40 47 59 73 87 9810711126 4 9D6 732131235611299999999999999 2 91021527 3999999999999999
112111110109111114117121122120114104 92 78 65 54 48 46 50 58 69 81 9310326 410D6 755122999999999999999999999 2491091647 4699999999999999
111115117116115113112111111111110108103 95 85 73 62 53 48 48 54 64 77 9226 411D6 2131179999999999999999999991827 47999999999999999999999
106116123124121115108103 99 99102105108108103 94 82 67 54 46 44 49 61 7826 412D6 247124123010899999999999999 834 991947 4499999999999999
 97114126131129120108 96 87 84 87 95106115119115105 88 70 53 42 40 48 6426 413D6 31013114 511999999999999999 9 0 842043 3999999999999999
 86108127137137128112 93 77 67 68 78 94112126132128114 92 69 50 39 39 5226 414D6 33213815 613299999999999999 927 662127 3799999999999999
 74 99123140145137119 95 70 53 47 54 73 98122140145138119 94 68 48 40 4526 415D6 354145155614599999999999999 956 4722 7 4099999999999999
 63 89117139150147129102 71 44 29 30 46 74106134152156144122 94 68 50 4726 416D6 4171501644156999999999999991028 272244 4699999999999999
 58 80109135152154141114 79 44 19  9 18 43 78115144160161146121 93 70 5726 417D6 44015517311639999999999999911 1  92321 5799999999999999
 60 76101128149158151129 94 55 20 -1 -3 14 45 84122150163160144119 94 7526 418D6 5 51581819164999999999999991137 -52356 6999999999999999
 69 77 96121144158158142112 73 34  3-12 -7 16 50 90125149159154138116 9626 419D6 53116019 9159999999999999991216-12999999999999999999999
 84 84 95115136153159151129 95 56 20 -4-13 -3 22 56 9212314315014513111426 420D6 55815920 215099999999999999 031 831257-1399999999999999
101 95 99111128145155154140115 82 47 17 -2 -5  6 30 61 9211713313913512526 421D6 62715621 313999999999999999 1 5 951343 -699999999999999
114107106111122134145149144128104 75 46 22  8  7 18 38 63 8810912312912826 422D6 658149222012999999999999999 1411051437  699999999999999
123117113113117124132137138131118 98 75 53 34 23 21 28 44 63 8410211512226 423D6 733138999999999999999999999 2281131542 2199999999999999
125123120117116117119122124124120112 99 82 64 49 38 34 37 47 63 80 9811226 424D6 0 1125 82812599999999999999 41111617 4 3499999999999999
121126126123117112108106107109112113111104 93 78 63 50 43 43 50 64 81 9926 425D6 129126105611399999999999999 7121061832 4299999999999999
115126130129122112101 93 89 90 96104112115113105 91 74 59 49 47 54 68 8726 426D6 214130131111699999999999999 817 891944 4799999999999999
107123133135129116100 85 74 70 75 87102115124124115100 81 64 53 52 60 7726 427D6 244135143212599999999999999 855 702039 5199999999999999
 98118133140136123104 82 64 54 55 66 84105123133133123105 84 67 57 58 7026 428D6 3 9140153013499999999999999 928 532124 5699999999999999
 90112131143143132112 86 61 44 38 45 63 88113133142139126106 85 69 62 6826 429D6 333145161714299999999999999 958 3822 2 6299999999999999
 84106127143148141122 94 65 40 26 27 42 67 97123142148142125104 84 71 7026 430D6 3561481659148999999999999991028 252236 6999999999999999
 80 99122141150148132106 74 43 22 15 24 46 76108134149150140121100 83 7626 5 1D6 4181511739151999999999999991057 1523 9 7699999999999999
 80 94115136149152141117 86 52 25 10 11 28 56 89119141151148135115 96 8426 5 2D6 4411521816152999999999999991126  92339 8299999999999999
 83 92109129145153147128 99 66 34 13  6 15 38 68101128145149142127109 9426 5 3D6 5 51531852149999999999999991156  6999999999999999999999
 87 91104122139150150137113 81 49 22  8  9 24 50 8111013214314313411910426 5 4D6 529151192914599999999999999 0 8 871227  699999999999999
 94 93101115131144149142123 96 65 37 17 10 17 36 63 9111613213913512511226 5 5D6 55514920 813999999999999999 037 921259 1099999999999999
101 96 99109123136144142130109 82 54 32 18 17 28 48 73 9811712913212811826 5 6D6 622144205113299999999999999 1 7 961335 1699999999999999
108101100106115127136138133118 97 73 49 32 24 27 39 58 8010111612512612226 5 7D6 650139214312799999999999999 1401001415 2499999999999999
115108104105110118126131130122108 89 68 50 38 33 37 48 65 8410111412212326 5 8D6 723131224912399999999999999 22210415 3 3399999999999999
121115110107107110115119122120113102 86 70 56 46 42 45 55 69 8610111412226 5 9D6 8 8122999999999999999999999 33310616 4 4299999999999999
124122118112107104104106109112112109101 90 77 64 54 49 51 58 71 8710311726 510D6 0 3124 93711399999999999999 5341031718 4999999999999999
125128126119110101 94 91 93 98104109110107 99 87 74 62 55 55 61 74 9110826 511D6 1 2128115211099999999999999 7 9 911835 5499999999999999
123132133128117102 88 78 74 77 87 99110117118111 99 84 70 60 59 65 80 9826 512D6 144134133411999999999999999 8 1 741942 5899999999999999
117132139137126108 87 68 56 54 63 79 99117129131125110 92 76 65 64 72 8926 513D6 217140144613299999999999999 841 542039 6399999999999999
109129142145137118 92 65 44 33 36 51 76103127142145137120 99 81 71 71 8226 514D6 247146154614599999999999999 918 322129 6999999999999999
101123141151148132105 72 41 19 12 21 44 77110137153155145126104 87 78 8126 515D6 317151164015699999999999999 957 122215 7899999999999999
 95115137152156146122 88 50 18 -2 -4 12 42 80117145160161149129108 92 8726 516D6 3481561732162999999999999991037 -62258 8799999999999999
 93109129149159157140109 70 31 -1-16-12  9 44 85122149162161148129110 9826 517D6 4211601825164999999999999991119-172340 9599999999999999
 96105122141157162154131 96 55 17-11-21-13 13 49 8912414916015714412711126 518D6 45616219181609999999999999912 3-21999999999999999999999
103104115131148160160147121 85 46 11-12-18 -6 20 55 9212414515315013812426 519D6 533161201215399999999999999 0221021250-1899999999999999
112107111121136150157153138112 78 42 13 -5 -7  5 30 62 9512113914514213226 520D6 61415721 714599999999999999 1 51071340 -899999999999999
121112109113123135145149144129105 75 45 21  8  7 20 42 70 9711913313813526 521D6 65914922 413899999999999999 1541091432  699999999999999
127118111109112119127135137133120101 77 53 34 24 24 35 54 7710011913013426 522D6 75413723 113499999999999999 2571091529 2399999999999999
131124115108104105109115122125123115101 83 64 49 41 41 50 66 8510512013026 523D6 910125235413399999999999999 4231041629 4099999999999999
133129121111102 95 93 95101108114116113104 91 77 64 56 56 63 77 9411112426 524D61057116999999999999999999999 6 1 931734 5599999999999999
132133128118105 92 83 78 80 86 96106113115111101 89 77 70 68 75 8710311826 525D6 040134124911599999999999999 716 781839 6899999999999999
130136135127112 95 79 67 62 65 75 89104115121119111 99 88 80 78 84 9711226 526D6 120137141712199999999999999 8 8 621941 7899999999999999
127137141136122103 82 63 50 47 54 68 88107122129128120107 95 87 86 9310626 527D6 155141152213099999999999999 850 472037 8599999999999999
121135143143133114 90 66 46 35 35 48 68 92115131138136125111 99 92 9210126 528D6 228144161313899999999999999 926 342126 9199999999999999
115130142147142126102 74 48 29 23 29 48 73101125140145140127112100 95 9826 529D6 3 014716571459999999999999910 0 2322 9 9499999999999999
108123138148148137116 87 57 31 17 16 29 53 83112135147149140126110100 9726 530D6 3311491737149999999999999991033 152248 9799999999999999
103116132145151146128102 70 40 18  9 15 35 63 95123142151148136121107 9926 531D6 4 215118141519999999999999911 6  92323 9899999999999999
100110124140150151139117 87 54 27 10  7 20 44 7510613114715014313011510326 6 1D6 4341521849150999999999999991139  72356 9999999999999999
 99104117132146152147130104 72 41 18  7 11 29 56 8711613714714613612210826 6 2D6 5 51521924148999999999999991213  7999999999999999999999
100101109123138148150140119 90 59 31 14 10 19 41 69 9912313914514012811526 6 3D6 53815020 014599999999999999 0281001248  999999999999999
104100103114128141147144130107 78 49 27 15 17 30 54 8210812814014113312126 6 4D6 612147203714199999999999999 1 21001324 1499999999999999
109101100106117130140142136119 96 69 45 28 21 27 43 67 9211513213913712826 6 5D6 648143211613999999999999999 14010014 2 2199999999999999
116106100100107117128135135126110 88 65 45 33 31 39 56 7910212113413813326 6 6D6 730136215713899999999999999 226 991443 3099999999999999
124113103 98 98104113122127127119104 85 66 51 42 42 52 68 8911012613513726 6 7D6 824128224113799999999999999 325 971529 4199999999999999
131121109 99 93 92 97105113119120114103 88 73 61 54 55 64 80 9811713013826 6 8D6 939120232613899999999999999 438 921623 5399999999999999
137130118104 92 83 81 84 93103112116115108 97 84 73 67 68 76 9010712313526 6 9D61119117999999999999999999999 554 801726 6699999999999999
140138128113 95 79 68 64 68 79 94107117121118110 99 88 80 80 86 9911412926 610D6 01114013 412199999999999999 658 641836 7999999999999999
140143138125105 83 63 49 45 51 66 86106122131131124113101 92 90 9610712226 611D6 055143143213299999999999999 753 451947 9099999999999999
136146147138120 95 67 43 28 25 35 56 82109130142144138125112102 9910311526 612D6 138148154314599999999999999 843 242053 9999999999999999
130144152150137114 83 50 23  8  7 22 49 8111313815215514813411910810511026 613D6 222153164415599999999999999 932  6215310599999999999999
122138152158153135106 70 35  6 -8 -5 14 46 8311814415916115313812211110926 614D6 3 61581740162999999999999991020 -9224610999999999999999
115129145158162154132 99 60 22 -6-18-11 12 47 8612214916316315313712111226 615D6 35216218311649999999999999911 9-18233511099999999999999
111119134151163165153128 92 51 14-11-20-10 16 52 9212715116216014813211726 616D6 4401651920163999999999999991158-20999999999999999999999
110111121137153164163149122 86 46 12-10-15 -2 26 62 9913015115815414012426 617D6 52816520 415899999999999999 0211091246-1599999999999999
111106109121137152161158143116 81 45 15 -2 -2 13 40 7510813415015314513126 618D6 619161204515399999999999999 1 71061333 -499999999999999
116105101106118133147153150135109 78 48 24 12 15 32 58 8911713814814613626 619D6 711154212214899999999999999 1541011418 1299999999999999
121107 98 95101112126138143139126104 78 54 37 31 37 54 7810412614114514026 620D6 8 7143215714599999999999999 247 9515 1 3199999999999999
128113 99 91 89 94104116126131128118101 82 64 53 51 59 75 9611713314214226 621D6 911131223014399999999999999 347 891543 5099999999999999
134121106 92 83 81 84 93104113119119113102 89 77 70 71 79 9311012713814326 622D6103112023 514399999999999999 455 811627 7099999999999999
139130115100 85 75 71 74 81 92103111115114108 99 91 87 88 9510712113314126 623D61213115234414299999999999999 6 7 711719 8799999999999999
142137126110 93 77 65 60 62 71 83 9610811611911611110410110110711612713626 624D614 0119999999999999999999999 713 60182410099999999999999
142142135122105 85 67 54 49 52 62 78 9511112212712612111511010911312013026 625D6 030143152112899999999999999 8 9 49194210999999999999999
138143142133118 98 75 56 42 38 44 58 77 9911813113713512912011411211512226 626D6 120143161713799999999999999 856 38205611299999999999999
132140145142131113 89 64 43 31 29 39 58 8210712714014414113212111411211526 627D6 210145165914499999999999999 938 29215311299999999999999
124135144147142127105 77 51 31 21 24 39 63 9111713714814914213011811111026 628D6 2561471736150999999999999991017 21223710999999999999999
116127140148150141121 95 65 38 20 15 23 43 7110112814515214913812411210726 629D6 33815018 9152999999999999991053 14231410799999999999999
109118132145153150137113 82 51 26 12 13 27 52 8311413715115314513111610626 630D6 4171531840153999999999999991129 11234610399999999999999
103110123138151155148130102 69 39 18  9 16 36 65 9712514515314913712110726 7 1D6 45515519111539999999999999912 3  9999999999999999999999
100102112128144154155143120 89 57 30 14 12 25 50 8111113615015214312811226 7 2D6 532156194015399999999999999 0191001237 1199999999999999
100 96102116133147154150134108 77 47 25 15 20 39 66 9712514415214813511826 7 3D6 61015520 915299999999999999 052 961310 1599999999999999
102 93 94103118135147151143124 97 68 43 26 23 34 56 8411313615015114212626 7 4D6 649151203715299999999999999 129 921343 2399999999999999
108 94 88 91103118134144144134114 89 64 44 34 37 51 7510212714415114713426 7 5D6 73314521 715199999999999999 210 881418 3499999999999999
116 99 87 83 88100115129137136126108 86 66 52 48 54 71 9311713714915014126 7 6D6 824138213715199999999999999 257 831454 4899999999999999
126107 91 80 77 82 94108121129129121106 90 75 66 65 73 8910912914315014626 7 7D6 92813022 915099999999999999 351 761535 6499999999999999
135118 99 82 71 67 72 84 98112121124120111 99 89 83 84 9210512213614614926 7 8D61053124224714999999999999999 455 671625 8399999999999999
143130111 91 73 60 55 59 70 8610211512212412011310610110110711712914014726 7 9D61245124233314899999999999999 6 4 55173010099999999999999
148141126107 84 63 48 41 43 55 73 9311112513213312912211711411712413314226 710D61437133999999999999999999999 713 40185911499999999999999
148149141126104 78 53 34 25 27 40 61 8711113014214614213512712212112613426 711D6 033149155814699999999999999 819 24203612199999999999999
144151152145128103 73 43 21  9 12 28 53 8411413715215615214213112312112526 712D6 141153165715699999999999999 919  8215212199999999999999
135146156158150131102 67 34  8 -4  1 20 51 8611914516016315614312911911726 713D6 2461581745163999999999999991015 -4224711799999999999999
123135150162164155133100 61 25 -1-11 -4 20 54 9312715316516415313712111126 714D6 34616518261669999999999999911 6-11233311099999999999999
111120136154167169157132 96 56 20 -5-12  0 27 6510313715816616014512611026 715D6 44117019 2166999999999999991153-12999999999999999999999
102105118137157169170156128 91 51 18 -2 -4 13 43 8111714616116315113211226 716D6 533171193516499999999999999 0141011236 -599999999999999
 97 93100116137156167165149121 85 49 21  8 13 33 6510013215316115513911726 717D6 62316820 316199999999999999 054 931315  899999999999999
 98 86 86 96114135152160156139112 80 51 31 25 35 58 8912014415715714512526 718D6 711161202915999999999999999 134 841351 2599999999999999
103 86 78 80 93111130144150144128104 78 57 46 48 62 8511213615215714913326 719D6 8 1150205315799999999999999 216 781423 4599999999999999
112 92 78 73 77 89106122134137132118100 82 69 65 72 8710813014715415214026 720D6 853137211615599999999999999 3 2 731453 6599999999999999
122102 84 73 69 74 85 99113122125122113101 90 84 85 9410812514115015214526 721D6 958125214115299999999999999 354 691523 8499999999999999
131114 95 80 69 66 70 79 9110311211711711310810310110411212313514414914726 722D61132117221114999999999999999 457 66155510199999999999999
138125108 92 77 67 62 64 72 82 9410511311811911811611511712213013714214426 723D61355119225514499999999999999 610 62164711599999999999999
141134122106 90 74 62 56 57 63 75 8810311512412812912712512412613013413926 724D61539129999999999999999999999 725 56184512499999999999999
141139133121105 87 69 56 48 48 56 69 8710612213313813813412912512412613126 725D6 0 7141162513999999999999999 830 47205112499999999999999
136140140134122104 82 62 46 38 39 50 69 9111313114314614313512712111912226 726D6 132141165814699999999999999 921 37215411999999999999999
129137144144137122100 75 51 35 28 33 49 7310012414215115014213112011311326 727D6 23714517261529999999999999910 4 28223211399999999999999
120131142150149139119 92 64 39 24 21 32 54 8311213615115514913712211010626 728D6 3271511753155999999999999991042 2123 310699999999999999
110121136150156153137112 81 51 27 16 20 37 65 9712614815715514312611010026 729D6 4101571818158999999999999991116 162332 9999999999999999
100109126144157161152131101 68 39 19 14 25 49 81114141157159150132113 9726 730D6 4501611842160999999999999991148 14999999999999999999999
 91 96112132151162162148122 89 56 30 17 20 38 68101132153162156140118 9826 731D6 52816419 516299999999999999 0 2 911219 1699999999999999
 86 85 96116138156163158139110 77 47 27 22 33 57 8912214716116114812610326 8 1D6 6 7164192816399999999999999 034 841249 2299999999999999
 84 77 81 97119141157160151129 99 69 45 33 36 53 8111214015816315413511026 8 2D6 647161195116399999999999999 1 7 761319 3299999999999999
 88 73 70 79 98121141153153141119 92 67 51 46 56 7710413115316215914412026 8 3D6 730155201416399999999999999 144 701349 4699999999999999
 95 75 64 66 78 98120138147144132112 91 73 64 66 7910012414615916015013126 8 4D6 819147203816199999999999999 224 641419 6399999999999999
107 83 66 59 62 75 94114130137135125111 96 85 82 8810112013915315915414026 8 5D6 91813721 415999999999999999 311 581452 8299999999999999
120 96 75 60 54 58 69 8610411912712812311510710210210812013314615415414726 8 6D61040128213415599999999999999 4 8 54152810199999999999999
133113 92 72 57 50 51 60 75 9110611812412612512212012012413113914715115026 8 7D61258126221815199999999999999 521 49162111999999999999999
143130113 92 72 55 44 41 47 60 77 9611212513413713713513313213413814314626 8 8D61522137234214799999999999999 648 41183713299999999999999
147143133117 96 73 52 36 29 33 45 66 8911213114414914914413713213013213726 8 9D61620150999999999999999999999 810 2921 213099999999999999
144149149141125101 74 47 26 16 19 34 59 8911714015515915514513412412112426 810D6 132150165815999999999999999 917 1622 312199999999999999
133145155158151133105 72 40 17  6 11 31 61 9512715116316415413812211110926 811D6 2521581730165999999999999991011  6224410999999999999999
116131149163167159137105 68 33 10  1 11 36 71108140161168161145124106 9726 812D6 35416718 0168999999999999991058  12321 9699999999999999
 98112133154170174162137101 62 28  8  5 21 51 89125153167166152130106 8926 813D6 4461741826169999999999999991138  42356 8399999999999999
 83 91110135159173174160131 94 57 28 14 19 40 74111143163168159137111 8826 814D6 5341761850169999999999999991215 13999999999999999999999
 74 74 88111138160172169151122 87 55 33 28 40 67100133157168163145119 9226 815D6 619173191216899999999999999 030 721247 2899999999999999
 72 64 69 88113139158165159140112 82 58 46 50 67 9512515016516515212810126 816D6 7 3165193216799999999999999 1 5 641317 4699999999999999
 76 61 59 69 90114136151154146127104 82 67 64 74 9512014416116515713811226 817D6 746155195116599999999999999 140 581343 6499999999999999
 86 66 57 59 72 92113131141142133118101 87 81 85 9911813915516215914512326 818D6 832143201016399999999999999 217 5614 6 8199999999999999
 99 77 62 57 62 75 92110123130130123114104 98 9810511913414915715714813226 819D6 927131203015899999999999999 259 571428 9799999999999999
112 91 74 63 61 66 76 9010311412012111911511211111412113114214915214813726 820D61052121205315299999999999999 351 61144511199999999999999
123106 89 76 67 64 66 74 84 9510511311812112212212312613113614114414313926 821D62120144999999999999999999999 5 1 64999999999999999999999
131119106 92 79 69 64 63 67 76 86 9911012012713113313313213313413513613626 822D62232136999999999999999999999 635 63999999999999999999999
134129121110 96 81 68 59 56 59 67 81 9711412813714114013713212812612712926 823D61619141999999999999999999999 8 3 56211712699999999999999
133135133127114 98 79 62 50 46 50 62 8110212313814714814313412511911712026 824D6 110135163814899999999999999 9 2 46215211799999999999999
127135141141133117 95 72 52 39 37 45 63 8711313514915414913812511310710926 825D6 228142165815499999999999999 945 36221810799999999999999
117130143150148136115 89 62 41 29 31 46 71101128148158156144127110 99 9726 826D6 3201511719159999999999999991021 292243 9699999999999999
104120138153159153136109 78 50 30 24 34 56 87118145160162152133111 93 8526 827D6 4 31591739163999999999999991053 242310 8599999999999999
 89105126148162165154131 99 67 40 26 27 45 74107138159166159140115 92 7626 828D6 4431661759166999999999999991124 242338 7499999999999999
 74 86108134157169167150122 88 57 35 29 39 64 96129155168165149123 94 7226 829D6 5221701820169999999999999991153 29999999999999999999999
 63 68 87114142163171164142112 79 53 39 41 59 88120149167170157132102 7426 830D6 6 2171184117199999999999999 0 9 621222 3899999999999999
 56 53 66 91120147164168156133103 75 56 51 61 83113142163171163142113 8226 831D6 64316819 117199999999999999 041 531251 5199999999999999
 57 46 49 67 95124148161160146124 99 78 67 70 85108135157169167151125 9426 9 1D6 727162192217099999999999999 115 451319 6799999999999999
 66 47 41 50 70 97123143152149137118100 87 84 9210813015016416715713710926 9 2D6 815152194416799999999999999 153 411347 8499999999999999
 81 57 43 41 51 71 9511713314013812911810710210411312814415716315914512426 9 3D6 91614120 716399999999999999 238 40141410299999999999999
 99 75 55 45 44 52 68 8810612012813012712211911812213014014915515614913626 9 4D61050130203315699999999999999 335 43143711899999999999999
118 97 77 60 49 46 50 62 77 9310711812613013213213313513814214614814714226 9 5D62111148999999999999999999999 455 46999999999999999999999
133120103 85 68 54 46 45 51 63 80 9811412813814314414213913713513613713926 9 6D61547144234014099999999999999 637 44201913599999999999999
140136128114 96 75 56 42 36 39 52 72 9511813614815315114413512712212312826 9 7D616 8153999999999999999999999 8 7 36212312299999999999999
136143146140126104 79 54 35 27 31 47 7210012714815815915013612111010611126 9 8D6 152146163116099999999999999 911 26215710699999999999999
123138152157152136109 78 49 29 21 29 51 81113141159164157141120102 91 9126 9 9D6 3 5158165416599999999999999 959 212229 8999999999999999
103123144161168161140109 74 44 25 23 37 64 98131156167164148124 99 80 7326 910D6 4 01681717168999999999999991039 2223 0 7399999999999999
 81100126152170174163138104 69 42 29 33 54 85120149167169156132103 77 6226 911D6 4471741738170999999999999991115 282331 5999999999999999
 61 76102132158174174159131 97 65 45 40 52 78111142164171163141111 80 5726 912D6 5311761759171999999999999991147 39999999999999999999999
 49 56 78108138162173168149121 91 66 54 58 76104135159171168150121 89 6126 913D6 612173181817299999999999999 0 2 491215 5399999999999999
 44 43 58 84114142161166158138112 88 72 69 80102129153168170157132101 7026 914D6 653166183617199999999999999 033 421242 6899999999999999
 48 39 45 65 91120143155156145127106 90 83 88103125147163168161141113 8326 915D6 733157185516899999999999999 1 4 3913 6 8399999999999999
 58 43 41 53 73 98122139146144134119105 97 97107123141156164161147124 9826 916D6 815147191316499999999999999 137 401328 9699999999999999
 72 54 46 49 61 8010112013213613312611610910711212213614915715714913211126 917D6 9 5136193215899999999999999 213 45134810799999999999999
 88 69 57 53 57 69 8410011412212612612211911711912413214114815014613612126 918D61021126195115099999999999999 257 5314 411799999999999999
104 87 72 63 61 64 72 83 9510511412012312512512612813213613914114013512726 919D620 6141999999999999999999999 358 61999999999999999999999
116103 91 79 71 66 66 70 77 87 9810911912713213413413313213213113112912726 920D61541134999999999999999999999 533 65999999999999999999999
124117109 98 86 75 66 62 63 70 81 9511012413514014113813212612212012012326 921D61539141999999999999999999999 718 62211512099999999999999
126127124117105 89 74 62 55 55 64 79 9811813414514814413512411410810811426 922D6 052127155514899999999999999 826 54213010899999999999999
123131136134125109 89 69 53 46 50 63 84108131147154151140124109 98 9410026 923D6 216136161215499999999999999 912 462151 9499999999999999
113128141147144130108 83 60 45 41 50 70 97124146158158147128107 89 80 8326 924D6 3 9147163016099999999999999 948 412215 8099999999999999
 97117138153158150131104 76 52 40 42 58 85115142160165155135109 84 68 6526 925D6 3531581649165999999999999991022 392242 6499999999999999
 76 99126150164165152128 97 68 48 42 52 75105136159169164144115 84 60 4926 926D6 43416717 9169999999999999991053 422310 4999999999999999
 54 75105136160172168150122 91 65 51 52 69 97128155170170154125 91 59 3926 927D6 5151731729172999999999999991124 492341 3599999999999999
 36 50 78113145167174166144115 87 67 60 69 91120149168174163138103 67 3826 928D6 5571741751174999999999999991155 60999999999999999999999
 25 30 52 84120150168171159137111 88 75 77 91115142163174169149118 81 4726 929D6 641172181317499999999999999 014 251225 7499999999999999
 25 19 31 56 90124149163163150130109 94 89 96113135156170171158133 99 6526 930D6 728165183517299999999999999 050 191254 8999999999999999
 37 21 21 36 62 93122143153151141126112105106116132149163168162144118 872610 1D6 821154185916899999999999999 130 19132210499999999999999
 57 35 25 28 43 66 921151321401401341261191171221311431541601591501321082610 2D6 929141192416199999999999999 217 25134911799999999999999
 83 59 42 34 37 48 66 861051201291331321301291291331381441491511471391252610 3D61123133195115199999999999999 317 34141612999999999999999
107 87 69 54 45 44 50 62 78 941101221311361381381371361361371371371361322610 4D61432138203713899999999999999 441 43173913699999999999999
124113 98 82 66 54 48 48 56 70 871051221351431451431381311251221221241282610 5D61459145999999999999999999999 625 47203212199999999999999
131131125112 95 76 59 48 45 51 66 861091291441511501421301171071031061152610 6D6 023132152115199999999999999 750 4521 510399999999999999
126137141138125105 82 61 47 43 51 69 94119141154156148133114 96 86 85 942610 7D6 2 6141154315799999999999999 849 432135 8499999999999999
111130146153149134110 83 60 46 45 57 81109135154162156140116 92 73 66 712610 8D6 31015316 516299999999999999 934 4422 5 6699999999999999
 89113138156163156137110 82 59 49 53 71 98127151164163148123 94 68 52 512610 9D6 4 11631626166999999999999991012 492235 4999999999999999
 65 90120147164168157135106 79 61 57 68 91120146164168157133102 70 46 37261010D6 4461691646169999999999999991046 5723 5 3699999999999999
 44 65 96129155169168154129102 79 68 71 88113140161170164144113 78 48 30261011D6 52717117 7170999999999999991117 672334 2899999999999999
 29 45 72106138160169163146122 98 82 78 88109134156169168153125 90 57 33261012D6 6 71691727171999999999999991145 78999999999999999999999
 23 30 52 83116144161164155137115 97 89 92107128150165169159136104 71 42261013D6 645164174716999999999999999 0 4 231212 8899999999999999
 25 24 38 64 94124146157156144128111100 98107123142158166161144118 86 56261014D6 72415818 816699999999999999 034 231238 9899999999999999
 35 27 32 50 76103127143149145135121110105109120135150159159148128101 73261015D6 8 5149183016199999999999999 1 6 2613 310599999999999999
 50 36 34 43 62 85108126137140136127119113113119130142151154148134114 90261016D6 851140185215499999999999999 140 33132911299999999999999
 68 51 43 44 54 71 90108122130132129125120119121126134141145143135122104261017D6 955132191414599999999999999 220 42135811999999999999999
 86 69 57 52 54 63 76 90104116124127128127125125126129132135135132125114261018D61144128193513599999999999999 312 52145012599999999999999
101 88 75 66 61 61 66 76 88100112121128131132131128126125124124123122119261019D61345132999999999999999999999 428 60999999999999999999999
113105 94 84 74 66 63 66 73 84 98112125134138138133127119114111111113117261020D61424139999999999999999999999 6 4 63202711199999999999999
119118113104 92 79 68 62 63 71 84101119133143145140130117105 98 96100108261021D6 016119144814599999999999999 724 622049 9599999999999999
118125128124113 97 81 67 60 61 71 89110130145151148136119100 86 79 81 92261022D6 153128151015299999999999999 821 592114 7899999999999999
108125137140134120100 80 64 58 63 78100124144156156145124 99 77 63 60 71261023D6 253140153115899999999999999 9 5 582141 6099999999999999
 91115136150152143124100 78 63 60 70 91116141158163154133104 74 51 41 46261024D6 341153155316399999999999999 944 602210 4099999999999999
 66 94125149162162148125 99 77 66 68 84108135157168164145115 79 47 27 23261025D6 4271641615168999999999999991020 652242 2399999999999999
 38 66101135160171166149124 98 80 74 82101127152168171157129 92 54 23  9261026D6 5121711640172999999999999991056 742316  899999999999999
 13 36 71110144166173165146121 99 86 86 99121145165174167145110 69 32  7261027D6 55717317 5174999999999999991130 842353 -199999999999999
 -1 11 40 77116148166170160141119103 96101116138158172172158129 92 52 19261028D6 64517117321749999999999999912 4 96999999999999999999999
  0 -1 16 46 83119146161162152136119109107115131150165171165145114 78 42261029D6 73616318 117199999999999999 033 -3123810699999999999999
 15  2  6 24 53 87117140152152144132121116118127140154163163153132103 71261030D6 834153183316599999999999999 117  2131411699999999999999
 42 21 12 17 34 59 87113131141143139131125123126133142150154152141122 99261031D6 94314319 815499999999999999 2 8 12135712399999999999999
 73 49 33 26 30 43 63 861071231341371361331291271281311351391411381311182611 1D61114138195714199999999999999 3 9 26151812799999999999999
100 81 62 48 41 42 50 66 841031191301371381351311261221211211231261271252611 2D61247138215612799999999999999 424 40181712199999999999999
118107 93 77 63 54 51 56 68 851031201331401411371291191101041031061121192611 3D61341142999999999999999999999 551 51194710399999999999999
124124118106 91 76 64 58 61 72 89109127140146144135120105 91 84 84 911032611 4D6 031125141514699999999999999 7 9 582031 8399999999999999
117128133130118102 84 70 64 67 80 99119137149151143127106 85 70 63 67 812611 5D6 2 5133144215199999999999999 810 6421 6 6399999999999999
101121137143140127108 89 75 70 76 91112133149156152136113 86 63 48 46 572611 6D6 31014415 815699999999999999 859 702139 4699999999999999
 79105129146152147132111 92 79 77 87105127147159159147123 93 64 41 31 362611 7D6 4 1152153216099999999999999 940 772210 3199999999999999
 55 83113139155158150132111 93 84 87100120142158163156135105 72 42 24 212611 8D6 4461591556163999999999999991017 842241 2099999999999999
 34 60 92124148161160148129109 94 90 97114135154164162146119 84 51 25 142611 9D6 5271621621165999999999999991051 902311 1399999999999999
 19 39 70104134155163158143123106 97 98109128147161164154131 99 64 34 15261110D6 6 51631646165999999999999991123 962342 1199999999999999
 11 24 50 83116142157160151135117105101107121139155163159142114 81 48 23261111D6 6421601711163999999999999991153100999999999999999999999
 12 16 35 63 95125145155153142127113105106116131147158159149127 97 65 37261112D6 719156173816099999999999999 013 11122310499999999999999
 19 16 26 48 76106130145150145133120110107112124138150155151136112 83 55261113D6 75715018 515599999999999999 046 15125310799999999999999
 33 22 24 38 61 87112131141143136126117111111118129140147148139122 99 74261114D6 839143183414999999999999999 121 22132611099999999999999
 51 35 30 36 51 72 95115130137136131123116113115121129137140137127111 90261115D6 92713719 514099999999999999 159 3014 811399999999999999
 70 53 42 40 47 61 80 99116128133133129123117115116119125129130126117104261116D61026134194513099999999999999 242 40151611599999999999999
 88 72 59 51 50 57 69 85102117127133133130124118114112112115117119117112261117D6113313421 011999999999999999 336 50171511299999999999999
102 91 78 68 61 60 64 75 89105119130136136132124115107101 99101105110113261118D61234136232211399999999999999 444 591858 9999999999999999
112107 99 88 78 70 67 70 79 93109124136141140132120106 93 85 82 86 95105261119D61318141999999999999999999999 6 0 671950 8299999999999999
114119118111100 87 77 72 75 84 99117133143147141128109 89 73 63 64 73 89261120D6 118119135314799999999999999 711 722028 6299999999999999
106121130131123110 95 83 77 80 91108127143152150138117 92 67 48 41 47 64261121D6 234132142315299999999999999 812 7721 3 4199999999999999
 88113133144144135119101 88 82 87101120139153158150130101 69 41 24 21 34261122D6 332145145315899999999999999 9 3 822139 2099999999999999
 60 91122145156155143125106 93 89 96112133151162161146118 82 45 17  3  7261123D6 424157152416399999999999999 950 892217  299999999999999
 27 60 97131155165161147127109 97 97107125146162168160137102 62 24 -2-11261124D6 5131651557168999999999999991033 962258-1199999999999999
 -1 26 64104138160168163147127111103105118137156169169155126 87 45  8-14261125D6 6 316816321719999999999999911151022341-1899999999999999
-17 -2 30 69109141161167159143126112108114128147163171166147114 74 33  1261126D6 65316717 9171999999999999991156108999999999999999999999
-16-15  4 37 75113141158161153138123114112120135151164167159137104 66 29261127D6 744161174916899999999999999 026-18123811299999999999999
  2-10 -5 15 46 82114139152153145132121114115123136149158159148127 97 63261128D6 837154183316099999999999999 113-10132411399999999999999
 32 11  3  9 29 57 88116136146146138128118113114121131141148147137118 93261129D6 930147192414899999999999999 2 3  3142011399999999999999
 66 42 25 20 27 44 68 94117133141140133124115110109113121128133133127113261130D61023141203113499999999999999 256 20153610999999999999999
 94 73 55 42 39 45 59 801011201331391371301201111031001011061121181211192612 1D6111513922 812199999999999999 353 39171610099999999999999
112 99 84 70 60 57 62 74 91109124135139136128116103 93 86 84 88 961051132612 2D612 4139999999999999999999999 455 571845 8499999999999999
116115108 97 86 77 73 76 86101116130139141136125109 93 78 69 67 72 83 972612 3D6 012116124814199999999999999 6 2 731947 6799999999999999
110119122118110 99 90 86 88 96110124137144143135119 99 78 61 51 50 59 752612 4D6 157122132814599999999999999 711 852033 4999999999999999
 94112125131129120109 99 94 96105118132143148144131110 85 61 43 35 38 522612 5D6 31213114 514899999999999999 814 942113 3599999999999999
 74 98120135141137127115104 99102112126140149151142124 97 69 43 27 23 322612 6D6 4 7141144015199999999999999 9 9 992149 2299999999999999
 52 79107130144148142130116106102107118133146153151136112 82 51 27 14 162612 7D6 452148151515499999999999999 9561022223 1399999999999999
 32 58 89118140152152143128114105104111125140152155147127 98 65 35 14  72612 8D6 53115315481569999999999999910371032256  799999999999999
 16 38 69101129148155151139123110103106117132147156154140114 82 48 21  62612 9D6 6 615516211569999999999999911131032329  499999999999999
  6 22 49 82113138152154146131116105103110123139152156149129100 66 34 12261210D6 6401551653156999999999999991145103999999999999999999999
  4 11 32 62 95124144152149138122109102104115130145154153140116 85 52 25261211D6 713153172515599999999999999 0 2  4121610299999999999999
  9  8 21 46 77107132146149142128114104101107119135147152146128102 71 42261212D6 745149175815299999999999999 035  6124810199999999999999
 21 12 17 34 61 91118137145144134120107100101110123136145145135115 89 61261213D6 818146183214699999999999999 1 8 11132410099999999999999
 37 22 19 29 50 76103125139143138126113103 99102111123133139136123104 79261214D6 853143191013999999999999999 142 1914 5 9999999999999999
 56 38 29 31 45 66 90114131140140132120108100 97100108118126129125113 95261215D6 929141195612999999999999999 218 291458 9799999999999999
 75 57 45 40 46 60 80102121135140137128116104 96 93 95101109116119116107261216D610 7140205911999999999999999 256 4016 6 9299999999999999
 93 78 64 56 55 61 75 93112127137139135124112 99 89 84 84 89 98105111111261217D61049140223411199999999999999 341 541725 8399999999999999
106 97 86 77 70 69 75 87103119132139139133121106 90 77 70 69 74 84 96106261218D61133140999999999999999999999 437 691837 6899999999999999
111112107100 91 85 83 87 97111125136142140132117 97 77 61 51 50 58 72 89261219D6 035112122014299999999999999 549 831935 4999999999999999
105117122121115106 98 95 97105117130140145142130111 86 61 41 30 31 42 63261220D6 21812313 814599999999999999 7 9 952026 2999999999999999
 87109126135136129119109103104111123136146150144128103 72 42 20  9 13 30261221D6 332137135615099999999999999 8251022115  999999999999999
 57 87116137148148140127115108108115128143153156146125 94 58 24  0 -9 -1261222D6 431149144415699999999999999 93010722 2 -999999999999999
 22 55 91123146157156145131117109110119134150160160147121 84 44  9-15-21261223D6 52315815311629999999999999910241092250-2199999999999999
 -8 20 57 97131153162159146129115108111123140156166163146115 75 33 -2-23261224D6 61116316191669999999999999911121082337-2799999999999999
-25 -9 23 64104136157163156141123110106111126144160168162142108 67 26 -7261225D6 65616317 7168999999999999991157106999999999999999999999
-24-21 -1 33 74112141157159149132115104102110127145160165157135101 61 24261226D6 738160175616599999999999999 023-25124010199999999999999
 -4-16 -9 14 48 86120144154152139121105 97 98108124142155158148126 94 58261227D6 816155184615899999999999999 1 8-161325 9699999999999999
 27  6  0 10 35 67100128145150143128110 96 90 92103119134145146136116 89261228D6 851150193814799999999999999 151  01413 9099999999999999
 60 36 22 21 34 58 86114134145144133117101 88 83 86 96109123131132124108261229D6 924146203713399999999999999 232 2015 8 8399999999999999
 87 66 49 42 45 59 80104125139143137125109 93 82 76 78 86 97108116118114261230D6 955143215011999999999999999 311 421614 7699999999999999
103 89 76 67 64 70 84102120134142141132118102 86 74 67 67 73 83 93102108261231D61024142233510899999999999999 347 641730 6799999999999999
