 39 37 33 27 20 14  9  5  3  4  7 11 15 19 22 24 26 27 28 30 33 37 40 4326 1 1ES9999999999999999999999999999 810  3999999999999999999999
 45 44 41 35 28 20 13  7  3  1  3  6 11 16 20 24 26 28 29 30 33 36 40 4426 1 2ES 010 45999999999999999999999 9 1  1999999999999999999999
 47 48 47 43 37 28 20 12  5  1  0  2  6 12 17 21 25 26 27 28 30 32 36 4026 1 3ES 1 2 48999999999999999999999 950  0999999999999999999999
 45 48 49 48 43 36 28 19 10  4  1  0  3  7 13 18 22 24 25 25 26 27 30 3326 1 4ES 157 499999999999999999999991039  0999999999999999999999
 38 43 46 48 46 41 34 26 17  9  4  1  1  4  9 14 18 21 22 23 22 22 23 2626 1 5ES 255 481829 23999999999999991127  12032 2299999999999999
 30 34 39 43 44 42 38 31 23 15  9  4  2  3  6 10 15 18 20 20 19 18 18 1926 1 6ES 354 441844 20999999999999991214  22142 1899999999999999
 22 25 30 34 37 38 37 33 27 20 13  8  5  4  5  8 12 15 17 18 18 16 15 1526 1 7ES 452 3819 7 18999999999999991257  42250 1599999999999999
 16 18 21 25 29 31 32 31 27 22 17 12  8  6  6  8 10 13 16 17 17 16 15 1426 1 8ES 549 321935 17999999999999991335  6999999999999999999999
 13 13 15 18 21 24 25 26 25 22 18 14 11  9  8  9 11 13 16 17 18 18 16 1526 1 9ES 646 2620 7 1899999999999999 0 5 1314 4  899999999999999
 13 12 12 13 15 17 19 20 20 20 18 15 13 12 11 11 12 14 17 18 20 20 19 1826 110ES 748 202044 2099999999999999 136 121417 1199999999999999
 16 14 13 12 12 13 14 15 16 16 16 15 14 14 13 13 15 16 18 20 22 23 23 2226 111ES 915 162124 2399999999999999 328 1214 8 1399999999999999
 20 18 15 13 12 11 11 11 12 13 14 15 15 15 15 16 17 19 21 23 25 26 27 2626 112ES22 4 27999999999999999999999 536 11999999999999999999999
 25 22 20 16 14 11 10  9 10 11 13 14 16 17 18 18 20 21 23 25 27 29 31 3126 113ES2242 31999999999999999999999 659  9999999999999999999999
 30 28 25 21 17 13 10  9  8  9 11 13 16 18 20 21 22 23 25 27 29 32 33 3426 114ES2319 34999999999999999999999 749  8999999999999999999999
 34 32 30 26 21 17 12  9  8  8  9 12 15 18 21 22 24 25 26 28 30 32 35 3626 115ES2357 37999999999999999999999 828  7999999999999999999999
 37 36 34 30 25 20 15 11  8  7  8 10 14 17 20 23 24 25 26 27 29 32 34 3726 116ES9999999999999999999999999999 9 4  7999999999999999999999
 38 38 37 34 29 24 18 13  9  7  6  8 11 15 19 22 24 25 25 26 27 29 32 3526 117ES 036 39999999999999999999999 939  6999999999999999999999
 37 39 38 36 32 27 21 15 10  7  5  6  8 12 16 19 22 23 23 23 24 25 28 3126 118ES 118 399999999999999999999991013  5999999999999999999999
 34 37 38 37 34 30 24 18 12  7  5  4  5  9 12 16 19 20 21 20 20 21 22 2626 119ES 2 3 389999999999999999999991048  4999999999999999999999
 29 33 36 37 35 32 26 20 14  8  5  3  3  5  9 12 15 17 18 17 16 16 17 1926 120ES 250 371753 18999999999999991123  22045 1699999999999999
 23 27 31 34 34 32 28 23 16 10  6  3  1  3  6  9 12 15 16 15 14 13 13 1426 121ES 339 3418 9 16999999999999991158  12138 1299999999999999
 16 20 25 29 31 31 29 25 19 13  8  4  2  2  4  7 10 13 14 14 13 11 10 1026 122ES 428 311830 15999999999999991232  12234 1099999999999999
 11 14 18 23 26 28 28 25 21 16 11  7  4  3  4  6 10 12 14 15 14 12 10  926 123ES 520 281855 159999999999999913 4  32341  899999999999999
  8 10 12 16 20 23 25 24 22 18 14 10  8  6  6  8 11 13 16 17 17 15 13 1026 124ES 617 251922 17999999999999991330  6999999999999999999999
  8  8  8 11 14 17 20 21 21 19 17 14 12 10 10 11 13 16 19 20 21 20 17 1426 125ES 724 211950 2199999999999999 1 1  81344 1099999999999999
 11  9  8  8  9 11 14 16 18 18 18 17 15 15 15 16 17 20 22 24 26 25 24 2126 126ES 857 182021 2699999999999999 231  81329 1599999999999999
 17 13 10  8  7  7  9 11 13 15 17 17 18 18 19 20 21 24 26 29 30 31 30 2826 127ES21 0 31999999999999999999999 411  7999999999999999999999
 24 20 15 11  8  6  6  7  9 11 14 16 18 20 21 23 24 26 29 31 34 35 36 3526 128ES2151 36999999999999999999999 548  6999999999999999999999
 32 28 22 17 12  8  5  4  5  7 10 13 17 19 22 24 25 27 29 32 34 37 39 3926 129ES2252 39999999999999999999999 7 4  4999999999999999999999
 38 35 30 24 18 12  7  4  2  3  6 10 14 18 21 23 25 26 28 30 32 35 38 4026 130ES9999999999999999999999999999 8 6  2999999999999999999999
 41 40 37 32 25 18 12  6  3  1  2  6 10 14 18 21 23 24 25 26 27 30 34 3726 131ES 0 0 41999999999999999999999 9 1  1999999999999999999999
 40 42 41 37 32 25 18 11  5  2  1  2  6 11 15 19 21 22 21 21 22 24 27 3026 2 1ES 1 8 42999999999999999999999 951  1999999999999999999999
 35 39 40 40 37 31 24 16  9  4  1  1  3  7 12 15 18 19 19 18 17 17 19 2226 2 2ES 214 401712 19999999999999991037  02015 1799999999999999
 27 32 36 38 37 34 29 21 14  8  3  1  1  4  8 13 16 17 17 15 14 12 13 1426 2 3ES 317 381724 17999999999999991120  12121 1299999999999999
 18 23 28 32 34 33 30 25 18 12  6  3  2  3  6 10 14 16 16 15 12 10  9  926 2 4ES 416 341743 16999999999999991157  22221  999999999999999
 11 15 20 25 28 30 29 26 21 15 10  6  4  4  6  9 13 15 16 15 13 10  8  726 2 5ES 510 3018 4 16999999999999991227  32322  699999999999999
  7  9 12 17 21 24 25 24 21 17 12  9  6  6  7 10 13 15 17 17 15 12  9  726 2 6ES 6 1 251827 17999999999999991249  6999999999999999999999
  6  6  8 11 15 18 20 21 20 17 14 11  9  8  9 11 14 17 19 19 18 16 13 1026 2 7ES 652 211852 1999999999999999 024  613 0  899999999999999
  8  6  6  8 10 13 15 17 17 16 15 13 12 11 12 14 16 19 21 22 22 20 17 1426 2 8ES 750 171919 2299999999999999 131  61256 1199999999999999
 11  9  7  7  8  9 11 13 14 15 15 14 14 14 15 16 19 21 23 25 25 24 22 2026 2 9ES 918 151950 2599999999999999 249  71222 1499999999999999
 16 13 11  9  8  8  9 10 12 13 14 15 16 17 18 19 21 23 25 27 28 28 26 2426 210ES2025 28999999999999999999999 426  8999999999999999999999
 22 18 15 12 10  8  8  8  9 11 13 15 17 18 20 21 23 24 26 28 29 30 29 2826 211ES21 8 30999999999999999999999 6 3  8999999999999999999999
 26 23 20 16 13 10  8  8  8  9 11 14 17 19 21 22 23 25 26 28 29 30 31 3026 212ES22 4 31999999999999999999999 712  7999999999999999999999
 29 27 24 20 17 13 10  8  7  7  9 12 15 18 20 22 23 24 25 26 28 29 31 3126 213ES2311 31999999999999999999999 8 4  7999999999999999999999
 31 29 27 24 20 16 12  8  6  6  7  9 13 16 18 20 22 22 23 24 25 27 28 3026 214ES9999999999999999999999999999 848  6999999999999999999999
 31 31 29 26 23 18 14  9  6  4  5  6  9 13 16 18 19 20 20 20 21 22 25 2726 215ES 018 31999999999999999999999 927  4999999999999999999999
 29 30 30 28 25 21 16 11  6  4  3  3  6  9 13 15 17 17 16 16 16 17 19 2226 216ES 118 311645 179999999999999910 2  31926 1699999999999999
 26 28 30 29 27 23 18 12  7  3  1  1  3  6 10 12 14 14 14 12 11 11 13 1626 217ES 214 301645 14999999999999991035  12020 1199999999999999
 20 24 28 29 28 25 21 15  9  4  1  0  1  4  7 10 12 13 12 10  8  7  8 1026 218ES 3 7 291655 139999999999999911 6  02113  799999999999999
 13 18 23 26 28 26 23 18 12  7  3  1  0  2  6  9 12 13 12 10  7  5  4  426 219ES 4 0 281711 13999999999999991135  022 9  499999999999999
  7 11 17 22 25 26 24 21 16 10  6  3  2  3  6 10 13 14 14 13  9  6  3  226 220ES 453 261730 159999999999999912 2  223 9  299999999999999
  3  5 10 15 20 23 23 22 18 14 10  7  6  6  8 12 15 17 18 16 13  9  5  226 221ES 549 231750 18999999999999991222  6999999999999999999999
  1  2  4  9 14 18 20 21 19 17 14 12 10 10 12 15 18 21 22 21 19 15 10  626 222ES 649 211813 2299999999999999 012  11230 1099999999999999
  3  1  2  4  8 12 15 17 18 18 16 15 15 15 16 19 22 24 26 27 25 22 17 1226 223ES 8 2 181839 2799999999999999 118  11211 1599999999999999
  7  4  2  2  4  7 10 13 15 16 17 17 17 18 20 22 25 27 30 31 30 28 24 1926 224ES1914 31999999999999999999999 231  2999999999999999999999
 14 10  6  4  3  4  6  8 11 13 15 17 18 20 21 23 26 28 31 33 33 33 30 2726 225ES20 3 33999999999999999999999 356  3999999999999999999999
 22 17 12  8  5  3  3  5  7  9 12 15 17 19 21 23 25 27 30 32 33 34 34 3226 226ES2112 34999999999999999999999 532  3999999999999999999999
 29 24 19 14 10  6  4  3  4  6  9 12 15 18 20 22 23 25 26 28 30 32 33 3426 227ES2245 34999999999999999999999 658  3999999999999999999999
 33 30 26 21 16 11  6  3  2  3  5  8 12 15 18 19 20 21 22 23 24 27 29 3226 228ES9999999999999999999999999999 8 7  2999999999999999999999
 33 33 30 27 22 16 10  6  3  2  2  5  9 12 15 17 18 18 17 17 18 20 23 2626 3 1ES 018 331617 1899999999999999 9 2  21834 1799999999999999
 29 32 32 30 26 21 15  9  5  2  1  3  6  9 13 15 16 15 14 12 12 13 15 1926 3 2ES 137 3216 6 1699999999999999 948  11955 1299999999999999
 23 27 30 30 29 25 19 13  8  3  1  1  4  7 11 13 14 14 12 10  8  7  8 1126 3 3ES 244 301614 14999999999999991027  12056  799999999999999
 15 21 25 28 28 26 22 16 11  6  3  2  3  6  9 12 14 14 12  9  6  4  4  526 3 4ES 341 281629 14999999999999991058  22150  499999999999999
  8 13 19 23 25 25 23 18 13  9  5  3  4  6  9 12 15 15 14 11  7  4  2  126 3 5ES 431 251647 15999999999999991121  32240  199999999999999
  3  7 12 17 21 23 22 19 15 11  8  6  5  7 10 14 16 17 16 14 10  6  3  126 3 6ES 518 2317 5 17999999999999991137  52330  099999999999999
  1  3  7 12 16 19 20 19 17 13 10  9  8  9 12 16 18 20 20 18 14 10  6  226 3 7ES 6 4 201724 20999999999999991146  8999999999999999999999
  1  1  4  7 11 15 17 18 17 15 13 12 11 12 15 18 21 23 23 22 19 14 10  626 3 8ES 654 181744 2399999999999999 020  11145 1199999999999999
  3  2  3  5  8 11 14 16 16 16 15 14 14 15 17 20 23 25 26 25 23 19 15 1126 3 9ES 755 1618 4 2699999999999999 113  21131 1499999999999999
  8  5  4  4  6  9 11 13 15 16 16 16 16 17 19 22 24 26 27 27 26 23 20 1626 310ES1824 28999999999999999999999 211  4999999999999999999999
 12  9  7  6  6  7  9 11 13 14 16 17 18 19 21 23 25 27 28 28 27 26 23 2026 311ES1847 28999999999999999999999 322  6999999999999999999999
 17 13 11  9  7  7  7  9 10 12 14 16 17 19 21 22 24 26 27 28 27 27 25 2326 312ES1919 28999999999999999999999 456  7999999999999999999999
 20 17 14 12 10  8  7  7  8 10 12 14 16 18 20 21 22 24 25 26 26 26 25 2426 313ES2018 26999999999999999999999 631  7999999999999999999999
 22 20 17 15 12  9  7  6  6  7  9 11 13 16 17 19 20 20 21 22 23 24 24 2426 314ES2221 24999999999999999999999 740  6999999999999999999999
 23 22 20 17 14 11  8  6  4  4  6  8 10 13 15 16 16 17 17 18 19 20 21 2326 315ES9999999999999999999999999999 830  4999999999999999999999
 23 23 22 19 16 13  9  6  3  2  3  5  7 10 12 13 14 13 13 13 13 15 17 2026 316ES 011 231552 1499999999999999 9 7  21838 1399999999999999
 22 23 23 21 19 15 10  6  3  1  1  2  5  8 10 12 12 11  9  8  8  9 11 1526 317ES 125 231539 1299999999999999 938  11941  899999999999999
 19 22 23 23 21 18 13  8  4  1  0  1  4  7  9 11 11 10  8  6  4  4  5  926 318ES 225 231543 129999999999999910 6  02037  499999999999999
 13 18 22 23 23 21 17 12  7  3  1  1  4  7 10 12 13 12  9  6  2  0  0  326 319ES 321 231553 13999999999999991030  12132  099999999999999
  7 12 18 21 23 22 20 16 11  7  5  4  5  8 12 15 16 15 13  8  4  0 -2 -226 320ES 417 2316 8 16999999999999991052  42227 -299999999999999
  1  6 12 17 21 22 22 19 15 12  9  8  9 11 15 19 20 20 18 14  8  2 -2 -426 321ES 513 221626 219999999999999911 7  82322 -499999999999999
 -3  0  5 11 16 19 21 20 18 15 13 12 13 15 19 23 25 26 24 20 15  8  2 -226 322ES 611 211649 26999999999999991110 12999999999999999999999
 -4 -3  0  5 10 15 18 19 19 18 16 16 17 19 22 26 29 30 30 27 22 16  9  326 323ES 716 191716 3099999999999999 018 -41053 1699999999999999
 -1 -3 -2  1  5  9 13 16 18 18 18 18 19 21 24 27 31 33 34 32 29 23 17 1126 324ES1750 34999999999999999999999 117 -3999999999999999999999
  5  1 -1  0  2  5  9 12 14 16 17 18 19 21 24 27 30 33 34 34 33 29 24 1826 325ES1834 35999999999999999999999 222 -1999999999999999999999
 13  8  4  2  2  3  5  8 10 13 15 16 18 20 22 24 27 29 32 33 33 31 29 2526 326ES1934 33999999999999999999999 342  2999999999999999999999
 20 15 11  7  4  3  3  5  7  9 12 14 16 18 19 21 23 25 26 28 29 30 29 2826 327ES21 6 30999999999999999999999 522  3999999999999999999999
 25 21 17 13  9  6  4  3  4  6  8 11 13 15 16 18 18 19 20 21 23 25 26 2726 328ES23 9 27999999999999999999999 657  3999999999999999999999
 27 25 22 18 14 10  6  4  3  4  6  8 11 13 14 15 15 15 14 15 16 18 21 2326 329ES9999999999999999999999999999 8 6  3999999999999999999999
 25 26 25 22 18 14 10  6  3  3  4  6  9 11 13 13 13 12 10 10 10 11 14 1726 330ES 051 2615 2 1399999999999999 855  31925  999999999999999
 21 23 24 24 21 17 13  8  5  3  3  5  8 10 12 13 13 11  9  7  5  6  7 1126 331ES 2 4 2415 7 1399999999999999 930  32024  599999999999999
 15 19 22 23 22 19 15 11  7  5  4  5  8 11 13 14 14 12  9  6  3  2  3  526 4 1ES 3 1 231519 1499999999999999 954  42114  299999999999999
 10 14 18 21 22 20 17 13  9  7  6  6  9 12 14 16 16 15 11  7  4  1  0  126 4 2ES 349 221533 16999999999999991010  62159  099999999999999
  5  9 14 18 20 20 18 15 12  9  8  8 10 14 17 19 20 18 15 11  6  2  0 -126 4 3ES 433 211549 20999999999999991019  82241 -199999999999999
  1  5 10 15 18 20 19 17 14 12 11 11 13 16 19 22 23 22 20 15 10  5  2  026 4 4ES 517 2016 7 23999999999999991024 112324 -199999999999999
  0  2  7 11 15 18 19 19 17 15 14 14 15 18 22 25 27 26 24 20 15 10  5  226 4 5ES 6 3 191626 27999999999999991026 13999999999999999999999
  0  1  4  8 12 16 18 19 18 17 16 16 18 20 24 27 29 29 28 25 20 14  9  526 4 6ES 654 191644 2999999999999999 0 7  01024 1699999999999999
  3  2  3  6 10 13 16 18 18 18 18 18 19 21 24 28 30 31 30 28 24 19 14 1026 4 7ES17 4 31999999999999999999999 051  2999999999999999999999
  6  4  4  6  8 11 13 16 17 18 18 19 20 22 24 27 29 31 31 29 26 22 18 1426 4 8ES1725 31999999999999999999999 138  4999999999999999999999
 10  8  6  6  7  9 11 13 15 16 17 18 19 21 23 25 27 29 29 29 27 24 20 1726 4 9ES1751 29999999999999999999999 233  6999999999999999999999
 13 11  9  8  7  8  9 10 12 13 14 16 17 19 20 22 24 26 27 27 26 24 21 1926 410ES1827 27999999999999999999999 349  7999999999999999999999
 16 13 11  9  8  7  7  8  9 10 11 13 14 16 17 19 20 22 23 23 23 23 21 2026 411ES1931 23999999999999999999999 541  7999999999999999999999
 18 15 13 11  9  7  6  6  6  7  9 10 12 13 14 15 16 17 18 19 20 20 20 2026 412ES2145 20999999999999999999999 7 7  6999999999999999999999
 19 17 15 13 10  8  6  5  4  5  6  8 10 11 12 12 13 13 13 14 15 17 18 1926 413ES2357 20999999999999999999999 755  4999999999999999999999
 20 19 18 15 13 10  7  4  3  3  5  7  9 10 11 11 11 10  9  9 10 12 14 1726 414ES1431 11999999999999999999999 826  31834  999999999999999
 19 20 20 18 16 12  9  6  4  3  4  7  9 11 12 12 11  9  7  5  5  6  9 1226 415ES 119 201424 1299999999999999 851  31943  599999999999999
 16 19 21 21 19 16 12  9  7  5  6  8 11 14 15 15 14 11  7  4  2  1  3  726 416ES 227 211430 1699999999999999 912  52042  199999999999999
 12 16 20 22 22 20 17 13 11  9  9 11 14 18 20 20 19 15 10  5  1 -1 -1  126 417ES 329 221444 2099999999999999 928  92136 -299999999999999
  5 11 16 20 22 22 20 18 15 14 14 15 18 22 25 26 25 22 17 10  4 -1 -3 -326 418ES 430 2315 4 2699999999999999 937 132229 -499999999999999
  0  5 11 16 20 22 22 21 19 18 18 19 22 26 30 32 32 30 25 18 10  3 -2 -426 419ES 530 231531 3299999999999999 935 172321 -599999999999999
 -4  0  5 11 16 20 22 22 21 20 20 22 24 28 33 36 37 36 32 26 18 10  3 -226 420ES 632 2216 3 3799999999999999 926 20999999999999999999999
 -4 -3  1  6 11 16 19 21 21 21 21 22 25 28 33 37 40 40 38 33 26 19 11  526 421ES1642 40999999999999999999999 014 -4999999999999999999999
  0 -2 -1  2  7 11 15 18 19 20 20 21 23 26 30 34 38 40 40 37 33 26 19 1226 422ES1728 40999999999999999999999 111 -2999999999999999999999
  7  3  1  2  4  7 11 14 16 17 18 19 21 23 26 29 33 35 37 37 35 31 26 2026 423ES1824 37999999999999999999999 215  1999999999999999999999
 14  9  6  4  4  5  7 10 12 14 15 17 18 19 21 23 26 29 31 32 32 31 28 2526 424ES1938 32999999999999999999999 335  4999999999999999999999
 20 16 12  9  7  6  6  7  9 11 13 14 15 16 17 18 20 21 23 25 26 27 27 2626 425ES2126 27999999999999999999999 513  6999999999999999999999
 24 21 17 14 10  8  7  6  7  9 10 12 14 14 15 15 15 15 16 17 19 21 23 2426 426ES2331 24999999999999999999999 643  6999999999999999999999
 24 23 20 17 14 11  9  7  7  8  9 11 13 14 14 14 13 12 11 11 12 14 17 2026 427ES1351 14999999999999999999999 743  71826 1199999999999999
 21 22 21 20 17 14 11  9  8  8  9 11 13 15 15 14 13 11  9  8  8  9 11 1526 428ES 1 3 221353 1599999999999999 818  81940  899999999999999
 18 20 21 20 19 16 13 11  9  9 10 13 15 17 17 17 15 12 10  7  5  5  7 1026 429ES 2 9 2114 5 1799999999999999 836  92033  599999999999999
 14 17 19 20 20 18 15 13 11 11 12 15 17 20 21 21 19 16 12  8  5  4  4  726 430ES 3 1 201419 2199999999999999 843 112117  499999999999999
 10 14 18 20 20 19 17 15 14 14 15 17 20 23 25 25 23 20 16 11  7  4  3  426 5 1ES 347 201435 2599999999999999 844 142157  399999999999999
  8 12 16 19 21 21 20 18 17 16 17 20 23 26 29 30 28 25 21 15 10  6  4  326 5 2ES 432 211454 3099999999999999 847 162235  399999999999999
  5  9 14 18 21 22 22 21 19 19 20 22 25 29 32 33 33 30 26 20 14  9  5  426 5 3ES 518 221515 3399999999999999 855 192313  499999999999999
  4  7 11 16 20 22 23 23 22 21 22 23 26 30 34 36 36 34 30 25 19 13  9  626 5 4ES 6 6 231537 3699999999999999 9 4 212351  599999999999999
  5  6  9 13 17 21 23 23 23 22 23 24 27 30 34 36 37 36 33 29 23 17 12  826 5 5ES 657 2316 1 3799999999999999 9 8 22999999999999999999999
  6  6  8 11 15 18 21 22 22 22 22 24 26 29 32 35 37 37 35 31 26 21 16 1226 5 6ES1627 37999999999999999999999 031  6999999999999999999999
  9  7  8 10 12 15 18 19 20 21 21 22 23 26 29 32 34 35 34 32 28 23 18 1426 5 7ES1658 35999999999999999999999 113  7999999999999999999999
 11  9  9  9 11 13 15 16 17 18 18 19 21 22 25 28 30 32 32 31 28 24 20 1726 5 8ES1735 32999999999999999999999 2 1  9999999999999999999999
 14 11 10  9  9 10 12 13 14 15 16 16 17 19 21 23 25 27 28 28 27 25 22 1926 5 9ES1824 28999999999999999999999 3 3  9999999999999999999999
 16 13 11 10  9  9  9 10 11 13 13 14 15 16 17 19 20 22 24 25 25 24 22 2026 510ES1935 25999999999999999999999 428  9999999999999999999999
 18 15 13 11  9  8  8  9 10 11 12 13 14 14 15 15 16 17 19 20 21 22 22 2126 511ES2127 22999999999999999999999 548  8999999999999999999999
 20 18 15 13 11  9  8  8  9 10 12 13 14 15 14 14 14 14 14 15 17 19 20 2126 512ES13 3 152331 2199999999999999 637  81629 1399999999999999
 21 20 18 16 14 12 10 10 10 11 13 15 17 17 16 15 13 12 11 11 12 14 17 1926 513ES1252 17999999999999999999999 7 8 101831 1199999999999999
 21 22 21 20 18 16 14 13 13 14 16 19 21 21 21 19 16 12  9  8  7  9 12 1526 514ES 1 8 2213 0 2199999999999999 728 131943  799999999999999
 19 22 23 23 22 20 18 17 17 18 20 23 26 28 27 25 21 16 11  7  5  4  6 1026 515ES 231 231317 2899999999999999 740 172041  499999999999999
 15 19 23 25 25 24 23 22 21 22 25 28 32 34 35 33 29 23 16 10  5  2  2  526 516ES 346 251342 3599999999999999 742 212134  299999999999999
  9 15 20 24 26 26 26 25 25 26 28 32 36 40 41 41 37 31 24 16  9  3  0  126 517ES 456 261414 4199999999999999 741 252225  099999999999999
  4  9 15 20 24 26 27 27 27 28 30 33 37 42 46 47 45 40 33 24 15  8  3  026 518ES1453 479999999999999999999992317  0999999999999999999999
  1  4 10 16 21 24 26 27 27 27 29 32 36 41 46 49 49 46 41 33 24 16  8  326 519ES1538 499999999999999999999999999999999999999999999999999
  1  2  6 11 16 20 23 25 25 26 27 29 32 37 41 46 48 48 45 40 32 24 16 1026 520ES1629 48999999999999999999999 011  1999999999999999999999
  5  4  4  8 12 16 19 22 23 23 24 25 27 30 35 39 43 45 45 42 37 31 24 1726 521ES1727 45999999999999999999999 1 8  3999999999999999999999
 12  8  6  7  9 12 16 18 20 20 21 21 22 24 27 31 34 38 39 39 37 34 29 2326 522ES1832 40999999999999999999999 211  6999999999999999999999
 18 14 10  9  9 11 13 15 17 18 19 19 19 20 21 23 26 29 31 33 33 32 30 2726 523ES1950 33999999999999999999999 321  9999999999999999999999
 23 19 15 13 11 11 12 13 15 16 17 18 18 18 18 19 20 21 23 25 27 28 28 2726 524ES2131 28999999999999999999999 438 11999999999999999999999
 25 22 19 16 14 13 12 13 15 16 17 18 19 18 18 17 17 17 17 18 20 22 23 2426 525ES1156 192320 2499999999999999 544 121636 1699999999999999
 24 23 21 19 17 15 14 14 15 17 19 20 21 21 20 18 17 15 14 14 15 17 19 2126 526ES1217 21999999999999999999999 625 141838 1499999999999999
 22 22 22 21 19 18 17 16 17 19 21 23 24 24 23 21 19 16 14 12 12 13 15 1726 527ES 052 221238 2499999999999999 639 161947 1299999999999999
 20 21 22 22 21 20 19 19 20 21 24 26 28 29 28 26 23 19 16 13 11 11 12 1526 528ES 2 7 221258 2999999999999999 637 192036 1199999999999999
 18 21 22 23 23 22 21 21 22 24 27 30 32 34 33 31 28 24 19 15 12 10 11 1326 529ES 311 231319 3499999999999999 634 212116 1099999999999999
 16 20 22 24 25 25 24 24 25 27 29 33 36 38 38 37 33 29 24 18 14 11 10 1226 530ES 4 8 251342 3899999999999999 642 242152 1099999999999999
 15 18 22 25 26 27 27 26 27 28 31 35 38 41 42 41 39 34 28 22 17 13 11 1126 531ES14 6 429999999999999999999992228 10999999999999999999999
 13 17 21 24 27 28 29 28 28 30 32 35 39 42 44 45 42 38 33 27 21 16 12 1126 6 1ES1433 4599999999999999999999923 4 11999999999999999999999
 12 15 19 23 26 28 29 29 29 30 31 34 38 42 45 46 45 42 37 31 24 19 14 1226 6 2ES15 2 469999999999999999999992341 11999999999999999999999
 11 13 16 20 24 26 28 28 28 29 30 32 35 39 43 45 45 43 39 34 28 22 17 1326 6 3ES1534 459999999999999999999999999999999999999999999999999
 12 12 14 17 21 23 25 26 27 27 27 29 32 35 39 42 43 42 40 35 30 24 19 1526 6 4ES1610 43999999999999999999999 019 12999999999999999999999
 13 12 13 15 17 20 22 23 24 24 24 25 27 30 34 37 39 40 39 36 31 26 21 1726 6 5ES1650 40999999999999999999999 1 0 12999999999999999999999
 14 12 12 13 15 17 19 21 21 21 22 22 23 25 28 31 34 36 36 35 32 28 23 1926 6 6ES1736 36999999999999999999999 144 12999999999999999999999
 16 13 12 12 13 15 17 18 19 20 20 20 21 22 24 26 29 31 33 33 31 28 25 2126 6 7ES1829 33999999999999999999999 232 12999999999999999999999
 18 15 13 12 12 13 15 17 18 19 20 20 20 20 21 22 24 26 28 29 29 28 26 2426 6 8ES1937 29999999999999999999999 321 12999999999999999999999
 21 18 16 14 14 14 15 17 19 20 21 21 21 20 20 20 20 21 23 25 26 27 26 2526 6 9ES1050 212113 2799999999999999 4 7 141436 2099999999999999
 23 21 19 17 16 16 17 19 21 23 24 25 24 23 21 20 19 18 19 20 22 23 25 2626 610ES11 7 252319 2699999999999999 442 1617 2 1899999999999999
 25 25 23 22 21 20 21 22 24 27 29 30 30 28 26 23 20 17 16 16 17 19 22 2426 611ES1126 30999999999999999999999 5 2 201838 1699999999999999
 26 27 27 26 25 25 25 26 29 31 34 36 37 36 33 28 24 19 15 13 13 14 17 2126 612ES 126 271149 3799999999999999 5 5 251944 1399999999999999
 24 27 28 29 29 29 30 31 33 36 39 42 44 44 41 36 30 24 18 13 10 10 12 1626 613ES1219 449999999999999999999992040 10999999999999999999999
 20 24 28 30 31 32 33 34 36 39 43 47 50 51 49 45 39 31 24 16 11  8  8 1126 614ES1257 519999999999999999999992132  8999999999999999999999
 15 20 25 29 32 33 34 35 36 39 43 47 52 55 55 53 48 40 32 23 15 10  7  726 615ES1343 559999999999999999999992224  7999999999999999999999
 10 15 21 26 30 32 33 34 35 37 40 45 50 54 57 57 54 49 41 31 22 15  9  726 616ES1434 589999999999999999999992316  7999999999999999999999
  8 11 16 22 26 29 31 32 32 33 36 39 44 49 54 56 56 53 48 40 31 22 15 1026 617ES1530 579999999999999999999999999999999999999999999999999
  8  9 13 17 22 26 28 29 29 30 31 33 36 41 46 50 53 53 50 45 37 29 22 1526 618ES1630 53999999999999999999999 0 9  8999999999999999999999
 11 10 11 14 18 22 25 27 27 27 27 27 29 33 37 41 45 48 48 45 41 35 28 2126 619ES1732 48999999999999999999999 1 3 10999999999999999999999
 16 13 12 13 16 19 22 24 25 25 25 24 25 26 29 32 36 39 41 41 40 36 31 2626 620ES 819 251837 4299999999999999 155 121059 2499999999999999
 21 18 15 15 16 18 21 23 25 25 24 24 23 23 24 25 28 31 33 35 35 34 32 2826 621ES 855 251948 3599999999999999 245 151238 2399999999999999
 25 21 19 18 18 19 21 23 25 26 26 25 24 23 22 22 23 24 26 28 29 30 29 2826 622ES 937 262110 3099999999999999 326 171446 2299999999999999
 26 24 22 21 20 21 22 24 26 28 29 29 28 26 24 23 21 21 21 22 24 25 26 2626 623ES1020 292253 2699999999999999 351 2017 5 2199999999999999
 26 25 24 23 23 23 25 27 29 31 32 33 32 31 28 26 23 21 20 19 20 21 23 2426 624ES1057 33999999999999999999999 353 231849 1999999999999999
 25 26 25 25 25 26 27 29 32 34 36 37 37 36 34 30 27 23 20 19 18 19 21 2326 625ES1129 389999999999999999999991952 18999999999999999999999
 25 26 27 27 28 28 30 32 34 37 40 42 42 42 39 36 32 27 23 20 18 18 19 2126 626ES1158 429999999999999999999992036 18999999999999999999999
 24 27 28 30 30 31 32 34 36 39 43 45 47 47 45 41 37 32 26 22 19 18 18 2026 627ES1226 479999999999999999999992112 17999999999999999999999
 23 26 29 31 32 33 34 35 38 41 44 47 49 50 49 46 42 36 30 25 21 18 17 1926 628ES1256 509999999999999999999992147 17999999999999999999999
 22 25 29 32 34 35 35 36 38 40 44 47 50 52 52 50 46 40 34 28 23 19 17 1826 629ES1327 529999999999999999999992222 17999999999999999999999
 20 23 27 31 33 35 36 36 37 39 42 45 49 52 53 52 49 44 38 32 26 21 18 1726 630ES14 2 539999999999999999999992258 17999999999999999999999
 18 21 25 28 31 33 34 35 35 37 39 42 46 49 51 52 50 46 41 35 28 23 19 1626 7 1ES1439 529999999999999999999992334 16999999999999999999999
 16 18 21 25 28 31 32 33 33 33 35 37 41 45 48 50 49 47 42 37 31 25 20 1726 7 2ES1520 509999999999999999999999999999999999999999999999999
 15 16 18 22 25 28 29 30 30 30 31 33 35 39 43 46 47 46 43 38 33 27 22 1826 7 3ES16 3 47999999999999999999999 010 15999999999999999999999
 15 15 16 19 22 25 27 28 28 27 27 28 30 33 37 40 43 44 42 39 34 29 24 1926 7 4ES1649 44999999999999999999999 046 15999999999999999999999
 16 15 15 17 20 23 25 26 27 26 26 26 27 28 31 35 38 40 40 38 35 31 26 2226 7 5ES 757 271737 4099999999999999 121 151035 2699999999999999
 18 16 15 16 19 21 24 26 27 27 26 26 25 26 27 29 32 35 36 36 35 32 28 2526 7 6ES 828 271831 3699999999999999 153 151157 2599999999999999
 21 19 18 18 20 22 25 27 29 29 29 28 26 25 25 26 27 30 32 33 33 32 30 2726 7 7ES 858 291940 3399999999999999 221 181344 2599999999999999
 25 23 22 21 22 24 27 30 32 33 33 32 30 28 26 25 24 25 27 28 30 30 30 2926 7 8ES 925 332121 3199999999999999 239 211540 2499999999999999
 28 27 26 26 27 28 31 34 36 38 39 38 35 32 29 26 24 23 23 24 25 27 29 3026 7 9ES 950 39999999999999999999999 238 261727 2299999999999999
 30 30 30 30 31 33 35 38 41 44 45 45 43 39 35 30 26 22 20 20 21 23 26 2826 710ES1019 459999999999999999999991846 20999999999999999999999
 30 32 33 34 35 37 39 42 45 49 51 52 50 47 42 36 30 25 20 18 17 19 21 2526 711ES1055 529999999999999999999991947 17999999999999999999999
 28 31 34 36 37 39 41 44 47 51 54 57 57 55 51 44 37 30 23 18 16 15 17 2026 712ES1139 579999999999999999999992041 15999999999999999999999
 25 29 33 35 38 39 41 43 47 50 54 58 61 61 58 53 46 38 29 22 17 14 14 1626 713ES1232 619999999999999999999992133 13999999999999999999999
 20 25 30 33 36 38 39 41 43 47 51 55 59 62 62 59 53 46 37 28 21 15 13 1326 714ES1330 629999999999999999999992224 12999999999999999999999
 16 21 26 30 34 36 37 38 39 41 44 49 54 58 61 61 58 52 45 36 27 20 15 1326 715ES1431 619999999999999999999992314 13999999999999999999999
 13 17 22 26 30 33 34 35 35 35 37 41 45 50 55 58 58 55 50 42 34 26 19 1526 716ES1533 589999999999999999999999999999999999999999999999999
 13 15 18 23 27 30 32 32 32 31 32 33 36 40 46 50 53 53 50 46 39 31 24 1926 717ES 640 321635 5399999999999999 0 1 13 912 3199999999999999
 16 15 17 21 25 28 31 31 31 29 28 28 30 32 36 41 45 47 47 45 41 35 29 2326 718ES 7 0 311735 4799999999999999 044 151033 2899999999999999
 19 18 18 20 24 27 30 31 31 30 28 27 26 27 29 32 36 39 41 41 39 36 31 2726 719ES 727 321834 4199999999999999 120 1712 2 2699999999999999
 23 21 20 22 24 28 31 33 33 33 31 29 27 26 26 27 29 32 34 35 35 34 32 2926 720ES 758 331935 3599999999999999 147 201335 2699999999999999
 26 24 23 24 26 29 32 35 36 36 35 33 30 28 26 25 25 27 28 30 31 31 30 2926 721ES 833 362050 3199999999999999 159 231517 2599999999999999
 28 27 26 27 29 32 35 37 39 40 40 38 35 32 29 27 25 24 25 26 27 28 29 2926 722ES 910 40999999999999999999999 151 261714 2499999999999999
 29 29 29 30 32 34 37 40 42 44 44 43 41 38 34 31 27 25 24 23 24 25 27 2926 723ES 947 449999999999999999999991845 23999999999999999999999
 30 31 31 33 34 36 39 42 45 47 48 48 47 44 40 36 31 27 25 23 23 24 26 2826 724ES1024 489999999999999999999991942 23999999999999999999999
 30 32 33 35 36 38 41 44 47 49 51 52 51 49 45 41 36 31 27 24 22 22 24 2726 725ES11 0 529999999999999999999992025 22999999999999999999999
 30 32 35 36 38 40 42 44 47 50 52 54 54 52 49 45 40 35 30 25 23 22 23 2526 726ES1137 5499999999999999999999921 2 22999999999999999999999
 28 32 35 37 39 40 42 43 46 49 51 54 55 54 52 49 44 39 33 28 24 21 21 2326 727ES1217 559999999999999999999992138 21999999999999999999999
 26 29 33 36 38 39 41 42 44 46 49 52 54 55 54 51 47 42 36 30 25 22 20 2126 728ES1258 559999999999999999999992213 20999999999999999999999
 23 27 30 34 36 38 38 39 40 42 45 48 51 53 54 52 49 44 38 32 26 22 19 1926 729ES1342 549999999999999999999992247 19999999999999999999999
 20 23 27 31 33 35 36 36 37 38 40 43 47 50 52 52 49 46 40 34 28 23 19 1726 730ES1428 529999999999999999999992318 17999999999999999999999
 18 20 24 28 31 33 34 33 33 34 35 37 41 45 48 49 49 46 42 36 30 24 20 1726 731ES1515 499999999999999999999992348 16999999999999999999999
 16 18 21 25 28 31 32 32 31 30 31 32 35 39 42 46 47 46 43 38 32 26 21 1826 8 1ES 627 3216 3 4799999999999999 912 30999999999999999999999
 16 17 19 23 27 30 31 32 31 29 28 29 30 33 36 40 43 43 42 39 34 29 24 2026 8 2ES 643 321652 4399999999999999 017 161021 2899999999999999
 18 18 19 23 26 30 32 33 32 30 29 27 27 28 31 34 38 40 40 39 36 32 27 2426 8 3ES 7 5 331745 4099999999999999 042 181139 2799999999999999
 21 20 21 24 28 31 34 35 35 34 31 29 27 27 27 29 32 35 36 37 36 33 30 2826 8 4ES 727 351846 3799999999999999 1 2 2013 3 2799999999999999
 26 25 25 27 30 34 37 39 40 38 36 33 30 27 26 26 27 30 32 33 34 33 32 3126 8 5ES 750 4020 6 3499999999999999 111 251429 2699999999999999
 30 29 30 31 34 38 41 43 45 44 42 39 35 31 28 26 25 25 27 29 30 32 32 3226 8 6ES 815 45999999999999999999999 055 2916 1 2599999999999999
 32 33 34 36 38 41 45 48 50 50 49 46 41 37 32 28 25 23 23 24 26 28 30 3226 8 7ES 845 509999999999999999999991732 23999999999999999999999
 33 35 37 39 41 44 47 51 53 55 55 53 49 44 38 32 27 24 21 21 22 24 27 3026 8 8ES 925 559999999999999999999991846 21999999999999999999999
 33 35 37 40 42 45 48 51 55 57 59 58 56 51 45 39 32 27 22 20 19 20 23 2626 8 9ES1017 599999999999999999999991948 19999999999999999999999
 30 34 36 39 41 44 46 49 53 56 59 60 60 57 53 46 39 32 25 21 18 17 19 2226 810ES1119 619999999999999999999992043 17999999999999999999999
 27 31 34 37 39 41 43 45 48 51 55 58 60 60 58 53 46 39 31 24 19 16 16 1826 811ES1227 619999999999999999999992133 16999999999999999999999
 22 27 31 34 37 38 39 40 42 45 48 52 56 59 59 57 52 45 37 29 22 18 16 1626 812ES1335 599999999999999999999992220 15999999999999999999999
 19 23 28 32 34 36 36 36 36 37 40 44 48 53 56 56 54 49 43 35 27 21 17 1626 813ES1440 5699999999999999999999923 1 16999999999999999999999
 17 21 25 29 32 34 34 33 32 32 33 35 39 44 49 52 52 50 46 39 32 25 20 1726 814ES 533 341543 5299999999999999 840 322337 1799999999999999
 17 19 23 28 31 33 34 33 31 29 28 29 31 35 40 44 47 48 46 41 35 29 24 2026 815ES 547 341641 489999999999999910 2 28999999999999999999999
 19 20 23 27 31 34 35 34 32 29 27 26 26 28 32 36 40 42 42 40 37 32 27 2426 816ES 6 7 351736 4399999999999999 0 6 191120 2699999999999999
 22 22 24 28 32 35 37 37 35 32 29 27 25 25 27 30 33 36 38 38 36 33 30 2726 817ES 632 371831 3899999999999999 025 221233 2599999999999999
 25 25 27 30 34 37 40 40 39 37 33 30 27 25 25 26 28 30 32 34 34 33 31 2926 818ES 658 401932 3499999999999999 033 251347 2599999999999999
 28 28 30 33 36 40 42 44 44 42 39 35 31 28 26 25 25 26 28 30 31 31 31 3126 819ES 727 4421 1 3199999999999999 025 281510 252343 319999999
 31 31 33 35 38 42 45 47 47 46 44 41 37 33 29 27 25 25 25 27 28 30 31 3226 820ES 757 479999999999999999999991647 25999999999999999999999
 32 34 35 37 40 43 46 49 50 50 48 46 42 38 34 30 27 25 24 25 26 28 30 3226 821ES 831 509999999999999999999991812 24999999999999999999999
 33 35 37 39 41 44 47 49 51 52 51 50 47 43 39 34 30 27 25 24 24 26 28 3126 822ES 9 9 529999999999999999999991913 24999999999999999999999
 33 36 38 40 42 44 46 49 51 52 52 52 50 47 43 38 34 30 26 24 23 24 26 2926 823ES 953 5299999999999999999999920 2 23999999999999999999999
 32 35 37 39 41 43 45 47 49 50 52 52 51 49 46 42 37 32 28 24 22 22 23 2626 824ES1047 529999999999999999999992044 22999999999999999999999
 29 32 35 38 39 41 42 44 45 47 49 51 51 50 47 44 40 35 30 25 22 21 21 2326 825ES1145 519999999999999999999992121 21999999999999999999999
 26 30 33 35 37 38 39 40 41 43 45 48 49 49 48 46 42 37 31 26 22 20 19 2026 826ES1242 499999999999999999999992152 19999999999999999999999
 23 26 30 33 34 35 35 36 36 38 40 43 46 48 48 46 43 39 33 28 23 19 18 1826 827ES1336 489999999999999999999992220 18999999999999999999999
 20 24 27 30 32 33 33 32 32 33 35 38 41 44 46 46 44 40 35 30 24 20 17 1726 828ES 512 331428 4699999999999999 740 322246 1799999999999999
 18 22 25 29 31 32 32 30 29 29 30 32 35 39 42 44 44 42 37 32 26 22 18 1726 829ES 512 321520 4499999999999999 850 292310 1799999999999999
 18 21 25 28 31 33 32 31 28 27 26 27 29 33 37 41 42 41 39 35 29 25 21 1926 830ES 522 331614 4299999999999999 959 262331 1999999999999999
 19 21 25 29 33 35 35 33 30 27 25 24 25 27 31 35 38 39 39 36 32 28 25 2326 831ES 538 351710 409999999999999911 7 242346 2299999999999999
 22 24 27 31 35 38 38 37 34 30 27 24 23 23 26 30 33 36 37 36 34 31 29 2726 9 1ES 555 381812 37999999999999991213 232348 2799999999999999
 27 28 31 35 38 41 43 42 40 36 31 27 24 22 22 25 28 31 33 34 34 33 32 3126 9 2ES 614 431924 34999999999999991319 222326 3199999999999999
 31 32 34 38 42 45 47 47 46 42 37 32 27 24 22 22 23 26 29 31 32 33 33 3326 9 3ES 636 489999999999999999999991430 22999999999999999999999
 34 35 38 41 45 48 51 52 51 48 44 38 33 28 24 22 21 22 24 26 29 31 32 3326 9 4ES 7 6 529999999999999999999991550 21999999999999999999999
 35 37 39 42 46 49 52 54 55 53 50 45 40 34 29 25 22 20 21 22 24 27 30 3226 9 5ES 746 559999999999999999999991718 20999999999999999999999
 34 36 39 42 45 48 51 54 55 56 54 51 47 41 35 30 25 21 20 19 21 23 26 2926 9 6ES 842 569999999999999999999991837 19999999999999999999999
 32 35 37 40 42 45 47 50 53 54 55 54 51 47 42 36 30 25 21 18 18 19 22 2626 9 7ES 957 559999999999999999999991943 18999999999999999999999
 29 32 35 37 39 40 42 44 47 50 52 53 53 51 47 42 36 29 24 20 17 17 19 2226 9 8ES1123 549999999999999999999992037 17999999999999999999999
 26 29 32 34 35 36 37 38 40 42 46 49 51 51 50 46 41 35 28 23 19 16 17 1926 9 9ES1243 519999999999999999999992122 16999999999999999999999
 23 27 30 32 33 33 32 32 33 35 38 41 45 48 49 48 44 39 33 26 21 18 17 1826 910ES 426 331354 4999999999999999 647 3222 0 1799999999999999
 21 25 28 31 32 32 30 29 28 28 30 33 38 42 45 46 45 41 36 30 24 20 18 1826 911ES 417 321458 4699999999999999 819 282229 1899999999999999
 20 24 28 31 33 33 31 28 26 24 24 26 30 34 39 42 43 41 38 33 28 23 20 2026 912ES 427 331555 4399999999999999 931 242251 2099999999999999
 21 25 29 32 34 35 33 30 27 24 22 22 24 27 32 36 39 39 38 34 30 26 24 2226 913ES 443 351649 39999999999999991035 2123 4 2299999999999999
 23 26 30 34 37 38 37 34 30 26 22 20 20 22 26 30 34 36 36 35 32 29 27 2626 914ES 5 2 381742 36999999999999991133 2023 9 2599999999999999
 26 29 32 36 40 41 41 39 35 30 25 22 20 20 22 25 29 32 34 34 33 31 29 2826 915ES 522 411839 34999999999999991230 2023 2 2899999999999999
 29 31 35 39 42 44 45 43 40 35 30 26 22 21 21 22 25 28 30 32 32 32 31 3126 916ES 544 451949 32999999999999991328 202236 3199999999999999
 32 34 37 40 44 46 47 47 44 40 36 31 27 23 22 21 23 25 27 29 31 32 32 3326 917ES 6 7 479999999999999999999991432 21999999999999999999999
 34 36 38 41 45 47 49 49 47 44 40 36 31 27 24 23 22 23 25 26 29 30 32 3326 918ES 631 499999999999999999999991548 22999999999999999999999
 35 37 39 42 44 47 49 49 48 46 43 40 36 32 28 25 23 23 23 24 26 28 30 3226 919ES 656 499999999999999999999991714 23999999999999999999999
 34 36 39 41 43 45 47 48 48 47 45 42 39 35 32 28 25 23 22 22 23 25 28 3026 920ES 728 489999999999999999999991830 22999999999999999999999
 33 35 37 39 41 42 44 45 46 45 45 43 41 38 34 31 27 25 22 21 21 22 25 2726 921ES 816 469999999999999999999991928 21999999999999999999999
 30 32 34 36 38 39 40 41 42 43 43 42 41 39 36 33 29 26 23 20 20 20 22 2426 922ES 943 439999999999999999999992013 19999999999999999999999
 27 30 32 33 34 35 36 37 38 39 40 41 41 40 37 35 31 27 23 20 18 18 19 2126 923ES1123 419999999999999999999992046 18999999999999999999999
 24 27 29 31 31 31 31 32 33 34 36 38 39 39 38 36 33 28 24 21 18 17 17 1926 924ES1239 399999999999999999999992112 17999999999999999999999
 22 25 28 29 30 29 28 27 28 29 31 34 36 38 38 37 34 31 26 22 19 17 17 1826 925ES 349 301342 3899999999999999 718 272134 1699999999999999
 21 25 28 29 30 29 27 25 24 24 25 28 32 35 37 38 36 33 29 24 21 18 17 1926 926ES 343 301441 3899999999999999 825 242154 1799999999999999
 22 26 29 31 31 30 28 24 22 20 21 23 26 31 34 36 37 35 32 28 24 21 20 2126 927ES 349 311540 3799999999999999 925 202210 2099999999999999
 23 27 31 34 35 34 31 27 23 19 18 18 21 25 30 33 35 36 34 31 28 25 24 2426 928ES 4 0 351640 36999999999999991021 182220 2499999999999999
 26 30 34 38 39 39 36 31 26 21 17 16 16 19 24 28 32 34 35 33 31 29 28 2826 929ES 415 391743 35999999999999991116 162217 2899999999999999
 30 34 38 42 44 44 42 38 32 25 20 16 14 15 18 23 27 31 33 33 33 32 31 3226 930ES 434 441852 33999999999999991211 142157 3199999999999999
 34 37 41 45 48 49 48 44 39 32 25 20 16 14 15 18 22 26 29 31 32 32 33 342610 1ES 459 4999999999999999999999913 8 14999999999999999999999
 36 38 42 46 50 52 52 50 45 39 32 26 20 16 15 16 18 21 25 28 30 31 32 342610 2ES 530 529999999999999999999991410 15999999999999999999999
 36 38 42 45 49 52 53 52 50 45 39 33 26 21 18 16 16 18 20 23 26 28 30 322610 3ES 610 539999999999999999999991524 16999999999999999999999
 34 36 39 42 46 49 51 52 51 48 44 39 33 28 23 19 17 17 17 19 22 24 27 292610 4ES 7 3 529999999999999999999991652 16999999999999999999999
 31 34 36 38 41 43 45 47 48 48 46 43 39 34 29 24 20 18 16 17 18 21 23 262610 5ES 818 489999999999999999999991818 16999999999999999999999
 28 31 32 34 35 37 38 40 42 44 44 44 42 38 34 29 25 21 18 16 16 18 20 232610 6ES10 3 449999999999999999999991926 16999999999999999999999
 26 28 30 30 31 31 32 33 35 37 39 41 41 40 38 34 29 24 20 17 16 16 18 212610 7ES1149 419999999999999999999992015 16999999999999999999999
 24 27 28 29 28 27 27 26 27 29 32 35 38 39 38 36 32 28 23 20 17 17 18 212610 8ES 258 291312 3999999999999999 642 262050 1799999999999999
 24 26 28 29 28 26 24 22 22 22 25 28 32 35 37 36 34 30 26 22 20 18 19 212610 9ES 251 291419 3799999999999999 8 1 222114 1899999999999999
 24 27 30 30 30 27 24 21 19 18 19 22 26 30 33 35 34 32 29 25 22 21 21 23261010ES 259 301517 3599999999999999 9 0 182128 2099999999999999
 26 29 32 33 33 30 27 22 19 16 15 17 20 25 29 32 33 33 30 27 25 23 23 25261011ES 312 331610 3399999999999999 952 152133 2399999999999999
 28 32 35 37 37 35 31 26 21 17 15 14 16 20 25 29 31 32 31 29 27 26 26 27261012ES 329 3717 2 32999999999999991039 142133 2699999999999999
 30 34 38 41 41 40 36 31 25 20 16 14 14 17 21 25 29 31 32 31 30 28 28 30261013ES 348 411757 32999999999999991124 142131 2899999999999999
 32 36 40 43 45 44 41 36 30 24 19 16 14 15 18 22 25 29 31 31 31 31 31 32261014ES 4 8 451859 319999999999999912 9 142122 3099999999999999
 34 38 42 45 47 47 45 41 35 29 23 19 16 15 16 19 22 26 29 31 31 32 32 33261015ES 429 479999999999999999999991254 15999999999999999999999
 35 38 42 45 47 48 47 43 39 33 28 23 19 17 17 18 20 23 26 28 30 31 32 33261016ES 449 489999999999999999999991343 16999999999999999999999
 35 37 40 44 46 47 46 44 41 36 31 27 23 20 18 18 19 21 23 25 27 29 30 32261017ES 510 479999999999999999999991440 18999999999999999999999
 34 36 38 41 43 44 44 43 41 37 33 29 26 23 20 19 19 19 20 22 24 26 28 29261018ES 534 459999999999999999999991551 19999999999999999999999
 31 33 35 37 39 40 41 41 39 37 34 31 28 25 22 20 19 18 19 19 21 23 25 26261019ES 6 4 419999999999999999999991718 18999999999999999999999
 28 30 32 33 35 36 37 37 36 35 34 31 29 27 24 22 20 18 17 17 18 20 22 24261020ES 651 379999999999999999999991828 17999999999999999999999
 26 27 28 29 30 31 32 32 33 33 32 31 30 28 25 23 20 18 17 16 16 18 20 22261021ES 833 339999999999999999999991912 16999999999999999999999
 24 25 26 26 26 26 27 27 28 29 30 30 30 29 27 25 22 19 17 16 15 16 18 21261022ES11 6 309999999999999999999991941 15999999999999999999999
 23 25 25 25 24 23 23 22 23 24 26 28 29 29 28 27 24 21 18 17 16 17 19 21261023ES 215 251242 2999999999999999 647 2220 3 1699999999999999
 24 26 27 26 25 22 20 19 18 19 21 24 27 29 30 29 27 24 21 19 18 18 20 23261024ES 2 6 271356 3099999999999999 749 182020 1899999999999999
 26 29 30 29 27 24 20 17 15 15 16 19 23 27 29 30 29 28 25 23 21 21 23 26261025ES 211 3015 5 3099999999999999 841 152032 2199999999999999
 30 33 35 34 32 28 23 18 14 12 12 14 18 23 27 30 31 30 29 27 25 25 27 29261026ES 222 351611 3199999999999999 930 112036 2599999999999999
 33 37 40 40 38 34 28 21 15 11  9  9 13 17 23 27 30 31 31 30 29 29 30 33261027ES 239 401717 32999999999999991019  92032 2999999999999999
 37 41 45 46 45 41 35 27 20 13  9  7  8 12 17 23 27 30 32 32 31 31 33 35261028ES 3 3 4699999999999999999999911 7  7999999999999999999999
 39 43 48 50 50 48 42 35 26 18 12  8  7  8 12 17 23 27 30 31 31 32 33 35261029ES 333 519999999999999999999991157  7999999999999999999999
 39 43 48 51 53 52 48 42 34 26 18 12  8  7  9 13 18 22 26 28 30 31 32 34261030ES 4 9 539999999999999999999991250  7999999999999999999999
 37 40 45 49 52 53 51 47 41 33 25 18 13 10  9 11 14 17 21 24 27 28 29 31261031ES 452 539999999999999999999991349  9999999999999999999999
 33 36 39 43 47 49 49 48 44 38 32 25 20 15 12 11 12 14 17 20 23 25 26 282611 1ES 544 499999999999999999999991458 11999999999999999999999
 29 31 33 36 39 42 43 44 43 40 36 31 26 21 17 14 13 13 15 17 19 21 23 252611 2ES 648 449999999999999999999991620 13999999999999999999999
 26 27 28 30 31 33 35 37 37 37 36 33 30 26 22 18 16 14 14 15 17 19 21 232611 3ES 820 389999999999999999999991742 14999999999999999999999
 24 25 25 25 26 26 27 28 30 31 32 32 31 29 26 22 19 17 15 15 16 18 20 222611 4ES1026 329999999999999999999991844 15999999999999999999999
 24 24 24 23 22 21 21 21 22 24 27 28 29 29 28 25 22 20 17 16 17 18 20 232611 5ES 118 241217 2999999999999999 611 211922 1699999999999999
 25 26 25 24 22 20 18 16 16 18 20 23 26 27 27 26 24 22 20 19 18 19 22 252611 6ES 118 261339 2899999999999999 731 161940 1899999999999999
 27 28 28 27 24 21 17 15 13 13 15 18 22 25 26 27 26 24 22 21 21 22 24 272611 7ES 130 281446 2799999999999999 826 131945 2199999999999999
 30 32 32 31 28 24 19 15 12 11 11 14 18 22 25 26 27 26 24 23 23 24 26 302611 8ES 145 321543 2799999999999999 912 111942 2399999999999999
 33 36 37 36 33 29 23 18 13 10 10 11 14 19 23 26 27 27 27 26 25 26 29 322611 9ES 2 4 371637 2799999999999999 952 101944 2599999999999999
 36 39 41 41 39 34 28 22 16 12  9  9 12 16 20 24 27 29 29 28 28 28 30 34261110ES 225 411731 29999999999999991030  91952 2899999999999999
 38 41 44 45 43 39 34 27 20 15 11  9 10 13 18 22 26 29 30 30 30 30 32 34261111ES 247 4599999999999999999999911 7  9999999999999999999999
 38 42 45 47 46 43 38 31 25 18 13 10 10 12 15 20 24 27 29 30 30 31 32 34261112ES 311 479999999999999999999991144 10999999999999999999999
 37 41 45 47 47 45 41 35 29 22 17 13 11 11 13 17 21 25 27 29 30 30 31 33261113ES 335 479999999999999999999991222 11999999999999999999999
 35 39 42 45 46 45 42 37 31 25 20 16 13 12 13 15 18 21 24 26 27 28 29 30261114ES 4 0 4699999999999999999999913 2 12999999999999999999999
 32 35 38 41 42 42 41 37 32 27 22 18 15 13 13 14 16 18 20 23 24 25 26 27261115ES 428 439999999999999999999991346 13999999999999999999999
 29 31 33 36 38 39 38 36 32 28 24 20 17 14 13 13 14 16 17 19 21 22 23 24261116ES 5 1 399999999999999999999991436 13999999999999999999999
 25 27 28 31 32 34 34 33 31 28 24 21 18 16 14 13 13 14 15 16 18 19 21 22261117ES 540 349999999999999999999991535 13999999999999999999999
 22 23 24 26 27 28 29 29 28 27 24 22 20 17 15 14 13 13 14 15 16 18 19 20261118ES 633 299999999999999999999991637 13999999999999999999999
 21 22 22 22 22 23 24 24 25 25 24 23 21 19 17 15 14 13 13 14 16 18 20 21261119ES 8 9 259999999999999999999991726 13999999999999999999999
 22 22 21 20 20 19 19 20 21 21 22 22 22 21 19 18 16 15 15 15 17 19 21 23261120ES 033 221051 2299999999999999 534 191758 1599999999999999
 24 24 23 21 19 17 16 15 16 17 19 21 22 23 22 21 20 18 18 18 19 21 24 27261121ES 029 241255 2399999999999999 657 151819 1899999999999999
 28 29 27 24 21 17 14 12 11 13 15 18 21 23 24 24 23 22 22 22 23 25 28 31261122ES 037 291429 2499999999999999 750 111828 2199999999999999
 34 34 33 30 25 20 15 11  8  8 10 14 18 22 24 26 26 26 26 26 27 29 32 36261123ES 052 341554 2699999999999999 837  81828 2599999999999999
 39 41 40 37 32 25 18 12  7  5  5  8 13 18 23 26 28 29 29 29 30 32 35 39261124ES 114 41999999999999999999999 923  5999999999999999999999
 43 46 47 45 40 33 25 16  9  5  3  4  8 13 19 24 27 29 30 30 31 33 36 40261125ES 144 4799999999999999999999910 8  3999999999999999999999
 45 49 51 51 47 41 33 23 14  7  3  2  3  8 14 19 24 27 29 30 31 32 35 38261126ES 220 519999999999999999999991055  2999999999999999999999
 43 48 52 53 52 48 40 31 22 13  7  3  2  4  9 14 20 24 27 28 29 30 31 34261127ES 3 3 539999999999999999999991145  2999999999999999999999
 38 43 48 51 52 50 46 38 30 21 13  7  4  3  6 10 15 19 23 25 26 26 27 29261128ES 352 529999999999999999999991238  3999999999999999999999
 32 36 40 45 48 48 46 42 35 28 20 13  8  6  5  8 11 15 18 21 23 23 24 24261129ES 447 489999999999999999999991334  5999999999999999999999
 26 29 32 36 39 42 42 41 37 32 26 20 14 10  8  8  9 12 15 18 20 21 21 21261130ES 548 429999999999999999999991435  8999999999999999999999
 22 23 24 27 30 32 34 35 34 32 28 24 19 15 12 11 10 11 13 16 18 19 20 202612 1ES 7 1 359999999999999999999991539 10999999999999999999999
 20 20 20 21 22 23 25 27 28 28 27 25 22 19 16 14 13 13 14 15 17 19 20 212612 2ES 835 2823 8 21999999999999991637 13999999999999999999999
 21 20 19 18 17 17 18 19 21 22 23 23 22 21 19 17 16 15 15 16 18 20 22 232612 3ES1039 232334 2399999999999999 433 171717 1599999999999999
 23 22 21 18 16 15 13 13 14 16 18 20 21 21 20 19 18 18 18 18 20 22 25 262612 4ES1238 21999999999999999999999 634 131732 1799999999999999
 27 26 24 22 18 15 12 11 10 11 14 16 18 20 21 21 20 20 20 21 23 25 28 302612 5ES 0 0 271424 2199999999999999 743 101723 2099999999999999
 31 31 30 26 22 18 14 10  9  9 10 13 16 19 21 22 22 22 22 23 25 27 31 342612 6ES 025 32999999999999999999999 831  8999999999999999999999
 36 36 35 32 28 22 17 12  9  8  8 11 14 18 21 23 24 24 24 25 27 29 33 362612 7ES 049 36999999999999999999999 910  8999999999999999999999
 39 41 40 37 33 27 21 15 11  8  7  9 12 17 20 24 25 26 27 27 28 30 34 372612 8ES 115 41999999999999999999999 944  7999999999999999999999
 41 43 44 42 38 32 26 19 13  9  7  8 10 15 19 23 26 28 28 28 29 31 34 372612 9ES 141 449999999999999999999991017  7999999999999999999999
 41 44 45 45 41 36 30 23 17 11  8  7  9 12 17 21 25 27 28 29 29 30 32 35261210ES 2 9 459999999999999999999991051  7999999999999999999999
 39 43 45 45 43 39 33 27 20 14 10  8  8 10 14 18 22 25 27 28 28 28 30 32261211ES 239 459999999999999999999991126  7999999999999999999999
 36 39 42 44 43 40 35 29 23 17 12  9  8  9 11 15 19 22 24 25 25 26 26 28261212ES 312 4499999999999999999999912 1  8999999999999999999999
 31 34 38 40 41 39 36 31 25 19 14 10  8  8  9 12 15 18 21 22 22 22 23 24261213ES 346 419999999999999999999991238  8999999999999999999999
 26 29 32 35 37 36 34 31 26 21 16 12  9  8  8 10 12 15 17 19 19 20 20 20261214ES 424 379999999999999999999991315  8999999999999999999999
 21 24 26 29 31 32 32 29 26 21 17 13 10  8  8  8 10 13 15 16 17 18 18 18261215ES 5 6 329999999999999999999991353  8999999999999999999999
 18 19 21 23 26 27 28 27 25 22 18 15 12 10  8  8  9 11 13 15 16 17 17 17261216ES 552 289999999999999999999991431  8999999999999999999999
 17 17 18 19 21 22 23 24 23 21 19 16 14 12 10 10 10 11 13 15 17 18 19 19261217ES 649 242217 199999999999999915 5 10999999999999999999999
 18 17 17 16 17 17 19 19 20 20 19 18 16 14 13 12 12 13 15 17 19 21 22 22261218ES 820 202239 2299999999999999 257 161532 1299999999999999
 21 20 18 16 15 14 14 15 16 17 18 18 18 17 17 16 16 17 18 20 22 25 26 27261219ES11 0 1823 0 2799999999999999 522 141542 1699999999999999
 26 24 21 18 15 13 11 11 12 14 16 18 19 20 20 20 20 21 22 24 26 29 32 33261220ES2323 33999999999999999999999 643 11999999999999999999999
 33 31 27 23 18 13 10  8  8  9 12 15 18 21 22 23 24 25 26 27 30 33 36 39261221ES2352 39999999999999999999999 738  7999999999999999999999
 39 38 35 29 23 17 11  7  5  5  7 11 15 19 22 25 26 27 28 30 32 36 39 43261222ES9999999999999999999999999999 826  4999999999999999999999
 45 45 42 37 30 23 15  8  4  2  3  6 11 16 20 24 26 28 29 30 32 36 40 44261223ES 029 45999999999999999999999 913  2999999999999999999999
 47 49 49 45 39 30 22 13  6  2  0  2  6 11 17 21 25 27 28 29 30 33 36 41261224ES 114 4999999999999999999999910 0  0999999999999999999999
 46 50 51 50 46 39 30 20 11  5  0 -1  1  6 12 17 21 24 26 26 27 28 31 35261225ES 2 5 519999999999999999999991049 -1999999999999999999999
 40 45 49 50 49 44 37 28 19 10  4  0  0  2  7 12 17 20 22 23 23 23 24 27261226ES 3 2 509999999999999999999991140  0999999999999999999999
 31 36 41 45 47 45 41 34 26 17 10  4  2  2  4  8 13 17 19 20 20 19 19 20261227ES 4 2 471913 20999999999999991231  12134 1999999999999999
 23 27 31 36 40 41 40 36 30 23 16 10  6  4  4  6 10 14 16 18 18 17 16 16261228ES 5 4 411935 18999999999999991321  32252 1699999999999999
 17 19 22 26 30 33 35 34 31 26 21 15 11  7  6  7  9 12 15 17 18 17 16 15261229ES 6 9 3520 6 189999999999999914 7  6999999999999999999999
 14 14 15 17 21 24 26 28 27 25 22 18 15 11 10  9 10 12 15 17 18 19 18 16261230ES 720 282044 1999999999999999 025 141445  999999999999999
 15 14 13 13 14 16 18 20 21 21 20 18 16 14 13 12 13 15 17 19 21 22 22 21261231ES 843 212125 2299999999999999 229 131459 1299999999999999
