 53 93134167187189176154130113105110126149171185187172141 98 53 15 -9-1226 1 1G3 43919015371889999999999999910 61052238-1399999999999999
  7 45 93142181203204187160131109100106125151177193194175138 90 40 -1-2426 1 2G3 53420616331969999999999999911 71002330-2899999999999999
-24  1 46101154195215211188155123100 93103127158186202199175132 79 27-1426 1 3G3 6212161723203999999999999991156 93999999999999999999999
-34-28  4 55114168206220209180143110 89 86102132166194207199170123 68 1626 1 4G3 7 3220181020799999999999999 018-351239 8599999999999999
-21-35-22 17 73132182212217198164126 95 79 83106139173198206193159110 5626 1 5G3 742218185520699999999999999 1 2-351318 7999999999999999
 10-20-25 -4 41 97151192212207181144107 82 74 85112145176195197180143 9626 1 6G3 818213193819999999999999999 142-271355 7499999999999999
 47  9-10 -5 24 70122168198205191160123 92 73 73 8911714817318618316212626 1 7G3 850206202018799999999999999 218-111432 7199999999999999
 83 44 17  9 23 57101145179196193171139106 81 70 75 9311914516417216514426 1 8G3 92019821 417299999999999999 252  91511 7099999999999999
112 77 49 33 36 56 89127161184189177152121 94 76 70 78 9511613615015514826 1 9G3 949189215415599999999999999 322 321554 7099999999999999
129104 79 61 56 65 86116146169181178161136110 88 75 72 78 9110812413614026 110G31017181225614099999999999999 353 561648 7199999999999999
135122105 89 80 80 91110133155169173165148126104 86 74 70 74 83 9711112326 111G31050173999999999999999999999 429 7918 3 7099999999999999
130130123114105100101110124140155164164156141122103 85 72 65 64 72 8510126 112G3 027131113316599999999999999 5201001931 6499999999999999
116128134134130123117115119128139150157158152139122102 82 65 54 52 59 7526 113G3 233134123615999999999999999 6531152044 5299999999999999
 95116134145149145137127120119124134145154157153142123 99 74 53 40 39 4926 114G3 359149135915799999999999999 8391182139 3899999999999999
 69 96123147161165157143127116112117129144156162158144121 91 62 38 25 2626 115G3 447165151016299999999999999 9531122225 2499999999999999
 42 70104138164177176161140119106103112129149164171164144114 78 45 21 1126 116G3 52417916 217199999999999999104310323 5 1199999999999999
 18 42 78119156181189179157129106 94 96111135160176180167139101 60 26  426 117G3 5561891644181999999999999991122 932341  099999999999999
  1 17 50 94139175195194174144113 91 83 93117147174189186165128 83 40  826 118G3 6271971722190999999999999991156 83999999999999999999999
 -8 -3 24 67116161192202190161126 95 77 77 96128162188197186155111 63 2126 119G3 657202175819799999999999999 016 -91229 7499999999999999
 -6-13  3 41 90141181203201178142105 77 67 77105142176197199179141 92 4326 120G3 726205183520199999999999999 048-1413 1 6799999999999999
  6-13 -8 20 66118164196206192160120 85 63 62 82116155186200194167123 7326 121G3 755206191320199999999999999 119-141334 6099999999999999
 29  0 -8  9 46 95144183203201176138 98 68 55 62 8912716318819618315010526 122G3 824205195419699999999999999 150 -814 8 5599999999999999
 59 23  5  9 35 77124166194202187155116 80 56 51 66 9613216418418616913526 123G3 851202203718799999999999999 220  41445 5199999999999999
 93 54 29 21 35 66107148180195192169134 96 66 50 51 69 9813115817317215426 124G3 919197212717599999999999999 251 211526 4899999999999999
123 89 60 45 47 66 96132163184189177151116 84 59 48 52 69 9412214515915826 125G3 949189222716099999999999999 324 441615 4899999999999999
143120 95 77 70 76 94120146168179177162136106 79 58 48 50 63 8310712914326 126G31022180234814799999999999999 4 1 701720 4799999999999999
146139126111100 97102115133150164170166152130105 80 60 47 43 50 67 8911226 127G311 6170999999999999999999999 453 971849 4399999999999999
130141144140133125120120125134145155160159150134111 86 61 41 31 33 47 7026 128G3 152144121816199999999999999 6331192022 3099999999999999
 97124145157160155145134126123126135145155160157144122 91 59 32 15 13 2726 129G3 351161141116099999999999999 8591232137 1299999999999999
 54 89125156175181173156137121112113124140157169171158131 93 52 18 -3 -626 130G3 45318115381729999999999999910231112238 -799999999999999
 12 46 91136173194196181155128106 96100117142167184186170135 89 41  2-1926 131G3 5361981638187999999999999991114 952328-2299999999999999
-18  6 50103154191209202177143110 87 80 91117150181199198174131 78 27-1126 2 1G3 6142091727201999999999999991154 80999999999999999999999
-29-21 14 66124175207215197163122 88 68 69 89124163194209201169119 64 1426 2 2G3 647215181020999999999999999 011-301230 6699999999999999
-20-29 -9 35 93150194216210181140 98 67 55 65 95136175202210194155102 4826 2 3G3 718217185021099999999999999 049-2913 3 5599999999999999
  5-18-15 17 67124174207214195157113 74 51 49 70106147182203202178135 8426 2 4G3 746215192820599999999999999 122-201335 4799999999999999
 37  5 -5 12 52104155193210202172129 87 56 43 52 8011815518319418515611426 2 5G3 81121020 519599999999999999 152 -514 5 4399999999999999
 70 34 16 21 48 91138177201202181145103 67 46 44 61 9112615717618016513526 2 6G3 834204204218099999999999999 218 151436 4299999999999999
 98 64 41 37 53 86126163189197185157119 83 56 45 51 71 9912815116316114426 2 7G3 855197212116499999999999999 242 3615 9 4599999999999999
118 90 68 59 65 87118150175188184164133100 72 55 51 60 7910212414114814326 2 8G3 91718822 714899999999999999 3 6 591546 5199999999999999
129110 93 82 82 93114138160175177166144117 90 71 60 59 67 81 9811512713326 2 9G3 940178231213399999999999999 330 801634 5899999999999999
131123113105101105115130146159165162149130109 90 76 67 65 68 77 8910311426 210G31010165999999999999999999999 4 01011754 6599999999999999
123126126125122121122127134143149152148139126112 97 83 71 64 62 66 76 9026 211G3 133127105515299999999999999 5 21211948 6299999999999999
106120131139141140135130127128132137141142139131120104 86 69 56 50 53 6426 212G3 4 4141124414299999999999999 8161272112 5099999999999999
 82104126145156158151139127118116120128138145148142129108 83 59 41 34 3926 213G3 443158145014899999999999999 95111622 8 3499999999999999
 55 81112141163173169154133115103102111127144158162154134104 72 43 23 1826 214G3 51217315531629999999999999910361012250 1899999999999999
 29 55 90129162182185171146118 96 86 91109134159175177162132 93 54 23  526 215G3 5391861637178999999999999991111 862326  499999999999999
  7 28 65110153184197189163129 97 76 72 87116150178192187162122 75 33  426 216G3 6 61971716193999999999999991142 712359 -799999999999999
 -7  5 39 86136178202203181145105 73 57 64 90130169196205190154105 55 1426 217G3 6322061753205999999999999991213 57999999999999999999999
 -9 -9 17 62115165200212199164119 78 50 44 63101147186209209185140 86 3726 218G3 658212183021299999999999999 030-121244 4399999999999999
  2-10  3 41 93147190213210182138 90 52 33 39 70115162198214205172122 6926 219G3 72421519 921499999999999999 1 0-101316 3299999999999999
 26  2  2 29 75128175206215197157108 63 32 24 42 8112817220221019315410526 220G3 749215194921099999999999999 129 -11349 2499999999999999
 59 26 15 28 63111158193210204174128 80 42 22 25 51 9213717519719717513726 221G3 814211203220099999999999999 158 151423 2099999999999999
 94 58 38 39 62 99141177200202183147102 61 32 21 32 60 9913816818317915726 222G3 838204211818499999999999999 226 3615 0 2199999999999999
125 92 69 61 71 96129161184193185160124 85 52 32 28 41 66 9813015416516126 223G3 9 2193221316599999999999999 256 611543 2899999999999999
144121100 89 90102123147167179179165141110 80 55 41 38 47 65 9011513514626 224G3 930180233214799999999999999 327 881644 3899999999999999
146138127118114116125137150160165161150132110 87 67 53 45 46 57 74 9511526 225G310 6165999999999999999999999 4 71141821 4599999999999999
131140143143140137135135137141145148148144135122103 82 62 46 39 42 55 7626 226G3 217144113014999999999999999 6301352013 3899999999999999
101125144158163160151140130124123128135144150150140121 93 64 39 25 24 3726 227G3 4 7163142915199999999999999 9391232134 2299999999999999
 63 96130159177181172154132114103103114131151166170159133 97 59 27  8  826 228G3 44818115491709999999999999910311022231  699999999999999
 27 61104146179195192172143113 91 81 87108137166185189172137 92 47 12 -526 3 1G3 52019616411909999999999999911 7 812315 -699999999999999
  1 29 74124169199207192160122 88 66 63 80112151184203200174130 79 32  026 3 2G3 5502071724205999999999999991139 622353-1099999999999999
-10  7 46 98151193213208179137 94 61 46 54 83125168200213201166115 63 2026 3 3G3 61721418 2213999999999999991210 46999999999999999999999
 -4 -2 27 75130179210216195155107 65 39 35 56 95142184210213192149 97 4826 3 4G3 643217183921599999999999999 026 -61240 3499999999999999
 14  3 20 59111163201217206172124 77 41 26 35 67112158194210204173128 7926 3 5G3 7 6217191321199999999999999 055  313 8 2699999999999999
 40 19 23 52 98147188211210185141 93 51 26 24 45 8412916919620218615110826 3 6G3 727214194720399999999999999 121 181336 2299999999999999
 68 41 35 53 89134175202209192156110 66 35 23 32 6110114117319018716513026 3 7G3 747209202119199999999999999 145 3514 3 2299999999999999
 94 65 53 60 87124162190202194166126 84 50 30 30 47 7811414716917716814526 3 8G3 8 6202205717799999999999999 2 8 531432 2799999999999999
115 89 73 73 89117149176191190171140102 68 45 36 43 64 9112014415916014926 3 9G3 826193213716299999999999999 231 7115 2 3699999999999999
130109 94 89 96114138161176180171148118 89 65 51 49 58 76 9711813514514426 310G3 848181222814699999999999999 255 891539 4899999999999999
136124113107108117131147160166164151131108 87 71 63 62 68 80 9410912213026 311G3 914167999999999999999999999 3211071635 6199999999999999
133132128125124126130137144149151147137124109 95 83 74 70 70 75 84 9711026 312G3 0 5133 94915199999999999999 3591241830 6999999999999999
121131137141141139135132131132134136137134128119108 94 80 69 63 63 71 8426 313G3 336142113513799999999999999 8 31312026 6299999999999999
102121139152158156147134123116115120128137142142135120 99 78 59 48 48 5826 314G3 414158143014399999999999999 9371152133 4799999999999999
 78104132156171173162143122105 97100112130148159161149126 96 66 43 31 3426 315G3 4401741536162999999999999991015 962219 3199999999999999
 52 82118152178188181158129101 82 77 89113142167181178158124 85 50 25 1726 316G3 5 51881621182999999999999991046 772256 1799999999999999
 28 57 98141178199198177142104 73 58 62 86123161190201190159115 70 32 1126 317G3 52920117 1201999999999999991117 572330  999999999999999
 12 34 75124170202212197161116 74 45 38 55 93140183210214194152101 54 2026 318G3 5542121741216999999999999991148 37999999999999999999999
  6 18 54103155197218213182135 84 43 21 26 57106159201223219188140 87 4226 319G3 619219182022599999999999999 0 2  61220 2099999999999999
 16 14 39 84137184215222201157103 52 17  6 24 67122175213227214176125 7526 320G3 64522319 122799999999999999 034 121253  699999999999999
 39 24 35 69118167204221212178126 71 26  1  3 32 8113718521522120116011326 321G3 710222194322299999999999999 1 5 241326 -299999999999999
 71 46 44 65104149189212214192149 96 47 11 -2 10 46 9514518520820618314526 322G3 735216202721099999999999999 136 4214 2 -299999999999999
106 76 64 72 98135171197207196166122 75 35 10  6 24 5910314517719218716526 323G3 8 0207211519299999999999999 2 6 641440  599999999999999
135107 90 88102126155179192191174142104 66 36 21 22 39 6810313616117116726 324G3 826194221217299999999999999 237 871526 1999999999999999
152133117110113125143160173177171153128 99 71 49 38 38 49 70 9612114215326 325G3 855177233815499999999999999 3121091630 3699999999999999
154148140133130132137145152157158153142126107 87 68 55 49 52 64 8310512526 326G3 937158999999999999999999999 4 51301812 4999999999999999
141150154153149144139135134134137141143142136124107 86 67 52 47 53 69 9226 327G3 216154121614399999999999999 8 71331958 4799999999999999
116140158168169161148133120113113119131143153154145125 97 70 48 38 42 5926 328G3 336169144015599999999999999 9321122113 3799999999999999
 87119150173184180164140116 97 89 93108131154171175162135 99 65 39 28 3526 329G3 4141841544175999999999999991011 8922 7 2899999999999999
 59 95134169191196182154120 90 71 67 81108141172191191171135 93 55 30 2426 330G3 4441961631193999999999999991043 672249 2399999999999999
 38 71114157190206199172133 93 63 48 54 79117158191206199170127 82 45 2526 331G3 5112061711207999999999999991114 472324 2499999999999999
 28 53 94141183208211189150105 64 38 33 51 88134177206214197160113 70 3926 4 1G3 5372131748214999999999999991143 322355 2999999999999999
 29 43 78125170204216203168121 74 37 21 28 59105154194215212186144 98 6026 4 2G3 6 02161824217999999999999991212 20999999999999999999999
 40 42 68110156194215211184139 89 46 19 15 35 76125171204215202169126 8526 4 3G3 622217185821599999999999999 024 381240 1399999999999999
 57 49 65 99143183209214195156107 60 26 11 20 52 9714518420620718615011026 4 4G3 643215193120999999999999999 051 4913 7 1199999999999999
 78 62 67 93130169198210200170126 79 40 17 15 36 7311715818820119216613226 4 5G3 7 321020 520199999999999999 116 611334 1399999999999999
100 79 75 90120155185202200179142 98 58 30 20 29 55 9313216518518817414826 4 6G3 725203204018999999999999999 142 7414 2 2099999999999999
120 97 87 93114142170189194181154117 80 49 32 32 47 7410713916317517215726 4 7G3 747194211917599999999999999 2 8 871432 3099999999999999
136115102101112132155173182178160132101 72 52 43 48 64 8711313715416115726 4 8G3 81218222 616199999999999999 23610015 8 4399999999999999
145131119114117127142156166168160142119 95 75 62 58 62 75 9211213014314926 4 9G3 842168232014999999999999999 3 91141558 5899999999999999
148142135129127128133141148153152145133117100 86 75 69 70 77 8910412013326 410G3 925153999999999999999999999 4 71271725 6999999999999999
143148148146141136131129130133138140139134125113 99 85 75 69 71 80 9511326 411G3 141149111714099999999999999 7141291917 6999999999999999
131146157161158149136124115113117126136144146141129110 90 72 62 61 71 8926 412G3 3 5161135114699999999999999 8501122035 6099999999999999
113138160173176166148125105 93 92103121142158165160142116 87 64 51 51 6526 413G3 34217615 516599999999999999 933 912129 4999999999999999
 91123155179191186165135103 79 68 74 95126157180187177151115 80 53 41 4626 414G3 41219115561879999999999999910 9 682213 4099999999999999
 68103143178200203186152110 73 49 45 62 96139177202206188153110 71 44 3726 415G3 4392041641208999999999999991043 442253 3699999999999999
 50 82125168201215206174127 79 41 22 28 58105157199221219192149102 63 4126 416G3 5 72151725224999999999999991117 212331 3899999999999999
 41 64105152193218220196151 97 46 12  2 20 63119175216233223189142 95 6126 417G3 53522218 9233999999999999991152  2999999999999999999999
 46 55 87132178212225213176122 65 19 -8 -7 22 74134188225235218180133 9226 418G3 6 3225185323599999999999999 0 7 461229-1199999999999999
 65 60 78115159197220221197151 94 40  1-16 -5 33 8814619522422820616812626 419G3 632224193823099999999999999 043 5913 7-1699999999999999
 93 76 80104140178206217207174126 73 26 -4-12  7 4710015219321521319115726 420G3 7 2217202621799999999999999 119 751347-1299999999999999
123 99 92102127159187204205187152107 61 24  3  3 24 6110715018319919517626 421G3 733207211820099999999999999 155 921431  099999999999999
149125111110122143166184192187167136 99 62 34 19 21 40 7110814317018217926 422G3 8 8192221918399999999999999 2341081523 1899999999999999
166148132124125133147161171174168153129101 74 51 39 39 52 7510513315616826 423G3 852174233817099999999999999 3241231630 3899999999999999
169162151141134132134140147153156155147132113 91 71 57 52 59 76 9912514626 424G31013156999999999999999999999 4591321756 5299999999999999
161168166159149138129123123127134143149150144129109 87 69 59 61 74 9512126 425G3 117168124115099999999999999 7381221922 5899999999999999
145164174174166150132116104101107120137152161159146123 97 74 61 60 73 9626 426G3 232175142116299999999999999 8501012032 5999999999999999
125153174185182167143117 94 81 80 92114140163176175158131100 74 60 61 7726 427G3 319185152417799999999999999 934 792126 5999999999999999
105137167188195184160127 94 70 59 64 86118151179192186164131 97 72 60 6626 428G3 3531951613192999999999999991010 582210 6099999999999999
 88121156186202199178143103 68 46 42 57 89130168195203191162126 92 69 6326 429G3 4232031655204999999999999991043 412248 6399999999999999
 76105142177202208194161118 76 43 28 34 61102147186208209189155117 86 6926 430G3 4492091733212999999999999991114 272322 6899999999999999
 71 93128166196211206179137 90 49 23 18 36 73120166201216208181143107 8126 5 1G3 51521218 9216999999999999991144 172354 7399999999999999
 73 85115152186208212193156109 63 28 12 19 48 92141184210216200167130 9926 5 2G3 5392131844217999999999999991213 12999999999999999999999
 81 83104138174201212202172129 82 41 16 11 30 6711316019521320918615211826 5 3G3 6 3212191921499999999999999 025 791242 1099999999999999
 94 86 98125159189206205185148103 60 28 14 20 47 8813317319920719616913726 5 4G3 628208195320899999999999999 054 861312 1399999999999999
109 94 96115144174196203192163124 82 47 25 21 36 6710714717919619618015326 5 5G3 654203202919999999999999999 124 931342 2099999999999999
126106100109131158181194192173142105 69 43 30 34 54 8512115417818818216526 5 6G3 72219521 818899999999999999 1541001416 2999999999999999
142121109110123143164180185177156126 93 65 46 41 49 70 9812915517217717026 5 7G3 753185215317799999999999999 2281081453 4199999999999999
155137123116120131147162172172162142117 90 69 56 54 63 8110513115216616926 5 8G3 832173225116999999999999999 3 91161541 5399999999999999
163152139128123125132143153160160151136116 95 78 67 64 71 8610712914916126 5 9G3 929161999999999999999999999 4141231646 6499999999999999
166164155144133125122124131140148152149140124106 89 76 71 75 8710612814826 510G3 0 716711 815299999999999999 6 712218 7 7199999999999999
163171170162148133119109108114126140151156151138120 99 82 73 74 8610613026 511G3 12517213 215699999999999999 7411071924 7299999999999999
154172181180167147123101 88 86 97116139159170169155132107 85 72 73 8610926 512G3 222182142517199999999999999 839 862029 7199999999999999
138165186194187166136103 76 62 64 82112145174189188171142111 85 71 73 9026 513G3 3 4194152719199999999999999 923 612124 7099999999999999
118152182201204189157116 76 47 35 44 73114158192209206183148112 85 72 7726 514G3 34120516202109999999999999910 4 352214 7199999999999999
 99133169199214209182139 90 47 19 13 32 71123172209226218189150112 85 7526 515G3 4152151710226999999999999991045 1223 0 7599999999999999
 85113151188213221205168117 64 20 -3 -2 27 76133186223235223190149112 8826 516G3 4502211759235999999999999991126 -62345 8299999999999999
 83 98130169203222220195150 94 41  1-16 -6 30 8414419622923722018514511226 517G3 52622418482389999999999999912 9-17999999999999999999999
 93 94114148184212223213180131 76 26 -8-19 -2 39 9515320022823121117714126 518G3 6 3223193723399999999999999 028 911254-1999999999999999
112100106129161192213217200165116 64 20 -7-11 10 5210515819922122019916826 519G3 642218202722399999999999999 1111001340-1399999999999999
137115108118141169193207205186151107 61 24  3  4 26 6611315919321020618626 520G3 725208211821199999999999999 1541081429  199999999999999
159134118116126146168186195191173142104 66 36 20 23 44 7912015818619819326 521G3 813195221219899999999999999 2421151522 1999999999999999
176154134122120128143159173180177163138107 76 52 39 42 61 9012515717918826 522G3 91418023 918899999999999999 3391201619 3999999999999999
184169151135123120123133145157165166158140116 90 69 58 60 7510012915617526 523G31036167999999999999999999999 4591201722 5799999999999999
183180167150134120112111117129142154161158146127105 86 74 75 8710913415826 524G3 010183121516199999999999999 6371111829 7399999999999999
176183180167149129111 98 95100114132150162164156139118 98 86 85 9611714126 525G3 110183134516599999999999999 754 951934 8499999999999999
164180187182166143118 95 80 77 85104128152169175167150127106 94 9310512526 526G3 2 4187145717599999999999999 848 762033 9299999999999999
150173188192183161132101 76 61 61 75101132161181186177157132110 98 9911226 527G3 248192155318699999999999999 932 592126 9799999999999999
135161183196195179150115 81 56 45 50 7310614317519419718315913111010010426 528G3 3261981640198999999999999991010 442212 9999999999999999
121147174194202194170134 94 60 38 33 48 7811815919020620318415512710710126 529G3 4 02021721207999999999999991045 33225410199999999999999
110132161187203204186154113 72 41 25 29 53 9113517620421420417914712010426 530G3 4322051758214999999999999991119 24233110199999999999999
103119146175198208199173134 91 53 27 19 33 6510815419221421519816813711226 531G3 5 32081834217999999999999991152 19999999999999999999999
102109131160188206206189156113 71 37 19 21 43 8212817120321621018615512526 6 1G3 53320819 921799999999999999 0 61021225 1799999999999999
106103118144174198207200174136 93 55 28 19 30 5910114618420821319817114126 6 2G3 6 4208194421399999999999999 0391021258 1999999999999999
116104109129158185202204188157118 77 44 25 25 44 7812016019120720418515726 6 3G3 636205202020899999999999999 1121041332 2399999999999999
129110106117141168190200195174140102 66 40 29 37 61 9613517019420219217126 6 4G3 710200205620299999999999999 14610614 6 2999999999999999
144122109111126149173189193183159126 91 61 42 39 51 7811214817619319418226 6 5G3 748193213619699999999999999 2231081443 3899999999999999
160136119111116132152171183183171148117 87 62 50 51 67 9312515617919018826 6 6G3 833185221919199999999999999 3 51111524 4899999999999999
174153132118113118131148164174174163142115 89 70 61 65 8110613516218118926 6 7G3 93217523 718999999999999999 4 01131612 6099999999999999
184169149130116109112123138154165168161143121 98 81 73 77 9311614316718326 6 8G31048168235918999999999999999 5121091710 7399999999999999
189183168147126109 99 99108125144159168165152133111 94 86 8810212414917126 6 9G31217168999999999999999999999 631 981817 8599999999999999
187191184167143118 96 82 80 91111136159173176167149127107 96 9710913015426 610G3 054192134417799999999999999 739 791928 9599999999999999
177193196187166136104 77 60 58 72 9913216318419218416514111810510311413526 611G3 14819715 019299999999999999 836 57203810299999999999999
161185200202189162125 86 54 36 37 56 9113217019820920118015212611010711926 612G3 23920316 620999999999999999 928 34214210699999999999999
141169194209208189155111 66 32 15 19 45 8713618121222421519015813011211026 613G3 32821017 3224999999999999991019 14224010999999999999999
123148178203216212187146 96 48 13 -2  7 39 8814219122323422219315913011226 614G3 41521717572349999999999999911 9 -2233311099999999999999
112128156187212222212182136 83 34  0-12  2 40 9315120023123822219015512626 615G3 5 32221847238999999999999991159-12999999999999999999999
111113133163195217224210176126 73 26 -6-14  5 4710316020623323521518214726 616G3 550224193523799999999999999 0221101249-1499999999999999
120109116138170199219221204167118 66 23 -4 -7 16 6111616921023022720317026 617G3 639222202123299999999999999 1 81091337 -999999999999999
137115108118143173199215214195158111 64 26  6  8 35 7913117821122421418926 618G3 72821721 422499999999999999 1531081423  499999999999999
156128110108121144171194206203184149107 66 36 22 30 5910114618520921420026 619G3 820207214521599999999999999 23910615 8 2299999999999999
174144120107107121142165184194190172142106 73 51 44 56 8412115918920520326 620G3 916194222520699999999999999 3271051551 4499999999999999
187161135115104106117135155171180178163139111 86 70 69 8210813916919119926 621G3101918123 419999999999999999 4231031636 6899999999999999
193175152128110101101109124142158168169159141120101 91 9210512715217519026 622G31133170234719499999999999999 5311001725 9099999999999999
194185168146124106 94 92 9811213014816116516014813211811011112214016017826 623G31258165999999999999999999999 646 92182310999999999999999
189190180163141118 98 85 81 8710112214316016916815914613212312313114616426 624G3 034191142617099999999999999 755 81193312299999999999999
179188188178160136110 87 72 68 76 9411914516617918017115614113012813514926 625G3 129189153818199999999999999 851 68204412799999999999999
166181190189177156128 99 74 59 57 69 9212315417819219218016214313012713526 626G3 225191163119499999999999999 939 56214612799999999999999
151169185193191176149117 85 59 46 49 67 9713316719320520018316013912612426 627G3 3161941714205999999999999991021 45223612399999999999999
135154175192199192171139103 69 45 36 45 7010714718320721320217915213011926 628G3 4 119917512139999999999999911 1 36231811899999999999999
122137161184200203190162125 86 53 34 31 47 8012216519921721619716914012026 629G3 4412041826219999999999999991138 30235511399999999999999
113122144171195207204184150109 69 40 26 31 56 9514118221122121118615512726 630G3 51820819 0221999999999999991214 25999999999999999999999
110111127155184205212201173134 91 54 30 24 38 7111516019721821920117113926 7 1G3 554212193222199999999999999 0291081249 2399999999999999
114105113136167195211211192159117 75 43 26 29 52 9113617820822021118615426 7 2G3 62921320 422099999999999999 1 31051322 2499999999999999
124105103119147178202212205180143100 62 37 29 41 7211415719321421619917026 7 3G3 7 7212203621899999999999999 1361021354 2999999999999999
137112100105126156184203208195166128 88 56 38 39 60 9513717520321520818526 7 4G3 74620821 721599999999999999 2121001426 3699999999999999
154124104 98109132160185199200184154117 82 57 48 57 8311915718920821119726 7 5G3 831202214021299999999999999 250 9815 0 4899999999999999
170139113 98 97110133159181192190174145112 84 67 65 7910613917219720820426 7 6G3 923193221420999999999999999 334 961537 6399999999999999
185157128105 93 94107128152173184183168143117 95 83 8510112615518119920526 7 7G31024185225220599999999999999 426 921621 8299999999999999
196175147120 99 87 87 9811814216317617816815012911210310611914016418519826 7 8G31139179233720199999999999999 530 85171610399999999999999
200189168142115 92 78 75 8410412915317217917616314713212312313214816818526 7 9G31310179999999999999999999999 644 75183112299999999999999
196197187166139110 83 65 59 67 8711614617118618918216715113813313715016726 710G3 034198144718999999999999999 757 5920 313399999999999999
184195198189169139105 73 50 41 48 7110514117419720620018416414613613614726 711G3 14519816 620699999999999999 9 4 41212913599999999999999
164183198204196174140100 62 34 23 31 58 9714218221122221519516914613213026 712G3 25720417 72229999999999999910 5 23223712999999999999999
142162186205213205180140 93 50 19  7 18 50 9714819422523522319716613912326 713G3 4 221317572359999999999999911 2  7233212199999999999999
122137163192215223213182137 85 39  7 -3 12 5110416020723624122319015512626 714G3 4592231842242999999999999991155 -3999999999999999999999
112115136168200224231216181131 77 30  0 -5 17 6211917622024223921417613926 715G3 551231192224499999999999999 0191111242 -699999999999999
112101111139174208229232214174122 69 25  2  4 33 8314019322924222919715726 716G3 640234195924299999999999999 1 11011325 -199999999999999
121 99 95112143180211229227204163112 63 27 13 24 6011016320723223421217626 717G3 726231203323699999999999999 140 9414 4 1399999999999999
137106 90 94115148182209221215190149103 63 38 34 54 9213918421622921919126 718G3 81222221 422999999999999999 219 891440 3399999999999999
154119 95 87 96120150179200208199173137100 71 57 63 8812516519821821920126 719G3 859208213322199999999999999 258 871512 5799999999999999
171136107 90 87 99122148172188192182160131104 86 83 9512015218220521320526 720G3 94819322 021399999999999999 339 871544 8299999999999999
183153124101 90 9010112014116117417716915313311610710912314516919020320326 721G31046178223020499999999999999 428 88161810699999999999999
190168142118100 91 91 9911413215016216716415414213212813114215817618919526 722G312 416723 719599999999999999 530 9017 512899999999999999
191178159138118101 91 88 9310612214015516416616315715014514515116217418326 723G31355166999999999999999999999 651 88182614499999999999999
187183173157138118100 87 81 85 9611413515416917717717116215414915115816726 724G3 0 1187153417899999999999999 8 9 81201514999999999999999
176182181173159140117 96 79 71 75 8811013616118119119118216715314514415026 725G3 124182162919299999999999999 913 71213714399999999999999
162174183185179163139112 86 67 60 65 8411214417519620520018416414513513526 726G3 24818517 82059999999999999910 4 60223013399999999999999
144161178190193185164134101 72 53 49 60 8612115919221221520217815213212326 727G3 3471941741216999999999999991048 48231012399999999999999
127144166188202202187159123 86 56 40 41 61 9513717820922321719516513611726 728G3 4322041812223999999999999991127 38234411299999999999999
113125150178202213208185148107 68 41 31 41 7011215919922322821118114611826 729G3 51121418422299999999999999912 2 31999999999999999999999
104108130162194216221207175133 88 51 30 29 49 8813618221723222419716112526 730G3 548221191023299999999999999 0171031234 2799999999999999
101 95109140176208225223200161114 70 39 26 37 6811416320422923221317813826 731G3 624226193723499999999999999 048 9513 4 2699999999999999
106 89 92116153190218228218187143 96 57 35 33 55 9514418922123422419415426 8 1G3 7 122820 423499999999999999 120 881333 3199999999999999
116 89 82 95126164199221224207171126 83 53 41 52 8312617220822922920817126 8 2G3 740225203023299999999999999 152 8114 2 4199999999999999
131 97 79 80101135172202218215193156114 79 59 59 7811415519321922821618726 8 3G3 822219205622899999999999999 227 771432 5699999999999999
149111 84 74 82106140173198210203179145111 86 76 8410814317820622121919926 8 4G3 9 8210212322299999999999999 3 4 7415 3 7699999999999999
167130 98 78 73 8510913916818919819117014311810210011213516419020821420526 8 5G310 3198215321499999999999999 347 731538 9999999999999999
182151119 93 77 74 8410513115717618518116814913312512613615417419220320326 8 6G31112185223120499999999999999 442 74162412499999999999999
192171144117 94 78 73 79 9411714116217517917416515514814715216217418619326 8 7G31252179233019499999999999999 559 73174214799999999999999
193185169147123 98 79 68 67 78 9912515017118418818417616615915615816517526 8 8G315 1188999999999999999999999 732 6620 415699999999999999
184189187177158132103 76 57 51 59 8111114417419620620419217515914914615226 8 9G3 115189161920799999999999999 856 51214614699999999999999
165180193198191172141103 68 43 33 41 6710514718621322421819817214913313026 810G3 25919817 72259999999999999910 3 33224513099999999999999
140160184204214208184144 99 57 28 17 29 6210915920323123722219315913111426 811G3 4 92141747238999999999999991059 17232911299999999999999
115132162194220230220189142 90 45 15  9 28 6912417922224424121617713810926 812G3 5 32301823246999999999999991146  8999999999999999999999
 96104132170207234241224186133 78 34 10 11 40 9014820123824923419815411426 813G3 550241185524999999999999999 0 7 961227  799999999999999
 89 84102138181219242243219174120 68 30 15 27 6612017622224624421617312826 814G3 633245192524999999999999999 043 8313 3 1599999999999999
 92 74 79107148191225241235205158106 62 35 33 5710115420223524422819114626 815G3 714242195224499999999999999 117 731336 3099999999999999
104 75 68 83116158197224232219186141 97 65 51 61 9413818422023723220416326 816G3 754232201623899999999999999 150 6814 5 5199999999999999
120 86 68 70 92127164196215217199167129 96 77 76 9613117020522622921117826 817G3 834218203823099999999999999 223 661431 7499999999999999
138102 77 69 79103135166190202198180152124104 9710613016119121322121218826 818G3 91620221 022199999999999999 256 691456 9799999999999999
155121 93 78 77 9011213716117918618116614612912012113415517819820920719226 819G310 4186212321099999999999999 333 76152211999999999999999
168139113 94 85 87 9811413415216617216916015014213914315416818319319719026 820G311 9172215119799999999999999 420 85155513999999999999999
175155134115101 94 9410011112614115416216516516215815715816216917618218226 821G31314166223618399999999999999 533 9317 915799999999999999
177166153137123109 99 94 9510211513114716117117717717316716215916016416926 822G31534177999999999999999999999 722 93201315999999999999999
172171167159146131113 98 87 85 9110512514716818419219118116815514714615126 823G3 027172162019399999999999999 848 84213914699999999999999
160169176177170155134110 88 74 71 8010012715718320120619818015814113213326 824G3 238177165220699999999999999 946 71222213199999999999999
144160177189191181159130 99 74 59 59 7410313817420321721419516814112211626 825G3 3411911719218999999999999991030 57225511699999999999999
124144170192205204186155117 82 56 45 53 7811615919722222721218314811910326 826G3 42420717462289999999999999911 7 45232610199999999999999
104123153186211221211183143100 63 41 38 56 92139185219235228200162124 9626 827G3 5 22211811236999999999999991139 362356 8799999999999999
 87 99130169205228231211173126 81 47 32 41 71117168211237239218179134 9726 828G3 5372321836241999999999999991210 32999999999999999999999
 76 78103144188223239233203157107 65 39 35 56 9814919723224423219715010626 829G3 61424019 024499999999999999 026 741239 3499999999999999
 74 63 77113160204234242226188139 91 56 41 51 8413118122124224021316912026 830G3 651243192424599999999999999 056 6313 7 4199999999999999
 80 57 58 84127175215237237213171123 83 58 56 7811816520723424122418713926 831G3 730240194824199999999999999 128 551335 5499999999999999
 94 62 50 62 95140184217232225196156115 84 73 8211115119122123522820115926 9 1G3 811232201123599999999999999 2 0 5014 4 7399999999999999
114 76 54 52 71106147185211220208181146115 97 9611314217620522322420817626 9 2G3 856220203522699999999999999 235 501433 9499999999999999
136 98 69 56 60 8011214717819820319217014512611812414116518920721420718726 9 3G3 94820321 221499999999999999 316 5515 511899999999999999
158124 94 73 65 69 8611013816318018618016815414414214816017518919719819026 9 4G31058186213719999999999999999 4 9 64154514299999999999999
173150126103 85 75 74 8310012214516317417717517016616316316617117718118326 9 5G313 3177224618399999999999999 534 73172616399999999999999
179170156138118 98 82 72 73 8410412815117118419119018317416515815615916526 9 6G31522191999999999999999999999 726 71205615699999999999999
172178179173157134107 81 63 58 66 8711714917820020920619217315314013514026 9 7G3 140179161421099999999999999 854 58215813599999999999999
154172188197194175145108 74 50 42 52 7911715919521922521318815813211611326 9 8G3 316198165022599999999999999 957 42223811299999999999999
127151181205218212187147102 62 36 30 47 83130178216236233209172135105 9226 9 9G3 4132191721237999999999999991046 302313 9199999999999999
 97122158196225236223189141 90 50 27 29 55101154203236245228192147106 8026 910G3 4592361751245999999999999991127 252346 7399999999999999
 73 90127172213240245224181128 78 42 28 40 78130183226247242211165117 7926 911G3 54124618182499999999999999912 2 28999999999999999999999
 60 65 94139187227247243213166114 69 42 41 65110163211241247226184134 8826 912G3 620249184324899999999999999 018 581234 3899999999999999
 58 50 67106155201234245232196148102 67 53 6510014719423024523420115310426 913G3 65824519 624599999999999999 049 4913 3 5399999999999999
 66 46 51 79122169209232234213176132 96 74 75 9713618021623723521117012326 914G3 735236192723999999999999999 119 451329 7199999999999999
 81 53 47 62 96138179209223217192157123 98 9010213116820222523021518314126 915G3 811224194723199999999999999 148 461354 9099999999999999
100 68 53 57 7911314918220320819717314512110911213015918821022021319115726 916G3 84920920 722099999999999999 217 52141810899999999999999
120 88 67 62 73 9512415417819119118016114212812613515317519520620619216826 917G3 931193202820799999999999999 249 62144412599999999999999
138109 88 76 77 8810712915116817717616815714714214415216517918919218717226 918G31026177205419299999999999999 327 75151414199999999999999
152130111 97 90 90 9811012614215516416716516215915715716116617117517517026 919G312 8167213217699999999999999 425 89161415799999999999999
160147134120109102 98 9910511613014415716617217417216816315815615615916126 920G315 1174234116299999999999999 618 97201515699999999999999
161159154145134120107 96 91 9410512114015917518618818317115714513913914526 921G31548188999999999999999999999 8 8 91212513899999999999999
155163169168160144123103 86 79 82 9611814517119220219918416314112512012526 922G3 224169161720299999999999999 913 78215912099999999999999
140159176186185171147118 91 71 65 73 9412616119121121420117514411810210326 923G3 325187164221599999999999999 958 65222910199999999999999
118144173196206199176142105 74 56 55 72104144184214227218191154117 91 8126 924G3 4 720617 6227999999999999991034 532258 8199999999999999
 92120158193217223207173130 89 59 46 54 83125171210233233210170125 87 6526 925G3 44522317302369999999999999911 7 462328 6399999999999999
 66 90131177215236233206163115 74 49 45 66105154200233243227189140 92 5826 926G3 5222371754243999999999999991139 442358 4699999999999999
 46 60 98149198234247234197148100 64 48 57 89136185225245240209160106 6126 927G3 6 02471818246999999999999991210 48999999999999999999999
 35 36 63112167215244249226183134 90 63 59 79120168211239244224181127 7526 928G3 639250184224599999999999999 030 321241 5799999999999999
 38 24 37 75128182224245241212168123 88 73 80109152195227241231199150 9826 929G3 72024719 724199999999999999 1 2 241311 7299999999999999
 53 26 24 47 90142190224237226195155119 96 9210814017821022923021017212426 930G3 8 3237193123299999999999999 136 221342 9199999999999999
 78 44 28 34 611031481882142212071801481231111161361641922132202111861492610 1G3 849221195722099999999999999 214 27141311199999999999999
108 72 47 39 49 741091461781982011901701501351321401561761932032021901672610 2G3 944202202720499999999999999 257 39144813199999999999999
137105 79 61 56 63 821081371621791841801701591521511561641741821851831742610 3G311 118421 818599999999999999 356 56153915099999999999999
158138116 95 79 71 71 81 991221451631751791771731671631591581591621651682610 4G31311179231516899999999999999 528 7019 115899999999999999
167161151135115 95 79 71 74 871081331561761871911871761631501401371401492610 5G31455191999999999999999999999 717 71205813799999999999999
161171175171155132104 80 65 63 76 991301611872022051941741501291151131222610 6G3 2 2175154120699999999999999 837 62214111299999999999999
141164185195191172140105 74 56 55 71101139176204218213192160127101 88 922610 7G3 315196161421899999999999999 935 532216 8899999999999999
112143177204215207180140 99 66 49 53 76114158197223228211177136 98 73 662610 8G3 4 62151644228999999999999991020 482249 6699999999999999
 81113155195222230214178133 90 59 48 60 93138183219235227196152105 68 492610 9G3 4492301711235999999999999991059 482321 4899999999999999
 53 80123171212236235210168121 81 58 56 79119167208234236214171121 75 44261010G3 5292391736238999999999999991133 542351 3599999999999999
 35 52 90140189226241231199154110 77 64 74106150194227238225190140 89 49261011G3 6 624217592389999999999999912 4 63999999999999999999999
 29 33 61108159204233238219182139101 79 78 99137180215234230204159108 63261012G3 643239182123599999999999999 021 271233 7599999999999999
 33 25 42 79128176213231227202164126 98 87 98127165201225229212175129 82261013G3 718232184323099999999999999 050 2513 0 8799999999999999
 46 29 33 59100146187214222210182148118102103122153186211222214187147103261014G3 75322219 422299999999999999 118 28132710099999999999999
 66 41 36 50 80119159190208208191165138118111121143171196210209192161124261015G3 829210192721299999999999999 147 35135411199999999999999
 88 60 47 51 69 99132163186196191175153135124125138158179194199190170141261016G3 9 9196195219999999999999999 218 47142412399999999999999
110 83 66 61 68 86111137161176181176164150139135139150164176183182171152261017G3 957181202218499999999999999 254 6115 013599999999999999
130107 89 78 76 83 96115135153165170168162154148146147152158164167165157261018G3111117021 616799999999999999 343 7616 614699999999999999
144129114101 91 88 90 98112128144157165168167163157151146144145148151153261019G3131616923 815399999999999999 5 8 88191614499999999999999
152147138126113101 93 89 93104120138155169177179173162148135127126131140261020G31440179999999999999999999999 658 89204012699999999999999
150157159153140123105 90 83 85 97117141164182191189176156133114105107119261021G3 143159152019299999999999999 815 82212010499999999999999
138158172177169151126101 81 73 78 95122153181200205194170138108 88 82 92261022G3 254177154920599999999999999 9 8 732152 8199999999999999
115146174193196183156123 92 71 65 76102137173202216212188151111 78 60 62261023G3 342197161621799999999999999 951 652224 5899999999999999
 84121162196215213191154115 82 63 63 83118159197221226207170123 78 46 36261024G3 4252171642227999999999999991030 612256 3699999999999999
 50 86134182218233223191148105 74 61 70 99141185219234225192142 89 45 19261025G3 5 623317 92349999999999999911 6 612330 1699999999999999
 20 47 95152202235243224185139 98 72 67 86123168208233235212167111 57 18261026G3 5472431736237999999999999991142 66999999999999999999999
  2 15 54110169217243243218175130 94 77 81108149191223236226191139 82 33261027G3 63024718 423799999999999999 0 5  21218 7699999999999999
  2 -3 20 66125181223242235206164124 97 88101132171206228229208166113 61261028G3 714243183423199999999999999 041 -51254 8899999999999999
 20 -1  3 32 81136186220232221191155123105105123153186211222214186144 96261029G3 8 023219 522299999999999999 121 -3133010299999999999999
 51 19  7 17 48 93141183209216204178149127117122141166189205207194167129261030G3 850217194020899999999999999 2 4  714 911799999999999999
 89 54 30 23 34 62100140173194199189170149135130136150167181190188176154261031G3 947200202319099999999999999 253 23145513099999999999999
125 93 66 48 42 50 711011341611801861801681541441401411481561651701701642611 1G31059186213217199999999999999 355 42161214099999999999999
150130107 84 67 59 62 76 991261511701791791721611511421361341381441521582611 2G31229180235216099999999999999 515 58184813499999999999999
160155143124103 83 70 68 77 961211471681811841791661501331201131151241382611 3G31352184999999999999999999999 644 67201911399999999999999
153165168160142118 94 76 70 77 95122150174190193184165140115 96 88 931092611 4G3 147168144619399999999999999 759 7021 8 8899999999999999
133158177184176155126 98 77 70 78100130161187201200183154120 90 70 65 772611 5G3 259184152520399999999999999 858 702147 6599999999999999
103137169192199188161128 97 77 72 85111145178202211200173134 95 63 46 492611 6G3 353199155821199999999999999 946 722222 4599999999999999
 71107149185208210193161124 94 77 78 96128165196214213191153108 67 38 292611 7G3 4382121627216999999999999991028 752255 2999999999999999
 42 75120166202220215190154117 90 79 88114150185211219206173127 79 41 202611 8G3 51822116542199999999999999911 4 792327 1899999999999999
 21 46 88138184215225212182144109 88 86103134171202219215189147 98 53 222611 9G3 5562251719220999999999999991138 842357 1299999999999999
 12 25 59108158199222223203168131103 90 96121156190213218201166120 72 34261110G3 6322261745218999999999999991210 89999999999999999999999
 13 14 37 79128175208222214188153120 99 96111141174201214207181141 94 52261111G3 7 7222181021499999999999999 028 101240 9599999999999999
 23 13 25 56100147186210215199170138112100106128158187205207191158117 75261112G3 742215183720899999999999999 058 13131010099999999999999
 41 22 22 42 77120160191205201182154127109106119143169191200193171136 98261113G3 81720619 520099999999999999 129 20134110599999999999999
 63 38 29 38 62 96134167188195186166142122112115131152173187188176151119261114G3 854195193618999999999999999 2 1 29141511299999999999999
 87 60 44 42 55 79110141167182183173155136123118124138154169176173159137261115G3 937184201417699999999999999 237 41145511899999999999999
110 84 65 55 57 70 92118143163174174165151137127124128137148158162158147261116G3102917521 616299999999999999 320 54155512499999999999999
130109 89 74 67 69 80 99121142159169170163152141131125124128135143149149261117G31136170223715099999999999999 417 67174012499999999999999
143132116100 86 78 77 86101121142159169172167157143128117110111118129140261118G31252172999999999999999999999 532 77192411099999999999999
148149142129112 96 85 81 87101122144163176180174159138117 99 89 90102120261119G3 037149135318099999999999999 653 812024 8899999999999999
140155162158144124103 87 81 87103126151173187189177154125 95 73 64 70 89261120G3 2 7162143819099999999999999 8 2 8121 7 6499999999999999
118148170181176158132106 87 80 87107135164188200195175141102 67 44 39 53261121G3 311181151620099999999999999 9 0 802147 3899999999999999
 84123162190201192168136106 86 80 91116148180203209196164120 74 37 16 18261122G3 4 4201155120999999999999999 951 802225 1499999999999999
 43 85135179209217204173136104 85 82 99129165197215213189147 95 45  9 -6261123G3 4522181626217999999999999991037 8123 5 -699999999999999
  5 41 93148195224228208173134102 86 88110145182210221210176126 70 21-11261124G3 53922917 1221999999999999991121 842347-1999999999999999
-19  1 45103161207232230206168129100 89 98125161195218221201160105 50  4261125G3 62623417382229999999999999912 4 89999999999999999999999
-22-22  6 55115171213232225197160124101 95109139173203218213187143 89 37261126G3 714232181721999999999999999 030-251247 9599999999999999
 -3-22-15 17 67125176212225214185150120103103120149179202211201172129 79261127G3 8 2225185921199999999999999 115-23132910199999999999999
 33  0-12 -1 32 80132177205213200173142118107110128153178194198186159120261128G3 850213194619999999999999999 2 3-12141510699999999999999
 76 38 12  4 17 49 92137174196200186162137118110115130149168180182172149261129G3 941201204118399999999999999 252  415 711099999999999999
116 81 49 29 24 37 66102140170187188175155134119112114124138152163167160261130G31034189215416799999999999999 346 24161511199999999999999
144119 90 65 49 46 57 801111421661801801691511331171081061111211341461542612 1G31131181232915599999999999999 444 45174710699999999999999
154144126104 83 69 65 73 93118144165177177167150131112 98 91 931021171342612 2G31230178999999999999999999999 549 651920 9199999999999999
148154151138119100 85 80 86102125148167178177167148124101 82 72 73 851052612 3G3 110154132917999999999999999 659 802025 7199999999999999
128148160161151133113 97 90 95110131154172182180166142113 84 63 52 56 732612 4G3 235162142018399999999999999 8 6 902115 5299999999999999
100130156172174163143121103 96101116139162180187181161131 96 64 42 35 442612 5G3 34017515 418799999999999999 9 7 962156 3599999999999999
 69103139169186186171147122104 98105123148172188191179151114 75 43 24 232612 6G3 431188154319299999999999999 958 982233 2199999999999999
 41 74115155184198193173145118101 98110132159183195191170135 93 53 24 112612 7G3 5131981618195999999999999991043 9723 8 1199999999999999
 18 45 86132172198206194167136111 97 99117144172192198186157115 71 33 102612 8G3 5512061651198999999999999991122 962342  499999999999999
  5 22 58104151188208207187156124102 94103127157183198196175138 94 51 182612 9G3 6272101722199999999999999991157 94999999999999999999999
  2  8 34 76124168199210200174141112 94 95112140170192199188159118 73 34261210G3 7 1210175419999999999999999 015  21230 9299999999999999
  9  2 17 51 97143182203205187157125101 91100123153180195194174140 97 55261211G3 734207182519799999999999999 048  213 2 9199999999999999
 23  6 10 33 72117159189201194171140111 94 93108135163185192183158120 79261212G3 8 7202185819299999999999999 120  51334 9199999999999999
 43 18 11 24 53 93135170191194180154125103 93 98118144168183184169140103261213G3 840195193318599999999999999 152 1114 8 9399999999999999
 66 37 21 23 42 74112149176188184166140115 99 95105124147166175171154125261214G3 915189201317599999999999999 225 201446 9599999999999999
 91 60 39 31 39 61 93128158177183174154130110 98 97107125143158164158141261215G3 95218321 216499999999999999 3 0 311533 9699999999999999
115 87 62 47 45 57 80109139163176177165146124107 97 96104118134147153149261216G3103317822 815399999999999999 339 441635 9599999999999999
135114 90 71 61 61 73 95121146165175173160141121103 91 88 93105121135144261217G31119175233414699999999999999 427 591754 8899999999999999
145136120101 85 76 77 87106128150167174171158138116 95 79 72 76 88107127261218G31212175999999999999999999999 528 751912 7299999999999999
142149146134118102 91 89 96112133154169176173158136108 82 61 51 55 71 95261219G3 111149131017799999999999999 644 892015 5199999999999999
123146160161152135117103 97101116136157174181176159130 96 63 38 27 33 55261220G3 23916214 718199999999999999 8 4 972110 2799999999999999
 88124155175180171151128109100103117139163181188181158123 81 42 14  4 14261221G3 35018015 218899999999999999 91610022 1  499999999999999
 43 85130168192198186161133111 99102119144170190196185156112 64 21 -7-15261222G3 4481981553197999999999999991018 992250-1699999999999999
  0 37 87139182207211194165133108 96101121151180200203187150101 48  3-25261223G3 5402121642204999999999999991113 962339-3099999999999999
-29 -7 38 94150194218217195161127101 92101126159189207207185143 89 34-10261224G3 62822117302109999999999999912 1 92999999999999999999999
-35-34 -5 45105162204223216189151117 94 88102131166195211206179134 78 24261225G3 714223181721299999999999999 028-381247 8899999999999999
-17-36-29  6 59119173209221207176138105 86 86105137171197208200170123 69261226G3 75722119 520899999999999999 114-371330 8499999999999999
 20-15-28-14 25 78135181209212193159123 95 81 87108140170192199188157113261227G3 838214195420099999999999999 159-281413 8199999999999999
 64 22 -5-10 10 50100149186204199175142109 87 79 88110138164181185173144261228G3 917205204618699999999999999 241-111458 7999999999999999
105 64 31 14 17 40 78121160187195184158127100 82 78 88107130152166169157261229G3 955195214316999999999999999 322 121547 7899999999999999
133101 70 47 38 46 70103138167183184169144117 94 80 77 84 99118136149152261230G31031186225015399999999999999 4 2 381647 7799999999999999
144127104 83 69 66 76 98125151171179174157134110 89 76 71 75 87103120134261231G311 6179999999999999999999999 442 6618 1 7199999999999999
