 34 62 95127149158154144131116107108118131145156159147123 92 59 26  0 -926 1 1H1 5 915815431599999999999999910231062259 -999999999999999
  0 25 59 99137162170165151133114104107118134150162164149121 86 47 10-1626 1 2H1 6 117016371659999999999999911181032348-2399999999999999
-22 -8 22 63108149173177168149127106 98104119137156169169150118 78 37 -226 1 3H1 64517817291719999999999999912 4 98999999999999999999999
-26-27 -7 28 72120159179178163141116 97 92102120141161173170147111 70 2826 1 4H1 726181181917499999999999999 034-291247 9199999999999999
 -8-27-23  2 40 86133167179171152128103 87 87101121143162173165139102 6226 1 5H1 8 417919 717399999999999999 118-281329 8599999999999999
 22 -8-20 -9 19 59103144170173160138113 92 81 85101121142160166154127 9226 1 6H1 840174195216699999999999999 2 0-201412 8199999999999999
 56 22  0 -3 13 43 80120152167163146123101 83 77 8510111913815215313911326 1 7H1 914168203715599999999999999 239 -41455 7799999999999999
 83 54 29 16 20 40 69102134155161150131110 91 78 76 84 9811412913913812426 1 8H1 947161212314099999999999999 315 151541 7599999999999999
102 79 57 41 37 47 67 93120142154151137119100 84 74 74 81 9310611812512226 1 9H11018154221512599999999999999 348 371633 7399999999999999
111 95 80 66 59 61 73 92112131145148140126109 93 80 72 71 76 85 9610611126 110H11047148232311299999999999999 418 591735 7199999999999999
111104 95 87 80 79 84 95110125137143141131118103 88 76 68 66 69 75 85 9426 111H11116143999999999999999999999 446 781854 6699999999999999
102105105102 99 96 97102110120130136138134125113 98 84 71 62 57 58 65 7526 112H1 120105115013899999999999999 521 962019 5799999999999999
 87 99107112113112111110112117123129134134130122110 95 79 64 53 46 47 5526 113H1 4 2113123913499999999999999 6431102125 4699999999999999
 69 85102115123126125121117115117121127131133130122109 92 73 54 40 34 3626 114H1 5 4126135113399999999999999 9 21152214 3399999999999999
 48 67 89111128137137132124116112113118125132135132123107 86 63 41 26 2126 115H1 53713815 51359999999999999910201112256 2199999999999999
 28 46 71 99124141148144133120109105108117127136140137123102 76 49 26 1226 116H1 6 514816 31409999999999999911 41052332 1099999999999999
 12 25 50 81113139153154143127110 99 98106119133144148140121 94 63 33 1126 117H1 6321551651148999999999999991138 97999999999999999999999
  1  8 29 60 96130153160153136116 98 90 94107125142153154140114 82 47 1726 118H1 658160173315599999999999999 0 5  11210 8999999999999999
 -2 -4 11 39 76114146162161146124101 85 82 93112133151161156135103 67 3226 119H1 725164181316199999999999999 037 -51242 8299999999999999
  4 -8 -2 21 55 95133159166156135109 87 75 79 96118141159165153125 90 5226 120H1 751166185216599999999999999 1 9 -91316 7499999999999999
 19 -3 -6  9 39 76116149166163145120 94 74 68 78 99123146162163145113 7626 121H1 819167193316599999999999999 141 -71352 6899999999999999
 41 13 -1  5 28 61 99135160166154131105 80 65 65 7910212614816015513310126 122H1 848167201516099999999999999 213 -11431 6399999999999999
 67 37 16 11 25 52 85119148163160141116 90 69 58 63 7910212514415214312126 123H1 91716421 115299999999999999 246 111513 5899999999999999
 92 64 41 29 32 50 77107135155160148126102 78 61 54 61 77 9811913514013126 124H1 948160215414099999999999999 320 2816 0 5499999999999999
112 89 69 54 49 57 76100124143154151136113 90 69 55 50 57 71 8910812212726 125H11018154225912799999999999999 354 491655 5099999999999999
122109 94 81 73 73 82 98117133145148141124103 82 64 51 45 50 61 77 9310826 126H11050148999999999999999999999 431 7218 3 4599999999999999
116117112105 98 95 96103114126135141141133118 99 80 61 47 38 39 47 61 7826 127H1 034118112914299999999999999 520 951928 3799999999999999
 96110119121120118115113115120127133136136130118100 80 60 41 28 24 30 4426 128H1 3 7121123113799999999999999 7 11132054 2499999999999999
 65 88110126135137134128121117118122127133136134123106 83 58 33 15  8 1326 129H1 452137141013699999999999999 92111722 3  899999999999999
 31 56 87117139150150144132119111109115124133141143133112 84 53 23  0 -826 130H1 53415115391439999999999999910381092258 -899999999999999
  0 23 56 94129154162158145126108 98 99109123138151154142116 82 45 10-1426 131H1 6 61621643155999999999999991124 972345-2099999999999999
-19 -5 24 63107145167169157137113 92 84 90106125146163164146115 76 35 -226 2 1H1 63617017361669999999999999912 2 84999999999999999999999
-23-22  0 35 79125161174167147122 94 75 72 85106131155171168144108 66 2526 2 2H1 7 6174182117399999999999999 027-251239 7199999999999999
 -9-23-13 15 54101144171173157132103 76 61 66 84109136161173163134 97 5626 2 3H1 73617519 417399999999999999 1 5-231316 6199999999999999
 18 -8-12  6 39 80124159173165141113 83 60 53 64 86113140162167151120 8426 2 4H1 8 4173194416899999999999999 140-131352 5399999999999999
 48 18  3  9 33 67106143166167149123 94 67 51 51 66 9011614015615413410626 2 5H1 832169202415899999999999999 212  21429 4999999999999999
 75 46 26 22 37 64 96129155164154131104 78 56 47 53 70 9211613514413711826 2 6H1 85816421 414499999999999999 241 2215 6 4799999999999999
 94 70 51 42 48 67 93120143157154137113 88 66 51 48 57 73 9211212612912126 2 7H1 920158214713099999999999999 3 7 421545 4899999999999999
105 88 73 63 63 75 94115135148150140120 98 77 61 51 51 60 74 8910411411526 2 8H1 941151223911699999999999999 330 621629 5099999999999999
109 99 89 82 80 85 98113128140144139125107 89 72 60 53 54 60 70 82 9410226 2 9H1 959144999999999999999999999 349 801725 5399999999999999
105103100 97 96 98104113123132136135127114100 85 72 62 55 54 57 63 73 8426 210H1 0 3105102013799999999999999 4 3 961848 5499999999999999
 93100105108110110112115120124128129126119109 98 87 75 63 54 49 49 53 6326 211H110491299999999999999999999992036 49999999999999999999999
 76 90102113120123122120119118119120121120116110102 91 76 61 49 40 38 4326 212H1 51212312 912199999999999999 9 51182151 3899999999999999
 56 73 92111125133133128120114110110113117120120117108 93 74 55 38 27 2626 213H1 52913414361219999999999999910341092239 2599999999999999
 35 53 77102125140143137126113103 99102110119127130126113 92 67 43 23 1326 214H1 55014316 21309999999999999911 4 992317 1399999999999999
 16 32 58 88119141151147134116100 89 89 98112127138142134113 85 55 27  826 215H1 6111521650142999999999999991130 882349  399999999999999
  3 14 38 71107138156157144123100 82 76 83 99120139153153136108 74 40 1126 216H1 6321591731155999999999999991158 76999999999999999999999
 -4  0 20 52 91129157165154133106 80 65 65 81105130153165158133 97 60 2526 217H1 65416518 916599999999999999 019 -51227 6399999999999999
 -1 -7  7 36 74115151169164144115 85 60 50 60 84113142165172156124 85 4726 218H1 717170184817299999999999999 048 -81259 5099999999999999
 14 -4  1 24 59 99139167172155127 94 63 43 41 59 88120151172171148112 7526 219H1 742173192817499999999999999 119 -51334 3999999999999999
 39 13  5 19 49 86125158173164139106 73 45 31 38 61 9312615517016213610226 220H1 8 8173201017099999999999999 150  51410 3099999999999999
 68 39 22 25 46 77112144166168149119 86 55 32 26 38 64 9512715216114912426 221H1 835170205516199999999999999 222 201449 2599999999999999
 95 68 48 41 51 75104132155164155131100 69 43 26 26 41 66 9412214114613526 222H1 9 1164214614699999999999999 254 411532 2499999999999999
115 94 76 65 66 80101124143155154139113 85 59 39 27 29 43 64 8811012613026 223H1 927156224913099999999999999 326 641622 2799999999999999
123111 99 90 87 92104120134144147140124102 79 58 41 32 32 42 58 76 9510926 224H1 951147999999999999999999999 358 871727 3199999999999999
116117114111108108112119127134137136128115 98 80 63 48 37 33 36 47 61 7926 225H1 034117101413799999999999999 43310819 0 3399999999999999
 96109118123125125123123123125126127126122115104 89 72 54 38 28 26 33 4726 226H1 42412511 112799999999999999 7 61232044 2699999999999999
 66 89110126136139136130122116114114117121124123116101 80 57 35 19 13 2026 227H1 45913914221249999999999999910171132159 1399999999999999
 37 62 91119140149148139125111101 98103111122133137129110 84 55 28  8  226 228H1 5211501554137999999999999991049 982250  299999999999999
 12 35 66102135154158149132112 92 82 84 95111130147152140115 83 49 17 -326 3 1H1 5441581649152999999999999991119 822332 -599999999999999
 -3 14 43 80121153165159141117 91 71 65 75 93117142161163144113 77 39  826 3 2H1 6 71661734165999999999999991150 65999999999999999999999
 -7  1 25 60102143167168152126 96 68 51 53 71 96126155171165140105 67 3026 3 3H1 632171181417299999999999999 0 8 -71222 5099999999999999
  4 -1 16 47 85127161173162136105 73 47 38 49 73104137164173159129 94 5726 3 4H1 658173185317499999999999999 042 -21255 3899999999999999
 25  9 16 40 74113150171168146115 82 51 32 33 52 80113145167167147116 8326 3 5H1 723173193017099999999999999 112  91327 2999999999999999
 51 28 24 40 69102137163170154126 93 61 35 25 35 59 8912114916215413110326 3 6H1 74717020 716299999999999999 141 2314 0 2599999999999999
 75 51 40 47 69 97127153165158134104 73 45 28 27 43 67 9612514615013811726 3 7H1 8 9166204515199999999999999 2 7 401432 2599999999999999
 94 73 59 58 73 95121143158157140113 84 58 37 28 34 52 7610112413713612426 3 8H1 828160212513899999999999999 232 5715 5 2899999999999999
107 90 77 73 80 96116135149152142121 96 71 50 37 35 44 60 8110111812512226 3 9H1 845153221112599999999999999 254 721541 3499999999999999
113102 93 87 89 99114128140145140125105 84 65 50 42 43 51 65 81 9610811326 310H1 9 2145231911399999999999999 316 871625 4299999999999999
112108104101101105113123131136134126112 95 79 66 56 50 50 55 64 75 87 9726 311H1 918136999999999999999999999 3351001729 4999999999999999
104108110112112113116120124126126122115104 93 82 72 63 56 53 54 58 67 7826 312H1 9291269999999999999999999991915 52999999999999999999999
 90101111118123123122120118117116115114110105 98 90 79 67 57 49 46 49 5726 313H1 43712499999999999999999999921 6 46999999999999999999999
 71 88105120131134130123115109105105108111113113109 99 84 67 52 40 35 3926 314H1 455134142811399999999999999103210522 6 3599999999999999
 52 72 94117135143140130116103 94 92 97106116124126120105 84 61 41 28 2526 315H1 5131431552126999999999999991047 922245 2499999999999999
 34 54 80109135150150139121101 85 77 81 94110127140142129106 79 51 28 1626 316H1 53115216381429999999999999911 9 772318 1599999999999999
 19 37 64 97130154160150129104 79 63 62 75 96121144158154133103 70 39 1726 317H1 5501601718159999999999999991134 602348 1099999999999999
 11 23 49 83121153168161140111 80 54 43 51 74104136162172160131 96 60 2926 318H1 61116817571729999999999999912 4 43999999999999999999999
 11 15 37 70108145171172152122 87 53 30 27 47 78114151177180159125 88 5326 319H1 634175183718299999999999999 020 101236 2699999999999999
 25 16 30 60 95133166178165135 99 61 28 12 20 47 84125162183178152118 8226 320H1 659178191818499999999999999 052 161310 1199999999999999
 50 30 32 54 86121154176174149113 75 38 10  3 20 52 9113216618016914211126 321H1 72617820 218099999999999999 125 281347  299999999999999
 80 55 45 56 81111141166174160129 92 55 22  2  3 25 58 9613416116815613326 322H1 753174204916999999999999999 158 451426  099999999999999
107 84 68 67 83106131153166163141109 75 42 16  4 11 32 62 9612814815214226 323H1 819167214215399999999999999 232 6515 9  499999999999999
125108 93 86 91106125142154157146123 95 66 40 21 14 20 38 63 9111613113626 324H1 844157225213699999999999999 3 6 8616 0 1499999999999999
131122113106105111122133142146142130111 88 67 47 32 26 29 42 60 8110111526 325H1 9 6146999999999999999999999 34210517 8 2699999999999999
123125125122120120122126130133132128119106 92 75 59 45 36 34 40 53 69 8826 326H1 1 7125 92013399999999999999 4411201843 3499999999999999
105118127132133130127123121119118118118116111102 89 73 56 42 35 36 44 6026 327H1 3431339999999999999999999992025 34999999999999999999999
 80102122135142140134124114106103104108115121123116102 83 62 43 31 30 3926 328H1 41914214451239999999999999910131022138 2999999999999999
 58 82109133147149142128112 96 86 86 92104119133138130111 88 62 40 26 2726 329H1 4411501554138999999999999991034 852228 2499999999999999
 40 63 93124148157151135115 92 73 67 72 87107130148151138115 87 59 34 2326 330H1 5 315716421529999999999999911 0 6723 7 2399999999999999
 30 49 77111143161160145121 94 68 51 52 66 88116144161159140113 83 52 3126 331H1 5261631723163999999999999991129 492341 2699999999999999
 27 41 66 98133161168155131101 70 44 34 44 66 95129158170160136107 76 4726 4 1H1 55016918 2170999999999999991159 34999999999999999999999
 33 39 60 89122154171165142111 78 46 26 26 44 73107143168171155128 99 6926 4 2H1 614172183917399999999999999 012 331230 2399999999999999
 47 43 58 83113144167170152122 88 54 26 15 26 51 84121154171166145119 9126 4 3H1 638172191517299999999999999 042 4213 0 1599999999999999
 66 53 59 80107135160170160133100 66 35 15 15 33 62 9713215916615513410926 4 4H1 7 1170195216799999999999999 110 531331 1399999999999999
 85 68 66 80103128151165162142111 79 47 23 14 22 45 7510913915715714312326 4 5H1 722166202915999999999999999 136 6514 1 1499999999999999
102 84 76 83100122142157160147122 92 62 37 21 20 34 58 8711613914914413126 4 6H1 74116121 914999999999999999 2 3 761432 1999999999999999
115 99 88 89100117134148154148129103 77 53 34 27 31 47 69 9411713313813326 4 7H1 8 1154215513899999999999999 229 8715 6 2799999999999999
123111101 97102113127139145144132113 90 69 51 39 37 43 57 75 9511312412726 4 8H1 821146225812799999999999999 257 971547 3699999999999999
124119112108108113121130135136131118102 84 69 56 48 47 52 63 77 9210511526 4 9H1 840137999999999999999999999 3311071641 4799999999999999
120121121119117116119122125126125119109 98 86 74 64 57 54 56 63 73 86 9926 410H1 1 4121 85712699999999999999 43711618 2 5499999999999999
110119125128127123120117116115115114112108101 93 83 72 63 57 56 59 68 8126 411H1 3161289999999999999999999991945 55999999999999999999999
 97112125134136133125116108103102104109112114112105 92 78 64 55 51 54 6526 412H1 35313614 211499999999999999 94910221 5 5199999999999999
 82101121137145143132118103 92 87 89 98109120128127116 99 80 62 49 44 5126 413H1 41514515251289999999999999910 9 872156 4499999999999999
 67 89114137152153142124102 83 70 69 80 97117136146142126102 78 57 42 4126 414H1 4351541615146999999999999991034 682235 4099999999999999
 54 76103132155163154133106 79 57 47 55 75102131155164154131103 75 51 3926 415H1 45716316591649999999999999911 2 472312 3899999999999999
 44 64 92123153170167145115 82 51 29 28 46 76111147173178161133102 72 4826 416H1 5211721741179999999999999991134 262348 4199999999999999
 42 55 82113145171178161129 93 55 23  7 15 43 81123163187184162132100 7026 417H1 54717818241899999999999999912 9  7999999999999999999999
 51 53 74103134164181175147109 69 30  0 -7 11 46 89135173191183159130 9926 418H1 61618219 919199999999999999 024 491246 -899999999999999
 72 61 71 95124152175181163128 88 47 11-12-10 14 52 9614117518617515312626 419H1 646182195618699999999999999 1 0 611325-1499999999999999
 99 79 77 92116141163177172147110 71 33  2-12 -4 22 5910114116917516414526 420H1 716178204817599999999999999 138 7614 8-1399999999999999
124103 92 95111131150165169157130 96 62 29  5 -3  7 31 6410213515616015326 421H1 747170214716099999999999999 216 911455 -399999999999999
139123110105111124138150158155141117 89 60 34 16 11 20 40 68 9812514114726 422H1 81915823 214799999999999999 2571051551 1199999999999999
144136126119117121128136142144140128110 89 67 47 32 27 33 48 69 9211413026 423H1 853144999999999999999999999 3511171659 2799999999999999
138139136131126122122124126128129127121110 95 79 62 48 41 42 52 68 8810726 424H1 045139 95112999999999999999 5381221820 4199999999999999
124135140140135128120115112111113116119120116106 93 76 61 51 49 55 68 8726 425H1 224141124112099999999999999 8421111946 4999999999999999
107126139145143135123111100 94 94 99108118126126119104 87 70 58 53 59 7226 426H1 314145143612799999999999999 931 942058 5399999999999999
 91113134147150143129112 94 81 76 80 90106123136138129113 94 75 61 57 6426 427H1 34515115411399999999999999910 2 762150 5799999999999999
 80102125146156152137117 95 73 60 59 70 88111134148148136117 96 76 63 6226 428H1 4121561629150999999999999991033 582232 6199999999999999
 74 93116141158161147126100 73 51 42 49 67 92121147160155139118 96 75 6526 429H1 43716217111609999999999999911 3 4223 8 6599999999999999
 71 87109134156166158136109 79 51 32 31 46 71103136161167157138116 92 7526 430H1 5 31661750167999999999999991134 292341 7199999999999999
 71 83104127151167166148120 89 57 30 19 27 50 81117151170169155134110 8826 5 1H1 52916918271729999999999999912 4 19999999999999999999999
 77 81 99121144163170158132100 67 37 16 15 31 60 9513316217316714912710426 5 2H1 55317019 517399999999999999 012 761235 1399999999999999
 86 83 95114136157168164144114 81 48 22 11 19 42 7411014516717116014111926 5 3H1 617169194217199999999999999 042 8213 5 1199999999999999
 98 88 93109129149163166152126 95 63 35 16 14 29 55 8812315116516315013126 5 4H1 641167202016699999999999999 111 881337 1399999999999999
111 97 94104121140155163156137110 80 51 29 18 24 42 6910013115215915314026 5 5H1 7 516321 115999999999999999 141 9414 9 1899999999999999
123108100103115131145155155143122 95 69 45 30 27 36 55 8110813314715014426 5 6H1 731157214615099999999999999 2121001445 2699999999999999
132119109106112123135145149144130109 86 64 46 37 37 48 66 8911213114114226 5 7H1 759149224114399999999999999 2481061526 3699999999999999
137128119113112118126134140140132119101 82 65 52 46 48 58 74 9311212713626 5 8H1 830140235013899999999999999 3341121615 4699999999999999
138135129122117116118123128130129123113 99 84 71 60 55 57 65 79 9511112526 5 9H1 915130999999999999999999999 4511161716 5599999999999999
135138137132125119114113114117120121119113104 92 79 69 63 63 69 81 9611226 510H1 11313811 012199999999999999 6531131829 6299999999999999
127138143142135124114105101101105111118122121114102 89 76 68 66 72 8310026 511H1 216143132112299999999999999 8271001946 6699999999999999
118134146150145133117101 88 83 85 94107121131134128114 98 83 72 68 74 8826 512H1 255150145013499999999999999 913 822054 6899999999999999
107127145157156143124102 81 66 61 69 86108130146151142125106 88 74 70 7926 513H1 326158155015199999999999999 950 612148 7099999999999999
 96118140159166157135109 81 56 40 41 57 83114144164168155134112 91 76 7426 514H1 3571661640169999999999999991027 382235 7399999999999999
 87109132156172171152122 89 56 28 16 25 50 85123159180180164141116 92 7826 515H1 42917417291839999999999999911 5 162319 7799999999999999
 82 99123148170180170141105 67 31  4 -1 16 48 89134172191187168144117 9326 516H1 5 21801817192999999999999991145 -2999999999999999999999
 84 93114138162180182163128 88 48 11-12-10 13 51 9614318019418716714311626 517H1 53718419 619499999999999999 0 0 841227-1499999999999999
 96 92106127150171184178152114 74 33 -1-18-10 17 5610314918119018216314026 518H1 614184195719099999999999999 042 911311-1899999999999999
116101102117138158175181169140104 64 26 -3-14 -2 25 6410814917518217315626 519H1 652181205118299999999999999 124 991358-1499999999999999
135116107112126143159171172157130 96 61 28  5 -2 10 36 7211114516617116326 520H1 734173214817199999999999999 2 91071450 -299999999999999
149132118113118129142154161159145122 94 64 37 19 15 26 49 8011214015716126 521H1 820162224816199999999999999 3 01131545 1499999999999999
155143130120115118126135143148146136118 95 72 50 36 33 43 62 8711413615026 522H1 918148235115499999999999999 4 51151643 3399999999999999
154149140129120114113117123129134135129117101 83 66 54 51 59 74 9411613526 523H11041135999999999999999999999 5341131745 5199999999999999
147150146138127115107103104108115122128127121109 95 81 70 67 73 8510212126 524H1 055150122812899999999999999 7191031850 6799999999999999
137148150145135121107 96 89 89 94103115125130128119106 94 84 81 85 9611126 525H1 150150141013099999999999999 834 881957 8199999999999999
127142151152143129112 95 80 73 74 83 97114129137137128116104 94 90 9410526 526H1 233153152313899999999999999 922 7221 0 9099999999999999
120136149156152139120 99 79 63 57 62 76 96119138147145136124111100 9710226 527H1 3 915616191489999999999999910 1 572152 9699999999999999
115130145157159149130107 83 61 46 45 56 7610212915015715314212811310210126 528H1 34216017 4157999999999999991036 44223510099999999999999
110124140154163159142118 92 65 43 33 38 56 8211314316216515814412711110226 529H1 41316317451669999999999999911 9 33231410299999999999999
106118134150162165154131104 75 47 28 25 37 62 9412815617117015814112210726 530H1 4431661824172999999999999991142 24234910399999999999999
103111126143159167163145118 88 58 32 19 23 43 7210814216717516915413411526 531H1 51316819 1175999999999999991215 19999999999999999999999
104106118135152165168157133104 72 43 22 17 28 53 8612215417217416414612526 6 1H1 543169193817599999999999999 0221031248 1699999999999999
109103111126144159168164147120 90 59 33 19 21 38 6610013516117216915513626 6 2H1 614168201517399999999999999 0541031322 1799999999999999
117105106117134150163166156135107 77 49 28 21 30 51 8011314316316816114626 6 3H1 646166205316899999999999999 1271041356 2199999999999999
127112106111123139153162160146123 95 67 44 30 29 42 64 9312414816216215326 6 4H1 721162213216499999999999999 2 21061433 2899999999999999
137121110108115128141152156151135112 87 63 44 36 40 55 7810513115015915626 6 5H1 759156221515999999999999999 2431081512 3699999999999999
146132119111110117128139147149142126105 83 63 50 46 52 68 9011413615115626 6 6H1 84314923 015699999999999999 3331101554 4699999999999999
152141129118110110115124133139140134121103 84 69 59 57 65 8110112214015226 6 7H1 943140234815599999999999999 4361091641 5799999999999999
155149139126115107104108115123130134131121107 91 78 70 70 78 9211012914426 6 8H111 5134999999999999999999999 5511041734 6999999999999999
154155148136122108 97 93 95103113123131133127116102 91 83 82 8910211813526 6 9H1 037155124413399999999999999 7 8 931838 8199999999999999
149157156147131113 96 83 77 79 89104120134141139129116104 95 92 9811012626 610H1 126158141614199999999999999 812 761952 9299999999999999
142155162158144124101 80 63 56 61 76 9712014115315314413011710510010511726 611H1 211162152915599999999999999 9 6 5621 410099999999999999
133149162167159139113 86 60 41 35 44 65 9312415216816815814312611210511026 612H1 256167163117099999999999999 954 3522 510599999999999999
124141158170173159133102 70 40 19 15 30 58 9313216418118116815113211410826 613H1 3401731726183999999999999991041 15225810899999999999999
115131149166178176157126 90 54 21  1  1 22 55 9714017519118817415413111426 614H1 4251801819192999999999999991128 -2234610999999999999999
109120137157174184178154119 80 41  7-11 -6 19 5710214818219619017415112726 615H1 51118519 9196999999999999991216-12999999999999999999999
111111124143162180187177150113 72 32 -1-14 -5 23 6311015518519518616814426 616H1 558187195719599999999999999 03210913 4-1499999999999999
122109112127146165181186173144107 67 28  0 -9  4 33 7411916018418917815926 617H1 648186204419099999999999999 1181081353 -999999999999999
136116107113128146164178180165137102 65 31  8  4 19 49 8712816218018016726 618H1 739181212918299999999999999 2 61071442  399999999999999
148128111106112126142158169170155130 99 67 40 23 23 40 6710113616317417026 619H1 832171221217499999999999999 2561061529 2199999999999999
156139121107103109121135148158157145124 99 74 53 43 46 63 8711614316216726 620H1 928159225416799999999999999 3521031615 4299999999999999
161147131115103 99104113124136145145136121102 84 70 64 70 8510612814816026 621H11033146233516299999999999999 456 9917 0 6499999999999999
161153140124109 98 93 95102112124133136131122109 97 88 86 9210512113715126 622H11153136999999999999999999999 6 9 931745 8699999999999999
158156147134118103 91 85 85 9110111312413113112711911110510410911913114326 623H1 017158133413299999999999999 727 84184010499999999999999
153156152142128111 95 82 74 74 80 9210712213313713613012411911712012813726 624H1 1 0156151213799999999999999 834 73195211799999999999999
147154155150138122104 86 71 63 63 72 8810712614014714614113412712312513226 625H1 147156162214799999999999999 927 62211012399999999999999
141149155156148134115 94 74 58 51 54 68 8811213515115715514813812912412626 626H1 2351561712157999999999999991011 51221112499999999999999
134143152158157147129106 83 61 45 41 49 68 9412214716316616115013612512126 627H1 3221581751167999999999999991050 41225812199999999999999
125135147157162158143122 96 70 47 34 34 49 7410413616017217216114613011926 628H1 4 61621826174999999999999991127 32233611799999999999999
118126139152162165157138113 84 56 35 26 33 54 8311815017117817115613712026 629H1 44716518581789999999999999912 3 26999999999999999999999
113116129144159168167154131101 70 43 26 23 37 63 9713216217817816614612626 630H1 527169193018099999999999999 0101121238 2299999999999999
112109118134151166172167148120 89 57 33 22 27 46 7711214717118017315613526 7 1H1 6 517220 218099999999999999 0431081312 2199999999999999
115105108121139157170173162139108 76 47 28 24 36 60 9312815917617716514526 7 2H1 644174203317999999999999999 1171051345 2399999999999999
123107102110126144161171170154127 96 66 42 29 32 50 7711014316717717115426 7 3H1 72417221 517799999999999999 1531021419 2899999999999999
134114102101112129147162169163144116 87 61 42 36 46 67 9612715517217416326 7 4H1 8 6169213817599999999999999 2331001453 3699999999999999
144124107 98101113129146158162154134108 83 62 49 50 64 8711414116217216826 7 5H1 852162221117299999999999999 318 981529 4899999999999999
153135116101 95 98110126141152155146127105 85 70 63 67 8310512915116616926 7 6H1 945155224617099999999999999 4 8 9516 7 6399999999999999
161145126108 95 89 93104119133144147141126109 94 83 80 8710212214115716626 7 7H11051147232416799999999999999 5 5 891650 8099999999999999
165154137118100 87 81 84 94108123136143140131119108100 9910511813314816026 7 8H11214143999999999999999999999 6 9 811743 9899999999999999
165161148130110 92 77 69 71 81 9611413014214514113312411811511912814015226 7 9H1 0 6165135314599999999999999 720 69185811599999999999999
161164159145125103 82 65 55 55 65 8310512814615515514914113212712613314326 710H1 057164152815699999999999999 829 53203112699999999999999
153162165160145123 98 73 51 38 37 49 71 9912915416716916415314113112813326 711H1 158165164217099999999999999 932 36215112899999999999999
143155165170165148122 93 63 36 20 20 36 63 9813416418018217415914212812426 712H1 3 41701737183999999999999991030 18225212499999999999999
131143157170177172152122 87 52 22  5  7 28 6110114317619119017715813612126 713H1 4 71771823193999999999999991122  4234211799999999999999
118127143161177185178155120 81 42 10 -5  2 27 6511015518719819117314912526 714H1 5 618619 3198999999999999991211 -6999999999999999999999
111111125144165184192182155117 75 35  4 -7  5 35 7612316719419818516313626 715H1 6 0192194219999999999999999 0271091258 -799999999999999
112101106124146169188194181150111 70 31  5  0 18 50 9313817719519217314826 716H1 651195201819699999999999999 1101011341 -199999999999999
122101 94103123146169187190173142105 67 33 15 17 39 7211315318319118015926 717H1 739191205319199999999999999 153 941423 1399999999999999
133109 92 90102121144166181180161132100 68 43 33 42 65 9713316518318216626 718H1 827183212618599999999999999 237 8815 1 3399999999999999
144120 98 86 88100119139158169165148124 98 75 59 57 70 9312114917117817026 719H1 915170215717899999999999999 323 851537 5699999999999999
152130109 92 83 87 98114132147155150137119102 87 79 83 9811814015917016926 720H110 8155222617299999999999999 412 8316 9 7999999999999999
157140120102 88 82 85 9410812213514113913112011010210110812013615116216526 721H11113141225316699999999999999 5 8 82164110199999999999999
160147130113 97 85 80 82 8910011312413213413112712211912012613514615416026 722H11252134232216099999999999999 616 80171811999999999999999
159151139124109 94 83 77 76 81 9110411812813513813713513313313614214815326 723H11523138999999999999999999999 735 76182813399999999999999
155153146135122107 92 79 70 68 73 84 9911613114214814914614213913914114526 724H1 0 3155164014999999999999999 850 68204413899999999999999
149151150145135121105 87 72 61 59 65 79 9912014015316015815214413713413626 725H1 112151171816099999999999999 949 59221013499999999999999
141147151152148137121100 80 62 51 50 60 7910413015216616916315113913012726 726H1 2411521748169999999999999991036 49225612799999999999999
131139148155157152138117 93 69 50 40 43 59 8411414316517517316014412912026 727H1 3511571815176999999999999991116 39232911999999999999999
120128141154162164156137110 82 56 37 32 41 64 9512815817718017015213211626 728H1 4431651842181999999999999991152 31999999999999999999999
110116130147162172171156130 99 68 42 27 29 46 7511014617318417916213911826 729H1 52517319 818599999999999999 0 01101224 2699999999999999
104104116135155172180173151120 86 54 31 24 34 59 9213016418418517114812426 730H1 6 4180193418799999999999999 0311021255 2499999999999999
103 95101120142164180183169141107 73 44 27 28 47 7711315017818918015913326 731H1 64218420 018999999999999999 1 3 951326 2599999999999999
108 91 89102124149171184181161129 95 63 39 31 41 66 9913516818718616914426 8 1H1 721185202718999999999999999 137 881356 3199999999999999
117 94 82 87105129153174183174149118 86 59 43 44 62 9012315517918717715426 8 2H1 8 2183205418799999999999999 214 821427 4199999999999999
128102 83 77 86107131154172176164139110 84 64 56 64 8611414316818318116326 8 3H1 846177212218499999999999999 253 7715 0 5699999999999999
139113 90 76 74 86106129151165166153131109 89 77 76 8811013415717417917026 8 4H1 935168215117999999999999999 336 731534 7599999999999999
149125101 82 71 72 84103124143155156146130114102 95 9911213014916417317126 8 5H11034157222117399999999999999 425 701610 9599999999999999
158137114 94 77 68 69 79 9511413114414814313412511911612013014315516416726 8 6H11154148225516799999999999999 525 67165611699999999999999
162149130110 90 74 64 63 70 8310111913414414614414113713513514114815516026 8 7H11358146234616199999999999999 641 62181813499999999999999
161157146129110 91 72 59 53 57 68 8610812914515515815715214614214214515026 8 8H116 8158999999999999999999999 8 7 53203314199999999999999
155158157150135115 92 69 50 40 41 53 7510113015316817316916014913913513726 8 9H1 11815917 117399999999999999 925 3922 613599999999999999
144153160164159144121 93 64 39 25 26 42 6810213716618218417515914212812326 810H1 3 11641737185999999999999991027 23225712399999999999999
128140154167176172154124 90 56 27 12 16 37 7011015018119318817215012711126 811H1 41517618 9193999999999999991117 11233810899999999999999
109120138158178189183159124 85 47 16  4 14 42 8012516719419818416113410826 812H1 51218918401999999999999999912 2  4999999999999999999999
 95 99116140165188199188158119 78 39 11  6 24 57 9914518320119417214411426 813H1 6 0199191120199999999999999 016 941242  599999999999999
 90 82 93116143172196201184151112 71 35 16 20 44 8012216519419918215512526 814H1 645202194120099999999999999 054 821319 1499999999999999
 95 75 74 91117146176196195174140104 68 39 30 43 7110714618019618916513626 815H1 72819920 919799999999999999 132 721354 3099999999999999
106 79 67 73 93119149175189182159129 98 70 52 54 7210113316518718917314626 816H1 811189203619199999999999999 210 661426 5099999999999999
118 90 70 65 75 96121148169176166145121 98 79 72 8110212815417518417615526 817H1 85417621 118499999999999999 249 641455 7299999999999999
129103 81 67 67 80 99121143158160151135118103 94 9610812714716517617415926 818H1 940161212217799999999999999 329 661521 9399999999999999
138115 94 77 69 72 8310011813514514614013012111411211813014415816716816026 819H11036147214116999999999999999 414 69154511299999999999999
145126107 90 79 74 76 85 9711212513413713513312912712913414315215816115826 820H112 6137215916199999999999999 5 9 7316 912799999999999999
148134119105 92 82 77 77 82 9210411612613313814014114014114314715015215226 821H12227153999999999999999999999 626 76999999999999999999999
148140130120108 95 84 77 74 76 84 9611012413614615115114914614414214314426 822H11636152235014499999999999999 8 6 74212114299999999999999
144143139133124112 97 83 72 66 67 76 9110912814515716115815114313713313326 823H117 1161999999999999999999999 925 66222213399999999999999
137141144144140130114 95 78 63 56 58 71 9111513915816916815914613412512226 824H1 2341441725170999999999999991018 55225112299999999999999
127135144151154148134112 89 67 51 45 53 71 9712715417217716815313511911126 825H1 3541541749177999999999999991058 45231711199999999999999
114124139153163165154132105 78 54 39 39 54 8011214517118317816113911810326 826H1 4401651811183999999999999991131 372343 9999999999999999
100110127147166176173154126 94 64 41 32 40 63 96132165185186171147121 9826 827H1 51817718321889999999999999912 0 32999999999999999999999
 87 92111135159180187176149115 81 51 32 32 51 8111815518419318115712810026 828H1 555187185519399999999999999 011 871229 3099999999999999
 79 76 90116144172191192172139103 69 42 32 44 7010514217619519116813810726 829H1 632194191819699999999999999 041 751258 3299999999999999
 79 64 70 92122154182197189162128 93 62 43 43 64 9513016519119617915011726 830H1 710197194319799999999999999 114 641328 4099999999999999
 86 62 56 70 97129161187195180151119 88 63 54 64 8912115318119418716112926 831H1 75119520 919599999999999999 148 551359 5499999999999999
 97 69 51 53 72101133164184186168142114 89 73 73 9011614316918618817114226 9 1H1 834188203519099999999999999 225 501431 7199999999999999
111 82 58 48 55 76104133159175173157135115 99 91 9811513815917518217515326 9 2H1 92317621 018299999999999999 3 6 4815 4 9199999999999999
125 98 73 56 50 59 7810212714916115914813512311411312113615216517317216026 9 3H11022161212517499999999999999 353 50153811299999999999999
139115 92 72 59 55 61 76 9511613514614914514013513213313914815616216416026 9 4H11151149215016499999999999999 453 55162013299999999999999
148132113 95 78 65 58 60 69 8410212013514414915015014814614714915115315326 9 5H11510150223815499999999999999 617 58181914699999999999999
151144134120103 86 69 58 54 58 70 8810913014715816316215715014414014014226 9 6H11619163999999999999999999999 758 54213514099999999999999
146149149144132114 92 71 53 44 45 58 8010613415717117416815714313112512626 9 7H1 134149164817499999999999999 921 43221912599999999999999
133143153160159145123 95 67 44 32 35 52 7911214617218318016614712711210726 9 8H1 3211611713183999999999999991018 32225110799999999999999
114128146164176174155126 93 61 35 24 32 55 88127164187190177155130105 9026 9 9H1 42117717391919999999999999911 3 242324 8999999999999999
 92107128154178191183158124 88 53 28 23 39 69106148182196188165137107 8126 910H1 5 919118 5196999999999999991142 222357 7299999999999999
 72 82105133164191200185155118 81 47 28 33 56 90130170196197177147115 8326 911H1 5522001832199999999999999991218 27999999999999999999999
 61 61 79108141175199200179146110 75 47 38 53 81116155187199187159126 9226 912H1 633203185819999999999999999 032 581251 3899999999999999
 62 49 58 82114149182199192167136103 73 55 58 7910914217519519216913710426 913H1 713199192319699999999999999 1 6 491321 5399999999999999
 72 49 45 61 89122156182191178154126 99 78 71 8310713516318519017614811626 914H1 752191194719199999999999999 140 441350 7199999999999999
 85 59 45 50 70 97128158176177163142120100 89 9210913215517418417715612726 915H1 83217920 718499999999999999 214 451417 8899999999999999
 98 72 54 49 59 7910513215416516215013411910710511413114916517517415913626 916H1 916166202517699999999999999 249 49144110499999999999999
111 87 68 57 58 69 8710913014615214914113112311812213214515716516715914226 917H110 7153204016799999999999999 326 5615 511899999999999999
122102 84 71 65 67 77 9110812413614114113813413113113514215015615815414426 918H11125141205415899999999999999 412 65153213099999999999999
130115100 87 78 73 74 80 9010311612613413814114114114114214514714814614226 919H121 1148999999999999999999999 520 73999999999999999999999
134125115105 95 85 79 76 78 85 9510812113214214915114914614213913713613626 920H11559151999999999999999999999 7 4 76999999999999999999999
134131127122113102 90 80 73 72 77 8810412113815215915815214313412812412526 921H11626160999999999999999999999 844 72221412499999999999999
129133136136132121105 89 75 65 63 70 8610712915016416716114813312011311226 922H1 237137164816899999999999999 944 63223111299999999999999
119129139147149141125104 83 65 55 57 69 91117144166175170155136116102 9726 923H1 34314917 8175999999999999991025 542253 9799999999999999
104119136152163161147123 97 73 54 48 56 76104135164180180164141116 94 8226 924H1 4251641727182999999999999991057 482317 8299999999999999
 86102124148169178170147118 88 62 46 47 64 91124158182188175150121 92 7026 925H1 5 21781747189999999999999991127 442344 6599999999999999
 66 79105135164186189172142110 78 53 44 55 80113148179194186161129 95 6526 926H1 53919118 9195999999999999991157 44999999999999999999999
 50 55 79112148180199193168135101 70 51 52 72103137171195196174141105 6926 927H1 617200183319899999999999999 014 491228 4899999999999999
 42 36 52 83121160192204190161128 96 69 58 69 96128160188199186155118 8026 928H1 657204185919999999999999999 047 3513 0 5899999999999999
 47 27 30 55 90130169196199181153123 94 75 74 93120149176194192169133 9626 929H1 739201192519699999999999999 122 261332 7299999999999999
 61 33 22 33 61 97135170190188170145121 99 89 9611714116518318917714911426 930H1 824192195218999999999999999 2 0 2214 6 8999999999999999
 81 50 30 26 41 671001351631771741591411231111081191371551711791761591322610 1H1 916178201718099999999999999 241 25144110899999999999999
102 74 50 35 35 49 72 991281501611601511411311251271361481591671681611442610 2H11021162204116999999999999999 331 33151912599999999999999
121 98 76 58 46 45 55 72 941161351471501491461421391401441501541561541472610 3H1121015021 415699999999999999 435 45161913999999999999999
135120103 86 70 58 53 57 68 841041221381481531541521481451421411411411412610 4H11452154999999999999999999999 6 4 53999999999999999999999
140135127115100 83 67 57 55 62 76 951161371521611631581491391301251251282610 5H11543163999999999999999999999 744 55213912499999999999999
134140143141130112 92 72 57 51 56 71 931191441631701671561401241111061092610 6H1 2 7143161017099999999999999 9 2 5122 510699999999999999
119132147157156142121 96 71 53 47 54 73100130158175176165146123102 88 872610 7H1 325158163417899999999999999 957 472233 8699999999999999
 98116138160172168150124 95 68 50 47 60 84115148175184175154128100 77 672610 8H1 4161731658184999999999999991039 4623 4 6799999999999999
 74 93119148174185175151123 92 64 50 54 74102136168187185165137106 75 542610 9H1 5 01851724189999999999999991116 492335 5099999999999999
 52 68 95127162187191175148118 87 63 56 69 94125158184192177148115 81 51261010H1 5411921749192999999999999991149 56999999999999999999999
 37 45 70102139174194190169141112 84 67 70 90117147176192185160127 92 58261011H1 620195181419299999999999999 0 8 371220 6699999999999999
 34 31 48 77113151182193183160133106 84 77 89113139166186188170139104 70261012H1 658193183819099999999999999 040 291250 7799999999999999
 41 27 33 56 89125161183186172150126103 90 93110134157177185175150117 84261013H1 73718719 018599999999999999 112 261319 8999999999999999
 54 33 29 43 69101135164178175160140120104100110129149167178175157129 99261014H1 816179192017999999999999999 144 28134610099999999999999
 70 47 35 38 56 81111140161168162149133118110114126142158169170159138112261015H1 858168193917199999999999999 216 34141411099999999999999
 86 63 48 43 51 68 91117139153156151141130121120126137149158162157143123261016H1 947156195816299999999999999 251 43144311999999999999999
101 81 65 55 55 63 78 97117134144146143138132128129134141148152150143129261017H11054146201715299999999999999 333 54152012899999999999999
113 97 83 71 65 65 71 83 98113126136140141140137135135136138140140137131261018H11253141203014199999999999999 429 64164413599999999999999
122111100 90 80 74 72 75 83 95108121132140145146144139135132129128128127261019H11447146999999999999999999999 551 72999999999999999999999
125121116108 99 88 79 75 75 80 91105121135147153153147137128120115115118261020H11528154999999999999999999999 728 74213811599999999999999
122126128126118106 93 81 73 71 77 90107127145157161155143127113103 99103261021H1 2 1128155316199999999999999 844 712156 9999999999999999
113125135141139128111 93 78 69 68 77 94117140159168165151131110 92 82 84261022H1 314141161316999999999999999 935 672219 8299999999999999
 97114134150157151134112 91 73 64 68 83106132157174175161137111 85 67 63261023H1 4 11571634176999999999999991014 642245 6299999999999999
 74 96122149169172159136111 86 68 63 73 95123151175184173148117 85 57 42261024H1 4421731656184999999999999991049 622315 4299999999999999
 48 69100135167186183163136108 82 66 68 86113143171189185162128 92 57 30261025H1 5221881721190999999999999991124 642347 2399999999999999
 23 39 71109150184198188163134105 80 70 80105134163187194177144105 66 31261026H1 6 31981749194999999999999991159 70999999999999999999999
 10 13 38 76120163194201186160131102 82 80 98125152178194189162124 83 44261027H1 646202181819599999999999999 022  81235 7899999999999999
 12  0 12 43 83128170195196179154128103 90 96117142166186191177144105 66261028H1 732199184919299999999999999 1 0  01311 9099999999999999
 30  5  0 18 50 90133170188186170149126108103114133154173184181160128 92261029H1 821190192018599999999999999 142 -1134910399999999999999
 57 26  8  9 28 58 94132162176173161145128117117128144158170174166145116261030H1 918176195317499999999999999 228  6143011699999999999999
 86 57 33 20 22 38 64 95126150162161154143133127128135145154160159151134261031H11027163202916099999999999999 321 19152112699999999999999
112 88 65 46 35 36 48 68 931181391501541511451391341321341381421441441392611 1H11158154212514599999999999999 426 34165113299999999999999
129114 96 78 62 51 48 55 70 901121311451521521491421341281251241251281322611 2H11339153235313399999999999999 544 48194812499999999999999
133130122109 93 76 63 58 61 72 891101301461551561511401281161081061081152611 3H11440157999999999999999999999 7 8 5821 010699999999999999
124133137133122105 88 73 64 65 76 93114136153161159148132114 98 88 86 942611 4H1 2 1137151616199999999999999 824 642137 8699999999999999
107124139148145132115 95 79 69 71 83101124147163166157139117 94 75 67 712611 5H1 315148154516799999999999999 922 682210 6699999999999999
 84105129150160155140120 99 81 73 78 93114138160172167149125 98 71 53 492611 6H1 4 816016121729999999999999910 7 732242 4999999999999999
 61 82110140163170160143122100 83 79 89108130154172175160135106 75 48 342611 7H1 4521701639176999999999999991046 782314 3499999999999999
 39 59 87121154174175162143120 98 85 87102124147168179171147117 84 52 292611 8H1 53317717 6179999999999999991121 842346 2399999999999999
 23 37 64 98135167181176160139115 96 89 98117139161177177160130 97 63 332611 9H1 6131811732180999999999999991154 89999999999999999999999
 17 21 42 74112149175182173154132110 96 97112132153171178168143111 77 45261110H1 651182175817899999999999999 018 161225 9499999999999999
 21 14 27 53 88126159178178165145124105 99107125145163174172154125 92 60261111H1 730180182217599999999999999 050 141256 9999999999999999
 33 18 20 38 67102137164174170155136117105106118136153166170160137108 77261112H1 8 9174184717099999999999999 122 16132610499999999999999
 49 29 22 31 52 81114143162167159145127113108114127143156163160145121 94261113H1 850167191316499999999999999 156 22135710899999999999999
 67 45 32 32 44 65 93121144156157149136123114114121133145154155147130108261114H1 934158194015699999999999999 231 30143311399999999999999
 85 63 47 40 44 57 77101124141150149142132123118119125134142145143134119261115H11026150201114699999999999999 310 40151911899999999999999
100 82 65 54 50 55 68 85105124138144144139132126121121124129133134131124261116H11129145205313499999999999999 356 50163512199999999999999
112 98 84 72 63 61 65 76 91108123136143144141135127121118117119121123123261117H11243144223012399999999999999 452 60183911799999999999999
119112102 91 80 72 69 72 81 94110125138145147143135125115107104105108114261118H11348147999999999999999999999 559 69201910499999999999999
119121118111101 89 80 76 77 85 98114130144151152144131115101 90 86 90 98261119H1 058121143015399999999999999 714 7521 3 8699999999999999
110122130130123111 98 86 80 80 89103121139153159154140120 99 80 68 67 76261120H1 23413115 215999999999999999 825 792137 6699999999999999
 93113132144145136120104 90 82 83 95112132151164165151129103 76 55 45 49261121H1 335146153216699999999999999 923 812211 4499999999999999
 67 92121147161160147128109 92 83 88103124146164173165143112 81 50 28 23261122H1 42516316 3173999999999999991011 832246 2299999999999999
 36 63 97133163177172154133111 92 86 95115137160176178161129 93 57 24  4261123H1 5111771636180999999999999991055 862324  399999999999999
  7 29 63105146177188178158135110 93 91105127151172184178151114 74 35  2261124H1 5571881711185999999999999991136 89999999999999999999999
-12 -2 27 68114158186192179158133109 95 98117140162181186171139 99 57 18261125H1 645192174818799999999999999 0 5-121217 9499999999999999
-11-19 -2 31 74122164188189175154129108 99108127149169183182162127 87 46261126H1 734191182818599999999999999 048-191259 9999999999999999
  9-14-16  4 38 81127164183182168148125109105116134153170179173150117 79261127H1 825185191017999999999999999 134-18134310599999999999999
 42 10 -8 -6 15 48 88129160174172159141123111111121136151163168160139110261128H1 919175195616899999999999999 223-10143110999999999999999
 77 45 19  6 10 29 59 94128154165162151136122113113121132143152154147130261129H11015165205015599999999999999 316  5153011299999999999999
106 79 54 33 23 28 45 70 99127148156154145133121113111115121129136140136261130H1111315622 314099999999999999 412 23164711099999999999999
124107 87 67 51 43 47 61 811051281441511491411301181081031031071131211272612 1H11213151234112899999999999999 510 43182910299999999999999
128122111 97 81 68 62 65 75 92111130143149147139126112 99 90 87 90 971072612 2H11311149999999999999999999999 613 6220 2 8799999999999999
118125125119108 96 85 78 80 88102118134146150146135120102 86 74 70 74 842612 3H1 13312614 115099999999999999 721 7821 1 7099999999999999
 99115128132129120109 98 91 91 98111126140150152144129109 88 69 56 53 612612 4H1 3 3132144215399999999999999 830 902145 5399999999999999
 76 97119135142139130118106 99 99107119134147155153140119 96 72 50 39 412612 5H1 4 7142151915699999999999999 930 972222 3899999999999999
 54 75102128146152147136123110102104113127142154159151132107 80 53 33 252612 6H1 45715215531599999999999999910191012257 2599999999999999
 34 53 81113141158160152139122108102108120135150160159145120 92 62 35 182612 7H1 53916016271629999999999999911 01022331 1699999999999999
 18 33 59 92127154166164152135117104103112127144158163156135107 75 45 202612 8H1 6171671659163999999999999991137102999999999999999999999
  9 17 39 70107141164171163147127109100104118135152163163149123 92 59 292612 9H1 654171173116499999999999999 0 5  9121110099999999999999
 10  7 22 49 85122153169169157138117102 99109125143158164158138109 76 44261210H1 73017118 316499999999999999 039  61243 9999999999999999
 19  7 12 32 63100135160169163147127108 98101115132149160161149125 94 62261211H1 8 5169183516299999999999999 112  71316 9899999999999999
 34 15 10 22 46 79114144161164154136117102 98106120137151158154137111 81261212H1 84016519 915899999999999999 146 101350 9899999999999999
 52 29 17 19 36 62 94125148159156143126110100100110124139149152143124 98261213H1 916160194515299999999999999 219 161428 9999999999999999
 71 46 30 24 32 51 78107133150155148135119106100102112124136143142131112261214H1 954155202514399999999999999 254 24151310099999999999999
 89 65 47 36 36 47 67 92117138149150141128115104100102110120128133131121261215H11033151211613399999999999999 330 3416 9 9999999999999999
104 84 66 53 47 50 63 82104125141148146137124112101 96 97103111118123122261216H11115148222512399999999999999 410 461719 9699999999999999
115102 86 73 63 60 65 78 95114130143147143133120107 95 88 87 91 99107115261217H112 0147999999999999999999999 455 601838 8799999999999999
118115106 95 84 76 74 79 90105121135145147141130114 98 84 74 72 76 86 98261218H1 0 1118124814799999999999999 551 741951 7299999999999999
110119121116107 98 91 87 90100113127139148149140125106 86 68 56 53 59 73261219H1 146121133614999999999999999 7 4 872048 5399999999999999
 91111126133131122113103 97 98106118132145153151139119 95 70 48 34 32 43261220H1 312133142415399999999999999 827 972138 3199999999999999
 63 89116138148146137125112103102110123138151159155137111 82 52 26 11 13261221H1 418148151215999999999999999 9381012224 1099999999999999
 30 57 91125152163160148133116104103113129145159166158135103 68 33  4 -9261222H1 51416316 01669999999999999910351022311-1099999999999999
 -3 21 55 96136165175169154135114101103116134153168172160131 94 55 16-13261223H1 6 417516481739999999999999911241002357-2499999999999999
-24-12 17 58104147175182172154131109 98103119139159174176159126 86 43  3261224H1 6511821737178999999999999991211 97999999999999999999999
-25-30-13 21 65114156180182169148122102 94103122143164178176156120 78 35261225H1 736184182617999999999999999 044-311256 9499999999999999
 -4-27-28 -6 30 76124162180177161137113 95 92103123144164176171148113 72261226H1 820181191617799999999999999 131-301341 9199999999999999
 31 -3-20-16  8 45 89133164175168149126103 90 90103121141159168161138105261227H1 9 217520 716899999999999999 217-211429 8899999999999999
 69 33  6 -5  4 29 64104140163167156137115 96 86 88100116134149155148127261228H1 94316821 015599999999999999 3 2 -51520 8599999999999999
 99 69 42 22 18 30 53 84117144158157144126107 90 82 84 94107122135140133261229H11022160215814099999999999999 346 171617 8199999999999999
117 96 74 55 43 44 56 78102127146152147133117100 85 78 78 85 95108119124261230H111 115223 912499999999999999 428 421725 7799999999999999
121111 98 84 72 67 71 83100118135146147139126110 93 79 71 69 73 81 93104261231H11136148999999999999999999999 5 6 671846 6999999999999999
