 30 14  7 12 25 42 61 78 90 93 86 74 61 53 52 60 75 94110123129125107 7926 1 1HR 847 9320 812999999999999999 2 6  71338 5299999999999999
 49 23  4 -3  2 18 38 60 81 95 98 89 73 58 49 48 58 77 9811713113813111026 1 2HR 943 9821 313899999999999999 3 3 -31435 4799999999999999
 78 44 15 -4-11 -2 16 39 63 86100100 87 68 51 41 43 56 7810212213714313426 1 3HR1030102215614399999999999999 355-111524 4099999999999999
108 73 38  8-10-13 -1 20 44 70 92104 99 81 60 42 34 39 57 8110512614014426 1 4HR1112104224514499999999999999 441-1416 9 3499999999999999
131102 66 31  3-11-10  6 29 54 78 98104 93 72 50 35 30 39 59 8410712613926 1 5HR1151104233114199999999999999 524-131651 3099999999999999
139122 91 56 24  1 -7  0 18 41 65 87100 99 84 62 42 30 30 42 64 8710712326 1 6HR1226102999999999999999999999 6 2 -71732 2899999999999999
132127107 77 46 20  4  3 15 34 56 76 92 99 92 74 53 37 30 33 48 68 8710326 1 7HR 01413213 0 9999999999999999 636  11811 2999999999999999
115120111 90 63 38 20 12 17 32 51 69 84 95 95 83 65 48 36 33 39 53 70 8526 1 8HR 0531201331 9699999999999999 7 6 121851 3399999999999999
 97104104 94 75 53 35 25 24 34 49 65 79 90 94 89 76 61 47 39 38 45 56 6926 1 9HR 1311061359 9499999999999999 733 231936 3899999999999999
 79 87 91 89 78 63 48 37 34 38 49 63 76 86 92 91 85 73 60 49 44 43 48 5626 110HR 211 911429 9299999999999999 758 342032 4399999999999999
 64 71 76 78 76 68 58 49 44 44 51 61 72 82 89 92 90 83 73 62 53 47 46 4826 111HR 3 0 7815 8 9299999999999999 826 432156 4699999999999999
 52 56 61 66 68 68 64 59 54 52 54 59 67 76 84 90 93 91 85 76 66 56 49 4526 112HR 420 6916 7 9399999999999999 9 6 522359 4399999999999999
 43 44 48 53 59 63 66 66 64 61 59 59 62 69 77 85 92 96 95 89 80 69 57 4726 113HR 630 661720 96999999999999991025 59999999999999999999999
 40 36 36 40 47 55 63 69 71 70 66 62 60 61 67 76 86 95101100 95 84 70 5526 114HR 8 9 71182810199999999999999 124 361212 6099999999999999
 42 32 27 29 35 45 57 67 75 78 75 68 60 56 57 64 76 90101107106 99 85 6826 115HR 859 78192510899999999999999 217 271322 5599999999999999
 49 33 23 19 23 33 47 62 74 82 83 76 65 54 49 52 62 79 95108114112101 8326 116HR 935 83201411499999999999999 258 191412 4999999999999999
 61 40 23 14 14 22 36 53 69 82 88 84 72 57 46 42 48 64 84103116120115 9926 117HR10 7 88205912099999999999999 333 131453 4299999999999999
 76 51 29 13  7 11 24 42 61 78 90 91 81 64 47 37 36 48 69 9211112212411526 118HR1036 92214112599999999999999 4 5  71531 3599999999999999
 93 66 38 17  4  3 13 31 51 71 87 95 89 73 53 36 29 34 52 7610011812712526 119HR11 5 95222112899999999999999 435  216 6 2999999999999999
110 83 52 25  6 -1  5 21 41 62 82 95 95 83 62 41 28 25 36 59 8410712312926 120HR1133 9723 012999999999999999 5 3 -11642 2599999999999999
122100 69 38 14  0  0 12 32 54 75 91 98 91 73 50 32 22 25 41 66 9111112426 121HR12 2 98233912799999999999999 532 -21717 2199999999999999
126113 86 54 26  7  0  7 25 47 68 86 97 97 84 62 40 25 20 28 47 72 9511226 122HR1231 99999999999999999999999 6 0  01755 2099999999999999
121118100 72 43 20  7  7 20 41 62 80 94 99 93 75 53 34 23 21 32 52 75 9426 123HR 0181211259 9999999999999999 628  51836 2099999999999999
107112105 86 60 36 19 14 21 37 58 76 90 98 97 87 68 48 32 23 25 36 54 7326 124HR 0591121328 9999999999999999 657 141922 2399999999999999
 88 98100 92 74 53 35 26 26 37 54 72 86 95 99 95 82 65 47 33 26 28 38 5226 125HR 14310014 0 9999999999999999 726 252018 2699999999999999
 66 78 85 86 79 66 52 41 37 41 53 67 81 91 97 98 93 82 67 51 38 30 30 3526 126HR 238 871441 9899999999999999 758 372133 2999999999999999
 45 55 65 71 74 71 64 56 50 49 54 63 74 84 92 97 98 95 86 73 57 43 33 2826 127HR 358 741550 9899999999999999 837 492320 2899999999999999
 29 34 42 51 60 66 69 67 63 60 59 62 67 74 82 90 97101101 95 82 65 48 3326 128HR 6 9 69172910299999999999999 947 59999999999999999999999
 23 19 22 30 40 52 63 71 74 73 68 64 62 63 69 78 88 99107110106 92 72 5026 129HR 8 4 74185811099999999999999 1 4 191210 6299999999999999
 30 15  8 10 20 34 50 66 79 83 80 71 62 55 54 60 72 88103115121117101 7626 130HR 9 3 8320 912199999999999999 215  81340 5399999999999999
 48 23  5 -2  2 15 34 54 74 88 91 83 68 53 43 42 52 69 8910812313112510426 131HR 944 9221 713199999999999999 3 8 -21437 4299999999999999
 74 41 14 -4-10 -1 17 40 64 85 98 95 79 59 41 31 32 47 69 9311413013712726 2 1HR1020 99215713799999999999999 351-101523 3099999999999999
101 66 32  4-11-11  4 26 51 76 97104 93 71 47 28 20 27 46 72 9711913513826 2 2HR1054104224113999999999999999 429-1316 5 2099999999999999
122 91 54 21 -3-12 -5 15 40 66 89105103 85 58 34 18 15 27 50 7710112113426 2 3HR1126107232113599999999999999 5 3-121644 1499999999999999
131109 75 41 12 -5 -5  9 33 57 81100107 96 72 46 24 13 16 32 57 8110211926 2 4HR1155107235712699999999999999 533 -71720 1299999999999999
126116 91 59 29  8  1  9 29 52 75 94105103 85 59 36 19 14 22 41 63 8410126 2 5HR1221106999999999999999999999 6 0  11755 1499999999999999
112112 97 72 45 23 11 13 28 50 71 89101104 93 72 49 30 19 20 31 50 68 8426 2 6HR 030114124310499999999999999 623 101828 1899999999999999
 96101 95 78 56 36 23 21 30 49 69 86 98102 97 82 62 43 29 24 28 41 56 6926 2 7HR 1 010113 010299999999999999 642 2019 3 2499999999999999
 80 86 86 77 63 47 35 30 35 49 66 83 94100 98 89 73 56 42 33 32 37 47 5826 2 8HR 128 87131810099999999999999 7 0 301942 3199999999999999
 66 72 75 72 64 54 45 40 42 50 64 78 89 96 97 92 82 69 56 45 40 39 43 4926 2 9HR 2 0 751343 9799999999999999 717 402035 3999999999999999
 55 59 62 63 62 58 53 50 50 54 62 72 82 89 93 93 88 80 70 60 52 46 44 4426 210HR 252 631428 9399999999999999 731 492222 4499999999999999
 46 48 50 53 55 57 57 58 58 60 63 67 73 79 84 88 90 88 83 75 66 58 51 4526 211HR1558 909999999999999999999999999999999999999999999999999
 41 39 39 41 46 52 58 62 65 67 66 65 66 68 73 79 86 91 92 88 82 72 62 5026 212HR 9 9 671745 9299999999999999 128 391124 6599999999999999
 40 33 30 30 35 44 54 64 71 74 72 67 61 58 60 66 76 87 95 98 96 88 76 6126 213HR 9 9 7419 4 9899999999999999 222 291312 5899999999999999
 45 32 23 21 25 34 47 61 73 80 79 72 61 52 48 51 62 77 92103107104 92 7526 214HR 928 8020 410799999999999999 255 2114 3 4899999999999999
 54 35 20 13 14 24 38 55 71 83 87 80 66 51 40 38 46 63 83100112115109 9126 215HR 950 87205211599999999999999 322 131443 3799999999999999
 67 43 22  9  6 13 28 47 67 84 92 89 74 54 37 28 30 45 67 9010912112210926 216HR1014 93213512399999999999999 348  51519 2799999999999999
 84 55 29  9  0  4 18 39 61 81 96 98 85 63 40 24 18 26 48 74 9911812712326 217HR1039 99221512899999999999999 413  01555 1899999999999999
103 72 41 15 -1 -3  9 30 54 76 95104 97 76 49 26 12 12 28 54 8210612413026 218HR11 5104225313099999999999999 439 -41631 1099999999999999
119 91 57 27  5 -4  2 22 47 71 92106107 90 63 35 14  5 11 33 61 8911112526 219HR1132109233112899999999999999 5 6 -417 7  599999999999999
126108 76 43 17  2  2 16 40 66 88105112102 79 49 24  7  4 15 39 67 9211126 220HR1158112999999999999999999999 533  01745  399999999999999
121115 92 62 34 14  7 15 36 61 84101111110 93 67 39 18  6  7 22 46 70 9126 221HR 010121122411399999999999999 559  71825  499999999999999
105110 99 77 51 30 19 20 35 57 80 97108112103 83 58 35 17  9 14 29 49 6826 222HR 049110124911299999999999999 624 1819 9  999999999999999
 84 94 94 83 64 46 33 30 38 55 75 92104109107 95 77 55 36 22 17 22 34 4826 223HR 131 95131510999999999999999 648 3020 0 1799999999999999
 62 73 79 78 69 58 47 42 45 55 70 85 96103104101 91 76 59 43 31 26 28 3426 224HR 222 79134810599999999999999 711 422114 2699999999999999
 43 51 59 64 65 62 58 54 54 58 67 77 86 93 97 98 97 91 81 67 53 41 33 3026 225HR 349 6515 0 9899999999999999 734 532320 2999999999999999
 30 34 39 46 53 59 62 64 64 64 66 70 74 79 85 90 94 97 97 90 79 64 49 3526 226HR1721 989999999999999999999999999999999999999999999999999
 26 22 23 28 38 49 60 69 73 73 70 67 64 64 67 74 84 94102106102 90 72 5126 227HR 829 7419 310699999999999999 119 221231 6399999999999999
 32 18 12 13 22 36 52 68 80 84 79 69 59 51 49 54 66 82 97110117113 98 7326 228HR 857 84201211799999999999999 218 111348 4999999999999999
 47 24  9  3  9 23 42 62 81 92 91 79 62 46 36 35 45 63 84103119126119 9826 3 1HR 926 9321 412699999999999999 258  31435 3499999999999999
 68 38 14  0  0 12 31 54 76 95102 92 72 49 30 21 24 41 64 8810912613111826 3 2HR 956102214813199999999999999 332 -21516 2199999999999999
 90 57 27  5 -4  3 22 46 70 92107105 86 60 34 17 11 21 42 68 9311512912926 3 3HR1025108222813199999999999999 4 3 -41553 1199999999999999
109 76 43 16  0  0 15 39 64 87106113101 74 45 21  7  8 24 49 75 9811812726 3 4HR105211323 312799999999999999 431 -21629  699999999999999
118 93 60 30 10  2 11 33 59 82102114110 89 60 32 12  4 11 32 57 8110211626 3 5HR1117115233611999999999999999 457  217 2  499999999999999
118102 74 45 22 10 12 30 55 79 99112114100 74 45 22  8  8 21 42 65 8510126 3 6HR1138115999999999999999999999 521  91734  699999999999999
109103 83 58 35 20 18 29 51 76 96109114106 86 59 35 18 11 16 32 53 71 8726 3 7HR 0 6109115511499999999999999 541 1718 4 1199999999999999
 97 97 86 66 46 31 25 32 49 72 92106113109 94 72 49 30 19 18 28 43 60 7326 3 8HR 033 98121011399999999999999 6 0 251834 1799999999999999
 83 87 82 70 55 42 35 37 49 68 87101109108 99 82 62 44 31 25 28 38 51 6226 3 9HR 059 87122611099999999999999 618 3419 8 2599999999999999
 71 75 75 69 60 50 44 43 51 64 80 94103105100 89 74 58 45 37 34 38 46 5326 310HR 126 76124910599999999999999 633 431949 3499999999999999
 59 64 65 64 60 56 52 51 55 63 74 85 93 98 97 92 83 72 60 51 45 43 45 4826 311HR 2 3 651325 9899999999999999 643 512057 4399999999999999
 50 53 54 56 57 57 57 58 60 64 70 76 82 87 89 90 88 83 75 66 59 53 48 4626 312HR1444 909999999999999999999999999999999999999999999999999
 44 43 44 46 50 55 60 64 67 69 69 69 71 73 77 82 87 89 87 82 74 66 56 4826 313HR17 4 89999999999999999999999 111 43999999999999999999999
 41 36 34 36 42 51 60 68 73 75 72 67 62 60 63 70 79 88 94 95 90 81 69 5426 314HR 848 751838 9599999999999999 2 1 341256 6099999999999999
 41 31 26 27 33 44 57 69 79 82 78 68 57 50 48 53 66 81 94102104 98 84 6626 315HR 857 82194410499999999999999 227 261345 4899999999999999
 46 31 20 18 24 36 52 68 82 90 87 75 58 43 35 36 48 67 87103112113102 8226 316HR 915 90203411499999999999999 249 181423 3499999999999999
 57 35 18 11 14 27 46 65 84 96 98 86 65 43 27 21 28 47 71 9411212211910126 317HR 937 99211812299999999999999 312 1115 0 2199999999999999
 73 45 22  8  7 18 38 61 82100108100 78 51 27 12 11 25 50 7810212112811926 318HR10 2108215912899999999999999 338  61537 1099999999999999
 94 61 33 12  4 10 30 55 79100114114 95 65 35 12  1  5 26 55 8410912612926 319HR1029116224013099999999999999 4 5  41614  099999999999999
112 82 49 23  8  7 22 47 74 97116123112 84 51 21  1 -6  5 31 61 8911212626 320HR1056123231912799999999999999 433  51653 -699999999999999
122100 69 39 19 11 19 41 68 93113125123103 71 38 11 -5 -5 11 37 65 9111126 321HR1124127999999999999999999999 5 2 111733 -799999999999999
119109 85 57 34 21 22 37 62 88108122127117 92 60 30  8 -3  1 19 43 67 8826 322HR 0 0119115212799999999999999 529 191815 -399999999999999
103106 93 72 50 35 30 38 57 81102116124122107 82 54 29 11  5 11 27 47 6526 323HR 041106121912499999999999999 555 3019 0  599999999999999
 81 90 89 78 62 49 41 43 55 74 93108116118112 97 76 54 34 21 17 22 33 4626 324HR 126 91124811899999999999999 619 411955 1699999999999999
 59 69 75 74 68 59 52 51 57 69 84 97105109109104 93 77 60 44 33 28 30 3526 325HR 224 76132811099999999999999 642 512114 2899999999999999
 42 50 57 63 65 64 62 60 62 67 75 84 91 96 99100 99 93 83 70 56 44 36 3226 326HR 4 8 6515 710099999999999999 7 4 602327 3299999999999999
 32 36 41 49 57 64 68 69 69 69 70 72 75 78 83 89 95 99 99 92 81 66 51 3826 327HR1726 999999999999999999999999999999999999999999999999999
 30 27 29 36 46 58 69 76 79 76 71 65 61 60 64 72 83 94103107102 89 70 5126 328HR 757 79185810799999999999999 1 6 271242 6099999999999999
 35 24 21 25 36 51 67 80 88 87 78 66 54 46 45 51 65 81 97109115109 92 6826 329HR 824 8920 011599999999999999 154 211339 4499999999999999
 45 27 17 18 28 44 62 80 94 99 91 74 55 39 30 32 44 63 83102116120110 8726 330HR 852 99204912099999999999999 228 161421 2999999999999999
 61 36 20 14 20 37 57 78 96107105 88 63 40 24 18 25 43 66 8810812112110526 331HR 920108213012399999999999999 258 141459 1899999999999999
 77 50 27 14 16 30 52 74 95111115103 78 50 26 12 11 24 47 71 9311312211626 4 1HR 94811622 812399999999999999 326 131535 1099999999999999
 93 65 38 20 15 25 46 70 92110120115 94 64 36 15  6 11 30 54 78 9911511826 4 2HR1013121224211999999999999999 353 1516 9  699999999999999
105 79 52 30 19 22 40 65 89108121122107 79 49 24  8  5 17 39 63 8410311326 4 3HR1036124231511499999999999999 418 181641  599999999999999
109 90 65 42 27 24 36 59 84105120125116 93 64 36 16  7 11 27 49 71 8910326 4 4HR1055125234410799999999999999 442 231712  799999999999999
106 96 75 54 37 29 35 54 79101117124120104 78 50 28 14 12 21 39 59 77 9126 4 5HR1113124999999999999999999999 5 5 291742 1199999999999999
 98 95 81 63 47 37 38 51 72 95112121121110 90 65 42 25 17 21 33 50 66 7926 4 6HR 013 98113012399999999999999 527 361813 1799999999999999
 88 89 82 70 56 46 43 50 66 87104116119113 98 78 57 39 28 25 32 44 57 6826 4 7HR 041 90115211999999999999999 549 431846 2599999999999999
 76 80 78 72 62 54 50 53 63 79 95107112111102 88 71 54 41 35 35 41 50 5926 4 8HR 112 80121911399999999999999 6 9 501925 3499999999999999
 65 70 71 69 65 60 57 57 63 73 85 95102105102 94 83 69 57 47 43 43 47 5226 4 9HR 154 71125710599999999999999 627 562022 4399999999999999
 56 60 62 64 65 64 63 63 65 70 76 83 89 94 96 95 90 82 72 62 54 49 47 4726 410HR 4 5 651412 9699999999999999 635 632230 4799999999999999
 48 50 53 57 62 66 69 70 71 71 71 73 75 80 85 89 92 92 87 79 69 60 52 4626 411HR1622 929999999999999999999999999999999999999999999999999
 43 42 44 49 57 66 73 77 78 75 70 65 63 64 69 78 87 94 97 94 86 74 60 4926 412HR 743 781757 9799999999999999 044 421213 6399999999999999
 40 36 36 42 51 63 75 84 87 84 74 63 53 49 51 61 75 90100105102 91 75 5726 413HR 8 0 8719 810599999999999999 124 351310 4999999999999999
 41 32 29 33 45 60 75 89 97 96 84 67 50 38 34 41 56 76 95108114109 93 7126 414HR 823 9820 511499999999999999 154 291353 3499999999999999
 49 33 24 26 37 54 74 91105109 99 79 54 34 21 21 33 55 80101116122113 9126 415HR 850109205412299999999999999 223 241433 1999999999999999
 64 41 26 21 28 47 70 91109119116 97 68 39 17  7 11 30 57 8410712312611126 416HR 918120214012799999999999999 254 211514  699999999999999
 84 56 34 22 23 38 62 87109125130117 88 54 24  3 -3  7 31 60 8811212612526 417HR 949130222412899999999999999 326 211555 -499999999999999
105 76 49 30 23 32 53 81105125137134112 77 42 13 -5 -8  7 34 63 9011312426 418HR102113823 812499999999999999 359 231638 -999999999999999
117 94 67 44 31 31 46 71 98120136141130102 67 33  7 -7 -5 13 39 65 9011026 419HR1054141235211699999999999999 432 291723 -899999999999999
116105 83 60 43 36 43 62 88111129139138122 93 60 30  7 -3  3 20 43 66 8726 420HR1127141999999999999999999999 5 4 3618 9 -399999999999999
102104 92 74 57 46 45 57 77100118130136130112 86 57 32 14  7 14 29 47 6526 421HR 03810512 313699999999999999 535 441859  799999999999999
 81 91 91 81 68 57 52 56 69 87104117125127120105 83 59 39 24 20 24 35 4826 422HR 129 92124512799999999999999 6 6 521958 2099999999999999
 61 73 80 81 75 67 61 60 65 77 90101109114116112100 84 65 48 36 31 33 3926 423HR 234 81134811699999999999999 640 592114 3199999999999999
 47 56 66 73 76 74 70 67 67 70 77 84 91 97103107106100 88 73 58 46 39 3726 424HR 4 4 76152810799999999999999 734 662253 3799999999999999
 39 45 54 63 72 78 79 77 73 70 69 70 73 78 85 93101105102 93 80 65 51 4126 425HR 547 7917101059999999999999910 5 69999999999999999999999
 37 39 45 55 67 78 85 87 84 77 68 62 58 59 65 75 87 99106106 98 84 66 5126 426HR 652 87183210799999999999999 014 371217 5899999999999999
 40 36 39 48 62 76 88 96 96 88 75 61 50 45 47 56 70 86 99109109100 83 6326 427HR 732 97193511099999999999999 1 4 361316 4499999999999999
 47 37 36 43 57 73 89101107102 88 68 50 37 32 38 51 69 87102112111 98 7826 428HR 8 5107202611399999999999999 140 351359 3299999999999999
 57 42 35 38 51 69 88103114115103 81 58 38 25 24 34 52 72 91106114109 9226 429HR 83611621 811599999999999999 212 341438 2399999999999999
 70 50 37 35 45 64 85103117123117 97 71 45 26 17 21 36 56 77 9611011410426 430HR 9 4123214711599999999999999 242 351514 1799999999999999
 83 61 44 36 40 57 79100117127127112 86 58 34 18 14 23 41 63 8310111311126 5 1HR 929129222311499999999999999 311 361548 1399999999999999
 95 74 54 41 38 50 72 95115128132124102 73 45 24 13 15 29 50 71 9010511126 5 2HR 953132225711199999999999999 340 381622 1399999999999999
103 85 65 48 41 46 63 87110126133130114 88 60 36 19 14 22 38 59 78 9510626 5 3HR1016134232910799999999999999 4 8 411654 1499999999999999
105 94 76 58 46 45 57 78101120132133123102 75 49 29 19 19 31 48 67 84 9726 5 4HR1039134999999999999999999999 436 441726 1799999999999999
102 97 83 67 54 48 53 70 92112126132127112 89 64 43 28 22 28 41 57 73 8626 5 5HR 0 010211 513299999999999999 5 4 481759 2299999999999999
 94 94 87 75 62 54 54 64 82101117126127118101 79 58 40 30 30 38 50 63 7526 5 6HR 033 95113412899999999999999 531 531833 2999999999999999
 84 88 86 79 69 61 57 62 74 90106117121118108 92 73 55 42 36 38 46 56 6626 5 7HR 110 8812 812199999999999999 559 571913 3699999999999999
 74 80 82 80 75 68 63 63 69 80 93104112114110101 87 71 56 46 42 45 51 5826 5 8HR 158 82125311499999999999999 631 6220 3 4299999999999999
 66 72 76 78 78 75 70 68 69 73 81 90 98104106104 97 85 72 59 51 47 48 5226 5 9HR 317 7914 510699999999999999 718 682113 4799999999999999
 58 64 70 75 79 80 79 75 72 71 72 76 82 89 96101102 97 88 75 63 54 49 4826 510HR 451 81154110299999999999999 9 3 712239 4899999999999999
 51 57 64 72 80 85 87 85 80 73 67 64 66 72 81 91 99103101 92 80 66 55 4826 511HR 559 8717 9103999999999999991110 642350 4699999999999999
 46 50 57 67 78 89 96 97 92 81 68 58 52 53 61 74 88100107106 98 83 67 5326 512HR 643 971826108999999999999991223 51999999999999999999999
 45 44 50 61 76 90102108107 96 78 59 44 37 39 51 69 88103112113103 85 6626 513HR 720109193311499999999999999 042 441316 3699999999999999
 51 43 44 53 70 88105117121114 95 70 46 29 22 28 44 67 89107118118105 8426 514HR 756121203112099999999999999 126 4214 4 2299999999999999
 63 48 42 46 61 82103120131132117 90 59 33 15 10 19 40 66 9011012312110426 515HR 833133212312499999999999999 2 7 421452 1099999999999999
 81 60 46 43 52 72 97118135143138116 83 49 21  4  2 15 39 66 9111312412026 516HR 911144221312599999999999999 248 431539  199999999999999
101 77 57 46 47 61 85110131146151139112 76 41 14 -2 -1 15 40 67 9211412226 517HR 95115123 112299999999999999 328 451628 -399999999999999
114 94 72 55 48 53 72 97121140152152136105 70 36 11 -2  2 19 43 68 9311126 518HR1032154235011799999999999999 4 7 481717 -299999999999999
117106 87 68 55 51 61 82106128143152149130100 66 35 13  3  9 26 47 70 9126 519HR1116152999999999999999999999 446 5118 7  399999999999999
106108 98 81 65 56 57 69 90111129141147141122 95 65 38 19 13 19 34 52 7126 520HR 03910912 314799999999999999 526 551859 1399999999999999
 89100100 90 76 64 59 63 76 93110124134137132115 91 66 43 28 24 30 42 5726 521HR 130101125713799999999999999 6 7 591953 2499999999999999
 72 86 95 94 86 75 66 63 68 78 92104115123126122109 89 68 50 38 35 40 5026 522HR 225 9514 112699999999999999 655 632051 3599999999999999
 61 74 85 92 92 85 77 70 67 70 76 85 95104112116114104 89 72 57 47 45 4826 523HR 326 93151511699999999999999 8 2 672154 4599999999999999
 56 66 77 87 93 94 88 81 74 69 68 70 76 84 93102108108102 89 75 62 54 5126 524HR 431 94163310999999999999999 947 682256 5199999999999999
 54 61 71 83 93 99 99 94 85 75 67 62 61 65 74 84 95103105101 90 77 65 5726 525HR 5331001751105999999999999991134 612351 5599999999999999
 55 59 67 79 91101107107 99 87 73 61 53 52 56 66 79 91101105101 91 77 6526 526HR 62510819 2105999999999999991244 51999999999999999999999
 58 57 63 75 89102112116113101 84 66 52 44 43 51 63 78 91102106102 90 7526 527HR 7 711620 010699999999999999 037 561334 4299999999999999
 63 57 59 69 84100114122124116 99 78 58 43 35 38 48 64 80 94105108101 8726 528HR 743124204810999999999999999 118 571416 3599999999999999
 72 61 57 62 77 95112125131128115 93 69 48 34 30 36 50 67 84 99109109 9926 529HR 816131213011199999999999999 156 571455 3099999999999999
 83 68 58 58 68 86107123134136128109 84 59 39 28 28 38 54 73 9010511210826 530HR 84613722 911299999999999999 233 561532 2699999999999999
 94 77 63 56 61 76 97118133140137123100 73 49 32 25 29 43 61 79 9710911226 531HR 917140224511299999999999999 3 9 5616 8 2599999999999999
104 88 71 59 57 66 86108127139142134115 89 63 41 28 25 34 50 68 8610211026 6 1HR 947142232011199999999999999 343 561642 2599999999999999
108 97 81 65 57 60 75 96118134142140127104 78 54 35 27 29 41 58 76 9210426 6 2HR1019143235410899999999999999 416 571716 2699999999999999
108102 89 73 62 58 66 84106125137141134117 94 68 47 33 29 36 50 66 82 9626 6 3HR1052141999999999999999999999 449 581750 2999999999999999
104103 95 81 68 61 62 74 93113128137136126107 84 61 43 34 35 44 58 73 8726 6 4HR 028105112813899999999999999 521 601824 3399999999999999
 97101 98 88 76 66 62 68 82 99116127132129117 98 76 56 42 37 42 52 66 7826 6 5HR 1 510112 813299999999999999 555 6219 0 3799999999999999
 89 96 98 93 84 74 67 66 73 86101115123126122109 91 71 54 44 43 49 60 7126 6 6HR 146 98125612699999999999999 634 651940 4299999999999999
 82 91 96 96 91 83 74 69 69 76 87 99110117119115104 87 69 55 48 49 55 6526 6 7HR 234 97135511999999999999999 726 682026 4899999999999999
 76 86 93 98 98 93 84 76 70 69 73 82 92102110114111101 86 71 59 53 54 6126 6 8HR 329 9915 511499999999999999 842 692120 5399999999999999
 70 81 90 98103103 97 88 77 69 65 66 73 83 95104110109101 89 74 63 58 5926 6 9HR 4281041624110999999999999991013 652221 5899999999999999
 65 75 86 97106112111103 91 76 63 56 56 62 73 87100108110104 93 79 68 6226 610HR 5241121747110999999999999991135 552326 6199999999999999
 62 69 80 94107117122120109 92 72 55 45 43 50 64 81 96108113109 98 83 7126 611HR 61612319 6113999999999999991242 43999999999999999999999
 64 64 72 86103118129134130114 91 66 45 33 31 39 56 76 94109117114102 8626 612HR 7 5134201511799999999999999 028 631342 3099999999999999
 72 65 66 76 93113129141145137117 88 59 36 22 20 31 51 73 9411112111710326 613HR 754145211512199999999999999 125 641437 1999999999999999
 86 72 64 67 80101122140152154143117 84 53 27 13 13 26 47 71 9511412311826 614HR 84315522 912499999999999999 217 641531 1199999999999999
102 84 69 62 67 84108130148160160145116 81 48 22  8 10 25 47 72 9711712426 615HR 934162225912499999999999999 3 6 621624  799999999999999
117 99 79 65 61 69 89113136153164162144113 77 44 19  7 11 28 51 7610011826 616HR1025165234612399999999999999 353 601714  799999999999999
123112 93 74 61 60 71 93117138154163160140108 73 42 20 11 18 35 58 8110426 617HR1116164999999999999999999999 438 5918 2 1199999999999999
118118105 86 69 59 61 74 96118137151158153132101 69 42 24 20 29 46 67 8826 618HR 03112012 715899999999999999 523 581847 2099999999999999
107116113 98 80 66 60 64 78 97116132144149142121 94 67 44 32 32 43 59 7726 619HR 114117125714999999999999999 6 8 591930 3199999999999999
 95109114107 93 77 66 62 67 80 95110123133136129110 88 66 50 43 46 57 7126 620HR 156114134913799999999999999 657 622010 4399999999999999
 86100110111104 91 78 69 66 70 79 91103113121123116101 84 68 57 54 60 7026 621HR 239112144412399999999999999 755 662049 5499999999999999
 82 95105112111103 91 80 72 68 70 76 85 94103110111106 95 83 71 65 65 7126 622HR 323112154511299999999999999 9 8 682131 6499999999999999
 80 91102110114113105 94 83 74 69 68 71 77 85 94101103101 94 84 76 72 7326 623HR 41311517 1103999999999999991040 682221 7299999999999999
 78 87 98108116119117109 98 85 74 66 63 64 70 78 88 96100100 95 87 80 7626 624HR 5 711918271019999999999999912 9 632322 7699999999999999
 77 83 92104115122125122113 99 84 70 60 56 58 65 75 85 95101102 98 90 8326 625HR 6 01251943103999999999999991313 56999999999999999999999
 78 79 85 97110122129131126114 98 80 64 54 50 53 62 74 87 98105106101 9126 626HR 648131203910799999999999999 024 7714 2 5099999999999999
 82 77 78 87101117129136137129113 94 73 57 47 44 50 62 77 9110411111010126 627HR 732137212411199999999999999 119 761445 4499999999999999
 89 78 74 77 89107124137142140129110 87 65 49 40 41 51 65 82 9811011511126 628HR 81414322 311599999999999999 2 6 731524 4099999999999999
 99 84 73 70 78 94114132143147141125103 78 56 42 36 41 54 71 8910511511726 629HR 853147223811799999999999999 248 7016 0 3699999999999999
108 93 77 68 69 81100122139148149139119 93 68 48 36 35 45 60 79 9611111826 630HR 932150231111899999999999999 327 671635 3499999999999999
115102 85 70 64 70 86108129144151148133109 82 58 41 34 38 51 69 8710411526 7 1HR1011151234311899999999999999 4 3 6417 7 3499999999999999
118109 93 76 65 64 74 94116135148151143124 98 71 49 36 35 44 60 78 9611026 7 2HR1049151999999999999999999999 438 631738 3499999999999999
117114102 85 70 62 66 80101123139148147135113 86 61 43 36 40 53 71 8810426 7 3HR 014118112814999999999999999 513 6218 8 3699999999999999
114117109 94 78 66 63 70 87107126139145141125101 75 54 42 40 49 65 82 9826 7 4HR 04511712 814599999999999999 549 631838 3999999999999999
110116114103 87 73 65 65 75 92110125136139132114 91 68 52 45 48 61 77 9326 7 5HR 116117125013999999999999999 629 641910 4599999999999999
105114117111 99 84 72 65 67 77 93108121129131122105 85 66 55 52 59 73 8826 7 6HR 150117133813199999999999999 717 651944 5299999999999999
102112118118110 97 83 72 66 68 77 90103114121122114100 83 69 61 62 71 8426 7 7HR 228119143512399999999999999 816 662023 6199999999999999
 97109117122120112 99 85 72 66 66 72 82 94105112114109 98 85 75 70 72 8026 7 8HR 315122154611499999999999999 930 652110 7099999999999999
 92104115123127125117103 87 72 63 60 64 72 84 95104109108101 91 83 79 8026 7 9HR 4131271718109999999999999991056 602213 7899999999999999
 87 97109120129133132124108 89 71 58 52 53 61 73 87 99107110106 98 90 8426 710HR 5201341856110999999999999991220 512337 8399999999999999
 84 89 99112125136142142132114 91 69 52 42 42 50 64 80 96108115113104 9426 711HR 6281432016115999999999999991333 41999999999999999999999
 86 83 87 98114130143151152141119 92 66 44 32 31 41 57 77 9611212111910826 712HR 732153211812199999999999999 058 831435 3099999999999999
 94 83 78 82 96115135151161161148123 91 61 37 23 23 36 55 7710011812712226 713HR 83316222 712799999999999999 2 3 781530 2299999999999999
107 89 76 71 77 95118139157168168153123 88 55 30 17 20 36 58 8210712513126 714HR 931170225113199999999999999 258 711619 1799999999999999
121101 81 68 64 74 95120143161173171152119 82 49 25 16 23 42 66 9111513126 715HR1024174233113399999999999999 347 6417 4 1699999999999999
131116 93 73 60 60 73 96122144163173168145110 74 44 25 21 32 53 7710212326 716HR1113173999999999999999999999 433 581744 2099999999999999
134127108 84 65 56 59 75 99123143160167158132 99 67 42 29 32 47 69 9111326 717HR 0 8134115916799999999999999 517 551820 2899999999999999
129132120 99 77 61 55 62 79101121139152155142117 88 62 45 40 48 65 8610526 718HR 043133124215699999999999999 559 551852 3999999999999999
122131127112 91 73 61 59 68 84102118132140139125103 80 62 52 54 66 8410126 719HR 116131132314199999999999999 642 591920 5299999999999999
116127129121105 87 73 65 65 73 86100112122126122109 92 77 66 64 70 84 9926 720HR 14613014 512699999999999999 728 641946 6399999999999999
112122128126116102 87 76 70 71 77 86 95104110112108 99 88 79 74 76 85 9726 721HR 217128145311299999999999999 822 702012 7499999999999999
109119125127124114102 90 80 75 75 78 83 89 95100102100 95 89 85 84 87 9426 722HR 25212716 510299999999999999 937 742045 8399999999999999
104113121126127124116105 94 84 78 74 75 77 82 87 93 97 98 97 95 92 91 9326 723HR 34412818 2 98999999999999991128 742149 9199999999999999
 98106114122128129127119109 97 86 77 71 69 70 75 82 90 97102103101 97 9426 724HR 45412919511039999999999999913 3 692339 9499999999999999
 94 97104114123131134131124112 98 84 72 64 62 64 71 81 92102108109106 9926 725HR 6 413420461099999999999999914 1 62999999999999999999999
 93 90 93102114127136140137128114 96 79 65 57 55 60 71 84 9810911511410626 726HR 7 4140212311599999999999999 059 901443 5599999999999999
 95 87 84 89101117132142146141129111 90 70 56 49 51 60 74 9010511612011526 727HR 756146215412099999999999999 153 841519 4999999999999999
102 88 78 77 86103123139149151144127104 80 60 47 44 50 64 81 9911412312226 728HR 843151222312499999999999999 237 771551 4499999999999999
110 93 78 70 73 87109130146155154142120 94 68 50 41 42 54 72 9110912312726 729HR 926156225112799999999999999 315 701620 4099999999999999
119102 83 69 65 73 92116138152159154136109 80 56 41 38 46 63 8310312012926 730HR10 6159231813099999999999999 351 651648 3799999999999999
127112 91 72 61 62 76 99124144157159149125 95 67 47 37 41 55 76 9611512826 731HR1044160234513299999999999999 426 601714 3799999999999999
132121101 80 64 57 64 83107130148157155139111 81 56 41 39 50 69 9011012526 8 1HR1122158999999999999999999999 5 1 571741 3899999999999999
134129113 91 71 59 57 68 89113134148154146125 97 70 51 43 48 64 8510512226 8 2HR 012134115915499999999999999 538 5618 8 4399999999999999
133134124104 82 65 57 60 74 95116133144146134112 86 64 52 51 62 8110211826 8 3HR 039135123914699999999999999 617 561835 5099999999999999
130136131117 96 77 63 58 64 78 97115128136134121101 80 65 60 65 79 9811526 8 4HR 1 6136132113699999999999999 7 1 5819 3 6099999999999999
127135135127112 93 76 65 61 67 80 95109119124121111 95 81 72 71 80 9411026 8 5HR 135136141112499999999999999 752 611933 7199999999999999
123132136134125111 94 79 68 64 68 77 88 99107112111104 95 86 82 84 9310426 8 6HR 212136152011299999999999999 859 6420 9 8299999999999999
117126133136134127115 99 84 72 66 66 70 78 87 95102105104 99 95 92 9410026 8 7HR 3111361712105999999999999991033 6521 5 9299999999999999
108117125132137138134123107 90 75 64 59 60 66 75 86 96104108107103100 9826 8 8HR 4441381917108999999999999991220 5923 8 9899999999999999
 99104112122132141145143133116 96 75 59 50 49 55 66 81 9610811511511010126 8 9HR 6151452030116999999999999991340 48999999999999999999999
 95 92 95105119134146154154144124 98 72 52 40 38 47 63 8110011612512211126 810HR 731156211612599999999999999 059 921438 3899999999999999
 97 85 81 85 98117137153164165152127 95 65 42 31 32 45 65 8711012713312426 811HR 835166215413399999999999999 2 4 801524 2999999999999999
106 87 73 68 76 94118141160172172154123 88 57 34 25 32 50 74 9812213713726 812HR 930174223013999999999999999 255 6816 4 2599999999999999
121 97 75 61 58 70 94120144164176172149114 78 48 29 26 39 62 8711213414426 813HR101817723 314499999999999999 340 581641 2599999999999999
135112 85 63 51 53 70 96123146166174165137101 68 43 31 35 54 7910312614326 814HR11 1174233514699999999999999 422 501713 3099999999999999
144127100 74 55 47 54 75101125146162165150120 88 60 42 39 51 74 9811913826 815HR1141166999999999999999999999 5 2 471742 3899999999999999
146138116 89 66 52 49 61 82105125143153150131104 77 57 49 54 72 9411513226 816HR 0 4146121815499999999999999 541 4918 8 4999999999999999
143143128104 81 63 54 56 70 89107123135139131113 91 72 61 61 73 9311212826 817HR 029145125313999999999999999 618 531829 6099999999999999
139142135117 96 77 64 60 65 78 93106117124123114 99 84 73 70 77 9211012526 818HR 050142132712599999999999999 656 601848 7099999999999999
135139137126109 92 78 69 68 74 84 94102109112109102 92 84 80 83 9310612026 819HR 1 914014 411299999999999999 737 6819 5 8099999999999999
130135136130119106 92 82 77 76 80 85 91 95 99101100 96 92 89 90 9510311326 820HR 13313615 710199999999999999 834 761922 8999999999999999
122129132131126118107 97 89 83 81 81 82 84 87 91 94 96 97 97 97 9910210726 821HR 2181329999999999999999999991030 81999999999999999999999
113119124127128126120112103 94 87 81 77 75 76 80 86 93 9910310510510410326 822HR 35012820321059999999999999913 8 75231210399999999999999
103107112119126130130126119108 97 85 76 69 67 69 76 86 9610511111210910326 823HR 53413120461129999999999999914 0 67999999999999999999999
 97 95 98106117128135137133124110 94 79 67 60 60 66 77 9110411411811510626 824HR 64913721 811899999999999999 054 951434 5999999999999999
 95 87 85 91104120134142144139126107 86 69 57 53 57 68 8310011412312311326 825HR 746144213112499999999999999 145 8515 2 5399999999999999
 98 84 76 77 88106126141150150141122 98 75 57 48 48 59 75 9411112513012226 826HR 833151215413099999999999999 225 751527 4799999999999999
105 86 71 65 71 89112133149157153138112 85 62 46 42 50 67 8710712413413226 827HR 914157221813599999999999999 3 0 651551 4299999999999999
115 93 72 59 58 71 94120141156161152129 99 70 50 40 43 58 8010212213714026 828HR 953161224314099999999999999 335 571616 3999999999999999
127104 79 59 50 55 74101127148160160144115 84 58 42 40 51 73 9711813614526 829HR103116223 814599999999999999 410 501642 3999999999999999
139118 90 66 50 46 57 81109133151160154131100 71 51 42 47 66 9111413314626 830HR11 9160233414899999999999999 446 4617 8 4299999999999999
147131105 78 56 44 46 63 88114135150154142116 87 64 50 49 63 8611013014426 831HR1147155235914999999999999999 523 431734 4899999999999999
149142121 93 68 51 44 51 70 93116133144143127103 79 63 57 63 8210512614026 9 1HR1226145999999999999999999999 6 2 441759 5799999999999999
148147134111 86 65 51 48 58 75 95113126133128113 94 77 68 69 8110112013526 9 2HR 02414913 713399999999999999 645 481824 6799999999999999
144147141126105 84 66 56 55 64 78 93105115118114103 90 81 78 84 9711412826 9 3HR 050147135711899999999999999 735 551849 7899999999999999
138142142135122105 87 73 64 62 67 76 86 94101105104 99 93 89 90 9710711926 9 4HR 122143151510599999999999999 843 621917 8999999999999999
128134137137132124111 96 82 72 67 66 70 75 82 89 96100101100 9910010310926 9 5HR 2271371750101999999999999991034 6620 1 9999999999999999
115121126131135135131121107 91 77 66 60 60 64 72 82 9310210810910710410126 9 6HR 4391361947109999999999999991236 60233710199999999999999
101104109118128137142141132116 96 76 61 51 50 56 67 82 9811111811711010026 9 7HR 6221432023118999999999999991343 50999999999999999999999
 91 87 89 98112128142152152142121 96 71 52 42 43 53 70 8910812312812110626 9 8HR 735153205612899999999999999 112 871427 4199999999999999
 89 76 71 76 90111131149161161147120 89 62 43 35 41 58 7910212213513411926 9 9HR 832163212713799999999999999 2 4 7115 3 3599999999999999
 96 75 61 57 67 87112136155167164144112 79 52 36 34 48 70 9411713714413526 910HR 921168215814499999999999999 247 571536 3399999999999999
111 83 60 47 48 64 89116140159168160133 99 68 45 35 41 61 8711113314814726 911HR10 4168222815099999999999999 328 4616 7 3599999999999999
128 98 69 49 39 46 67 93119142159163148118 85 59 42 41 56 8010612814615326 912HR1043164225515399999999999999 4 6 391635 3999999999999999
142115 84 58 41 38 50 74 99122142155151131101 74 54 47 55 7610112414215226 913HR1119156232015399999999999999 443 3817 0 4799999999999999
149130101 72 51 40 43 59 82104124139144135113 88 67 56 58 73 9712013814926 914HR1153144233915199999999999999 518 401723 5599999999999999
151139115 88 65 49 45 53 70 90107122131130117 98 79 67 65 74 9311513314526 915HR1225132235514999999999999999 552 451743 6499999999999999
149142125102 79 62 53 54 64 80 95107116120115102 88 77 73 77 9111012813926 916HR1255120999999999999999999999 625 5218 2 7399999999999999
144142131113 94 77 65 61 65 74 86 95103107107102 94 86 81 82 9110512013226 917HR 011145132810899999999999999 7 0 611819 8199999999999999
138138132121106 91 79 72 70 74 80 86 92 96 98 97 95 92 89 89 9310211212226 918HR 0331391423 9899999999999999 746 701830 8899999999999999
128131130124116105 94 85 80 78 78 80 82 85 87 90 92 94 95 96 9810110611126 919HR 110131999999999999999999999 910 78999999999999999999999
116120122123121116109101 93 86 81 78 76 75 77 81 87 93 9810210310410310226 920HR 2431232034104999999999999991246 75225310299999999999999
103106111116121123121115107 98 88 79 72 68 67 71 79 89 99106110109104 9826 921HR 5 21232018110999999999999991335 67999999999999999999999
 93 92 96104114123128128122112 98 84 71 63 59 62 71 84 97108115116109 9826 922HR 626129203311799999999999999 043 9214 3 5999999999999999
 86 80 80 88102117129136135127111 92 74 61 53 54 63 77 9410912012411710226 923HR 725136205112499999999999999 129 791425 5399999999999999
 85 72 66 71 85104123137144141127105 82 62 50 47 54 70 8910812313112711226 924HR 812144211313199999999999999 2 5 661448 4799999999999999
 90 70 57 55 66 86111131145150142121 94 69 51 43 47 62 8310512413713812526 925HR 854150213713999999999999999 240 541512 4399999999999999
100 74 54 44 48 65 92118139152153138111 81 57 43 41 54 7610012213914713926 926HR 93515422 214799999999999999 315 431538 4099999999999999
115 85 58 40 35 45 69 98124144155150129 98 69 50 41 48 68 9411913815115126 927HR1015156222915399999999999999 351 3416 5 4199999999999999
132102 70 45 31 31 48 75104128147153142116 86 62 48 47 61 8711313515115726 928HR1054153225615799999999999999 429 291633 4599999999999999
147121 88 58 36 27 33 54 81107129144145129103 77 59 52 59 8010613014715626 929HR1134146232315799999999999999 5 8 2717 1 5299999999999999
155137108 77 51 34 29 39 61 85107125135131114 92 73 62 63 76 9912214015126 930HR1216135235115599999999999999 549 291728 6199999999999999
155147126 99 72 50 37 37 48 66 86103116122116102 86 74 71 77 931131311432610 1HR13 1122999999999999999999999 634 351754 7199999999999999
149148137118 95 73 56 46 46 55 69 82 95104107103 95 86 80 81 901051201322610 2HR 020149135810799999999999999 728 451821 8099999999999999
138141138129115 97 80 65 57 55 60 67 76 84 92 96 96 93 90 89 91 991081172610 3HR 1 01411532 9799999999999999 842 551851 8999999999999999
124128131131127118105 90 76 66 60 59 62 67 75 84 91 96 98 97 97 97 991022610 4HR 23113118 8 98999999999999991041 592016 9799999999999999
107111116122127129125114100 84 70 60 55 55 61 70 82 94103106105101 96 912610 5HR 4481291916107999999999999991225 54999999999999999999999
 89 91 97107118129135133123106 87 68 55 49 50 59 72 88103113116111100 872610 6HR 620135195011699999999999999 0 2 891320 4899999999999999
 77 73 75 86101118133141141129107 83 62 48 43 49 63 81100116126124111 922610 7HR 727143202112699999999999999 1 9 721357 4399999999999999
 73 60 56 63 79100120137147145128102 76 54 42 43 55 74 961161311361261042610 8HR 819148205113699999999999999 154 561429 4199999999999999
 79 58 45 44 57 78102124142150143121 92 66 47 40 48 67 901131311431401212610 9HR 9 5150212014499999999999999 234 431459 4099999999999999
 92 64 44 34 39 57 81106128144149135109 80 57 44 45 60 84108129144149137261010HR 945149214814999999999999999 312 341527 4299999999999999
109 78 51 34 29 40 62 87110130143141123 95 70 52 46 55 77103125142152147261011HR1023145221315299999999999999 348 291555 4699999999999999
126 95 64 41 29 30 46 69 93114131138130108 83 63 52 54 71 96120139150151261012HR1059138223515299999999999999 423 281621 5199999999999999
137111 80 54 36 30 38 56 78 98116128128115 94 74 60 57 68 89114134147151261013HR1132130225415199999999999999 457 301645 5799999999999999
143123 95 68 48 36 36 48 67 85102115121116102 84 70 63 68 83106126141147261014HR12 4121231214899999999999999 529 3517 9 6399999999999999
144130108 83 62 47 41 46 59 75 90102110110103 91 79 71 70 80 98117133141261015HR1235111233314299999999999999 6 1 411732 6999999999999999
142133117 97 76 60 50 50 57 68 80 91 98102100 93 85 78 76 80 92108122132261016HR1310102999999999999999999999 636 491754 7699999999999999
135132122107 90 75 63 58 59 65 73 81 87 91 93 92 88 84 82 83 89 99111120261017HR 0 013514 4 9399999999999999 717 571816 8299999999999999
125126122113102 89 78 69 65 66 69 73 77 81 84 87 89 89 88 88 90 94100106261018HR 0391261637 8999999999999999 819 651834 8899999999999999
112115116115110102 92 83 75 70 68 68 69 72 75 81 86 91 94 94 94 93 93 94261019HR 15711619 1 94999999999999991036 682140 9399999999999999
 97101105110112111106 97 88 79 71 66 63 64 67 74 83 91 98101100 96 90 85261020HR 4131121918101999999999999991224 63999999999999999999999
 83 84 90 99108114116111102 90 77 67 60 57 59 67 78 90101108109103 92 81261021HR 543116193710999999999999999 0 6 8313 2 5799999999999999
 72 69 73 83 97111120122117104 88 72 59 52 52 60 73 88103114118113100 82261022HR 648122195911899999999999999 057 691330 5199999999999999
 66 56 55 64 81100116127129120103 82 63 51 47 52 66 84103118128126112 90261023HR 742129202412999999999999999 136 541357 4799999999999999
 67 49 40 44 59 82104123134133120 97 73 55 45 45 58 78100120134138129105261024HR 830135205113999999999999999 214 401426 4399999999999999
 76 50 33 28 37 59 85110129139135116 89 65 48 42 50 70 95118136147144125261025HR 915139212114899999999999999 252 281457 4299999999999999
 93 61 35 20 19 35 61 89114133140131108 80 58 46 46 60 86112134149154143261026HR 959140215215599999999999999 332 181530 4499999999999999
115 80 47 23 12 17 37 64 92116133137123 98 73 55 48 54 75103127146157155261027HR1042138222515899999999999999 413 1116 3 4899999999999999
137104 68 38 17 10 19 41 68 93115129128112 89 68 55 54 67 91117138152158261028HR1127131225915899999999999999 457 101636 5399999999999999
150127 94 61 34 17 14 26 47 70 92111121116101 82 66 60 64 81104126142152261029HR1213121233515399999999999999 543 1317 8 5999999999999999
152141117 88 59 36 23 22 34 51 70 88103109104 92 78 68 67 75 92112128139261030HR13 3109999999999999999999999 632 211742 6699999999999999
145143131111 86 62 43 32 33 41 55 69 83 94 98 95 87 78 73 74 83 97111123261031HR 01714514 5 9899999999999999 729 311819 7399999999999999
130134132123108 88 68 52 43 42 47 55 66 77 86 92 91 87 82 79 80 86 951042611 1HR 1161341527 9299999999999999 840 411911 7999999999999999
111117122124119109 93 76 62 52 48 49 55 63 73 83 91 93 92 88 84 82 83 862611 2HR 25012417 2 93999999999999991011 482114 8299999999999999
 91 97105112118118112 99 83 68 56 50 49 54 63 74 87 96100 99 93 85 78 732611 3HR 4321191813100999999999999991135 492342 7299999999999999
 72 76 83 95107116120115103 86 70 56 49 49 55 67 82 96106110106 95 81 682611 4HR 55712019 0110999999999999991232 48999999999999999999999
 60 57 62 74 89104116122118104 85 67 54 47 50 61 77 93108118119109 92 722611 5HR 7 6122193612099999999999999 050 571312 4799999999999999
 55 45 44 53 68 87104118124118101 81 62 50 47 55 71 90108122129125108 842611 6HR 8 112420 912999999999999999 137 431346 4799999999999999
 60 42 33 35 49 68 88107121124115 95 73 56 47 50 64 841051221341361241002611 7HR 847125204013799999999999999 218 321418 4799999999999999
 72 47 31 25 32 50 71 92110122122108 86 66 51 48 57 761001201341421361172611 8HR 92912421 814299999999999999 256 251449 4799999999999999
 88 59 36 23 22 35 55 76 96114122117 99 77 59 49 52 68 911141321431431302611 9HR10 8122213414499999999999999 332 211519 4999999999999999
104 74 47 28 20 25 41 62 82101115118108 89 69 55 51 60 81105126140145138261110HR1044119215914599999999999999 4 7 191550 5199999999999999
119 90 62 38 24 21 31 49 69 89105114111 98 80 63 54 57 72 95117134143141261111HR1118114222314499999999999999 441 211619 5399999999999999
128105 77 51 33 24 27 40 58 77 93105108102 88 72 60 57 65 84106125137140261112HR1152109224814099999999999999 514 241648 5799999999999999
133116 91 66 45 32 28 36 50 66 81 94101100 92 79 67 60 63 75 94114128135261113HR1225102231713599999999999999 547 281717 6099999999999999
133122103 81 59 43 35 36 45 58 71 83 92 95 92 84 74 66 64 71 84101116125261114HR13 2 95235012899999999999999 622 341746 6499999999999999
128123111 93 74 56 44 40 44 53 63 74 82 87 88 86 79 73 68 70 77 89102113261115HR1350 89999999999999999999999 7 0 401818 6899999999999999
118119113102 87 71 57 48 47 50 58 66 73 79 83 85 83 79 75 73 75 80 89 98261116HR 03311915 0 8599999999999999 746 4619 4 7399999999999999
105109110106 97 84 71 59 53 51 54 59 65 71 77 82 85 85 82 79 76 76 78 83261117HR 1381101627 8699999999999999 847 512040 7699999999999999
 89 95101104102 96 85 73 62 56 53 55 59 65 72 80 86 91 91 88 82 76 71 70261118HR 3131041735 919999999999999910 6 532252 7099999999999999
 72 78 86 95101102 97 88 76 64 56 53 53 58 66 76 86 95100 99 92 81 70 61261119HR 4431021820100999999999999991119 52999999999999999999999
 57 59 68 80 92101105101 91 78 64 55 50 52 59 71 85 98107110106 93 75 59261120HR 6 1105185611099999999999999 0 8 571214 5099999999999999
 47 42 47 59 76 92104109106 94 78 62 52 48 52 64 81 98112120120109 89 65261121HR 7 9109193112299999999999999 1 1 421258 4899999999999999
 45 31 28 37 54 75 94108114110 95 76 59 49 47 55 73 93112126133128109 81261122HR 8 711520 713399999999999999 146 281340 4699999999999999
 52 30 17 16 29 51 75 96112119111 93 72 55 46 48 62 84107126139142130104261123HR 859119204514399999999999999 232 151421 4699999999999999
 71 40 17  5  8 25 50 75 98115120110 89 68 52 46 52 71 96120138149147129261124HR 949121212415099999999999999 318  415 2 4699999999999999
 97 61 30  7 -2  5 25 51 76100116118105 83 63 50 47 59 81108130146154147261125HR103711922 615499999999999999 4 5 -21542 4799999999999999
124 90 54 23  2 -4  6 27 52 77100114112 97 77 59 49 51 66 91116136149153261126HR1125115225015399999999999999 453 -41622 4899999999999999
143118 83 49 21  3 -1 11 31 55 78 98108104 89 71 56 50 56 73 97119136146261127HR1213109233714999999999999999 542 -117 2 5099999999999999
148135110 79 47 22  8  7 19 37 58 78 95102 96 82 66 55 53 61 79 99117130261128HR13 3102999999999999999999999 632  61744 5399999999999999
139138126103 75 48 27 16 17 28 44 61 78 91 95 89 77 65 57 57 65 80 96110261129HR 0301401355 9599999999999999 724 151831 5699999999999999
120127127117 97 74 51 34 26 28 37 50 64 78 88 91 86 76 66 60 60 66 77 88261130HR 1301281451 9199999999999999 818 261931 6099999999999999
 98108115116108 93 74 56 43 37 38 46 56 68 79 88 91 87 79 70 63 61 63 692612 1HR 2391161552 9199999999999999 916 3621 1 6199999999999999
 77 86 95103106101 90 75 61 50 45 46 52 62 73 84 92 95 91 83 73 64 58 562612 2HR 3561061655 95999999999999991016 442255 5699999999999999
 59 65 74 84 93 99 97 89 77 64 54 50 51 58 68 80 91 99102 97 88 74 62 522612 3HR 518 991754102999999999999991117 50999999999999999999999
 47 48 54 64 76 88 95 96 90 78 66 57 52 55 63 75 88100108109103 89 72 552612 4HR 638 96184211099999999999999 022 461210 5299999999999999
 43 37 38 46 59 73 86 95 97 90 78 65 56 53 57 69 84 99110117116105 87 652612 5HR 743 97192311899999999999999 119 361256 5399999999999999
 46 33 28 31 43 58 73 88 97 98 90 76 63 54 53 61 76 94109120124119103 802612 6HR 836 9920 012499999999999999 2 5 281338 5299999999999999
 56 37 24 21 29 43 60 77 92101 99 87 72 58 51 53 65 84104119128128118 972612 7HR 920101203412999999999999999 246 211418 5099999999999999
 71 46 27 17 19 30 47 65 83 97103 97 83 66 53 49 55 72 941131271321281122612 8HR10 010321 613399999999999999 323 171455 4899999999999999
 87 60 36 20 14 20 34 53 72 89101102 92 76 59 48 48 60 811041221321331232612 9HR1037103213813499999999999999 359 141531 4799999999999999
102 75 48 27 15 14 24 41 60 79 94102 98 85 67 52 46 51 68 91112127134130261210HR111210222 913499999999999999 434 1316 5 4699999999999999
115 91 63 38 21 13 18 31 49 68 85 96 99 91 76 59 48 46 57 77 99118129131261211HR1145 99224213299999999999999 5 7 131638 4599999999999999
123104 78 52 30 18 16 25 40 58 75 88 95 93 82 67 53 46 50 64 85106121128261212HR1217 95231612899999999999999 539 151710 4699999999999999
125113 92 66 43 26 18 22 34 49 65 79 89 91 86 74 60 50 48 56 72 91108119261213HR1249 91235312299999999999999 610 181742 4899999999999999
122116101 80 56 37 25 23 30 43 58 71 82 87 87 79 67 56 50 52 62 77 93106261214HR1324 88999999999999999999999 642 221818 5099999999999999
114114106 91 70 50 34 27 29 39 52 64 75 83 86 83 75 65 56 53 56 65 78 91261215HR 03411514 3 8699999999999999 716 2719 3 5399999999999999
101106105 97 82 64 47 36 33 37 47 59 70 78 84 86 82 74 65 58 54 57 64 74261216HR 1241061450 8699999999999999 754 3320 6 5499999999999999
 84 93 98 97 90 77 61 48 40 39 44 54 64 74 82 87 88 85 77 67 59 54 53 58261217HR 226 981546 8899999999999999 838 392132 5399999999999999
 66 75 84 90 91 86 76 63 52 45 45 50 59 69 79 87 93 94 90 81 69 57 49 46261218HR 342 911646 9499999999999999 933 4423 5 4699999999999999
 48 55 65 76 84 88 86 78 67 57 50 50 54 62 73 85 94101102 97 85 68 52 40261219HR 510 881744103999999999999991039 49999999999999999999999
 34 35 43 56 69 81 88 89 83 72 61 54 52 56 65 78 92104111112104 87 66 45261220HR 638 89183811399999999999999 021 341151 5299999999999999
 30 21 22 32 48 64 79 90 93 88 76 64 55 52 56 68 84101115123122111 88 62261221HR 753 94192912499999999999999 123 211257 5299999999999999
 37 18  8 11 23 42 62 80 94 99 92 78 64 53 49 55 71 91110125133131115 88261222HR 855 99202013499999999999999 219  81354 4999999999999999
 56 28  7 -3  1 17 38 61 83 98103 94 77 60 49 46 55 74 97118134142137117261223HR 949103211114299999999999999 312 -31445 4699999999999999
 86 51 20 -2-11 -4 14 38 63 86102104 92 73 54 43 42 55 78103125141148140261224HR103810522 314899999999999999 4 3-111533 4199999999999999
116 81 45 13 -8-14 -4 16 41 67 91104103 87 65 47 37 40 56 81107128143149261225HR1123106225414999999999999999 452-141619 3799999999999999
139112 76 39  9-10-12  1 23 48 73 94104 97 79 57 40 34 40 58 84108127141261226HR12 6104234414599999999999999 539-1317 3 3499999999999999
145132103 68 34  8 -6 -4 11 33 56 79 96101 90 70 50 36 33 42 61 84105123261227HR1247101999999999999999999999 622 -71748 3399999999999999
134135120 92 60 32 11  3  9 25 45 66 85 97 96 82 63 46 36 35 45 63 82 99261228HR 0331361327 9899999999999999 7 3  31834 3499999999999999
114122121105 81 54 32 18 16 25 41 58 75 89 95 90 77 60 46 38 39 48 62 77261229HR 12212314 6 9599999999999999 741 151925 3899999999999999
 90101107104 91 71 52 36 29 31 41 55 69 82 91 93 87 74 60 49 43 43 49 59261230HR 2121081447 9399999999999999 817 282027 4299999999999999
 69 79 87 92 89 79 65 51 42 40 45 55 67 78 88 94 93 87 76 63 53 46 45 47261231HR 3 8 921530 9499999999999999 849 402151 4499999999999999
