 47 80113140155158149132114100 94 97110129148159160146120 84 47 16 -2 -426 1 1HW 4421581531161999999999999991011 942238 -599999999999999
 11 42 82121150166168155135113 97 91 95110132153165164147117 78 37  4-1326 1 2HW 53516916251669999999999999911 7 902328-1599999999999999
-13  8 44 89130160174171154130106 90 85 93112137160171167147113 70 27 -526 1 3HW 6211741715171999999999999991154 85999999999999999999999
-19-14 12 53100140166176168147120 97 83 81 92115143165173166142105 60 1926 1 4HW 7 317618 317399999999999999 015-201238 8099999999999999
 -9-18 -7 23 67113149169172160135108 86 76 78 93119147166171160133 95 5126 1 5HW 743173184817199999999999999 058-181320 7599999999999999
 15 -6 -9  7 41 85125154167164147121 95 77 71 77 95122148163164149122 8426 1 6HW 820168193216599999999999999 139-1014 1 7199999999999999
 46 17  4  8 28 63102136156161153133107 84 71 68 77 9712314515515213711026 1 7HW 854161201515699999999999999 217  31441 6899999999999999
 77 46 26 21 30 52 85118142153152140118 94 75 66 67 78 9812113814413912426 1 8HW 92415421 014499999999999999 251 211524 6699999999999999
101 74 52 41 42 54 76104129145148143128106 84 70 64 67 78 9611512813112626 1 9HW 952148215113199999999999999 323 401610 6499999999999999
114 96 77 64 60 65 77 96118135143142133117 97 78 67 63 66 76 9210711712026 110HW102014423 212099999999999999 354 6017 4 6399999999999999
118110 98 86 79 79 85 95110126137140136126110 91 75 66 62 63 72 85 9810726 111HW1052140999999999999999999999 428 791813 6299999999999999
113115112105 98 95 95 99106118129136136132122106 89 74 64 59 59 65 77 9026 112HW 056115113613799999999999999 519 951932 5899999999999999
102111118119115110107105106111119128134135131121106 88 73 61 53 51 57 7026 113HW 243119124113599999999999999 7171052044 5199999999999999
 86102116126129126120114109107110118127134136133123106 87 69 54 44 42 5026 114HW 358129135713699999999999999 8561072143 4199999999999999
 66 86107125136139134124114106103106116128137141137125106 83 61 43 32 3226 115HW 44713915 214199999999999999 9591032231 3199999999999999
 44 66 92118137147147136122108 99 96103116132143147141126102 74 48 29 2126 116HW 5251481555147999999999999991046 962311 2099999999999999
 25 43 72104131149156149133114 98 90 91102120139152153143122 92 60 33 1626 117HW 5591561639154999999999999991124 892346 1199999999999999
 12 23 49 84119145159159146124102 87 82 88105128149160157141113 78 43 1726 118HW 6301611718160999999999999991158 82999999999999999999999
  5  8 28 61100135156164156137111 89 76 76 89111138158165156133 99 61 2726 119HW 659164175516599999999999999 017  41230 7599999999999999
  6  1 13 41 79119149163162147122 95 75 68 74 93120147165165149121 83 4426 120HW 727165183116799999999999999 046  113 1 6899999999999999
 15  2  6 26 60100136158164155133104 78 63 62 74 98128154166160138106 6826 121HW 75216419 916699999999999999 114  11333 6099999999999999
 32 11  7 20 46 82121150162159143116 86 63 53 59 76104134157162151126 9326 122HW 816163194916399999999999999 142  614 7 5399999999999999
 57 29 16 21 40 70105137157160149127 98 70 51 47 57 7810713515315413911426 123HW 841161203215699999999999999 211 161444 4799999999999999
 84 54 35 31 42 64 92123148158153137112 83 57 43 44 57 7910613114414212826 124HW 9 9158212114599999999999999 243 301527 4299999999999999
107 82 60 49 52 65 86111135151154144125100 72 50 39 42 54 7510012213213126 125HW 941154222213399999999999999 317 481617 3999999999999999
121106 88 74 69 74 86103122140149147135117 93 67 47 38 39 49 67 8910812026 126HW1019149235512399999999999999 358 691722 3799999999999999
123120111101 92 89 93101112126138144141131114 92 68 48 37 34 40 55 75 9526 127HW11 9144999999999999999999999 451 891849 3499999999999999
110120124123116110106106108114123133138138131117 96 72 50 34 26 28 40 6026 128HW 214124122513999999999999999 6391052022 2699999999999999
 83105123134136132124116110107109117127136140137124103 77 50 28 15 13 2526 129HW 35113714 514099999999999999 9 71072138 1299999999999999
 48 78107131146150144131117105 99100110124138147146134110 79 46 19  2  026 130HW 4511501527148999999999999991021 982238 -199999999999999
 15 44 80115143158160149130110 95 87 90105125144156156141113 76 39  8 -926 131HW 5361611629157999999999999991113 872327-1199999999999999
 -8 12 48 90128155167163145120 97 80 75 83103130153165163144111 69 28 -126 2 1HW 6141681722166999999999999991155 75999999999999999999999
-15 -8 20 61106142165170158134105 80 66 65 80107137161171164140102 58 1926 2 2HW 64817118 717199999999999999 010-151233 6499999999999999
 -6-12  3 37 81124155169166146116 86 64 55 60 81113145166171159131 90 4726 2 3HW 719170184917199999999999999 048-1213 8 5499999999999999
 14 -2  0 22 61104141163167155129 96 67 50 48 60 87121150166165148117 7726 2 4HW 746168192716899999999999999 122 -41340 4799999999999999
 40 17 10 21 49 88126153163158138108 76 53 43 47 65 9512715116015313310226 2 5HW 8 916420 416099999999999999 152 101412 4399999999999999
 67 40 27 30 48 77113142157157144119 88 60 44 41 51 7310213014714913911826 2 6HW 829159204015099999999999999 218 261442 4199999999999999
 90 64 47 45 55 75103131150154146127101 73 51 42 45 59 8110712813813512426 2 7HW 848155211713899999999999999 241 441513 4299999999999999
106 85 68 61 66 79 99122142150146132112 87 64 49 46 52 66 8510612112612226 2 8HW 9 915022 012699999999999999 3 3 611547 4699999999999999
113100 86 78 78 86 99115132143144135120101 80 62 53 53 59 70 8510111111426 2 9HW 93414523 611499999999999999 326 771630 5299999999999999
112108101 94 92 95103112123133139135126112 96 79 66 59 59 62 69 80 9110026 210HW10 7139999999999999999999999 354 921738 5899999999999999
105109110109106106108112116123129131128121111 98 84 72 64 60 59 62 70 8126 211HW 157110105613199999999999999 4371051951 5999999999999999
 92103112118120118116114113113117122125125122115104 90 76 64 55 49 50 5926 212HW 349120123212699999999999999 8221122121 4999999999999999
 74 91108122130131127119112106104108116124128129123111 94 75 57 43 35 3826 213HW 438132143612999999999999999 9491042216 3599999999999999
 51 72 96119135143139129115103 95 94101114128137139132116 92 67 44 27 2226 214HW 5111431545139999999999999991036 932257 2299999999999999
 29 50 79109134149151141123104 88 81 85 99118137148149137114 84 52 27 1326 215HW 5401521633150999999999999991111 812331 1199999999999999
 12 28 58 94127150159153135109 86 72 69 80101128149160156137106 69 35 1226 216HW 6 61591713160999999999999991143 69999999999999999999999
  3 12 37 75114146162163147120 90 67 56 61 79109140162168157130 93 53 2026 217HW 631165175016899999999999999 0 1  31213 5699999999999999
  3  3 22 56 98136160168157132 99 67 48 44 57 84120152171170151118 77 3826 218HW 654168182717399999999999999 029  11242 4499999999999999
 12  4 14 41 80122154168164144111 74 45 33 38 59 93131162174165141104 6326 219HW 71616919 517499999999999999 055  31313 3299999999999999
 30 13 15 34 67107143165168153124 87 52 28 24 37 65102140165169155128 9126 220HW 738169194417099999999999999 122 111345 2399999999999999
 55 31 24 35 60 94130157167159136103 66 34 18 21 40 7210914316115914211526 221HW 8 1167202516299999999999999 150 241420 1799999999999999
 83 56 41 44 60 86117145162161145118 84 50 25 16 24 46 7711113815014513026 222HW 828164211215099999999999999 220 401459 1699999999999999
107 83 64 59 67 85107132151158150131104 72 43 24 21 30 50 7710512613413126 223HW 85715822 913599999999999999 251 591545 2099999999999999
120105 89 80 80 90104120137149149138120 96 69 45 31 28 35 50 71 9311111926 224HW 931150234612199999999999999 326 791645 2899999999999999
120117110102 98100106114124134140138129115 96 74 54 40 34 35 44 59 78 9526 225HW1016140999999999999999999999 410 981821 3499999999999999
107116121121117114113113114118124129129126118104 86 66 49 37 31 33 45 6326 226HW 227122113813099999999999999 6331132016 3099999999999999
 83103120131134131125118110106106112119126129127117 99 76 53 34 21 20 3226 227HW 358134141112999999999999999 9261052136 1999999999999999
 53 80107130144147140127112 99 91 92101115129139140130109 81 51 25 10  926 228HW 4451471538141999999999999991025 902233  899999999999999
 25 53 87119144156154140119 98 81 74 79 95117138151153140113 78 43 15  126 3 1HW 52115716371549999999999999911 7 742318  199999999999999
  5 28 63102135157163153130103 78 62 59 71 95124149163162143110 70 33  826 3 2HW 5511631724164999999999999991142 582356 -199999999999999
 -1 11 41 82122152166163142112 80 56 45 49 70102136161171163138100 58 2526 3 3HW 61816718 5171999999999999991215 44999999999999999999999
  6  7 28 64107142164167153124 89 57 38 34 47 76114147168172157126 86 4826 3 4HW 642168184217399999999999999 029  41244 3399999999999999
 22 13 24 52 92131158167159135100 64 38 26 31 53 88127156169165144111 7326 3 5HW 7 3167191517099999999999999 057 131312 2699999999999999
 42 27 29 48 81119150164162144113 76 44 26 24 37 66103137159164153128 9526 3 6HW 721165194716499999999999999 122 261337 2399999999999999
 64 44 40 52 76108140159162149123 90 56 31 23 30 50 8111514315515213711226 3 7HW 738163201715699999999999999 144 4014 2 2399999999999999
 84 62 53 59 76101130152159151131103 71 43 28 29 41 64 9412214114513712126 3 8HW 757159204814599999999999999 2 4 531428 2799999999999999
100 79 68 69 80 98121142154151136113 86 59 40 33 40 55 7610112213213112326 3 9HW 819155212313399999999999999 225 661457 3399999999999999
110 95 82 79 86 99115132145148139121100 77 56 44 44 52 66 8310111412011826 310HW 84514822 912099999999999999 248 791532 4399999999999999
113105 97 92 94101112123133140138127111 93 76 61 54 55 61 69 81 9310310726 311HW 916140999999999999999999999 315 911621 5399999999999999
109109108105104106111117122128130127118107 95 81 70 63 62 62 65 72 82 9126 312HW 048109 95913099999999999999 35210418 9 6199999999999999
100108114117116115114113113114118121120117111102 91 79 69 61 56 54 59 7026 313HW 316117112312199999999999999 7511132045 5499999999999999
 85100114125129127121113106102102107114120123121113100 84 68 53 43 41 4826 314HW 4 512914 912399999999999999 9261012146 4199999999999999
 65 86109127139140131118104 92 86 89100114127134134124106 83 59 40 29 3026 315HW 4351401528135999999999999991010 862227 2899999999999999
 44 68 97124143151144127106 86 73 70 79 98120139149146131105 75 46 26 1826 316HW 5 21511619149999999999999991044 7023 2 1899999999999999
 26 48 81116143157156140114 85 63 52 56 75103132154162154132 99 63 33 1626 317HW 52615917 1162999999999999991115 522333 1399999999999999
 15 32 63102137160165153126 92 60 39 35 48 77113147168172157127 88 50 2326 318HW 5491651740173999999999999991145 35999999999999999999999
 14 22 48 86126157170164140104 65 34 19 24 47 85127161178174152117 76 4126 319HW 611170181917999999999999999 0 2 141215 1999999999999999
 21 21 39 71112148170171153120 78 39 13  7 21 53 96140171180170143105 6626 320HW 634173185718199999999999999 031 191247  699999999999999
 38 29 38 62 97135164173163136 97 54 18  0  3 25 62108148172175159130 9426 321HW 658173193717699999999999999 1 0 291321 -299999999999999
 62 44 44 60 87121152170168149116 75 35  6 -4  7 34 7211515016616314511926 322HW 724171201916799999999999999 129 421357 -499999999999999
 89 66 58 65 83109138160167156132 98 60 25  5  2 16 43 7911614215214713226 323HW 75316721 715299999999999999 2 0 581437  199999999999999
111 90 76 76 86103124145158156141117 86 54 26 12 14 27 51 8010912913513326 324HW 82515922 913699999999999999 232 741524 1199999999999999
123110 97 91 94103115129142148142128108 83 57 36 26 27 36 52 75 9711212026 325HW 9 1148999999999999999999999 3 9 911626 2599999999999999
123121115109106108112117125132134130120106 89 68 51 41 37 39 48 64 82 9826 326HW 0 6123 95013499999999999999 4 11061812 3799999999999999
111121126125121117114111110113118121121119113101 84 67 52 41 36 40 53 7126 327HW 220126114112299999999999999 75111020 6 3699999999999999
 91110126135136130121111101 95 96103112120125125116 99 78 58 40 30 32 4626 328HW 333136142712699999999999999 920 952121 2999999999999999
 68 94118137146143131115 98 83 77 80 93109125137139129109 83 56 35 24 2826 329HW 41414615421409999999999999910 8 762215 2399999999999999
 46 75105132150154144124100 78 62 59 68 89114136151152138112 81 51 29 2226 330HW 4461541635153999999999999991046 582256 2199999999999999
 31 57 90123148160155136108 78 55 42 46 64 93125150163159140108 73 44 2726 331HW 5131601719164999999999999991119 422332 2499999999999999
 26 44 76112143161163147119 85 54 34 29 41 69105139162170160134 98 64 4026 4 1HW 5361641756170999999999999991148 28999999999999999999999
 30 39 64100134158166157131 96 60 32 20 24 46 81121153170170153122 86 5726 4 2HW 557166183017299999999999999 0 2 301216 1999999999999999
 41 41 58 89125153166162142109 71 38 18 15 29 59 99137162171163140107 7526 4 3HW 61616719 117199999999999999 028 391241 1499999999999999
 54 48 58 82114145163165150122 85 49 22 12 19 42 77116148165164150124 9326 4 4HW 634166192916699999999999999 051 4813 5 1299999999999999
 69 58 62 79105135157165155132100 64 33 17 17 32 59 9512915215915213410926 4 5HW 654165195715999999999999999 113 581329 1599999999999999
 85 70 68 80 99124148161157139112 80 49 27 20 28 48 7610813514914813812026 4 6HW 717162202715099999999999999 134 671355 2099999999999999
 99 82 76 83 97116137153156144123 95 67 42 29 30 43 63 8811413313913512426 4 7HW 74215721 213999999999999999 158 761424 2899999999999999
110 96 87 88 97111127141150145130108 84 61 43 37 43 56 73 9311212412712326 4 8HW 811150214912799999999999999 225 861459 3799999999999999
117108 99 96 99108118129138141133118100 80 63 51 48 54 63 76 9110411311726 4 9HW 846141234511799999999999999 258 961546 4899999999999999
117116112107105108113118124130130123112 98 84 70 61 58 59 64 71 83 9510526 410HW 933131999999999999999999999 35010517 2 5899999999999999
113118121119115111110109110114119121118113104 93 80 69 62 59 58 63 74 8926 411HW 2 6121105612199999999999999 7 31091937 5899999999999999
103117127131128120111103 97 96101109117121121116105 90 74 62 53 50 55 7026 412HW 3 3131133112199999999999999 841 962054 5099999999999999
 89110128139140132117100 87 79 79 88103119130134129116 96 75 56 44 42 5226 413HW 33814115 013499999999999999 928 782142 4299999999999999
 72 98124142151145128105 82 64 57 63 80104128144150142124 97 70 49 37 3926 414HW 4 715115571509999999999999910 5 572222 3699999999999999
 55 83114141157158143116 84 57 40 37 51 78111141160164152126 94 63 42 3526 415HW 4331591643164999999999999991039 362258 3599999999999999
 44 67101134158167158132 96 59 30 17 23 46 83124157174173155124 88 57 4026 416HW 4591671726176999999999999991113 172332 3899999999999999
 40 56 86122154171169149114 72 32  7  1 15 48 93137170183176152117 81 5426 417HW 52517218 8183999999999999991147  0999999999999999999999
 44 51 74107142168176164134 93 47 10 -9 -7 16 56105149177184172144109 7626 418HW 553176185018499999999999999 0 5 441223-1199999999999999
 57 54 68 94127158175173152116 72 27 -4-16 -5 24 6711515517617716213410226 419HW 622177193317999999999999999 038 5313 1-1699999999999999
 76 65 69 86113143166174163136 99 55 16 -8-12  3 35 7712115316816515012526 420HW 654174201916999999999999999 112 651341-1399999999999999
 99 81 77 86103126151166166149122 85 47 14 -2 -1 16 45 8412014515415113826 421HW 728168211215599999999999999 148 771425 -499999999999999
119101 90 91100114133150158153136110 79 47 22 11 14 28 53 8511313214013926 422HW 8 6158222414199999999999999 227 891516 1099999999999999
132119107101102108118130142145139125105 80 55 36 27 29 38 57 8110412012926 423HW 851145999999999999999999999 3161011622 2799999999999999
133130122114109108109113120128131127119107 89 69 53 44 40 44 57 76 9511126 424HW 0 7133 95413199999999999999 51210818 0 4099999999999999
124133134128120113106101100105113118121120114101 85 69 56 48 47 55 72 9126 425HW 139134122512199999999999999 7351001938 4699999999999999
110127138140133121108 96 86 83 89 99111121127126115 99 81 63 51 47 55 7326 426HW 241140142112899999999999999 847 832049 4799999999999999
 95117136146145133116 96 78 67 66 75 92110128138139128109 86 66 51 49 5926 427HW 323147153214099999999999999 936 652143 4899999999999999
 80106130147153145127102 78 58 48 52 68 92117139151149135112 87 65 52 5326 428HW 3561531624152999999999999991015 482225 5199999999999999
 69 94122144157155139113 83 56 38 33 44 69100130152161155136109 82 63 5526 429HW 42315817 7161999999999999991048 3323 1 5599999999999999
 63 84112139157162151126 94 61 36 23 26 46 78114145163167155131102 77 6326 430HW 4481621744168999999999999991119 222332 6199999999999999
 62 77102132155165159139108 72 40 21 16 28 56 94131158170166148120 93 7326 5 1HW 5101651817171999999999999991147 162359 6699999999999999
 66 74 94122149164165150123 87 51 25 13 18 38 72112145166170159137109 8526 5 2HW 5321671847170999999999999991213 13999999999999999999999
 73 74 88112139160167158135103 67 35 16 14 27 54 91128155167164148124 9826 5 3HW 555167191616799999999999999 024 721239 1399999999999999
 81 77 86104128152165162145118 84 50 25 16 22 41 7210813915816115313511226 5 4HW 620166194616299999999999999 048 7713 5 1699999999999999
 92 83 86 99118140158163152129100 68 39 23 22 34 57 8711914315315214112426 5 5HW 647163201815499999999999999 113 831334 2099999999999999
104 91 89 96111129147158155138114 86 57 35 27 32 47 70 9812414114514113126 5 6HW 718158205714599999999999999 142 8814 6 2799999999999999
116102 95 97106119134148152144125102 77 53 38 35 43 59 7910312313513713326 5 7HW 752152214813799999999999999 216 941443 3499999999999999
125114104100104111122134143143133115 95 74 55 44 44 53 66 8310311912813126 5 8HW 83214423 913199999999999999 2591001528 4399999999999999
130125116107104106111118127134133124111 94 77 62 53 53 59 69 8410111612626 5 9HW 925135999999999999999999999 4 51041629 5299999999999999
131132128118109103101103108117124126122113100 85 71 62 60 62 69 8310011626 510HW 043132104512699999999999999 6 410118 0 6099999999999999
128136137131119106 95 89 88 94105117124125121111 97 81 70 63 63 69 8310226 511HW 143138124612599999999999999 738 881938 6299999999999999
121136144143133115 95 80 71 70 79 95113128135134125108 90 74 64 62 70 8726 512HW 226145142513699999999999999 834 692044 6299999999999999
110132147153147129104 78 59 49 51 66 90116137149150138118 95 76 64 63 7426 513HW 3 1153153215199999999999999 920 482136 6299999999999999
 95122145159160147120 88 57 35 27 34 57 90124150164163148124 97 76 65 6726 514HW 33416216261669999999999999910 1 272221 6499999999999999
 82108136159169163141107 68 33 12  8 23 54 95135164177173153125 96 75 6726 515HW 4 71691714177999999999999991042  823 2 6799999999999999
 74 94122151171175160130 90 47 12 -6 -3 19 57104146175184176153122 94 7626 516HW 44217518 1184999999999999991123 -72343 7299999999999999
 73 84107137164178175153117 73 29 -3-16 -7 21 65114155180185173148117 9226 517HW 51817918471859999999999999912 5-16999999999999999999999
 79 80 95120149172180169143104 58 16-11-17 -3 29 7412215917817916514011226 518HW 555180193418199999999999999 023 781249-1899999999999999
 92 84 90106130157174176160131 92 48 11-10-11  6 40 8312615717117015613326 519HW 635177202417299999999999999 1 3 841334-1399999999999999
109 94 91 98114136158170167149121 83 44 14 -1  1 19 51 9012715116115914726 520HW 717171212016299999999999999 147 911422 -299999999999999
127109 98 97104117136153160155138113 80 48 24 14 17 33 61 9512414315115026 521HW 8 3160222415299999999999999 238 971514 1399999999999999
140125110102100104115130143147142130109 83 57 39 31 34 47 70 9712113614526 522HW 857147233514699999999999999 3461001615 3199999999999999
145137124111103 99 99107119129134132125110 90 70 56 49 49 58 77 9911913326 523HW1013134999999999999999999999 524 981729 4899999999999999
142144137123110 99 92 89 94105116123127125116101 85 72 64 61 68 8310212026 524HW 041144121612799999999999999 652 891850 6199999999999999
135144145136121105 91 80 75 80 92105117127131126114 99 86 75 71 76 9010826 525HW 135146135813199999999999999 8 0 7520 1 7199999999999999
126141148146134116 96 78 65 60 67 82100118133140137125110 95 82 78 83 9826 526HW 219149151214099999999999999 853 6021 0 7899999999999999
117135148153146129106 82 62 49 48 59 79102125142150146133115 98 86 83 9126 527HW 25615316 815099999999999999 938 472148 8399999999999999
108128146156155143120 93 67 46 36 40 56 82111137154159151135115 98 88 8826 528HW 3281571653159999999999999991016 362228 8699999999999999
100119140156161154135108 77 51 33 28 38 61 93124149163164151131110 95 8926 529HW 3581611732165999999999999991051 2823 4 8999999999999999
 94110132152163163149124 92 61 37 24 26 43 72107139160169164147124104 9226 530HW 42616518 6169999999999999991123 232335 9099999999999999
 91102121144161167159140110 76 46 26 21 29 53 87123151167169158138115 9826 531HW 4561671839170999999999999991154 20999999999999999999999
 92 96111132154167166152127 94 61 34 21 23 38 6710313716016916514912710726 6 1HW 526168191116999999999999999 0 5 921224 2099999999999999
 95 94103121143161168160141112 79 47 27 21 29 50 8211714616216515713911826 6 2HW 557168194416699999999999999 034 931254 2199999999999999
101 95 99111130151165165151127 97 65 38 24 25 39 64 9612915116115914813026 6 3HW 630167201816199999999999999 1 5 941324 2399999999999999
111 98 97104118137155163157139114 84 54 33 27 34 51 7710813615215615213926 6 4HW 7 5163205615699999999999999 138 961357 2799999999999999
122106 98100109123141155158148128102 74 49 34 34 45 64 8911713915115214526 6 5HW 744159213815299999999999999 217 981432 3299999999999999
133117103 98101110124140151150138118 95 70 50 41 44 56 75 9912314114914826 6 6HW 828152222514999999999999999 3 3 981512 4199999999999999
141128112100 96 99107120135144142131114 93 72 56 51 56 68 8510712814214826 6 7HW 921144231614899999999999999 4 1 961558 5199999999999999
147139124107 95 90 91 99112127136136128115 98 80 68 64 68 78 9411413214526 6 8HW1030137999999999999999999999 513 901656 6499999999999999
150147137120101 86 79 79 87101117130134131122108 93 81 76 78 8610111913726 6 9HW 0 915012 513499999999999999 630 781811 7699999999999999
149153149135114 92 74 64 63 71 89109127137140134122107 94 86 86 9210612526 610HW 1 0153135014099999999999999 737 621936 8599999999999999
143155158151133107 80 58 46 45 56 78104128145152149136119103 93 90 9711226 611HW 148159151015299999999999999 835 442048 9099999999999999
132151163164153129 98 66 41 27 27 42 70103134156165162148128109 96 9310026 612HW 236165161416699999999999999 929 252148 9399999999999999
117139159171169153124 88 51 24 10 13 33 67106142167177172155131110 97 9526 613HW 32217217 9177999999999999991019  92241 9499999999999999
104123147168178172151118 77 37  9 -3  4 29 68113151176184176156130108 9626 614HW 4 917817591849999999999999911 8 -42330 9499999999999999
 96108130155175182173148110 66 25 -2-11  0 31 7412115918118617515212610526 615HW 4551821847186999999999999991157-11999999999999999999999
 95 97112136162180183170142102 57 17 -7-11  4 38 8312916418218316914511926 616HW 542184193418499999999999999 017 941244-1299999999999999
101 94 99115140165181180165135 94 50 15 -5 -5 14 50 9413616517817616113626 617HW 629183202117999999999999999 1 4 941331 -799999999999999
113 97 93100117142165177173156126 87 48 18  5  8 29 6410614116417216815126 618HW 71717721 817299999999999999 152 931417  499999999999999
128107 95 92100117140160168163146119 84 50 28 20 26 47 8011614416116515926 619HW 8 7168215516599999999999999 244 9215 3 2099999999999999
142120102 92 90 98114134151157152137114 85 59 43 39 47 67 9512414615715926 620HW 9 2157224115999999999999999 341 901550 3999999999999999
151133113 97 88 86 93108126139144142131113 91 72 62 60 68 8510813114715426 621HW10 9144232715599999999999999 445 861641 6099999999999999
154144127107 93 83 81 86 99115127134135129116101 88 81 80 8610011913614726 622HW1141135999999999999999999999 554 811741 7999999999999999
152150139121102 87 77 73 77 90105118128133132124113103 97 95 9911112614026 623HW 013153132013499999999999999 7 1 731853 9599999999999999
149152148135116 97 81 69 64 69 82 9811412813713913412511610910510811813226 624HW 058152144513999999999999999 8 2 6420 510599999999999999
144152153147131111 91 73 60 56 62 76 9511513314514814313312311411011312326 625HW 144153155114899999999999999 858 5621 711099999999999999
136148155155146128106 83 64 51 48 57 75 9812214215415614913712411511111526 626HW 229156164215799999999999999 947 48215911199999999999999
127141154160157145124 98 74 54 43 43 55 7910613315316316215113512111110926 627HW 3131601723164999999999999991030 41224310999999999999999
117131148160164158142117 89 62 44 35 40 59 8711814516316916314812911410726 628HW 35516417591699999999999999911 9 35232110699999999999999
108119137155166167157136107 76 50 34 31 42 66 9913215717117116014112110726 629HW 4341681833173999999999999991145 30235610399999999999999
103109124144163171168152126 94 62 38 27 30 48 7811414616617416915313111126 630HW 51217219 5174999999999999991218 27999999999999999999999
101101111130152169173164143113 79 48 30 25 35 59 9312915717217316314212026 7 1HW 548174193717499999999999999 0291001248 2599999999999999
103 97102116138160173172157131 98 64 38 25 28 45 7411014316517316815313026 7 2HW 62417420 717399999999999999 1 2 971317 2599999999999999
109 96 95104122145165173166146117 84 52 32 28 38 60 9212615416917016014126 7 3HW 7 1173203617199999999999999 136 941346 2899999999999999
118 99 91 94107127150167169157134104 73 47 34 37 53 7810914016116916415026 7 4HW 74017021 516999999999999999 211 911417 3499999999999999
129106 91 87 93108129151164162147124 96 68 49 44 52 71 9612615116516615726 7 5HW 823165213516799999999999999 251 861450 4399999999999999
140117 96 83 82 90107128148158154139118 93 71 58 59 70 8911313815716516226 7 6HW 91215822 916599999999999999 335 811526 5799999999999999
149130107 87 76 76 85102123141150146135117 98 81 73 77 8810512614716116426 7 7HW1012150224816499999999999999 428 751610 7399999999999999
157143122 98 79 68 68 77 93114132142142136124109 96 91 9410311713415116126 7 8HW1132143233716399999999999999 530 6717 5 9199999999999999
163155139117 92 72 60 58 66 8210312313714314213512311310710711312313815326 7 9HW1322143999999999999999999999 643 58182610699999999999999
162163155139115 88 66 51 46 52 68 9111613614815314913812711811511712513926 710HW 03716415 115399999999999999 758 4620 911599999999999999
153164166159141115 85 59 40 32 37 55 8211213915716516215113612411611612426 711HW 145166161316599999999999999 9 8 32213311599999999999999
138155168172164145116 82 50 27 18 23 44 7711314616817717215813912311311226 712HW 25217217101779999999999999910 9 18223611199999999999999
121138158174179170149115 77 41 16  6 14 40 7812015517818517715913611610626 713HW 35417917591859999999999999911 4  6232910499999999999999
106118139163180185175150112 70 31  6 -1 11 42 8513016518518917615312710726 714HW 4501851842189999999999999991153 -2999999999999999999999
 97100116141168186189176147106 61 24  1 -2 16 52 9814217318918716914211526 715HW 542190192319099999999999999 016 971239 -399999999999999
 96 90 96116145172188189173141 98 54 21  4  7 30 6911415417918717915712826 716HW 63119120 018799999999999999 1 0 901322  399999999999999
102 87 84 94118147173186183164132 90 51 24 15 24 50 9013116318018116814326 717HW 718187203518299999999999999 143 8314 1 1599999999999999
114 91 79 80 94119148171179173153122 85 53 36 33 47 7511114616817717215426 718HW 8 517921 717799999999999999 225 781438 3299999999999999
127101 82 75 79 95120146164168161142114 85 62 53 57 72 9913015516917016026 719HW 852168213517199999999999999 3 8 751513 5399999999999999
140114 91 77 73 79 95119141154156149133111 90 77 74 81 9712014416016516126 720HW 94415622 216599999999999999 353 731545 7499999999999999
149128104 85 75 73 80 95115132142144140129114101 95 9610311613415116016026 721HW1049144223116199999999999999 443 731619 9499999999999999
153139120 99 84 76 74 80 9310912313213613613012111411211311912914215315726 722HW122713723 915799999999999999 543 7417 211299999999999999
155147134116 98 84 77 74 77 8810211512613413813713212712512512713414315126 723HW1414138999999999999999999999 659 74183712599999999999999
154152145133116 99 85 76 71 72 82 9611112513714514614213713212912913414226 724HW 0 5154153914699999999999999 817 70203212899999999999999
149153153147135118100 84 71 64 65 75 9211113014515415514914113212612513026 725HW 125153163415699999999999999 923 63214212599999999999999
140149156157151138118 97 78 63 55 58 71 9311714015716416215213912711911926 726HW 2411571713164999999999999991016 55223211899999999999999
127140153162163155139116 90 67 51 45 52 7210012915316817216414813111711126 727HW 3401631747172999999999999991059 45231211199999999999999
114126143160169169158136107 78 54 39 38 52 7911214416617717416013911910626 728HW 4271711818178999999999999991135 37234710399999999999999
103111129151169177172155127 94 62 40 31 37 59 9212915917718117115012510526 729HW 5 817718461829999999999999912 7 31999999999999999999999
 96 98112136161178181171147114 77 47 30 29 44 7311114817318417916113510926 730HW 544182191218499999999999999 019 951235 2799999999999999
 92 88 97117145171184181164134 97 61 36 28 35 58 9313216418218317014611726 731HW 620185193618499999999999999 049 8813 1 2899999999999999
 93 81 83 99125155178185176153119 82 50 34 34 50 7911615217618417615612826 8 1HW 656186195818499999999999999 119 801327 3299999999999999
 98 78 73 82103132162181182167140106 72 48 41 50 7210313916718117916413926 8 2HW 733184202118299999999999999 150 731354 4199999999999999
109 82 68 69 83108138165178174155128 97 69 54 56 71 9612615617618017015026 8 3HW 814179204618199999999999999 225 661423 5399999999999999
122 92 70 61 67 85111140163171163145121 95 75 69 77 9411814416717717415926 8 4HW 859171211517899999999999999 3 3 611455 6999999999999999
136108 81 63 59 67 85110136155160153139120101 89 88 9811413415517017416626 8 5HW 953160214917499999999999999 348 581532 8799999999999999
149126100 75 61 58 66 8210412714314914613812511310610811612914315816816826 8 6HW11 7149223316999999999999999 443 57161710699999999999999
159144123 98 76 61 57 61 74 9311413114014414313712912412412813414415516226 8 7HW1314144233716499999999999999 559 57172912399999999999999
163157144125102 79 63 54 53 61 7810012113714815315114413713313113213914926 8 8HW15 9153999999999999999999999 736 5220 713199999999999999
157162160151133109 84 62 46 41 46 64 8911614015816616415514413312512413026 8 9HW 114162161916699999999999999 9 1 41214212499999999999999
142155165168161143116 85 57 36 27 33 54 8511914917017817416014112511411226 810HW 24816817 81789999999999999910 7 27224111299999999999999
121138157173178171151119 82 48 24 16 25 51 8912916218218717615513111110026 811HW 35917817481879999999999999911 0 162327 9899999999999999
101114138163182188179154117 75 39 15 10 25 59102144175191189171143115 9426 812HW 4561891823192999999999999991146 10999999999999999999999
 85 91112141171191195182152110 66 31 12 14 36 75121161186194183158125 9626 813HW 545196185519499999999999999 0 7 851226 1099999999999999
 78 74 87113148178196196178144100 58 29 18 28 56 9914217519118917013910526 814HW 630198192419299999999999999 045 7413 3 1899999999999999
 79 66 69 87119155183195190168132 90 55 35 33 50 8312416018318817715211826 815HW 712195194918999999999999999 120 651336 3299999999999999
 86 66 60 69 92126160182188178154120 84 59 49 56 7711014617318417916113226 816HW 752188201118499999999999999 154 5914 5 4999999999999999
 99 72 59 60 74100133161176177164140111 85 70 70 8210513516217717816514326 817HW 831178203117999999999999999 227 581431 6899999999999999
114 85 66 59 65 82108136157166162150130108 92 87 9310712815116917416715126 818HW 911166205217499999999999999 259 591454 8799999999999999
128101 79 66 65 74 9011313514915314913912511110410611412714315916816615526 819HW 957153211716899999999999999 334 65151710399999999999999
138117 96 79 72 74 82 9511212813814013913412712011812212913915015916215626 820HW11 8140214816299999999999999 416 72154411899999999999999
145131114 97 85 81 81 85 9410711912713213613613413113113413714214815315426 821HW1340136223515499999999999999 522 80162613199999999999999
149141131117103 93 87 83 83 88 9810912013013914414414214013813613714114626 822HW1529144999999999999999999999 732 83201313699999999999999
148147143136124110 98 87 79 75 78 8910412013614915515414814113412912813326 823HW 010148161915599999999999999 9 3 75213412899999999999999
141147151151144131114 97 80 68 63 68 8310512714816116516014813512311711826 824HW 22515216521659999999999999910 0 63222011699999999999999
127140152160161152135112 88 68 54 52 63 8511414116317417215914012210810426 825HW 3341611721174999999999999991041 51225610499999999999999
110126145162171170156132103 74 52 42 46 65 96130159177181171150125104 9326 826HW 4211721747182999999999999991115 412327 9199999999999999
 93107130156175182175154123 88 58 39 36 48 77114150176187182162133105 8526 827HW 5 01821811187999999999999991144 352356 7999999999999999
 79 88110140169186188174146109 72 45 33 39 61 97137170188189173144111 8326 828HW 5361891833190999999999999991211 33999999999999999999999
 69 70 87118153181194188167132 93 58 39 37 52 82122160185192181156122 8726 829HW 611194185319299999999999999 024 671236 3599999999999999
 63 57 67 93129165190196183155118 80 52 42 50 73108147177191187166134 9726 830HW 647196191419299999999999999 053 5713 2 4299999999999999
 65 49 51 70102140174193191172141105 73 55 55 71 9913416718718917514711226 831HW 724194193619199999999999999 123 481328 5399999999999999
 76 50 42 52 76111148177188180159129 98 75 67 76 9612415417918818015812826 9 1HW 8 318820 118899999999999999 156 421356 6799999999999999
 93 61 43 42 57 83117150172177167147122 99 85 86 9911914316718218216714326 9 2HW 847177203018499999999999999 232 401427 8399999999999999
113 81 55 43 47 63 8711714416116315413912210710110611913615417017717115526 9 3HW 93916321 417799999999999999 315 4315 110199999999999999
132106 79 58 50 53 66 8611013214514914613812912011912413314315516416716026 9 4HW1056149214716799999999999999 410 50154311899999999999999
147129107 85 67 58 58 65 79 9811713113914414414013613413513714114815415726 9 5HW1333145225615799999999999999 531 5717 213499999999999999
154146134116 96 78 65 58 58 66 8310212113714915515414814213713213113514326 9 6HW1517155999999999999999999999 731 57204113199999999999999
149153152145129108 86 66 52 46 53 70 9412014316116816515514112811811612126 9 7HW 121153161116899999999999999 9 0 46215011599999999999999
134147159164159143118 89 62 43 35 42 64 95128156174178170152131112100 9926 9 8HW 3 416416491799999999999999910 1 352235 9899999999999999
110129151169177172152121 86 54 33 27 40 69106143171185183166140113 91 8126 9 9HW 4 81771721187999999999999991049 272314 8099999999999999
 85104132160181189180155118 79 46 27 27 48 83125161185191179153120 90 7026 910HW 4591891750191999999999999991130 252348 6599999999999999
 65 77104139172192196182150109 70 41 29 38 65106147178192188166132 96 6826 911HW 54319718161939999999999999912 5 29999999999999999999999
 53 56 77112151182198196175140 98 63 42 40 57 91132167188191176146108 7326 912HW 623200183919299999999999999 021 521237 3999999999999999
 50 44 56 84123162189198189163126 89 62 52 59 83118155181190181157122 8526 913HW 7 0198185919099999999999999 051 4413 5 5299999999999999
 55 41 44 64 97136170189190175148114 85 69 69 8311014317218618316513610026 914HW 734191191818799999999999999 119 401330 6799999999999999
 67 46 42 53 77111147172182177159133106 87 82 9010813416117918116914611526 915HW 8 7182193818299999999999999 146 411351 8299999999999999
 83 58 47 50 66 92123151167169161144123104 95 9911112915117017717015212826 916HW 84017020 017799999999999999 213 461412 9599999999999999
100 75 58 55 64 8110312914815615514613411910910811612814315916916815613726 917HW 916157202617099999999999999 243 55143510899999999999999
116 93 75 66 68 77 9110912713914314213713012311912213013914815716115614426 918HW10 7143205716199999999999999 318 6515 211999999999999999
128111 95 82 77 79 86 9410611912713213413513413113013313714014515015114626 919HW1257135214015199999999999999 4 7 77154213099999999999999
137126114102 92 87 86 87 90 9810811812613414114214113913713513413513914126 920HW145514223 914199999999999999 611 8620 013499999999999999
140137131123112101 92 85 80 80 87 9911412914215115314914113312612112312926 921HW1543153999999999999999999999 830 79211412199999999999999
136141144142134120105 90 77 69 69 79 9711813915616316115013512111010611126 922HW 2 8144161316499999999999999 929 67215510699999999999999
123138149156154143124102 81 64 56 61 78104131155170172162142120101 91 9226 923HW 31915616391739999999999999910 9 562227 9099999999999999
104124146162169164147121 93 68 52 49 61 86119150172181174153125 98 79 7326 924HW 4 616917 3181999999999999991043 482257 7399999999999999
 81103132160177181170145113 80 55 44 49 70104140170185184166136101 73 5826 925HW 4461821725187999999999999991113 442325 5699999999999999
 59 77109145175190188170138100 68 48 45 59 88127162186191178149111 74 4926 926HW 5231921747191999999999999991141 442354 4199999999999999
 41 53 81120160189198189163126 88 60 48 55 78112151181194187163126 84 4926 927HW 55919818 81949999999999999912 8 48999999999999999999999
 31 33 54 90134174197199182152114 80 60 58 73101137171192192174142100 5926 928HW 636201183119499999999999999 024 291235 5799999999999999
 30 21 32 61102147181197192171139105 78 68 75 96125158184193183156120 7826 929HW 714198185719399999999999999 056 2113 4 6899999999999999
 42 21 20 39 71113154181189179158129101 84 83 9611814517118718616813810226 930HW 754189192518999999999999999 131 181334 8199999999999999
 64 34 21 27 49 81119153173175165146123104 961011151351571751821731521242610 1HW 840176195718299999999999999 210 2114 6 9699999999999999
 91 59 37 30 38 58 861181441581591521391241131111181301441591701701591402610 2HW 936160203317299999999999999 254 30144311099999999999999
116 89 64 47 43 49 64 851101301421461451401311251251291351431521581571482610 3HW1114146212115899999999999999 351 43153312499999999999999
134117 96 76 61 55 56 64 78 981161301391451461421371341321311331381431442610 4HW1335146225014599999999999999 522 55185813199999999999999
142136125109 91 75 64 58 59 69 861061251411521561521441341251181161211292610 5HW1454156999999999999999999999 724 57204311699999999999999
137143145139125106 85 67 54 51 60 80104129150163165157142125109 98 971062610 6HW 147145154016699999999999999 846 512137 9699999999999999
121137151158154139115 89 65 49 46 57 81111141163174170154131107 87 77 802610 7HW 311158161417499999999999999 943 452217 7699999999999999
 96119144163172167147118 87 60 45 45 63 93127157176180168143112 84 64 582610 8HW 4 91731644181999999999999991029 432252 5899999999999999
 69 93125156177184174149115 81 56 45 53 77112147173185179156123 88 60 442610 9HW 45518417 91859999999999999911 7 452324 4399999999999999
 46 66 99137169188190174143107 75 55 52 68 98135166184185168137 98 63 40261010HW 5361911732187999999999999991140 512354 3299999999999999
 32 44 72112152181194189166132 98 72 61 67 89122157180187176150113 74 43261011HW 61319417531879999999999999912 9 60999999999999999999999
 28 30 51 86128165187192180153120 90 73 72 86113145173186181160128 89 54261012HW 646193181318699999999999999 022 271235 7199999999999999
 31 26 38 65104144173186183166138109 88 81 88107135163181182167140106 70261013HW 717187183418399999999999999 048 261258 8199999999999999
 42 30 34 53 83121154174178169150125102 91 93106127151172179171150120 88261014HW 747179185717999999999999999 113 291319 9099999999999999
 58 39 36 48 70100132157168165154136116102100108122141161173171156132104261015HW 818168192317499999999999999 140 361343 9999999999999999
 76 54 45 49 64 85111136152156151141127114108111121134149161166158140118261016HW 853156195216699999999999999 2 9 45141010899999999999999
 95 73 58 56 63 77 95115133142144140134126118116121129139148155155145129261017HW 941144202615699999999999999 244 55144411699999999999999
111 93 77 68 68 74 84 97112125132135136134130125125127131135141145143135261018HW1154136211314599999999999999 329 66153912499999999999999
123111 97 85 78 77 79 84 93105116126133138140137132128126124125129133134261019HW1349140223813499999999999999 442 77191512499999999999999
131125117106 95 86 81 78 79 86 98112126138147148143134124116111111116124261020HW1443149999999999999999999999 721 78203111099999999999999
131134134128117103 90 79 72 72 80 96115134149157155144128112 99 92 95106261021HW 125134151715899999999999999 835 712114 9299999999999999
121135144147141126107 89 73 65 66 79101126148163166157137113 91 76 73 81261022HW 249147154516799999999999999 923 642148 7299999999999999
101124145159161151132107 83 66 59 66 85113142164174169150121 90 66 53 56261023HW 34316216111749999999999999910 2 592221 5299999999999999
 73102134160174173158132102 76 61 59 73 99132161178180164135 98 63 40 33261024HW 4271761635181999999999999991036 582252 3399999999999999
 45 72110148176187181159127 94 70 60 65 86118152177187178151113 71 37 19261025HW 5 818717 01879999999999999911 9 602325 1799999999999999
 20 41 78123163189194182154120 88 68 65 78105139170188187168133 89 46 16261026HW 5471951727190999999999999991140 64999999999999999999999
  5 16 45 89137175195194176146111 84 72 76 95125157183192180152112 67 27261027HW 627197175619299999999999999 0 0  51213 7199999999999999
  3  1 19 54101147180193186166136105 85 81 91113142170188187168135 94 50261028HW 7 9193182719099999999999999 036 -11245 8099999999999999
 16  0  5 28 65110151177184174154127104 91 93107128154175185176153120 80261029HW 75318419 218599999999999999 115  01320 9099999999999999
 42 15  6 16 39 75115148167170161144123107101106119137157172174162139109261030HW 843171193917599999999999999 158  6135810199999999999999
 75 43 23 19 29 50 80114140154156151139124114111116125138152162160149130261031HW 947157202316399999999999999 247 19144611199999999999999
105 77 52 37 34 41 57 821081291411471461391291211181191231311401471461382611 1HW1123147212214799999999999999 347 3416 811899999999999999
126108 87 67 54 49 51 61 791011201341431471431351261201151131161241311342611 2HW1259147232213499999999999999 514 49185311399999999999999
134129118101 84 70 60 57 62 77 96116133146152148138125113102 96 981071182611 3HW14 6152999999999999999999999 657 572014 9699999999999999
128135137131116 99 81 67 59 62 76 97119140154159151136117 98 83 76 80 932611 4HW 146138145215999999999999999 815 5921 8 7699999999999999
111129143150144129109 88 70 61 65 81104129151163163149127101 78 61 57 662611 5HW 3 4150152816599999999999999 914 612150 5799999999999999
 86112137155162156138113 89 71 63 71 91117144163170162140111 81 56 42 432611 6HW 4 116215581709999999999999910 1 632226 4099999999999999
 60 88120149168172162139112 87 71 69 81106134159172171154125 90 59 36 282611 7HW 4481731625173999999999999991040 682259 2899999999999999
 37 62 97134162178177161135106 84 74 78 96124152171176165140105 69 39 232611 8HW 5281801650176999999999999991114 732330 2199999999999999
 23 41 73113149173182175154125 99 83 79 90113142166177172153122 84 49 252611 9HW 6 31821713177999999999999991144 792358 1799999999999999
 17 27 52 90130161179180167142114 93 84 89105131157174176163136101 64 35261110HW 6361821737177999999999999991210 84999999999999999999999
 20 21 38 69108144168177172154129105 91 90100120145167175168148118 83 50261111HW 7 617718 317699999999999999 026 181235 8999999999999999
 28 22 31 53 86123153169170160140117100 94 99113133155170170156131100 68261112HW 736171183117299999999999999 053 2113 0 9499999999999999
 41 28 30 45 70102133155163159147129110 99 99109124142160167160141115 86261113HW 8 816319 116799999999999999 121 271328 9899999999999999
 58 39 34 42 59 84112137151154148137121108103107117131146158159147127103261114HW 845154193516099999999999999 152 3414 210399999999999999
 77 55 43 44 54 71 93117136145145140131119110108113121132143151148135116261115HW 933146201415199999999999999 227 42144410899999999999999
 96 75 58 51 54 64 79 98117132138140137130120112111114119127136141137126261116HW104514021 514199999999999999 3 8 51154811199999999999999
111 95 78 65 61 64 71 83 99116129136139138131121113109108110117125130129261117HW1217139221813199999999999999 4 2 61174610899999999999999
123113100 86 75 70 71 75 85 99115129138143142133120108100 95 96104114123261118HW1319143999999999999999999999 522 701921 9599999999999999
127126121110 97 85 77 74 76 85100118134145149145132114 97 84 77 79 90106261119HW 01812714 314999999999999999 7 7 742018 7799999999999999
121131136133122107 92 81 75 77 87105125143154156146126101 79 63 57 62 79261120HW 2 7136143815799999999999999 820 7521 2 5699999999999999
102125142150147134116 96 82 75 78 91113137155164160142114 83 56 39 36 48261121HW 315150151116499999999999999 913 752143 3699999999999999
 73104134156165160143120 97 81 75 82100125150167171159133 98 61 32 18 20261122HW 4 8165154417199999999999999 959 752222 1699999999999999
 39 73112147170177168147120 95 80 78 89111139164177174154120 79 39 11  1261123HW 4561771618178999999999999991040 7723 2  199999999999999
 10 37 78122159181184170145116 92 80 82 98124153176183172145105 60 20 -5261124HW 5401851654183999999999999991119 792343-1099999999999999
-10  6 40 86133168186184167139110 89 83 90109137165182183165133 90 44  6261125HW 6251871732185999999999999991158 82999999999999999999999
-13-12 10 48 96141172184179159132105 89 87 98119146171183178156120 77 33261126HW 710184181118499999999999999 026-151238 8699999999999999
  0-13 -6 18 58105145170177169150124102 91 93106127152172178168144109 68261127HW 757177185317899999999999999 110-131320 9199999999999999
 29  3 -5  5 30 68110144163167159141119102 95 98110129150166168156133101261128HW 848167193916999999999999999 156 -514 7 9599999999999999
 64 32 12  8 19 43 77113140154157150135116103 98100110125143154154144125261129HW 946158203015699999999999999 245  815 6 9899999999999999
 98 68 42 27 25 35 56 85114135147150144131115103 98 98104116130140140134261130HW1052150213614199999999999999 340 251631 9799999999999999
120100 76 57 46 43 50 66 90114131142146142129114102 93 90 921021151251292612 1HW1159146232312999999999999999 446 4318 8 9099999999999999
128121107 90 74 64 60 63 75 95115131142146141128111 96 84 77 78 871001132612 2HW1259146999999999999999999999 6 7 601926 7699999999999999
123129128118104 91 79 73 73 83100118134145148141125105 86 71 62 62 73 892612 3HW 123129134914899999999999999 727 722027 6099999999999999
107123134137131118103 90 81 81 90106125140150150139119 95 73 55 46 49 632612 4HW 248138143115199999999999999 835 802117 4699999999999999
 85108129144148141127111 96 86 86 97115133148155150134110 82 58 40 33 402612 5HW 35114815 815599999999999999 930 8522 0 3399999999999999
 60 87116140155157148131112 96 88 91105124143156158148126 97 67 42 27 252612 6HW 4411581542159999999999999991015 882238 2499999999999999
 39 65 97128152164162148128108 94 90 97114135153162158142115 83 52 29 192612 7HW 5221651613162999999999999991053 902313 1999999999999999
 23 44 75111141162168161143121102 92 92104124146161164154132101 67 38 202612 8HW 5581681644165999999999999991127 902345 1699999999999999
 16 28 54 90126153167168155133111 95 90 96113135156166162146119 85 52 272612 9HW 6311691715166999999999999991158 90999999999999999999999
 15 19 38 69106139160168162144121102 91 92103122145162166156135104 69 39261210HW 7 3168174716699999999999999 016 151227 9099999999999999
 20 16 27 51 85121148162163152133110 95 90 96110131152164161146120 88 55261211HW 734165182016599999999999999 046 161256 9099999999999999
 30 18 22 38 66101132153160156142121102 91 92101117138156161153133105 73261212HW 8 6160185416299999999999999 115 181328 9099999999999999
 44 26 22 32 52 81114140153155147131112 96 90 94106123141155155141119 92261213HW 839155193015699999999999999 144 2214 3 9099999999999999
 62 39 28 31 45 67 95123143151148139123105 93 90 96108124141149145130108261214HW 914151201114999999999999999 216 271445 9099999999999999
 82 57 40 35 43 58 80106129143147142132116 99 90 89 95106121136141135120261215HW 953147205814199999999999999 250 351535 8899999999999999
101 79 59 47 47 57 72 92115133143144138126110 94 85 84 89100115127132127261216HW1036144215813299999999999999 330 461637 8499999999999999
116100 83 67 59 61 70 83101121136143142135122104 87 78 75 79 90105118125261217HW1126143232212699999999999999 417 591752 7599999999999999
124118106 92 80 73 74 81 92108125138144143134118 97 79 66 62 65 76 93110261218HW1219144999999999999999999999 520 7319 6 6299999999999999
122127125118106 94 86 85 88 98112129142147145134114 90 67 52 45 48 62 83261219HW 115127131314899999999999999 648 842010 4599999999999999
106124135137132120106 96 91 92101116133147153149134109 80 53 34 27 32 49261220HW 24913814 615399999999999999 817 9021 7 2699999999999999
 76105130146151145131114100 93 94103120139154160153133103 69 38 16  9 17261221HW 356151145716099999999999999 925 9222 0  999999999999999
 40 74110140158163155138117100 91 93105125147163167156132 96 57 22  0 -6261222HW 4511641547167999999999999991020 912249 -799999999999999
  6 35 76117150169172160138114 96 88 92108131155171172157128 88 44  8-14261223HW 54017316351749999999999999911 9 882337-1799999999999999
-16  2 37 82127159175175159134108 91 85 92111137162177174156122 78 33 -3261224HW 6261771722178999999999999991155 85999999999999999999999
-21-19  4 44 92136165177172152125100 85 82 93115143167178173150114 68 24261225HW 711177181017999999999999999 023-231240 8299999999999999
 -8-21-14 13 55103143167174165143115 92 80 81 94117145168175166142104 60261226HW 755174185717599999999999999 1 8-211326 7999999999999999
 20 -6-13 -1 28 70114148165167155131105 84 76 79 93117144163167156131 96261227HW 838168194516799999999999999 153-131413 7699999999999999
 56 23  4  2 17 47 86123149160158143120 95 79 73 77 92115138153154144122261228HW 920161203715599999999999999 236  115 4 7399999999999999
 91 58 33 21 23 39 67100130148154148133110 88 74 70 74 87108128140141132261229HW10 2154213614299999999999999 320 2016 2 7099999999999999
115 90 66 49 43 47 61 85112133145147140123102 83 71 66 69 81 99116126129261230HW1044147225412999999999999999 4 5 4317 8 6699999999999999
124112 95 78 68 65 70 82101121136143142133116 96 78 66 60 62 72 87103114261231HW1124143999999999999999999999 453 651819 6099999999999999
