 26 23 18 13  8  3  0 -2 -2  1  6 11 15 19 21 22 23 23 23 24 25 27 29 3026 1 1I52334 31999999999999999999999 717 -2999999999999999999999
 30 29 25 19 13  7  1 -3 -5 -4  0  5 11 16 20 22 23 24 24 24 25 26 28 3026 1 2I59999999999999999999999999999 814 -5999999999999999999999
 32 32 30 26 20 13  6  0 -4 -6 -5 -1  5 11 16 20 22 23 23 23 23 24 25 2726 1 3I5 035 32999999999999999999999 910 -6999999999999999999999
 30 33 33 31 26 20 12  5 -2 -6 -7 -6 -1  5 11 16 19 21 21 21 20 20 21 2326 1 4I5 136 331734 219999999999999910 4 -720 5 2099999999999999
 26 29 32 32 30 25 18 10  3 -3 -7 -8 -6 -1  6 12 16 18 19 19 18 17 17 1826 1 5I5 234 321759 19999999999999991053 -821 5 1799999999999999
 20 24 27 30 29 27 22 15  8  1 -4 -7 -7 -4  1  7 12 15 17 17 16 15 14 1426 1 6I5 328 301826 17999999999999991138 -72224 1499999999999999
 15 17 21 24 26 26 23 18 12  6  0 -3 -5 -5 -1  4  9 13 15 16 15 13 12 1126 1 7I5 419 261854 16999999999999991218 -52353 1199999999999999
 11 12 14 17 20 22 21 19 14  9  4  1 -2 -3 -1  3  7 11 14 15 15 13 11 1026 1 8I5 510 221922 15999999999999991253 -3999999999999999999999
  9  9  9 11 14 16 17 16 14 11  7  4  2  1  1  3  7 11 13 15 15 14 12 1026 1 9I5 6 4 171946 1599999999999999 1 2  91319  199999999999999
  9  7  7  7  9 11 12 13 12 11  9  7  6  5  5  6  8 11 14 15 16 16 14 1226 110I5 714 1320 7 1699999999999999 2 8  71328  599999999999999
 10  8  6  5  5  6  8  9 10 10 10  9  9  8  9 10 11 13 15 17 18 17 16 1426 111I5 9 3 102022 1899999999999999 319  51244  899999999999999
 12  9  7  5  4  4  5  6  7  8 10 10 11 11 12 13 14 16 17 19 19 19 19 1726 112I52037 20999999999999999999999 437  4999999999999999999999
 15 12  9  7  5  3  3  4  5  7  9 10 12 13 14 16 17 18 19 20 21 22 21 2026 113I521 0 22999999999999999999999 549  3999999999999999999999
 18 15 12  9  6  4  2  2  3  5  7 10 12 14 16 17 18 19 20 21 22 23 23 2326 114I52142 23999999999999999999999 641  2999999999999999999999
 21 19 15 12  8  5  3  1  2  3  5  8 12 14 16 18 19 20 21 21 23 23 24 2426 115I52244 24999999999999999999999 724  1999999999999999999999
 24 22 19 15 11  7  4  1  0  1  3  6 10 13 16 18 19 19 20 20 21 22 24 2526 116I52349 25999999999999999999999 8 4  0999999999999999999999
 25 24 22 18 14 10  5  1 -1 -1  0  3  7 11 14 17 18 18 18 19 19 20 22 2326 117I59999999999999999999999999999 843 -1999999999999999999999
 25 25 24 21 17 12  7  2 -2 -3 -3 -1  3  8 12 15 16 17 17 16 16 17 19 2026 118I5 046 25999999999999999999999 922 -3999999999999999999999
 23 24 24 23 19 15  9  3 -1 -4 -6 -4 -1  4  8 12 14 15 15 14 14 14 15 1726 119I5 136 241720 159999999999999910 0 -62013 1499999999999999
 19 22 23 23 21 17 11  5  0 -5 -7 -7 -5  0  5  9 12 13 13 13 11 11 11 1226 120I5 221 231736 14999999999999991036 -721 1 1199999999999999
 15 18 20 22 21 18 13  7  1 -4 -7 -8 -7 -4  1  6  9 12 12 11 10  9  8  926 121I5 3 3 221756 12999999999999991110 -82154  899999999999999
 10 13 16 19 20 18 15 10  4 -1 -5 -7 -8 -6 -1  4  8 10 11 11  9  7  6  626 122I5 347 201814 11999999999999991142 -82257  699999999999999
  6  8 11 15 17 17 15 12  7  2 -2 -5 -6 -5 -2  2  7 10 11 11 10  7  5  426 123I5 433 171830 11999999999999991210 -6999999999999999999999
  3  4  6  9 13 14 14 13 10  6  2 -1 -2 -2  0  3  7 10 12 13 11  9  6  426 124I5 528 151845 1399999999999999 0 3  31234 -299999999999999
  2  1  2  4  7 10 12 12 11  9  6  4  3  2  3  5  9 12 14 15 14 12  9  526 125I5 641 1219 2 1599999999999999 1 7  11245  299999999999999
  3  1  0  0  2  5  8 10 11 10  9  8  7  7  8  9 11 14 16 17 17 16 13  926 126I5 823 111926 1799999999999999 213  01233  799999999999999
  5  2  0 -1 -1  0  3  5  8 10 11 11 11 11 12 13 14 16 18 20 20 20 18 1426 127I520 2 20999999999999999999999 327 -2999999999999999999999
 10  6  3  0 -2 -3 -2  0  3  6  9 11 13 14 15 16 17 18 20 21 22 23 22 2026 128I52054 23999999999999999999999 451 -3999999999999999999999
 16 12  7  3 -1 -4 -5 -4 -2  1  5  9 12 14 16 17 18 19 20 21 22 24 24 2426 129I522 9 24999999999999999999999 611 -5999999999999999999999
 22 18 14  8  3 -1 -5 -7 -6 -4  0  5  9 13 15 17 18 19 19 20 21 22 24 2526 130I52329 25999999999999999999999 719 -7999999999999999999999
 25 23 20 15  9  3 -3 -7 -9 -8 -5  0  5 10 13 16 17 17 17 17 18 19 21 2326 131I59999999999999999999999999999 819 -9999999999999999999999
 25 26 24 20 15  8  1 -5 -9-10 -9 -6  0  6 10 13 15 15 14 14 14 15 16 1926 2 1I5 040 261641 1599999999999999 911-101927 1499999999999999
 22 25 25 23 19 13  6 -1 -6-10-11-10 -5  1  7 10 13 13 12 11 10 10 11 1326 2 2I5 141 251651 1399999999999999 957-112036 1099999999999999
 16 20 23 23 21 17 11  3 -3 -8-11-11 -8 -3  3  8 11 12 11  9  7  6  6  726 2 3I5 237 2317 8 12999999999999991038-112147  699999999999999
  9 14 18 20 20 18 14  7  1 -5 -8-10 -9 -5  0  6  9 11 11  9  6  4  3  326 2 4I5 329 211729 11999999999999991113-102250  399999999999999
  4  7 11 15 17 17 14 10  4 -1 -5 -7 -8 -6 -1  4  8 10 11  9  7  4  2  026 2 5I5 420 171750 11999999999999991144 -82344  099999999999999
  0  2  5  9 12 13 13 10  6  2 -1 -4 -5 -4 -1  4  8 10 11 10  8  5  2  026 2 6I5 512 1318 8 119999999999999912 7 -5999999999999999999999
 -1 -1  1  4  7  9 10  9  7  5  2  0 -1  0  2  5  8 11 12 12 10  7  4  126 2 7I5 6 9 101822 1299999999999999 034 -11216 -199999999999999
 -1 -2 -2  0  3  5  6  7  7  6  4  3  3  4  5  7 10 12 13 13 12 10  7  426 2 8I5 719  71832 1499999999999999 124 -21147  399999999999999
  1 -1 -2 -1  0  2  3  5  6  6  6  6  6  7  8 10 12 14 15 15 14 13 10  726 2 9I51839 15999999999999999999999 218 -2999999999999999999999
  4  1  0 -1 -1  0  1  2  4  5  6  7  8  9 11 12 14 16 17 17 16 15 13 1026 210I51853 17999999999999999999999 324 -1999999999999999999999
  7  4  2  0 -1 -1 -1  0  2  4  6  7  9 11 12 14 15 16 17 18 18 17 16 1326 211I51920 18999999999999999999999 447 -1999999999999999999999
 11  8  5  2  0 -1 -2 -1  0  2  4  7  9 11 13 14 15 16 17 18 18 18 17 1626 212I52016 18999999999999999999999 6 4 -2999999999999999999999
 14 11  8  5  2 -1 -2 -3 -2 -1  2  5  8 10 12 13 14 15 16 16 17 17 18 1726 213I522 5 18999999999999999999999 7 2 -3999999999999999999999
 16 14 11  8  4  0 -3 -4 -5 -4 -1  2  5  8 11 12 13 13 13 14 14 15 16 1726 214I52337 17999999999999999999999 748 -5999999999999999999999
 17 16 14 11  7  2 -2 -5 -7 -7 -5 -2  2  6  9 10 11 11 11 11 11 12 14 1526 215I59999999999999999999999999999 828 -7999999999999999999999
 17 17 16 13  9  4 -1 -5 -8 -9 -8 -6 -1  3  6  9 10  9  8  8  7  8  9 1226 216I5 040 171619 1099999999999999 9 5 -91941  799999999999999
 14 16 16 14 11  6  1 -5 -8-11-11 -9 -5  0  4  7  8  8  7  5  4  4  5  726 217I5 131 161626  899999999999999 939-112032  499999999999999
 10 14 15 15 13  9  3 -3 -7-11-12-11 -8 -3  2  5  7  7  6  3  1  1  1  226 218I5 218 161637  7999999999999991012-122124  099999999999999
  5  9 13 14 14 11  6  1 -5 -9-11-11 -9 -5  0  4  7  7  6  3  0 -2 -3 -226 219I5 3 6 141649  7999999999999991043-112216 -399999999999999
  0  4  9 12 13 12  9  4 -1 -5 -8 -9 -9 -5  0  4  7  8  7  4  1 -3 -5 -626 220I5 357 1317 1  8999999999999991112 -923 7 -699999999999999
 -5 -2  3  8 11 11 10  7  3 -1 -4 -5 -5 -4  0  5  8 10  9  7  3 -1 -5 -726 221I5 455 111715 10999999999999991137 -62359 -899999999999999
 -8 -6 -3  2  6  9 10  9  7  3  1 -1 -1  0  2  6 10 12 12 10  7  2 -2 -626 222I5 6 3 101732 12999999999999991151 -1999999999999999999999
 -8 -8 -7 -4  1  4  7  8  8  7  5  4  4  4  6  8 12 14 15 14 11  7  2 -226 223I5 723  81756 1599999999999999 055 -91133  499999999999999
 -6 -8 -9 -7 -4 -1  2  5  7  7  7  7  7  8  9 11 13 15 17 17 15 12  8  326 224I51828 17999999999999999999999 157 -9999999999999999999999
 -1 -4 -7 -8 -8 -6 -3  0  3  5  7  8  9 10 12 13 14 16 17 18 18 16 13  926 225I51913 18999999999999999999999 311 -8999999999999999999999
  5  1 -3 -6 -8 -8 -7 -5 -2  2  5  7  9 11 12 14 15 15 17 17 18 18 17 1526 226I52028 18999999999999999999999 442 -8999999999999999999999
 11  7  3 -2 -5 -8 -9 -9 -6 -3  1  4  7 10 11 13 13 14 14 15 16 17 18 1726 227I52211 18999999999999999999999 6 9 -9999999999999999999999
 16 12  8  4 -1 -6 -9-11-10 -8 -4  1  4  8 10 11 11 11 11 12 12 14 16 1726 228I52339 18999999999999999999999 718-11999999999999999999999
 18 16 13  9  3 -2 -7-10-12-11 -8 -3  1  5  8  9  9  9  8  8  8  9 11 1426 3 1I51543  9999999999999999999999 813-121910  899999999999999
 16 17 16 13  8  2 -4 -8-11-13-11 -7 -2  3  6  8  8  7  5  4  3  4  5  826 3 2I5 049 171541  899999999999999 858-132014  399999999999999
 12 15 16 14 11  6  0 -6-10-12-12-10 -5  0  4  7  7  6  4  1  0 -1  0  226 3 3I5 149 161552  799999999999999 936-1321 8 -199999999999999
  6 11 13 14 12  9  3 -2 -7-10-12-11 -7 -1  3  6  7  6  4  0 -2 -4 -4 -326 3 4I5 244 1416 7  79999999999999910 9-122157 -499999999999999
  0  5  9 11 12 10  6  1 -4 -7 -9 -9 -7 -2  2  6  7  7  5  1 -3 -5 -7 -726 3 5I5 337 121623  8999999999999991038 -92240 -799999999999999
 -5 -1  4  8  9  9  7  4  0 -4 -6 -6 -5 -2  2  6  8  8  7  3 -1 -5 -7 -826 3 6I5 431 101638  89999999999999911 1 -62321 -899999999999999
 -8 -5 -1  3  6  8  7  5  2  0 -2 -3 -2  0  3  7  9 10  9  6  2 -3 -6 -826 3 7I5 525  81650 10999999999999991113 -3999999999999999999999
 -9 -8 -5 -1  3  5  6  6  4  2  1  1  1  3  5  8 10 11 10  8  5  0 -3 -626 3 8I5 622  617 0 1199999999999999 0 1 -91058  199999999999999
 -8 -8 -7 -4 -1  2  4  5  5  4  4  4  4  5  7 10 12 13 12 11  8  4  0 -326 3 9I5 726  517 9 1399999999999999 042 -81021  499999999999999
 -6 -7 -7 -5 -3  0  2  3  4  5  5  6  7  8  9 11 13 14 14 13 10  7  3  026 310I51721 14999999999999999999999 127 -7999999999999999999999
 -3 -5 -6 -6 -4 -3 -1  1  3  4  5  6  8  9 10 12 13 14 14 14 12 10  7  426 311I51741 14999999999999999999999 222 -6999999999999999999999
  1 -2 -4 -5 -5 -4 -3 -1  0  2  4  6  7  9 10 12 13 14 14 14 13 12  9  726 312I51812 14999999999999999999999 337 -5999999999999999999999
  4  1 -1 -3 -5 -5 -5 -4 -2  0  2  4  6  8 10 11 11 12 12 13 13 12 11  926 313I519 8 13999999999999999999999 510 -5999999999999999999999
  7  4  1 -1 -4 -6 -7 -6 -5 -3 -1  2  5  7  8  9  9 10 10 10 11 11 11 1026 314I52135 11999999999999999999999 621 -7999999999999999999999
  9  7  4  1 -3 -6 -8 -9 -8 -6 -4  0  3  5  6  7  7  7  7  7  7  8  9 1026 315I52321 10999999999999999999999 712 -9999999999999999999999
 10  9  6  3 -1 -5 -8-10-10 -9 -7 -3  0  3  5  6  5  4  4  3  3  4  6  826 316I51511  6999999999999999999999 753-1019 7  399999999999999
 10 10  8  5  2 -3 -7-10-11-11 -9 -6 -2  2  4  5  4  3  1  0 -1  0  2  526 317I5 029 1015 8  599999999999999 829-121955 -199999999999999
  8 10 10  8  5  0 -4 -8-11-12-11 -8 -3  1  3  4  4  2 -1 -3 -5 -5 -4  026 318I5 127 101511  499999999999999 9 3-122040 -599999999999999
  4  8 10  9  8  4 -1 -5 -9-10-11 -8 -4  1  4  5  5  3 -1 -5 -7 -9 -8 -626 319I5 222 101518  599999999999999 936-112124 -999999999999999
 -2  4  8 10 10  7  3 -1 -5 -7 -8 -7 -4  1  5  7  7  5  1 -4 -8-11-12-1126 320I5 321 101529  79999999999999910 6 -82210-1299999999999999
 -8 -2  4  8 10  9  7  3  0 -3 -4 -4 -3  1  6  9  9  8  5  0 -6-10-13-1426 321I5 424 101547 10999999999999991034 -52258-1499999999999999
-13 -8 -2  4  7  9  9  7  4  1  0  0  0  3  7 11 12 12  9  4 -2 -7-12-1426 322I5 529  91610 12999999999999991055  02349-1599999999999999
-15-13 -8 -2  3  6  8  9  7  5  4  4  4  6  9 12 14 15 13 10  4 -2 -7-1126 323I5 636  91638 15999999999999991046  4999999999999999999999
-14-14-12 -8 -3  2  5  7  8  7  7  7  7  8 10 13 15 16 16 14 10  4 -1 -626 324I5 754  81713 1699999999999999 044-151013  799999999999999
-10-13-13-11 -8 -4  0  3  5  7  7  8  9 10 11 13 15 16 17 16 14 10  5  026 325I51755 17999999999999999999999 147-13999999999999999999999
 -4 -8-11-12-11 -8 -5 -2  1  4  6  7  9 10 11 12 13 14 15 16 15 13 10  626 326I51857 16999999999999999999999 3 2-12999999999999999999999
  2 -2 -6 -9-11-11 -9 -7 -3  0  3  5  7  9 10 11 11 12 12 13 14 14 13 1126 327I52034 14999999999999999999999 432-11999999999999999999999
  7  4  0 -4 -8-10-11-10 -7 -4  0  3  5  7  8  8  8  8  8  9 10 11 12 1226 328I52223 12999999999999999999999 555-11999999999999999999999
 11  8  4  0 -4 -8-10-11-10 -7 -3  0  3  6  7  7  6  5  4  4  5  7  9 1126 329I51431  72350 1199999999999999 658-111843  499999999999999
 11 10  8  4  0 -4 -8-10-11 -9 -6 -2  2  4  6  5  4  3  1  0  0  1  4  726 330I51423  6999999999999999999999 747-111938  099999999999999
  9 10  9  7  3 -1 -5 -8-10 -9 -7 -3  1  4  6  5  4  1 -1 -3 -4 -4 -2  226 331I5 1 1 101428  699999999999999 826-102024 -499999999999999
  6  8  9  9  6  2 -2 -5 -7 -8 -7 -4  1  4  6  6  5  2 -2 -5 -7 -7 -7 -426 4 1I5 2 2  91439  699999999999999 859 -821 6 -799999999999999
  1  5  8  9  8  5  1 -2 -4 -6 -6 -3  1  5  7  8  7  4  0 -4 -8 -9-10 -826 4 2I5 3 0  91453  899999999999999 927 -62143-1099999999999999
 -4  1  5  7  8  7  4  1 -1 -3 -3 -2  1  5  8  9  9  6  2 -3 -7-10-11-1126 4 3I5 354  815 8  999999999999999 949 -32219-1199999999999999
 -8 -3  2  5  7  8  7  4  2  1  0  1  3  6  9 11 11  9  5  0 -5 -8-11-1126 4 4I5 446  81523 119999999999999910 2  02254-1199999999999999
-10 -6 -2  3  6  7  8  6  5  3  3  4  5  7 10 12 12 11  8  4 -1 -6 -9-1126 4 5I5 537  81538 1399999999999999 956  32329-1199999999999999
-11 -8 -4  0  3  6  7  7  6  6  6  6  7  9 11 13 14 13 11  7  2 -3 -6 -926 4 6I5 630  81554 1499999999999999 937  6999999999999999999999
-10 -9 -6 -3  1  4  6  7  7  7  7  8  9 10 12 14 15 14 13 10  6  1 -3 -626 4 7I51611 15999999999999999999999 0 7-10999999999999999999999
 -8 -8 -7 -5 -2  1  4  5  6  7  7  8  9 11 12 14 15 15 14 12  9  5  1 -326 4 8I51632 15999999999999999999999 050 -8999999999999999999999
 -5 -7 -7 -6 -4 -2  1  3  5  6  7  8  9 10 12 13 14 14 14 13 10  7  4  026 4 9I51659 14999999999999999999999 141 -7999999999999999999999
 -3 -5 -6 -6 -6 -4 -2  0  2  4  5  7  8  9 10 11 12 12 12 12 11  9  6  326 410I51733 13999999999999999999999 244 -6999999999999999999999
  0 -2 -4 -6 -6 -6 -5 -3 -1  1  4  5  7  8  9  9  9 10 10 10 10  9  7  526 411I51835 10999999999999999999999 4 2 -6999999999999999999999
  3  0 -2 -5 -6 -7 -7 -6 -4 -1  1  4  5  6  7  7  7  7  7  7  8  8  8  726 412I521 8  8999999999999999999999 515 -7999999999999999999999
  5  3  0 -3 -5 -7 -8 -7 -6 -3  0  2  4  5  6  5  4  4  3  3  4  5  7  726 413I51351  623 2  799999999999999 611 -81819  399999999999999
  7  5  3  0 -3 -6 -7 -8 -7 -5 -2  1  4  5  5  4  3  1  0 -1  0  1  4  626 414I51337  5999999999999999999999 656 -819 2 -199999999999999
  7  7  6  3  0 -3 -5 -7 -7 -5 -2  1  4  6  6  5  2 -1 -3 -4 -5 -3 -1  326 415I5 022  71334  699999999999999 735 -71943 -599999999999999
  7  8  8  7  4  1 -2 -4 -5 -4 -2  2  5  7  8  6  4  0 -4 -7 -9 -8 -6 -226 416I5 132  91340  899999999999999 812 -52025 -999999999999999
  4  8 10 10  9  6  3  0 -2 -2 -1  2  7 10 11 10  7  2 -3 -8-11-12-11 -826 417I5 240 101356 1199999999999999 846 -221 9-1299999999999999
 -2  4  9 11 12 10  7  4  3  2  2  4  8 12 14 13 11  7  1 -6-11-14-15-1326 418I5 347 121421 1499999999999999 918  22157-1599999999999999
 -8 -1  5  9 12 13 11  9  7  6  6  7  9 13 16 17 16 12  7  0 -7-12-15-1626 419I5 450 131451 1799999999999999 941  62247-1699999999999999
-13 -8 -1  5  9 12 13 12 10  9  9  9 11 14 17 19 19 17 13  6 -1 -7-12-1526 420I5 552 131527 2099999999999999 944  92340-1699999999999999
-16-13 -7 -1  4  9 11 12 12 11 11 11 12 14 17 20 21 20 18 13  6 -1 -7-1126 421I5 659 1216 8 2199999999999999 929 11999999999999999999999
-14-14-12 -7 -2  3  7 10 11 11 11 12 13 14 16 18 20 21 20 17 12  6  0 -526 422I51656 21999999999999999999999 037-14999999999999999999999
 -9-12-12-10 -6 -2  2  6  8 10 10 11 12 13 14 15 17 18 19 18 16 12  7  226 423I51754 19999999999999999999999 141-12999999999999999999999
 -3 -7 -9-10 -9 -6 -3  1  4  7  9 10 11 11 12 12 13 14 16 16 16 14 11  726 424I519 7 16999999999999999999999 252-10999999999999999999999
  3 -1 -5 -7 -8 -8 -6 -3  1  4  6  8  9 10 10 10 10 10 11 12 13 13 12 1026 425I52044 13999999999999999999999 4 8 -8999999999999999999999
  7  4  0 -3 -5 -7 -6 -4 -2  2  5  7  8  9  8  7  7  6  6  6  8  9 10 1026 426I51259  92232 1199999999999999 517 -71738  699999999999999
  9  7  4  1 -2 -4 -5 -4 -2  1  4  6  8  8  8  6  5  3  2  2  3  5  7  926 427I51253  8999999999999999999999 613 -51842  299999999999999
  9  9  7  5  2  0 -2 -3 -2  0  4  7  9  9  8  7  4  2  0 -2 -2  0  3  626 428I5 0 3  91258  999999999999999 657 -31931 -299999999999999
  8  9  9  7  5  3  1  0  0  1  4  7 10 11 10  8  5  2 -1 -4 -5 -4 -2  226 429I5 119  913 9 1199999999999999 733  02012 -599999999999999
  6  8  9  9  8  6  4  3  2  3  5  8 11 12 12 11  7  3 -1 -4 -6 -6 -5 -126 430I5 225 101323 1399999999999999 8 0  22049 -699999999999999
  3  7  9 10 10  9  7  6  5  6  7  9 12 14 15 13 10  6  1 -3 -6 -7 -7 -426 5 1I5 323 111341 1599999999999999 819  52122 -799999999999999
  0  5  8 11 12 11 10  9  8  8  9 11 14 16 17 16 14 10  5  0 -4 -7 -8 -626 5 2I5 414 1214 1 1799999999999999 827  82155 -899999999999999
 -3  2  7 10 12 13 12 11 11 11 11 13 15 17 19 18 17 13  8  3 -2 -5 -7 -726 5 3I5 5 1 131422 1999999999999999 831 112228 -799999999999999
 -5  0  4  8 11 13 14 13 12 12 13 14 16 18 20 20 19 16 12  7  1 -3 -6 -726 5 4I5 547 141446 2099999999999999 835 1223 5 -799999999999999
 -6 -3  1  6  9 12 13 14 13 13 14 14 16 18 20 21 20 18 15 10  5  0 -3 -526 5 5I51512 219999999999999999999992344 -6999999999999999999999
 -6 -4 -1  3  7 10 12 13 13 13 14 14 16 17 19 20 21 19 17 13  8  4  0 -326 5 6I51541 219999999999999999999999999999999999999999999999999
 -5 -5 -3  0  3  7  9 11 12 12 13 14 15 16 17 19 19 19 18 15 11  7  2 -126 5 7I51613 20999999999999999999999 027 -5999999999999999999999
 -3 -4 -4 -2  1  3  6  9 10 11 12 13 13 14 15 16 17 18 17 15 12  9  5  226 5 8I51650 18999999999999999999999 115 -4999999999999999999999
 -1 -3 -4 -3 -2  1  3  6  8  9 10 11 12 13 13 14 15 15 15 14 13 10  7  426 5 9I51736 15999999999999999999999 2 6 -4999999999999999999999
  1 -1 -3 -3 -3 -1  1  4  6  8  9 10 11 11 11 11 12 12 12 13 12 11  9  626 510I51853 13999999999999999999999 3 0 -3999999999999999999999
  4  1 -1 -2 -2 -2  0  2  5  7  9 10 10 10 10  9  9  9  9 10 10 11 10  926 511I51215 102052 1199999999999999 354 -21641  899999999999999
  7  5  2  1 -1 -1  0  2  4  7  9 10 11 10  9  7  6  5  5  6  7  9 10 1026 512I51154 112250 1099999999999999 447 -11745  599999999999999
 10  8  6  4  3  2  2  3  5  7 10 12 12 11 10  7  5  3  1  1  3  5  8 1126 513I51152 12999999999999999999999 535  21832  199999999999999
 12 12 11  9  7  5  5  5  6  9 12 14 15 14 12  9  5  1 -1 -2 -2  0  4  926 514I5 026 1212 3 1599999999999999 619  51918 -299999999999999
 12 14 14 14 12 10  9  9  9 11 13 16 18 18 16 13  8  3 -2 -5 -6 -5 -1  426 515I5 151 141226 1899999999999999 7 0  920 4 -699999999999999
 10 14 16 17 16 15 13 13 12 13 15 19 21 22 21 18 13  7  1 -4 -7 -8 -7 -226 516I5 3 5 171257 2299999999999999 735 122054 -899999999999999
  4 10 15 18 19 19 17 16 16 16 17 20 23 25 26 24 19 13  6 -1 -6 -9-10 -826 517I5 411 191335 2699999999999999 8 2 162146-1099999999999999
 -2  5 11 16 19 20 20 19 18 18 19 20 23 27 28 28 25 20 13  6 -2 -7-10-1026 518I5 511 201419 2999999999999999 821 182240-1199999999999999
 -8 -2  5 11 16 19 20 20 19 19 19 20 22 25 28 30 29 26 20 13  5 -1 -6 -926 519I5 611 2015 8 3099999999999999 835 192336-1099999999999999
-10 -7 -1  5 11 15 18 19 19 19 19 20 21 23 26 28 29 28 25 20 13  6  0 -526 520I516 2 299999999999999999999999999999999999999999999999999
 -8 -8 -5  0  5 10 14 16 17 17 18 18 19 20 22 24 27 27 26 23 19 12  6  126 521I51659 27999999999999999999999 034 -8999999999999999999999
 -3 -6 -6 -4  1  5 10 13 15 16 16 16 17 17 18 19 21 23 24 23 21 17 12  726 522I518 1 24999999999999999999999 132 -6999999999999999999999
  2 -1 -3 -3 -1  2  6 10 12 14 15 15 15 15 15 15 16 18 19 20 20 18 15 1126 523I511 9 151914 2099999999999999 231 -414 7 1599999999999999
  8  4  1  0  0  2  4  8 11 13 14 15 14 14 13 12 12 12 13 15 16 16 15 1426 524I51057 152048 1699999999999999 327 -11553 1299999999999999
 11  8  6  4  3  3  5  7 10 13 15 15 15 14 12 10  9  8  8 10 11 13 14 1426 525I511 8 152240 1499999999999999 418  31718  899999999999999
 13 12 10  8  7  6  7  9 11 13 16 17 16 15 13 11  8  6  5  6  7  9 11 1326 526I51123 17999999999999999999999 5 2  61823  599999999999999
 14 14 13 12 11 10 10 11 13 15 17 18 19 18 15 12  9  6  4  3  4  6  8 1126 527I5 022 141139 1999999999999999 536 101912  399999999999999
 13 15 15 15 14 14 13 14 15 17 19 21 21 20 18 15 11  8  5  3  2  3  6  926 528I5 156 151156 2199999999999999 556 131952  299999999999999
 13 15 17 17 17 17 16 17 17 19 21 23 24 23 22 18 14 10  6  3  2  2  4  726 529I5 316 171217 2499999999999999 6 2 162027  299999999999999
 11 15 17 19 19 19 19 19 20 21 22 24 26 26 25 22 18 13  9  5  2  1  2  526 530I51242 2699999999999999999999921 0  1999999999999999999999
  9 14 17 20 21 21 21 21 21 22 23 25 27 28 27 25 22 17 12  7  4  2  2  426 531I51311 289999999999999999999992134  1999999999999999999999
  7 12 16 19 21 22 22 22 22 23 24 25 27 29 29 28 25 21 16 11  6  3  2  226 6 1I51345 299999999999999999999992211  2999999999999999999999
  5  9 14 17 20 22 22 22 22 22 23 25 27 29 30 29 28 24 19 14  9  5  2  126 6 2I51421 309999999999999999999992250  1999999999999999999999
  3  6 10 15 18 20 22 22 22 22 22 24 25 27 29 29 29 26 22 17 12  7  4  226 6 3I51459 299999999999999999999992331  1999999999999999999999
  2  4  7 11 15 18 20 21 21 21 21 22 23 25 27 28 28 27 24 20 14  9  5  326 6 4I51537 289999999999999999999999999999999999999999999999999
  1  2  4  8 12 15 17 19 19 19 20 20 21 22 24 25 26 26 24 21 17 12  8  426 6 5I51616 26999999999999999999999 012  1999999999999999999999
  2  2  3  5  9 12 15 17 18 18 18 19 19 20 21 22 24 24 23 21 18 14 10  726 6 6I51658 24999999999999999999999 053  2999999999999999999999
  4  3  3  4  7 10 13 15 17 18 18 18 18 18 18 19 20 21 22 21 19 16 13 1026 6 7I51750 22999999999999999999999 132  3999999999999999999999
  7  5  4  5  6  9 12 15 17 18 18 17 17 16 16 16 17 18 19 19 19 17 15 1326 6 8I5 952 1819 3 1999999999999999 2 9  41426 1699999999999999
 10  8  7  7  8 10 12 15 17 18 19 18 17 16 15 14 14 14 15 17 18 18 17 1626 6 9I5 955 192052 1899999999999999 243  71552 1399999999999999
 14 13 11 11 11 12 14 16 19 20 21 21 19 17 15 12 11 11 11 13 15 17 18 1926 610I510 4 212258 1999999999999999 317 1117 1 1199999999999999
 18 17 16 15 15 15 17 18 21 23 24 24 22 20 16 13 10  8  8  8 11 14 17 2026 611I51023 24999999999999999999999 353 1518 0  899999999999999
 21 21 21 20 20 20 20 21 23 26 28 28 27 24 20 16 11  8  5  5  6  9 13 1826 612I5 052 211053 2899999999999999 433 201855  599999999999999
 21 24 24 24 24 24 24 24 26 28 30 32 32 30 26 21 16 10  6  3  2  4  8 1326 613I5 230 251132 3299999999999999 518 241949  299999999999999
 19 23 26 27 27 27 27 27 28 29 32 34 36 35 33 28 22 15  9  4  1  0  2  726 614I51219 369999999999999999999992045  0999999999999999999999
 13 19 24 27 29 29 28 28 29 30 31 34 37 38 38 35 29 23 15  8  3 -1 -1  126 615I51312 389999999999999999999992141 -1999999999999999999999
  7 13 20 24 27 29 29 28 28 29 30 32 35 38 40 39 36 30 23 15  7  2 -1 -126 616I514 9 409999999999999999999992237 -2999999999999999999999
  1  7 14 19 24 27 28 27 27 27 28 29 32 35 38 39 39 35 29 22 14  7  2 -126 617I515 7 399999999999999999999992332 -1999999999999999999999
 -1  2  8 14 19 23 25 26 25 25 25 26 27 30 33 36 38 37 33 28 21 14  8  326 618I5 654 2616 5 3899999999999999 9 6 25999999999999999999999
  1  1  4 10 15 19 22 24 24 23 23 23 23 25 27 30 33 34 33 30 25 19 13  826 619I5 732 2417 3 3499999999999999 024  01024 2399999999999999
  5  3  4  7 12 16 20 22 23 23 22 21 21 21 22 24 27 29 30 29 27 23 18 1426 620I5 8 8 2318 4 3099999999999999 113  31241 2199999999999999
 10  7  6  8 11 15 18 21 23 23 22 21 20 19 18 19 21 23 25 26 25 24 21 1826 621I5 841 231915 2699999999999999 157  614 6 1899999999999999
 15 12 11 11 12 15 18 21 23 24 23 22 20 19 17 16 16 17 19 21 22 22 22 2026 622I5 911 242051 2299999999999999 235 101526 1699999999999999
 18 17 15 15 15 17 20 22 24 25 25 24 22 20 18 16 15 14 15 16 18 20 21 2126 623I5 937 252252 2199999999999999 3 4 151645 1499999999999999
 21 20 20 19 19 20 22 24 26 27 28 27 25 23 20 17 15 13 13 14 15 17 19 2126 624I5 959 28999999999999999999999 310 191754 1399999999999999
 22 22 23 23 23 24 25 26 28 29 30 30 29 26 23 20 17 14 13 12 13 15 18 2026 625I51022 309999999999999999999991847 12999999999999999999999
 23 24 25 26 26 27 28 29 30 31 32 33 32 30 27 23 20 16 14 12 12 14 16 1926 626I51048 339999999999999999999991929 12999999999999999999999
 23 25 27 28 29 29 30 31 32 33 34 35 35 33 31 27 23 19 15 13 12 13 15 1826 627I51120 3599999999999999999999920 6 12999999999999999999999
 22 25 27 29 30 30 31 31 32 34 35 36 37 36 34 31 27 22 18 14 12 12 13 1626 628I512 1 379999999999999999999992043 12999999999999999999999
 20 24 27 29 30 31 31 31 32 33 35 36 38 38 37 34 30 26 21 16 13 11 12 1426 629I51246 389999999999999999999992121 11999999999999999999999
 17 21 25 28 30 31 31 31 31 32 33 35 37 38 38 37 33 29 24 18 14 11 10 1126 630I51332 3899999999999999999999922 1 10999999999999999999999
 14 18 23 26 28 30 30 30 30 30 31 33 35 37 38 38 35 32 27 21 16 12 10  926 7 1I51416 389999999999999999999992240  9999999999999999999999
 11 15 19 23 26 28 29 28 28 28 29 30 32 34 36 37 36 33 29 23 18 13 10  926 7 2I51457 379999999999999999999992319  8999999999999999999999
  9 11 16 20 23 26 27 27 27 26 27 27 29 31 33 35 35 33 30 26 20 15 11  926 7 3I5 635 271537 3599999999999999 9 6 262354  899999999999999
  8  9 13 17 21 24 25 26 26 25 25 25 26 27 29 32 33 33 31 27 23 18 14 1126 7 4I5 7 2 261617 3399999999999999 959 25999999999999999999999
  9  9 11 15 19 22 24 25 25 25 24 23 23 24 26 28 30 31 30 28 25 20 17 1326 7 5I5 727 2617 2 3199999999999999 027  91117 2399999999999999
 12 11 12 15 18 22 24 25 26 25 24 23 22 22 22 24 26 28 29 28 26 23 20 1726 7 6I5 746 261759 2999999999999999 057 111251 2299999999999999
 15 14 14 16 19 22 25 27 27 27 25 23 22 21 20 21 22 24 26 27 27 26 24 2126 7 7I5 8 1 271919 2799999999999999 122 1414 4 2099999999999999
 20 19 19 19 21 24 27 29 29 29 28 25 23 21 19 18 19 20 22 24 26 27 26 2526 7 8I5 817 292115 2799999999999999 141 181514 1899999999999999
 24 24 23 24 25 27 29 31 32 33 32 29 26 23 20 18 17 17 18 21 23 26 27 2826 7 9I5 840 33999999999999999999999 150 231627 1699999999999999
 28 28 28 28 29 30 32 34 35 36 36 34 31 27 23 19 16 15 14 16 19 22 26 2826 710I5 915 369999999999999999999991738 14999999999999999999999
 30 31 32 32 33 33 34 36 38 39 40 39 37 33 28 23 19 15 13 12 14 17 22 2626 711I510 2 409999999999999999999991843 12999999999999999999999
 30 32 34 34 35 35 36 37 39 41 42 43 42 39 35 29 24 18 14 11 10 12 16 2126 712I511 2 439999999999999999999991945 10999999999999999999999
 26 30 33 35 36 36 36 37 38 40 42 44 45 44 41 37 30 24 17 12  9  8 11 1526 713I512 7 459999999999999999999992044  8999999999999999999999
 21 26 31 34 35 35 35 35 36 38 40 42 45 47 46 43 37 31 23 16 11  8  7 1026 714I51311 479999999999999999999992141  7999999999999999999999
 15 21 27 31 33 34 34 33 33 34 36 38 41 45 47 46 43 37 30 22 15 10  7  726 715I5 513 341412 4799999999999999 728 332233  799999999999999
 10 16 22 27 30 32 32 31 31 30 31 33 35 40 43 45 44 41 35 28 20 14 10  726 716I5 535 3215 9 4599999999999999 831 302321  799999999999999
  8 12 18 23 27 30 31 30 29 28 27 28 29 33 37 41 42 41 38 33 26 19 14 1126 717I5 6 1 3116 6 4299999999999999 947 27999999999999999999999
  9 11 15 20 25 28 30 30 28 26 25 25 25 26 30 34 37 38 37 34 30 24 19 1526 718I5 628 3017 3 3899999999999999 0 3  91124 2599999999999999
 13 12 15 19 24 27 29 30 29 27 25 23 23 22 24 27 31 33 34 33 31 27 23 2026 719I5 655 3018 6 3499999999999999 041 121237 2299999999999999
 18 16 17 20 24 27 30 31 31 29 26 24 22 21 21 22 25 27 29 30 30 28 26 2426 720I5 722 311920 3099999999999999 113 161341 2199999999999999
 22 21 21 23 25 28 31 32 32 31 29 27 24 22 21 20 21 23 25 27 28 28 28 2726 721I5 746 322055 2899999999999999 135 211447 2099999999999999
 26 26 26 26 28 30 32 34 34 34 32 30 27 24 22 21 20 20 22 23 25 27 28 2826 722I5 8 8 34999999999999999999999 123 2616 0 2099999999999999
 29 29 30 30 31 33 34 36 36 36 35 33 31 28 25 23 21 20 20 21 23 25 27 2926 723I5 829 379999999999999999999991715 20999999999999999999999
 30 31 32 33 34 35 37 38 38 39 38 37 35 32 29 26 23 21 20 20 22 24 26 2926 724I5 856 399999999999999999999991817 20999999999999999999999
 31 33 34 35 36 37 38 39 40 40 40 40 38 35 32 29 26 23 21 20 20 22 25 2826 725I5 939 4199999999999999999999919 7 20999999999999999999999
 31 33 35 36 37 38 38 39 40 41 42 42 41 39 36 33 29 25 22 20 19 20 23 2626 726I51040 429999999999999999999991950 19999999999999999999999
 29 32 34 36 37 37 38 38 39 40 42 42 43 42 39 36 32 27 23 20 19 18 20 2326 727I51143 439999999999999999999992031 18999999999999999999999
 27 30 33 35 36 36 36 36 37 38 40 41 43 43 42 39 35 30 25 21 18 17 17 2026 728I51239 439999999999999999999992111 17999999999999999999999
 24 28 31 33 34 35 34 34 34 36 37 39 41 43 42 41 37 33 27 22 18 16 15 1726 729I51327 439999999999999999999992148 15999999999999999999999
 20 24 28 31 33 33 33 32 32 32 33 35 38 40 42 41 39 35 30 24 19 16 14 1426 730I5 459 331411 4299999999999999 751 322223 1499999999999999
 17 21 25 29 31 32 32 31 30 29 30 31 34 37 40 40 39 36 32 26 21 17 14 1326 731I5 515 321452 4099999999999999 839 292256 1399999999999999
 15 18 23 27 29 31 31 30 28 27 27 28 30 33 36 38 38 37 33 29 23 19 16 1426 8 1I5 534 311534 3999999999999999 932 272327 1499999999999999
 14 17 21 25 28 30 31 30 28 26 25 25 26 28 32 35 37 36 34 31 26 22 18 1726 8 2I5 551 311619 37999999999999991034 252355 1699999999999999
 16 17 20 25 28 30 31 31 29 26 24 24 23 24 27 31 34 35 34 33 29 26 22 2026 8 3I5 6 7 311712 35999999999999991140 23999999999999999999999
 19 20 22 25 29 32 33 32 31 28 25 23 22 22 23 26 30 32 33 33 32 29 27 2526 8 4I5 619 331822 3399999999999999 018 191241 2299999999999999
 24 24 25 27 31 33 35 35 34 31 28 25 23 21 21 22 25 28 31 32 33 32 30 2926 8 5I5 635 351955 3399999999999999 032 241342 2199999999999999
 28 29 29 31 33 36 37 38 37 35 32 28 25 22 21 20 21 24 27 29 31 32 33 3326 8 6I5 658 38999999999999999999999 025 281450 2099999999999999
 32 33 33 34 36 38 40 41 41 40 37 33 29 26 23 20 20 20 22 25 28 31 33 3426 8 7I5 734 4199999999999999999999916 8 19999999999999999999999
 35 36 36 37 38 40 41 43 43 43 42 39 35 31 27 23 20 18 18 20 23 26 30 3326 8 8I5 825 449999999999999999999991729 18999999999999999999999
 35 37 38 39 40 40 42 43 44 45 45 44 41 37 33 28 23 19 17 16 18 21 25 3026 8 9I5 938 459999999999999999999991842 16999999999999999999999
 33 36 38 39 39 40 41 42 43 45 46 47 46 43 39 34 28 22 18 15 15 16 20 2526 810I51059 479999999999999999999991947 15999999999999999999999
 30 33 36 37 38 38 38 39 40 42 44 47 48 47 44 40 34 27 21 16 14 13 15 2026 811I51213 489999999999999999999992043 13999999999999999999999
 25 30 33 35 36 36 35 35 36 37 39 43 46 48 47 44 40 33 26 20 15 12 12 1526 812I5 412 361317 4899999999999999 645 352133 1299999999999999
 20 26 30 33 35 34 33 32 32 32 33 36 41 45 47 46 43 38 31 24 18 14 12 1326 813I5 421 351416 4799999999999999 751 312217 1299999999999999
 17 23 28 31 33 33 32 30 28 28 28 30 34 39 43 44 44 41 36 29 23 18 15 1426 814I5 438 341512 4599999999999999 9 2 282256 1399999999999999
 15 20 26 30 32 33 32 30 27 25 24 25 27 31 36 40 41 41 38 33 27 22 19 1726 815I5 459 3316 9 41999999999999991017 242330 1699999999999999
 17 19 24 29 32 34 33 31 28 25 23 22 22 25 29 34 37 38 37 35 30 26 23 2126 816I5 521 3417 9 38999999999999991120 22999999999999999999999
 20 21 25 29 32 34 34 33 30 26 24 22 21 21 24 28 32 34 35 34 32 29 27 2526 817I5 543 351813 3599999999999999 0 0 201214 2199999999999999
 24 25 27 30 33 35 36 35 33 29 26 23 22 21 21 24 27 30 32 33 33 31 30 2926 818I5 6 2 361925 3399999999999999 021 2413 7 2199999999999999
 29 29 30 32 35 37 37 37 36 33 30 26 24 22 21 22 24 26 28 30 31 32 32 3226 819I5 617 38999999999999999999999 013 2914 2 2199999999999999
 32 33 33 35 37 38 39 39 38 36 33 30 27 25 23 22 23 24 26 28 30 31 32 3326 820I5 630 3999999999999999999999915 6 22999999999999999999999
 34 35 36 37 38 40 41 41 40 39 37 34 31 28 26 24 23 23 24 26 28 30 32 3326 821I5 647 419999999999999999999991626 23999999999999999999999
 35 36 38 39 40 41 41 42 42 41 40 37 35 32 29 27 25 23 23 24 25 28 30 3326 822I5 720 429999999999999999999991744 23999999999999999999999
 35 36 38 39 40 40 41 42 42 42 41 40 38 36 33 29 27 24 23 22 23 25 28 3126 823I5 834 429999999999999999999991843 22999999999999999999999
 34 36 37 38 39 39 39 40 41 41 42 42 41 38 36 32 29 25 23 21 21 23 25 2826 824I51018 429999999999999999999991931 21999999999999999999999
 32 34 36 37 37 37 37 38 38 40 41 42 42 41 38 35 31 27 23 21 19 20 22 2526 825I51134 429999999999999999999992011 19999999999999999999999
 29 32 34 35 35 35 34 34 35 36 38 40 41 41 40 37 33 29 24 20 18 18 19 2226 826I5 347 351232 4299999999999999 625 342048 1899999999999999
 26 30 32 33 34 33 32 31 32 32 34 37 39 41 40 39 35 31 25 21 18 16 17 1926 827I5 346 341320 4199999999999999 717 312121 1699999999999999
 23 27 30 32 33 32 30 29 28 29 30 32 36 39 40 39 37 33 28 23 19 16 16 1726 828I5 354 3314 5 4099999999999999 8 6 282152 1699999999999999
 21 25 29 31 32 31 30 27 26 25 26 28 31 35 38 39 38 35 30 25 21 18 17 1726 829I5 4 6 321451 3999999999999999 856 252222 1699999999999999
 19 24 28 31 32 32 30 27 24 23 23 23 26 31 35 37 38 36 33 29 24 21 19 1826 830I5 418 321539 3899999999999999 948 222250 1899999999999999
 20 23 28 31 33 33 31 28 25 22 21 20 22 25 30 34 37 37 35 32 28 25 23 2226 831I5 428 331636 37999999999999991039 202315 2299999999999999
 22 25 29 32 35 35 34 31 27 23 20 19 19 21 25 30 34 35 36 35 32 29 27 2626 9 1I5 441 351743 36999999999999991131 192331 2699999999999999
 26 27 30 34 36 37 37 34 31 26 22 20 18 18 21 25 29 32 34 35 34 32 31 3026 9 2I5 5 0 371858 35999999999999991226 182318 3099999999999999
 30 31 33 35 38 40 40 38 35 31 26 22 20 18 18 21 24 28 31 33 34 34 34 3326 9 3I5 525 402029 34999999999999991325 182249 3399999999999999
 34 35 36 37 39 41 42 41 39 36 31 27 23 20 19 19 20 23 26 29 32 33 34 3526 9 4I5 559 429999999999999999999991435 18999999999999999999999
 36 37 38 39 40 42 43 43 42 40 37 33 29 25 22 19 18 19 21 24 27 30 33 3526 9 5I5 647 4399999999999999999999916 0 18999999999999999999999
 36 37 38 39 40 41 42 43 44 43 42 39 35 30 26 22 19 18 18 19 22 26 29 3226 9 6I5 8 4 449999999999999999999991728 18999999999999999999999
 35 36 38 38 39 39 40 41 42 43 44 43 40 36 32 27 22 19 17 16 18 21 25 2926 9 7I5 943 449999999999999999999991842 16999999999999999999999
 32 34 36 36 37 37 37 38 39 41 43 44 43 41 37 32 27 22 18 15 15 17 21 2526 9 8I51111 449999999999999999999991941 15999999999999999999999
 29 32 34 34 34 33 33 33 34 36 39 42 43 43 41 37 32 26 21 17 15 15 17 2226 9 9I5 3 5 341223 4499999999999999 618 332029 1499999999999999
 26 30 32 33 32 31 29 29 29 30 33 37 40 43 42 40 36 30 24 20 16 15 15 1926 910I5 3 3 331325 4399999999999999 723 292111 1599999999999999
 24 28 31 32 32 30 27 25 24 25 26 30 35 39 41 41 38 34 28 23 19 17 16 1826 911I5 313 321423 4199999999999999 824 242147 1699999999999999
 22 27 31 33 32 31 27 24 22 21 21 23 28 33 37 39 39 36 32 27 23 20 18 1926 912I5 329 331521 3999999999999999 921 212220 1899999999999999
 22 27 31 33 34 32 29 25 21 19 18 19 22 27 32 36 37 37 34 30 26 24 22 2226 913I5 347 341620 37999999999999991013 182247 2199999999999999
 23 27 31 34 35 34 32 27 23 20 18 17 18 22 27 31 34 35 35 33 30 27 26 2526 914I5 4 5 351718 35999999999999991059 1723 7 2599999999999999
 26 28 32 35 36 36 34 31 26 22 19 17 17 19 22 27 30 33 34 34 32 30 29 2926 915I5 422 361818 34999999999999991144 1723 3 2999999999999999
 29 31 33 36 37 38 36 34 30 25 22 19 18 18 20 23 27 30 32 33 33 32 32 3226 916I5 437 381926 33999999999999991228 1822 8 3299999999999999
 32 33 35 37 39 39 38 36 33 29 25 22 20 19 20 21 24 27 29 31 32 33 33 3426 917I5 450 399999999999999999999991316 19999999999999999999999
 34 35 36 38 39 40 39 38 36 33 29 26 23 22 21 21 22 24 26 28 30 32 33 3426 918I5 5 4 409999999999999999999991413 21999999999999999999999
 35 36 37 38 39 40 40 39 38 35 33 30 27 24 23 22 22 22 24 26 28 30 32 3326 919I5 524 409999999999999999999991529 22999999999999999999999
 35 36 37 38 38 39 39 39 38 37 35 33 30 27 25 23 22 21 22 23 25 27 30 3226 920I5 559 399999999999999999999991658 21999999999999999999999
 33 35 36 36 37 37 37 38 38 37 36 35 33 30 27 25 22 21 20 21 22 24 27 3026 921I5 735 3899999999999999999999918 6 20999999999999999999999
 32 33 34 34 34 34 35 35 36 36 36 36 35 32 30 27 23 21 19 19 19 21 24 2726 922I5 954 369999999999999999999991854 19999999999999999999999
 30 31 32 32 32 31 31 32 32 33 35 36 35 34 32 29 25 22 19 17 17 19 22 2526 923I5 239 321120 3699999999999999 555 311933 1799999999999999
 28 30 31 31 30 29 28 28 28 30 32 34 35 35 33 31 27 23 20 17 16 17 19 2326 924I5 229 311222 3599999999999999 646 2820 7 1699999999999999
 26 29 30 30 29 27 25 24 24 25 28 31 34 35 35 33 29 25 21 18 17 16 18 2126 925I5 229 301315 3599999999999999 730 242039 1699999999999999
 25 28 30 30 29 26 23 21 21 21 23 26 31 34 35 34 32 28 24 21 18 17 18 2126 926I5 233 3014 7 3599999999999999 813 2121 9 1799999999999999
 25 29 31 31 30 27 23 20 18 17 18 21 26 31 34 35 34 32 28 24 21 20 20 2126 927I5 240 3115 2 3599999999999999 856 172138 2099999999999999
 25 29 32 33 32 29 25 20 17 15 15 16 21 26 31 34 35 34 32 28 25 23 23 2326 928I5 253 3316 2 3599999999999999 941 1522 5 2399999999999999
 26 30 33 35 34 32 28 23 18 14 13 13 16 21 27 31 34 35 34 32 29 27 26 2626 929I5 311 3517 5 35999999999999991028 132224 2699999999999999
 28 31 35 37 37 36 32 27 21 16 13 12 12 15 21 27 31 33 35 34 32 30 30 3026 930I5 336 371810 35999999999999991119 122217 3099999999999999
 31 32 35 38 40 39 36 32 27 21 16 13 12 13 16 21 26 29 32 34 33 33 32 322610 1I5 4 6 401923 34999999999999991214 122159 3299999999999999
 33 34 36 39 41 41 40 37 32 27 21 17 14 13 13 16 20 24 28 30 32 33 33 342610 2I5 441 419999999999999999999991316 13999999999999999999999
 34 35 36 38 40 41 41 40 37 33 28 23 19 16 14 14 16 19 22 26 28 30 32 332610 3I5 527 419999999999999999999991428 14999999999999999999999
 34 35 36 37 38 39 40 40 39 37 33 29 25 21 17 15 14 15 17 20 24 27 29 312610 4I5 633 409999999999999999999991554 14999999999999999999999
 33 34 34 35 35 36 37 38 39 38 37 34 30 26 22 18 15 14 14 16 19 23 26 292610 5I5 810 399999999999999999999991718 14999999999999999999999
 31 32 32 32 32 32 33 34 35 37 37 36 34 31 27 22 19 15 14 14 16 19 23 262610 6I5 955 379999999999999999999991824 14999999999999999999999
 29 30 30 30 29 28 28 28 30 32 35 36 36 34 31 27 22 18 16 14 15 17 21 252610 7I5 149 301124 3699999999999999 552 281916 1499999999999999
 27 29 29 28 27 25 24 23 24 26 30 33 35 35 34 30 26 22 18 16 15 16 19 232610 8I5 141 291236 3599999999999999 653 231958 1599999999999999
 27 29 29 28 26 23 21 19 19 20 24 28 32 34 34 33 30 26 22 19 17 17 19 232610 9I5 147 291340 3499999999999999 745 192034 1799999999999999
 27 29 30 29 27 23 20 17 16 16 18 22 27 31 33 33 32 29 25 22 20 19 20 23261010I5 159 301441 3399999999999999 832 1521 5 1999999999999999
 27 30 32 31 29 25 21 17 14 13 14 17 22 27 31 33 33 31 28 25 23 22 22 24261011I5 216 321539 3399999999999999 915 132131 2299999999999999
 27 31 33 33 32 28 24 19 15 13 12 13 17 22 27 31 32 32 31 28 26 25 25 26261012I5 235 331633 3399999999999999 956 122148 2599999999999999
 28 32 34 35 34 31 27 22 17 14 12 12 14 18 23 28 31 32 32 31 29 28 28 29261013I5 254 351726 32999999999999991034 122143 2899999999999999
 30 33 35 36 36 34 30 25 20 16 13 12 13 16 20 24 28 31 32 32 31 30 30 31261014I5 314 361821 32999999999999991113 122122 3099999999999999
 32 33 36 37 37 36 33 29 24 19 16 14 13 15 18 21 25 28 30 31 31 31 31 32261015I5 333 379999999999999999999991153 13999999999999999999999
 33 34 36 37 38 37 35 32 28 23 19 17 15 15 16 19 22 25 27 29 30 30 31 32261016I5 353 389999999999999999999991238 15999999999999999999999
 33 34 35 36 37 37 36 33 30 26 23 19 17 16 16 17 19 22 24 26 28 29 30 31261017I5 415 379999999999999999999991331 16999999999999999999999
 32 33 34 35 36 36 35 34 32 29 25 22 20 18 16 16 17 19 21 23 25 27 28 29261018I5 442 369999999999999999999991435 16999999999999999999999
 31 31 32 33 33 33 33 33 32 30 27 25 22 20 18 16 16 17 18 20 22 24 26 28261019I5 521 349999999999999999999991550 16999999999999999999999
 29 30 30 30 30 30 31 31 30 30 28 26 24 22 19 17 16 15 16 17 19 22 24 26261020I5 651 319999999999999999999991659 15999999999999999999999
 27 28 28 28 27 27 27 27 28 28 28 27 26 24 21 19 17 15 15 16 17 20 23 25261021I5 131 28 915 2899999999999999 512 271751 1599999999999999
 26 27 26 26 24 24 23 24 25 26 27 27 27 26 23 21 18 16 15 15 16 19 22 24261022I5 1 9 2711 0 2799999999999999 6 5 231833 1599999999999999
 26 26 26 24 23 21 20 20 20 22 25 27 28 27 26 24 21 18 17 16 16 18 21 24261023I5 1 1 261215 2899999999999999 644 1919 9 1699999999999999
 26 27 26 24 22 19 17 16 16 18 21 25 27 29 28 27 24 22 19 18 18 19 21 25261024I5 1 0 271320 2999999999999999 722 161942 1899999999999999
 28 29 28 26 23 19 15 13 12 13 16 21 25 28 30 30 28 25 23 21 20 21 22 26261025I5 1 7 291423 3099999999999999 8 1 122014 2099999999999999
 29 31 31 29 25 21 16 12  9  9 11 15 21 26 30 31 31 29 27 25 23 23 24 27261026I5 124 311526 3199999999999999 843  92042 2399999999999999
 30 33 34 32 29 24 18 13  9  7  7 10 15 22 27 31 32 32 30 28 27 26 27 28261027I5 149 341626 3299999999999999 928  721 3 2699999999999999
 31 35 37 36 34 29 23 17 11  7  5  6  9 16 22 27 31 32 32 31 29 29 29 30261028I5 220 371726 33999999999999991017  52111 2999999999999999
 32 35 38 39 38 34 29 22 15 10  6  5  6 10 16 22 26 30 32 32 31 30 30 31261029I5 256 391828 32999999999999991110  52111 3099999999999999
 32 34 37 39 40 38 34 29 22 15 10  7  5  6 10 15 21 25 28 30 30 30 30 31261030I5 338 4099999999999999999999912 8  5999999999999999999999
 32 33 35 38 39 39 37 34 28 22 16 11  8  6  7 10 15 19 23 26 28 28 29 30261031I5 427 399999999999999999999991311  6999999999999999999999
 31 31 32 34 36 37 37 36 32 28 22 17 13 10  8  8 10 14 18 21 24 26 27 282611 1I5 526 379999999999999999999991419  8999999999999999999999
 29 29 29 30 32 33 34 34 33 31 27 23 18 14 11  9  9 11 14 17 20 23 25 262611 2I5 641 349999999999999999999991533  9999999999999999999999
 27 27 27 26 27 28 29 30 31 31 29 27 23 19 16 13 11 11 12 14 18 21 23 252611 3I5 815 319999999999999999999991643 10999999999999999999999
 25 25 24 23 23 22 23 24 26 28 28 28 26 23 20 17 14 13 12 14 16 19 22 242611 4I5 016 2510 4 2899999999999999 450 221742 1299999999999999
 25 25 23 22 20 18 18 18 20 23 25 27 27 26 24 21 18 16 15 15 16 19 22 242611 5I5 012 251140 2799999999999999 6 2 181830 1499999999999999
 26 25 24 21 19 16 15 14 15 17 21 24 26 26 26 24 22 19 18 17 18 20 23 252611 6I5 021 261259 2699999999999999 657 1419 9 1799999999999999
 27 27 26 23 19 16 13 11 11 12 16 20 23 26 27 26 25 23 21 20 20 21 23 262611 7I5 034 2714 8 2799999999999999 743 111940 2099999999999999
 29 29 28 26 22 17 13 10  9  9 12 16 20 24 26 27 27 26 24 23 23 23 25 272611 8I5 052 2915 9 2799999999999999 824  920 2 2399999999999999
 30 31 31 29 25 20 15 11  9  8  9 12 17 22 25 28 28 28 27 26 25 25 26 282611 9I5 113 3116 3 2899999999999999 9 1  82014 2599999999999999
 31 33 33 31 28 24 18 13 10  8  7 10 14 19 23 27 29 29 28 27 27 27 28 29261110I5 137 331650 2999999999999999 937  72018 2799999999999999
 31 34 34 34 31 27 22 17 12  9  8  8 11 16 20 25 28 29 29 29 28 28 29 30261111I5 2 2 341736 29999999999999991012  72025 2899999999999999
 31 34 35 35 33 30 26 20 15 11  9  8  9 13 17 22 25 28 29 29 28 28 29 30261112I5 230 359999999999999999999991049  8999999999999999999999
 31 33 34 35 34 32 28 23 18 14 10  9  9 11 14 18 22 25 27 28 28 28 28 29261113I5 258 359999999999999999999991129  8999999999999999999999
 30 31 33 34 34 33 30 26 21 16 13 10  9  9 11 15 18 21 24 25 26 26 27 27261114I5 329 349999999999999999999991213  9999999999999999999999
 28 29 31 32 32 32 30 27 23 19 15 12 10  9 10 12 15 18 20 22 24 24 25 26261115I5 4 3 329999999999999999999991259  9999999999999999999999
 26 27 28 29 30 30 29 27 24 21 17 14 11 10  9 10 12 15 17 20 21 23 23 24261116I5 439 309999999999999999999991348  9999999999999999999999
 24 25 25 26 26 27 27 26 24 22 19 16 13 11 10 10 11 13 15 17 19 21 22 23261117I5 525 279999999999999999999991437 10999999999999999999999
 23 23 23 23 23 23 24 24 23 22 20 18 15 13 12 11 11 12 14 16 18 20 21 22261118I5 635 242334 22999999999999991526 11999999999999999999999
 22 21 21 20 19 19 20 20 21 21 20 19 17 16 14 13 12 12 13 15 18 20 21 22261119I5 831 212322 2299999999999999 437 191613 1299999999999999
 22 21 20 18 17 16 16 17 18 19 20 20 20 19 17 16 15 14 15 16 18 20 22 23261120I51041 202321 2399999999999999 535 161658 1499999999999999
 23 22 20 17 15 13 12 13 14 16 19 21 22 22 21 19 18 17 17 18 19 22 24 26261121I51221 222333 2699999999999999 619 121741 1799999999999999
 26 24 22 18 15 12  9  9 10 12 16 20 22 24 24 23 22 21 20 20 21 23 26 28261122I51342 242355 2999999999999999 7 0  91822 2099999999999999
 29 28 25 21 16 12  8  6  5  7 11 16 21 24 26 27 26 25 24 23 24 25 27 30261123I51451 27999999999999999999999 743  51859 2399999999999999
 32 32 30 26 21 15  9  5  3  3  5 11 17 22 26 28 29 28 27 26 26 27 28 31261124I5 027 321553 2999999999999999 830  21930 2699999999999999
 34 35 34 31 26 20 13  7  2  0  1  4 10 17 23 27 29 29 29 28 27 28 29 31261125I5 1 6 351649 2999999999999999 919  01955 2799999999999999
 34 36 37 36 32 26 19 11  5  1 -1  0  4 10 17 22 26 28 29 28 28 28 28 30261126I5 150 371744 29999999999999991012 -12018 2899999999999999
 32 35 38 38 36 32 26 18 10  4  0 -2  0  4 10 16 21 25 27 27 27 27 27 28261127I5 240 3899999999999999999999911 8 -2999999999999999999999
 29 32 35 37 37 35 31 25 17 10  4  0 -1  0  4 10 16 20 23 25 25 25 25 25261128I5 334 3899999999999999999999912 5 -1999999999999999999999
 26 28 30 33 35 35 33 29 23 16 10  5  2  0  1  5 10 15 19 21 23 23 23 23261129I5 432 3599999999999999999999913 2  0999999999999999999999
 23 24 25 27 30 32 32 30 26 21 16 11  6  3  2  4  7 11 15 18 20 21 21 21261130I5 534 322135 21999999999999991359  2999999999999999999999
 21 20 20 21 23 25 27 27 26 24 20 16 12  8  6  5  6  9 12 16 18 20 20 202612 1I5 644 2722 1 2099999999999999 123 201453  599999999999999
 19 18 17 17 17 19 20 22 23 22 21 19 16 13 10  9  8 10 12 15 18 20 21 212612 2I5 816 232224 2199999999999999 3 8 171545  899999999999999
 19 18 16 15 13 13 14 16 18 19 20 20 18 17 15 13 12 12 13 16 18 20 22 222612 3I51011 202245 2299999999999999 437 131631 1299999999999999
 21 19 17 14 12 10 10 11 12 15 17 19 19 19 18 17 16 16 16 17 19 21 23 242612 4I512 6 1923 6 2499999999999999 551 101710 1699999999999999
 23 22 19 15 12 10  8  7  8 11 14 17 19 20 20 20 20 19 19 20 21 23 25 262612 5I51358 202328 2699999999999999 649  71738 1999999999999999
 26 24 22 18 14 11  8  6  6  7 10 14 18 20 22 22 22 22 22 22 23 24 26 282612 6I52353 28999999999999999999999 734  6999999999999999999999
 28 27 25 21 17 13  9  6  5  5  8 12 16 19 22 23 24 24 24 24 25 26 27 292612 7I59999999999999999999999999999 813  5999999999999999999999
 30 30 28 25 21 16 11  7  5  4  6  9 14 18 21 24 25 25 25 25 26 26 28 292612 8I5 023 30999999999999999999999 849  4999999999999999999999
 31 32 31 28 24 19 14  9  6  4  4  7 11 16 20 23 25 26 26 26 26 26 27 292612 9I5 056 32999999999999999999999 924  4999999999999999999999
 31 32 32 30 27 23 17 12  8  5  4  5  8 12 17 21 24 25 25 25 25 25 26 28261210I5 133 3299999999999999999999910 0  4999999999999999999999
 29 31 32 32 29 26 20 15 10  6  3  3  5  9 13 18 21 23 24 24 24 24 24 26261211I5 212 329999999999999999999991037  3999999999999999999999
 27 29 31 31 30 27 23 17 12  7  4  3  3  5  9 14 18 20 22 22 22 22 22 23261212I5 250 319999999999999999999991116  2999999999999999999999
 24 26 28 29 29 27 24 19 14  9  5  3  2  3  6 10 14 17 19 20 20 20 20 21261213I5 328 299999999999999999999991155  2999999999999999999999
 21 23 24 26 27 26 24 20 16 11  7  4  2  2  4  7 11 14 17 18 19 19 18 18261214I5 4 5 279999999999999999999991231  2999999999999999999999
 19 19 21 22 23 24 23 20 17 13  9  6  3  3  3  5  9 12 15 16 17 18 17 17261215I5 444 242045 189999999999999913 5  3999999999999999999999
 17 17 17 18 19 20 20 19 17 14 11  8  6  4  4  5  8 11 14 16 17 17 17 16261216I5 528 2121 2 1799999999999999 019 171334  499999999999999
 16 15 15 15 16 17 17 17 17 15 13 10  8  7  7  7  9 11 14 16 17 18 18 17261217I5 630 182113 1899999999999999 212 151358  799999999999999
 15 14 13 12 12 13 14 15 15 15 14 13 12 10 10 10 11 12 15 17 19 20 20 19261218I5 811 152125 2099999999999999 335 121417 1099999999999999
 17 14 12 11  9  9 10 11 13 15 15 15 15 14 14 14 14 15 17 19 21 22 22 21261219I51039 152145 2299999999999999 445  91436 1499999999999999
 19 17 13 10  8  6  6  7  9 12 15 17 18 18 18 18 18 18 19 21 23 25 26 25261220I52216 26999999999999999999999 544  6999999999999999999999
 23 20 16 12  8  5  3  3  5  8 12 16 18 20 21 21 21 21 22 23 24 26 28 29261221I52258 29999999999999999999999 638  3999999999999999999999
 28 25 21 16 11  6  2  0  0  3  7 12 16 20 22 23 24 24 24 24 25 27 29 31261222I52349 32999999999999999999999 730  0999999999999999999999
 32 30 27 22 16  9  4 -1 -3 -2  1  6 12 17 21 24 25 25 25 25 25 27 29 31261223I59999999999999999999999999999 823 -3999999999999999999999
 33 34 32 28 22 15  8  2 -3 -5 -4 -1  5 12 17 21 24 25 24 24 24 25 27 29261224I5 045 34999999999999999999999 918 -5999999999999999999999
 32 34 35 33 29 22 15  7  0 -5 -7 -6 -2  5 11 17 21 23 23 22 22 22 23 25261225I5 144 351747 23999999999999991013 -720 5 2299999999999999
 28 31 34 35 32 28 21 13  5 -1 -6 -7 -6 -1  5 11 16 19 21 20 20 19 20 20261226I5 242 351820 219999999999999911 6 -721 1 1999999999999999
 22 26 29 32 33 30 26 19 11  4 -2 -6 -7 -5  0  6 11 15 18 18 18 17 16 16261227I5 340 331852 19999999999999991157 -72214 1699999999999999
 17 19 22 26 29 29 27 23 17 10  4 -1 -4 -5 -2  2  8 12 15 17 17 15 14 13261228I5 437 291924 17999999999999991243 -5999999999999999999999
 13 13 15 19 22 24 24 23 19 14  9  4  1 -1 -1  2  6 10 14 16 16 15 14 12261229I5 537 241955 1699999999999999 0 5 131326 -299999999999999
 11 10 10 12 15 17 19 19 18 16 12  9  6  3  3  3  6 10 13 15 17 17 15 13261230I5 647 192024 1799999999999999 129 1014 3  399999999999999
 11  9  8  7  8 10 12 14 15 15 13 11 10  8  8  8  9 12 14 17 18 19 18 16261231I5 819 152049 1999999999999999 248  71424  799999999999999
