 27 23 19 13  7  3 -1 -2 -1  2  7 13 17 20 22 23 23 23 24 24 25 27 30 3226 1 1I72331 32999999999999999999999 7 6 -2999999999999999999999
 32 29 25 20 13  6  1 -3 -4 -3  1  7 13 18 22 24 25 25 25 25 25 27 29 3226 1 2I79999999999999999999999999999 8 3 -4999999999999999999999
 34 34 31 27 20 13  5 -1 -5 -6 -4  0  7 13 19 22 24 25 24 24 24 25 27 2926 1 3I7 029 341649 2599999999999999 858 -61915 2499999999999999
 33 35 35 32 27 20 12  4 -2 -6 -7 -5  1  8 14 19 22 23 23 22 22 22 23 2526 1 4I7 129 351716 2399999999999999 951 -72011 2299999999999999
 28 32 35 34 31 26 19 10  3 -3 -6 -7 -4  2  9 15 19 21 22 21 20 19 19 2026 1 5I7 226 351744 22999999999999991041 -72110 1999999999999999
 23 26 30 32 32 29 24 16  9  2 -3 -5 -5 -1  4 11 15 19 20 19 18 17 16 1626 1 6I7 320 331813 20999999999999991126 -62222 1699999999999999
 17 20 24 27 29 28 25 20 13  7  2 -2 -3 -2  2  7 12 16 18 18 17 15 14 1326 1 7I7 412 291841 199999999999999912 8 -32344 1399999999999999
 13 14 17 20 23 24 23 21 16 11  6  2  0  0  2  6 10 14 17 18 17 15 13 1226 1 8I7 5 4 2419 9 18999999999999991243  0999999999999999999999
 11 10 11 13 16 18 19 18 16 13  9  6  4  3  4  6 10 13 16 17 17 16 14 1226 1 9I7 6 0 191934 1899999999999999 057 101310  399999999999999
 10  9  8  9 11 13 14 15 14 13 11  9  7  7  7  8 11 14 16 17 18 17 15 1326 110I7 711 151957 1899999999999999 2 5  81320  799999999999999
 11  9  7  7  7  8  9 11 11 12 11 11 10 10 10 11 13 15 17 18 19 19 17 1526 111I7 854 122017 1999999999999999 316  61234 1099999999999999
 13 10  8  6  5  5  6  7  9 10 11 12 12 13 13 14 15 17 18 19 20 20 20 1826 112I72038 20999999999999999999999 432  5999999999999999999999
 15 12 10  7  5  4  4  5  6  8 10 12 13 14 15 16 17 19 20 21 22 22 22 2126 113I721 8 22999999999999999999999 540  4999999999999999999999
 18 15 12  9  6  4  3  3  4  6  9 11 14 16 17 18 19 20 21 22 23 24 24 2326 114I72152 24999999999999999999999 631  3999999999999999999999
 22 19 16 12  8  5  3  2  2  4  7 10 13 16 18 19 20 20 21 22 23 24 25 2526 115I72248 25999999999999999999999 713  2999999999999999999999
 24 22 19 15 11  7  3  1  0  2  4  8 12 15 18 19 20 20 21 21 22 23 25 2626 116I72347 26999999999999999999999 752  0999999999999999999999
 26 25 23 19 15 10  5  1 -1 -1  1  5  9 13 16 18 20 20 20 20 20 22 23 2526 117I79999999999999999999999999999 831 -1999999999999999999999
 27 27 26 22 18 13  7  2 -1 -3 -2  1  5 10 14 17 18 19 18 18 18 19 20 2326 118I7 041 271650 1999999999999999 910 -31923 1899999999999999
 25 27 27 25 21 16 10  4 -1 -3 -4 -2  1  6 11 15 17 17 17 16 15 16 17 1926 119I7 130 2717 1 1799999999999999 947 -42010 1599999999999999
 22 25 26 26 23 18 13  6  1 -3 -5 -5 -2  3  8 12 15 16 16 14 13 13 13 1526 120I7 215 261717 16999999999999991023 -52055 1399999999999999
 17 21 24 25 23 20 15  9  3 -2 -5 -6 -4 -1  5 10 13 14 15 13 12 10 10 1126 121I7 257 251735 15999999999999991057 -62145 1099999999999999
 12 16 19 22 22 21 17 12  6  0 -3 -5 -5 -2  2  7 11 13 14 13 11  9  8  826 122I7 340 231754 14999999999999991129 -52244  799999999999999
  8 10 14 18 20 20 17 14  9  4  0 -3 -3 -2  1  6 10 13 14 13 12  9  7  626 123I7 426 201812 14999999999999991158 -32351  599999999999999
  5  6  8 12 15 17 17 15 11  7  3  1  0  0  2  5 10 13 15 15 13 10  7  526 124I7 520 171832 15999999999999991224  0999999999999999999999
  4  3  4  6 10 13 14 14 13 10  7  5  4  4  5  7 10 14 16 16 15 13 10  726 125I7 629 141855 1699999999999999 1 0  31240  499999999999999
  4  2  1  2  4  7 10 11 12 12 10  9  8  8  9 10 12 15 17 18 18 17 14 1026 126I7 8 7 121925 1899999999999999 2 8  11234  899999999999999
  6  3  1  0  0  2  4  7  9 11 12 12 12 12 13 13 15 17 19 20 21 20 18 1526 127I720 6 21999999999999999999999 322  0999999999999999999999
 11  7  3  0 -2 -2 -1  2  5  8 11 12 14 15 16 16 17 18 20 21 23 23 22 2026 128I721 1 23999999999999999999999 444 -2999999999999999999999
 17 12  8  3 -1 -3 -4 -3 -1  3  7 11 14 16 17 18 19 19 20 21 23 24 25 2526 129I72211 25999999999999999999999 6 2 -4999999999999999999999
 22 19 14  8  3 -2 -5 -7 -6 -3  2  7 11 15 17 18 19 19 20 20 21 23 25 2726 130I72325 27999999999999999999999 7 8 -7999999999999999999999
 26 24 20 15  8  2 -3 -7 -9 -7 -4  2  7 12 16 18 18 18 18 18 19 20 23 2526 131I79999999999999999999999999999 8 6 -9999999999999999999999
 27 28 25 21 15  8  1 -5 -9-10 -8 -4  2  8 13 16 17 17 16 15 15 16 18 2126 2 1I7 032 281621 1799999999999999 857-101932 1599999999999999
 25 27 27 25 20 14  6 -1 -6-10-10 -8 -2  4 10 14 16 16 14 13 12 12 13 1526 2 2I7 132 281634 1699999999999999 943-102033 1299999999999999
 19 23 26 26 23 18 11  4 -3 -7-10 -9 -6  0  7 11 14 15 13 11  9  8  8  926 2 3I7 228 261653 15999999999999991024-102136  899999999999999
 12 17 21 23 23 20 15  8  2 -4 -7 -8 -7 -2  4  9 12 14 13 11  8  6  5  526 2 4I7 320 241713 149999999999999911 1 -82237  599999999999999
  6 10 14 18 20 19 16 11  6  0 -3 -5 -5 -3  2  8 11 13 13 12  8  5  3  226 2 5I7 411 201734 14999999999999991132 -62333  299999999999999
  2  4  8 12 15 16 15 12  8  4  0 -1 -2 -1  3  7 11 13 14 13 10  7  4  226 2 6I7 5 3 161753 14999999999999991155 -2999999999999999999999
  1  1  3  6  9 11 12 11  9  6  4  2  2  2  4  8 11 13 14 14 12  9  5  326 2 7I7 6 0 1218 9 1499999999999999 025  112 3  299999999999999
  1  0  0  2  5  7  9  9  9  8  6  5  5  6  7  9 12 14 15 15 14 11  8  526 2 8I7 7 8  91821 1599999999999999 116  01134  599999999999999
  3  1  0  0  2  4  5  7  8  8  7  7  8  9 10 12 14 15 16 16 16 14 11  826 2 9I71832 17999999999999999999999 211  0999999999999999999999
  5  3  1  0  1  2  3  4  6  7  8  9 10 11 12 14 15 17 18 18 17 16 14 1126 210I71849 18999999999999999999999 316  0999999999999999999999
  8  6  3  1  0  0  1  2  4  6  7  9 11 12 14 15 16 17 18 19 19 18 17 1426 211I71923 19999999999999999999999 439  0999999999999999999999
 12  9  6  3  1  0 -1  0  1  3  6  9 11 13 14 15 16 17 18 19 19 19 19 1726 212I72035 19999999999999999999999 556 -1999999999999999999999
 15 12  9  6  3  0 -2 -2 -1  1  4  7 10 12 14 15 16 16 17 18 18 19 19 1926 213I72216 19999999999999999999999 651 -2999999999999999999999
 18 16 13  9  5  1 -2 -4 -4 -2  1  4  8 11 13 14 15 15 15 15 16 17 19 2026 214I72335 20999999999999999999999 736 -4999999999999999999999
 20 18 16 12  8  3 -1 -4 -6 -5 -3  1  5  9 11 13 14 13 13 13 13 14 16 1826 215I716 3 14999999999999999999999 815 -61845 1399999999999999
 20 20 18 15 11  5  0 -4 -7 -8 -6 -3  2  6 10 11 12 12 10 10  9 10 12 1526 216I7 034 2016 1 1299999999999999 852 -81935  999999999999999
 18 20 19 17 13  8  2 -3 -7 -9 -9 -6 -1  4  8 10 11 10  9  7  6  6  7 1026 217I7 124 2016 7 1199999999999999 926 -92022  699999999999999
 14 17 19 18 16 11  5 -1 -5 -8-10 -8 -4  1  6  9 10 10  8  5  3  2  3  526 218I7 211 191617 1099999999999999 959-102110  299999999999999
  8 13 17 18 17 14  9  3 -3 -7 -9 -8 -6 -1  5  8 10 10  8  5  2  0 -1  026 219I7 258 181628 10999999999999991030 -922 0 -199999999999999
  3  7 12 16 16 15 11  6  1 -3 -6 -7 -5 -2  4  8 11 11 10  7  2 -1 -3 -326 220I7 348 161642 11999999999999991059 -72253 -399999999999999
 -2  1  6 11 14 14 13 10  5  1 -2 -3 -3 -1  4  9 12 13 12  9  5  0 -3 -526 221I7 443 1417 0 13999999999999991125 -32348 -599999999999999
 -5 -4  0  5 10 12 12 11  8  5  2  1  1  2  5  9 13 14 14 12  9  4 -1 -426 222I7 548 121722 15999999999999991141  1999999999999999999999
 -5 -6 -4 -1  4  7 10 10 10  8  6  5  5  6  8 10 14 16 17 15 13  9  4  026 223I7 7 6 101750 1799999999999999 046 -61128  599999999999999
 -3 -5 -6 -5 -2  2  5  7  9  9  9  8  9 10 11 12 15 17 18 18 17 14  9  526 224I71825 18999999999999999999999 151 -6999999999999999999999
  1 -2 -5 -6 -5 -3  0  3  5  8  9 10 11 12 13 14 16 17 19 19 19 18 15 1126 225I71916 19999999999999999999999 3 7 -6999999999999999999999
  6  2 -1 -4 -6 -6 -5 -3  1  4  7  9 11 13 14 15 16 17 18 19 20 20 19 1626 226I72036 20999999999999999999999 437 -7999999999999999999999
 12  8  4 -1 -4 -7 -8 -7 -4 -1  3  7 10 12 14 15 15 16 16 17 18 19 20 2026 227I72211 20999999999999999999999 6 1 -8999999999999999999999
 17 14 10  5 -1 -5 -8 -9 -8 -6 -1  4  8 11 13 14 14 13 13 14 15 16 18 2026 228I72332 20999999999999999999999 7 6 -9999999999999999999999
 20 18 15 10  4 -1 -6 -9-10 -9 -5  0  5  9 11 12 12 11 10 10 10 11 14 1726 3 1I71522 12999999999999999999999 759-1119 8 1099999999999999
 20 20 18 14  9  3 -3 -7-10-11 -9 -4  2  7 10 11 11  9  7  6  6  6  8 1226 3 2I7 038 201524 1199999999999999 843-1120 4  699999999999999
 16 19 19 17 13  7  1 -4 -8-10-10 -6 -1  5  8 10 10  9  6  3  2  2  2  526 3 3I7 137 191535 1199999999999999 922-102055  299999999999999
 10 15 17 17 15 11  5 -1 -5 -8 -9 -7 -3  3  8 10 11  9  6  3  0 -2 -2  026 3 4I7 233 181550 1199999999999999 955 -92144 -299999999999999
  4  9 13 15 15 13  8  3 -2 -5 -6 -6 -3  2  7 10 11 10  8  3  0 -3 -4 -426 3 5I7 327 1516 6 11999999999999991025 -62228 -599999999999999
 -2  3  8 11 13 13 10  6  2 -1 -3 -3 -2  2  7 10 12 12 10  6  1 -3 -5 -626 3 6I7 420 131622 12999999999999991047 -32310 -699999999999999
 -5 -2  3  7 10 11 10  8  5  2  1  0  1  3  7 11 13 13 11  8  4 -1 -4 -526 3 7I7 514 111636 13999999999999991059  02350 -699999999999999
 -6 -5 -1  3  6  8  9  9  7  5  4  4  4  6  9 12 14 14 13 11  7  2 -1 -426 3 8I7 6 9  91648 14999999999999991044  4999999999999999999999
 -5 -5 -3  0  3  6  7  8  8  7  6  6  7  8 10 13 15 15 15 13 10  6  2 -126 3 9I7 711  81659 1599999999999999 031 -51016  699999999999999
 -3 -4 -4 -2  1  3  5  6  7  7  8  8  9 10 12 14 16 16 16 15 12  9  6  226 310I71712 16999999999999999999999 116 -4999999999999999999999
  0 -2 -3 -2 -1  1  2  4  6  7  8  9 10 12 13 14 16 17 17 16 14 12  9  626 311I71731 17999999999999999999999 211 -3999999999999999999999
  3  1 -1 -2 -2 -1  0  2  4  6  7  9 10 12 13 14 15 16 16 16 15 14 12  926 312I718 1 16999999999999999999999 327 -2999999999999999999999
  6  4  1 -1 -2 -3 -2 -1  1  3  6  8 10 11 13 14 14 15 15 15 15 15 14 1226 313I719 7 15999999999999999999999 5 1 -3999999999999999999999
  9  7  4  1 -2 -3 -4 -4 -2  0  3  6  8 10 12 12 12 12 13 13 13 14 14 1326 314I72149 14999999999999999999999 611 -4999999999999999999999
 12  9  6  3  0 -3 -5 -6 -5 -3  0  4  7  9 10 11 10 10 10 10 10 12 13 1426 315I715 5 112319 1499999999999999 7 1 -61810 1099999999999999
 13 12  9  6  2 -2 -5 -7 -8 -6 -3  1  5  7  9  9  9  7  6  6  6  8 10 1226 316I71452  9999999999999999999999 741 -819 0  699999999999999
 14 14 12  9  5  0 -4 -7 -9 -8 -6 -1  3  6  8  8  8  6  4  2  2  3  5  926 317I7 022 141449  999999999999999 817 -91942  299999999999999
 12 14 14 11  8  3 -2 -6 -8 -9 -7 -3  2  6  8  9  7  5  2 -1 -2 -2  0  426 318I7 118 141451  999999999999999 850 -92025 -299999999999999
  9 12 14 14 11  7  2 -3 -6 -7 -7 -4  1  6  9 10  9  6  2 -2 -5 -6 -5 -226 319I7 213 141458 1099999999999999 923 -72110 -699999999999999
  3  9 13 14 13 11  6  2 -2 -4 -5 -4  0  6 10 11 11  8  4 -1 -6 -8 -9 -826 320I7 310 141513 1199999999999999 953 -52157 -999999999999999
 -3  3  9 12 14 13 10  6  2  0 -1 -1  1  6 11 13 14 12  8  2 -4 -8-10-1126 321I7 411 141534 14999999999999991022 -12247-1199999999999999
 -9 -4  3  8 12 13 13 10  7  4  3  3  4  7 12 15 16 15 12  7  1 -5 -9-1126 322I7 515 1316 0 16999999999999991043  32340-1199999999999999
-11 -9 -4  2  7 10 12 12 10  8  7  7  7  9 12 16 18 18 16 12  7  1 -4 -826 323I7 622 121631 18999999999999991038  7999999999999999999999
-10-11 -8 -4  1  6  9 11 11 10 10 10 11 11 13 16 19 20 19 17 13  7  2 -326 324I7 741 1117 6 2099999999999999 037-1110 7 1099999999999999
 -7 -9 -9 -7 -4  0  4  7  9 10 11 11 12 13 14 16 18 19 20 19 17 13  8  326 325I71750 20999999999999999999999 141-10999999999999999999999
 -1 -5 -7 -8 -7 -5 -2  2  5  8 10 11 13 14 15 15 16 18 19 19 18 17 13  926 326I71857 19999999999999999999999 258 -8999999999999999999999
  5  1 -3 -6 -8 -7 -6 -3  1  4  7 10 12 13 14 14 14 15 16 16 17 17 16 1426 327I72038 17999999999999999999999 427 -8999999999999999999999
 10  6  2 -2 -5 -7 -8 -7 -4  0  4  7 10 12 12 12 12 12 12 12 14 15 16 1626 328I71435 122219 1699999999999999 546 -81730 1299999999999999
 14 11  7  3 -2 -5 -7 -8 -6 -3  1  5  8 10 11 11 10  8  8  8  9 11 13 1526 329I71411 112339 1599999999999999 646 -81838  899999999999999
 15 14 11  7  3 -2 -5 -7 -7 -5 -1  3  7  9 10 10  8  6  4  3  3  5  8 1126 330I714 6 10999999999999999999999 733 -81928  399999999999999
 14 14 13 10  6  2 -2 -5 -6 -6 -3  2  6  9 10 10  8  5  2  0 -1  0  2  626 331I7 047 141412 1099999999999999 812 -62012 -199999999999999
 10 13 14 12  9  5  1 -2 -4 -5 -3  1  6  9 11 11  9  5  1 -2 -4 -4 -3  126 4 1I7 149 141423 1199999999999999 845 -52054 -499999999999999
  6 10 12 13 12  8  5  1 -1 -2 -1  1  6 10 12 12 11  7  3 -2 -5 -6 -6 -426 4 2I7 249 131438 1299999999999999 913 -22132 -799999999999999
  1  6 10 12 12 11  8  5  2  1  1  3  6 10 13 14 13 10  5  0 -4 -6 -8 -726 4 3I7 344 121454 1499999999999999 935  122 8 -899999999999999
 -3  2  7 10 12 12 10  8  5  4  4  5  7 11 14 16 15 13  9  3 -2 -5 -7 -826 4 4I7 436 121511 1699999999999999 947  42243 -899999999999999
 -6 -2  3  7 10 12 12 10  8  7  7  8  9 12 15 17 17 15 12  7  2 -3 -5 -726 4 5I7 525 121528 1799999999999999 942  72319 -799999999999999
 -6 -4  1  5  8 11 12 11 10  9  9 10 11 13 16 18 18 17 15 11  6  1 -3 -526 4 6I7 615 121545 1899999999999999 930  92356 -699999999999999
 -6 -4 -1  2  6  9 11 11 11 11 11 12 13 14 17 19 19 19 17 14  9  5  1 -226 4 7I716 3 199999999999999999999999999999999999999999999999999
 -4 -4 -2  0  3  6  8 10 11 11 12 13 14 15 17 18 19 19 18 16 12  8  4  126 4 8I71623 19999999999999999999999 039 -4999999999999999999999
 -1 -3 -3 -1  1  3  6  8  9 11 11 13 14 15 16 17 18 19 18 17 14 11  8  426 4 9I71648 19999999999999999999999 129 -3999999999999999999999
  2 -1 -2 -2 -1  1  3  5  7  9 10 12 13 14 15 16 16 17 17 16 15 13 10  726 410I71719 17999999999999999999999 233 -2999999999999999999999
  4  2  0 -2 -2 -2  0  2  4  7  9 11 12 13 14 14 14 14 14 14 14 13 12  926 411I71823 14999999999999999999999 351 -2999999999999999999999
  7  4  2 -1 -2 -3 -2 -1  1  4  7  9 11 12 12 12 11 11 11 11 12 12 12 1126 412I71359 122122 1299999999999999 5 4 -31720 1199999999999999
  9  7  4  1 -1 -3 -4 -3 -1  2  5  8 10 11 11 10  9  8  7  8  8 10 11 1226 413I71332 112259 1299999999999999 559 -41812  799999999999999
 11 10  7  4  1 -2 -3 -4 -3  0  4  7  9 10 10  9  7  5  4  3  4  6  9 1126 414I71318 10999999999999999999999 643 -41850  399999999999999
 13 12 10  8  4  1 -2 -3 -3 -1  3  7 10 11 11  9  6  3  0 -1 -1  1  4  926 415I7 012 131316 1199999999999999 722 -31930 -199999999999999
 12 14 13 12  9  5  2  0 -1  0  3  7 11 13 13 11  8  3 -1 -4 -5 -4 -1  426 416I7 119 141325 1399999999999999 759 -12012 -599999999999999
  9 13 15 15 13 10  6  4  2  2  4  8 12 15 16 14 11  6  0 -5 -7 -8 -7 -326 417I7 227 151345 1699999999999999 833  22057 -899999999999999
  4 10 14 16 16 15 11  8  6  6  6  9 13 17 19 19 16 11  4 -2 -7-10-11 -826 418I7 334 171411 1999999999999999 9 5  62146-1199999999999999
 -3  4 11 15 17 17 16 13 11 10 10 11 14 19 22 22 21 17 10  3 -4 -8-11-1126 419I7 437 181443 2399999999999999 930 102237-1299999999999999
 -8 -2  5 11 15 17 18 16 14 13 13 14 16 19 23 25 24 22 17 10  3 -4 -8-1126 420I7 539 181520 2599999999999999 937 132332-1199999999999999
-11 -8 -2  5 10 14 16 17 16 16 16 16 17 19 22 25 26 25 22 17 10  3 -2 -726 421I7 647 1716 1 2699999999999999 923 15999999999999999999999
 -9 -9 -6 -1  4  9 13 15 16 16 16 17 18 19 21 23 25 26 25 22 17 11  5 -126 422I71648 26999999999999999999999 030-10999999999999999999999
 -5 -7 -7 -5 -1  3  8 11 14 15 16 17 18 18 19 21 22 24 24 23 20 16 11  626 423I71747 24999999999999999999999 135 -7999999999999999999999
  2 -2 -5 -5 -4 -1  3  7 10 13 14 16 17 17 17 18 18 20 21 21 21 19 16 1226 424I719 5 21999999999999999999999 247 -5999999999999999999999
  7  3  0 -3 -4 -3 -1  3  7 10 13 14 15 16 15 15 15 15 16 17 18 18 17 1526 425I713 6 162045 1899999999999999 4 2 -41611 1599999999999999
 12  8  5  1 -1 -2 -2  1  4  8 11 13 14 14 14 13 11 11 10 11 13 15 16 1626 426I71242 142224 1699999999999999 5 8 -21737 1099999999999999
 14 12  9  5  3  0  0  0  3  6 10 13 14 14 13 11  9  7  6  6  7 10 12 1426 427I71237 142349 1599999999999999 6 2  01835  699999999999999
 15 14 12  9  6  4  2  2  3  6 10 13 15 15 14 12  9  6  4  2  3  5  8 1126 428I71243 15999999999999999999999 645  21922  299999999999999
 13 14 14 12 10  7  5  4  5  7 10 13 16 16 15 13 10  6  3  0 -1  0  3  726 429I7 1 6 141255 1699999999999999 720  420 2 -199999999999999
 11 14 15 14 13 10  9  7  7  8 11 14 17 18 18 16 12  7  3  0 -2 -2  0  426 430I7 214 151310 1899999999999999 747  72038 -299999999999999
  8 12 15 16 15 13 12 11 10 10 12 15 18 20 20 19 15 10  5  1 -2 -3 -2  126 5 1I7 312 161329 2199999999999999 8 5 102112 -399999999999999
  5 10 14 16 17 16 15 13 13 13 14 16 20 22 23 21 19 14  9  4  0 -3 -3 -126 5 2I7 4 2 171351 2399999999999999 814 132145 -399999999999999
  3  8 12 16 18 18 17 16 15 15 16 18 21 23 25 24 22 18 13  7  2 -1 -2 -226 5 3I7 448 181414 2599999999999999 819 152219 -399999999999999
  1  5 10 14 17 19 19 18 17 17 18 19 21 24 26 26 25 22 17 11  6  2 -1 -126 5 4I7 532 191439 2699999999999999 827 172255 -299999999999999
  0  3  8 12 15 18 19 19 18 18 19 20 22 24 26 27 26 24 20 15 10  5  2  026 5 5I7 620 1915 5 2799999999999999 832 182333  099999999999999
  0  2  5  9 13 16 18 19 19 19 19 20 21 23 25 27 27 25 23 19 14  9  5  226 5 6I71533 279999999999999999999999999999999999999999999999999
  1  1  3  7 10 13 16 17 18 18 19 20 21 22 24 25 26 25 23 20 16 12  8  526 5 7I716 4 26999999999999999999999 016  1999999999999999999999
  2  2  2  4  7 10 13 15 17 17 18 19 20 21 22 23 24 24 23 21 18 14 11  726 5 8I71639 24999999999999999999999 1 3  2999999999999999999999
  4  3  2  3  5  7 10 12 15 16 17 18 19 19 19 20 21 21 21 20 19 16 13 1026 5 9I71725 21999999999999999999999 155  2999999999999999999999
  7  4  3  3  3  5  7 10 13 15 16 17 17 17 17 17 17 18 18 18 18 17 15 1226 510I71853 18999999999999999999999 250  3999999999999999999999
  9  7  5  4  3  4  6  8 11 14 15 16 17 16 16 15 14 14 14 15 16 16 16 1426 511I71152 1721 1 1699999999999999 346  31644 1499999999999999
 12 10  8  6  5  4  5  7 10 13 16 17 17 16 15 13 11 10 10 11 13 15 16 1626 512I71136 172243 1699999999999999 438  41737 1099999999999999
 15 14 12  9  8  7  7  8 10 13 16 18 18 17 15 12  9  7  6  6  8 11 14 1726 513I71138 18999999999999999999999 525  61821  699999999999999
 18 17 16 14 12 10  9 10 11 14 18 20 21 20 17 14  9  6  3  2  3  6 10 1526 514I7 010 181153 2199999999999999 6 8  919 5  299999999999999
 18 20 20 19 17 15 13 13 14 16 19 23 25 24 22 18 12  7  2  0 -1  0  4 1026 515I7 135 201218 2599999999999999 648 131953 -199999999999999
 16 20 22 23 22 20 18 17 17 18 21 25 28 29 27 23 18 11  5  0 -3 -4 -1  426 516I7 251 231250 2999999999999999 724 172043 -499999999999999
 11 17 21 24 25 24 22 21 21 21 23 26 30 32 32 29 25 18 10  3 -2 -5 -5 -226 517I7 356 251328 3299999999999999 754 212136 -599999999999999
  4 11 18 22 25 26 25 24 23 24 24 26 30 33 35 34 31 25 18 10  3 -2 -5 -526 518I7 456 261412 3599999999999999 815 232231 -599999999999999
 -2  5 12 18 23 25 26 26 25 25 25 27 29 32 35 37 35 32 26 18 10  3 -1 -426 519I7 558 2615 0 3799999999999999 830 252327 -599999999999999
 -4  0  5 12 18 22 25 25 25 25 26 26 27 30 33 35 36 35 31 25 18 11  5  026 520I71553 369999999999999999999999999999999999999999999999999
 -2 -2  1  6 12 17 21 23 24 24 25 25 26 27 29 31 34 34 33 30 24 18 12  626 521I71651 34999999999999999999999 025 -3999999999999999999999
  2  0  0  3  7 12 17 20 22 23 23 24 24 24 25 26 28 30 31 30 27 23 18 1326 522I71755 31999999999999999999999 125  0999999999999999999999
  8  5  3  3  5  9 13 17 20 22 22 22 22 22 21 22 23 24 26 27 26 24 21 1726 523I71043 221911 2799999999999999 224  31423 2199999999999999
 13 10  7  6  6  8 11 15 18 21 22 22 21 21 19 18 18 18 20 21 22 23 22 2026 524I71042 222046 2399999999999999 321  61559 1899999999999999
 17 14 12 10  9  9 11 14 17 20 22 22 22 20 19 17 15 14 14 16 17 19 20 2026 525I71055 222229 2099999999999999 411  91716 1499999999999999
 19 17 16 14 13 12 13 15 18 20 23 24 23 22 19 16 14 12 11 11 13 15 17 1926 526I71110 24999999999999999999999 454 121816 1199999999999999
 20 19 19 17 16 16 16 17 19 21 24 25 25 24 21 18 14 11  9  8  9 11 14 1726 527I7 010 201126 2599999999999999 527 1619 3  899999999999999
 19 21 21 20 20 19 19 19 21 23 25 27 28 27 24 20 16 12  9  7  7  9 12 1526 528I7 145 211145 2899999999999999 546 191942  799999999999999
 19 21 22 23 22 22 22 22 23 25 27 29 30 30 27 24 19 15 11  8  6  7  9 1326 529I7 257 2312 7 3099999999999999 552 222017  699999999999999
 17 21 23 25 25 25 24 25 25 26 28 31 32 32 31 28 23 18 13 10  7  6  8 1126 530I71233 339999999999999999999992050  6999999999999999999999
 16 20 23 26 27 27 27 27 27 28 30 32 34 35 34 32 28 23 17 12  9  7  7 1026 531I713 3 359999999999999999999992124  7999999999999999999999
 14 18 23 26 28 28 28 28 28 29 30 32 34 36 36 35 32 27 21 16 11  8  7  826 6 1I71337 3699999999999999999999922 1  7999999999999999999999
 12 16 21 24 27 29 29 29 29 29 30 32 34 36 37 37 34 31 25 20 14 10  8  826 6 2I71413 379999999999999999999992239  8999999999999999999999
 10 13 18 22 25 28 29 29 28 29 29 31 33 35 37 37 36 33 29 23 18 13 10  826 6 3I71450 379999999999999999999992319  8999999999999999999999
  9 11 15 19 23 26 27 28 28 28 28 29 31 33 35 36 36 34 31 26 21 16 12  926 6 4I71528 369999999999999999999999999999999999999999999999999
  8  9 12 16 20 23 25 27 27 27 27 28 29 30 32 33 34 33 31 28 23 19 14 1126 6 5I716 7 34999999999999999999999 0 0  8999999999999999999999
  9  9 11 13 17 20 23 25 26 26 26 26 27 27 28 30 31 32 31 28 25 21 17 1326 6 6I71649 32999999999999999999999 040  9999999999999999999999
 11 10 10 12 15 18 21 23 25 25 25 25 25 25 25 26 27 28 29 28 26 23 19 1626 6 7I71744 29999999999999999999999 120 10999999999999999999999
 14 12 11 12 14 17 20 23 24 25 25 25 24 23 23 23 23 25 26 26 26 24 22 1926 6 8I7 934 2519 4 2699999999999999 2 0 111439 2399999999999999
 17 15 14 14 15 17 20 22 25 26 26 26 24 23 21 20 20 20 22 23 24 25 24 2326 6 9I7 943 262053 2599999999999999 239 131553 2099999999999999
 21 19 17 17 17 18 20 23 26 28 28 28 26 23 21 18 17 16 17 19 21 24 25 2526 610I7 958 282241 2599999999999999 318 171654 1699999999999999
 25 23 22 21 21 21 22 25 27 30 31 31 29 26 22 19 16 14 13 14 17 21 24 2626 611I71020 31999999999999999999999 4 0 211749 1399999999999999
 28 28 27 26 25 25 26 27 29 32 34 35 34 31 26 21 17 13 10 10 12 15 20 2526 612I7 031 281050 3599999999999999 442 251844 1099999999999999
 28 30 31 30 30 29 29 30 32 34 37 39 39 36 32 27 21 15 10  8  8 10 15 2026 613I7 2 9 311128 3999999999999999 525 291938  799999999999999
 26 30 32 34 33 33 32 33 34 35 38 41 43 42 39 34 27 20 14  9  6  6  9 1426 614I7 322 341213 4399999999999999 6 6 322034  599999999999999
 21 27 31 34 35 35 35 35 35 36 38 41 44 46 45 41 35 28 20 13  8  5  5  826 615I7 421 3513 5 4699999999999999 645 352130  499999999999999
 14 21 27 32 35 36 36 35 35 36 37 40 43 46 47 46 42 36 28 20 13  7  5  526 616I7 514 3614 0 4799999999999999 726 352226  499999999999999
  9 15 22 28 32 35 35 35 35 35 36 37 40 43 46 47 46 42 36 28 20 13  8  526 617I7 6 2 351458 4799999999999999 813 352321  599999999999999
  6 10 16 22 28 32 34 34 34 33 33 34 35 38 42 45 46 44 40 34 27 20 14  926 618I7 645 341555 4699999999999999 911 33999999999999999999999
  7  8 12 18 24 28 31 33 33 32 31 31 32 33 35 39 41 42 41 37 32 26 20 1526 619I7 725 331654 4299999999999999 014  71046 3199999999999999
 12 10 11 15 20 25 29 31 32 31 30 29 29 29 30 32 35 37 38 37 34 30 25 2026 620I7 8 0 321757 3899999999999999 1 3 101246 2999999999999999
 17 14 14 15 19 23 27 30 31 31 30 29 28 26 26 26 28 30 32 33 33 31 28 2526 621I7 833 311912 3399999999999999 148 141411 2699999999999999
 22 19 18 18 20 23 26 29 31 32 31 30 28 26 24 23 23 24 26 28 29 29 29 2726 622I7 9 2 322047 2999999999999999 228 181528 2399999999999999
 25 24 23 22 23 25 27 30 32 33 33 32 30 27 25 22 21 21 22 23 25 27 28 2826 623I7 927 332242 2899999999999999 259 221643 2199999999999999
 28 27 26 26 26 27 29 31 33 35 35 34 32 30 26 23 21 19 19 20 22 24 26 2826 624I7 951 35999999999999999999999 3 9 261748 1999999999999999
 29 29 29 30 30 30 32 33 35 37 37 37 35 33 29 26 22 20 18 18 19 22 25 2726 625I71014 379999999999999999999991838 18999999999999999999999
 29 31 32 32 33 33 34 35 37 38 40 40 39 36 33 29 25 22 19 18 18 20 23 2626 626I71041 409999999999999999999991918 18999999999999999999999
 29 32 33 34 35 35 36 37 38 40 41 42 42 40 37 33 29 24 21 18 18 19 21 2526 627I71114 429999999999999999999991955 18999999999999999999999
 29 32 34 36 37 37 37 38 39 41 42 44 44 43 41 37 33 28 23 20 18 18 20 2326 628I71153 449999999999999999999992032 18999999999999999999999
 27 31 34 37 38 38 38 38 39 41 42 44 45 46 44 41 37 32 26 22 19 17 18 2126 629I71237 4699999999999999999999921 9 17999999999999999999999
 25 29 33 36 38 38 38 38 39 40 41 43 45 47 46 44 41 36 30 25 20 18 17 1926 630I71322 479999999999999999999992148 17999999999999999999999
 22 26 31 34 37 38 38 37 37 38 39 41 44 46 47 46 43 39 33 28 22 19 17 1726 7 1I714 6 479999999999999999999992227 17999999999999999999999
 19 23 28 32 35 36 37 37 36 36 37 39 41 43 45 46 44 41 36 31 25 20 17 1626 7 2I7 555 371447 4699999999999999 819 3623 4 1699999999999999
 17 20 25 29 33 35 36 36 35 35 35 36 37 40 42 44 44 42 38 33 28 23 19 1726 7 3I7 621 361528 4499999999999999 9 6 352340 1699999999999999
 17 18 22 26 30 33 35 35 34 33 33 33 34 36 38 40 42 41 39 35 30 25 21 1926 7 4I7 647 3516 9 429999999999999910 1 33999999999999999999999
 17 18 20 24 28 32 34 34 34 33 32 32 32 32 34 36 38 39 38 36 32 28 24 2126 7 5I7 710 341655 3999999999999999 013 171120 3299999999999999
 19 19 20 24 27 31 33 34 34 33 32 31 30 30 30 32 34 36 37 36 34 31 27 2426 7 6I7 732 351752 3799999999999999 044 191254 3099999999999999
 23 22 22 24 27 31 33 35 36 35 33 31 29 28 28 28 30 32 34 35 34 33 31 2826 7 7I7 752 361915 3599999999999999 112 2214 7 2899999999999999
 27 26 26 27 29 32 35 37 37 37 35 33 30 28 26 26 26 27 30 32 33 34 34 3226 7 8I7 813 3821 3 3499999999999999 137 261514 2599999999999999
 31 30 30 30 32 34 36 38 40 40 39 36 33 30 27 24 23 23 25 28 31 33 35 3526 7 9I7 841 402311 3599999999999999 156 301621 2399999999999999
 35 35 34 35 35 36 38 41 43 44 43 41 38 34 29 26 23 21 21 23 26 30 33 3626 710I7 917 44999999999999999999999 2 6 341728 2199999999999999
 37 38 38 39 39 40 41 42 45 46 47 46 44 40 34 29 24 21 19 19 21 25 29 3426 711I710 3 479999999999999999999991832 18999999999999999999999
 37 40 41 41 42 42 43 44 45 48 50 51 49 46 41 35 29 23 19 17 16 19 23 2926 712I71058 519999999999999999999991933 16999999999999999999999
 34 38 41 43 43 43 43 44 45 47 50 52 53 52 48 43 36 29 22 17 15 15 18 2326 713I71159 539999999999999999999992031 14999999999999999999999
 29 35 39 42 43 43 43 43 44 45 48 51 54 55 54 50 44 36 28 22 16 14 14 1726 714I713 0 559999999999999999999992126 13999999999999999999999
 23 30 36 40 42 43 42 42 42 42 44 47 50 54 55 54 50 44 36 28 21 16 14 1426 715I7 458 4314 1 5599999999999999 730 422219 1399999999999999
 18 25 31 36 40 41 41 40 39 39 40 41 45 49 53 54 52 48 42 34 27 21 16 1526 716I7 523 411458 5499999999999999 835 3923 7 1599999999999999
 16 21 27 33 37 40 40 39 38 36 36 37 38 42 46 50 51 50 46 40 33 26 21 1826 717I7 550 401555 5199999999999999 952 362351 1799999999999999
 17 19 24 30 35 38 39 39 37 35 34 33 33 35 39 43 46 47 46 42 37 31 27 2326 718I7 617 401654 47999999999999991123 33999999999999999999999
 21 21 24 29 33 37 39 39 38 36 33 32 31 31 32 36 39 41 42 41 39 35 31 2826 719I7 645 391759 4299999999999999 030 211236 3199999999999999
 26 25 26 29 33 37 39 40 39 37 35 32 31 29 29 30 33 36 37 38 38 36 34 3226 720I7 712 401915 3899999999999999 1 3 251342 2999999999999999
 30 30 30 31 34 37 40 41 41 40 37 35 32 30 28 28 29 31 33 34 35 36 35 3426 721I7 737 412050 3699999999999999 125 291449 2899999999999999
 34 34 34 35 36 39 41 42 43 42 40 38 35 32 29 28 27 28 29 31 33 34 35 3626 722I7 8 2 43999999999999999999999 1 7 3416 0 2799999999999999
 36 37 37 38 39 41 42 44 44 44 43 41 38 35 32 29 28 27 27 28 30 33 35 3726 723I7 827 449999999999999999999991711 27999999999999999999999
 38 39 40 41 42 43 44 45 46 46 46 44 42 39 35 32 29 27 27 27 29 31 34 3626 724I7 859 4699999999999999999999918 9 26999999999999999999999
 39 40 41 43 43 44 45 46 47 48 48 47 45 42 39 35 32 29 27 26 27 29 32 3526 725I7 942 489999999999999999999991855 26999999999999999999999
 38 41 42 44 44 45 46 47 48 49 50 50 49 46 43 39 35 31 28 26 26 27 30 3426 726I71036 509999999999999999999991937 26999999999999999999999
 37 40 42 44 45 45 45 46 47 48 50 51 51 49 47 43 38 34 29 26 25 25 28 3126 727I71133 519999999999999999999992016 25999999999999999999999
 35 39 42 43 44 44 44 45 45 47 48 50 51 51 50 46 42 37 32 27 25 24 25 2826 728I71227 529999999999999999999992055 24999999999999999999999
 32 37 40 42 43 43 43 43 43 44 46 48 50 52 51 49 45 40 34 29 25 23 23 2526 729I7 436 431316 5299999999999999 659 432133 2399999999999999
 29 34 38 40 42 42 42 41 41 41 42 45 47 50 51 50 47 43 37 31 26 23 22 2326 730I7 445 4214 0 5199999999999999 748 4122 8 2299999999999999
 26 31 35 39 41 41 41 39 38 38 39 41 43 47 49 50 48 44 40 34 28 25 22 2226 731I7 5 0 411443 5099999999999999 837 382241 2299999999999999
 24 28 33 37 39 40 40 39 37 36 36 37 39 42 46 48 47 45 42 37 31 27 24 2326 8 1I7 516 401525 4899999999999999 928 362311 2399999999999999
 23 26 31 36 39 40 40 39 37 35 34 34 35 37 41 44 46 45 43 39 34 30 27 2526 8 2I7 533 401610 46999999999999991028 342339 2599999999999999
 25 26 30 35 38 40 41 40 37 35 33 32 32 33 36 40 43 44 43 41 37 33 30 2826 8 3I7 549 4117 2 44999999999999991135 32999999999999999999999
 28 28 31 35 39 41 42 41 39 36 34 32 31 30 32 35 38 41 42 41 39 37 34 3226 8 4I7 6 6 421810 4299999999999999 0 3 281239 3099999999999999
 32 32 33 36 39 42 44 44 42 39 36 33 31 29 29 31 33 36 39 40 40 39 38 3626 8 5I7 628 441942 4099999999999999 019 321342 2999999999999999
 36 36 37 38 41 44 46 46 45 43 40 36 33 30 29 28 29 32 34 37 39 40 40 4026 8 6I7 657 46999999999999999999999 016 361448 2899999999999999
 40 40 40 41 43 45 47 48 49 47 45 41 37 33 30 28 27 27 30 32 35 38 40 4126 8 7I7 736 4999999999999999999999916 3 27999999999999999999999
 42 43 44 44 45 47 48 50 51 51 50 47 42 38 34 30 27 25 25 27 31 34 38 4126 8 8I7 830 519999999999999999999991721 25999999999999999999999
 43 44 45 46 47 48 49 50 52 53 53 52 49 44 39 34 29 25 23 23 25 29 34 3826 8 9I7 938 539999999999999999999991831 23999999999999999999999
 42 44 46 47 47 48 48 49 51 53 55 55 54 51 46 40 34 28 24 21 21 24 28 3426 810I71052 559999999999999999999991932 21999999999999999999999
 39 42 45 46 46 46 46 47 48 50 53 55 56 55 52 47 40 33 27 22 20 20 23 2826 811I712 1 569999999999999999999992027 20999999999999999999999
 34 39 43 45 45 45 44 44 44 46 48 52 55 57 56 52 46 39 32 26 21 19 20 2426 812I7 355 4513 4 5799999999999999 649 442116 1999999999999999
 30 36 40 43 44 43 42 41 40 41 42 46 50 54 56 55 51 45 38 31 25 21 20 2126 813I7 4 6 4414 2 5699999999999999 753 4022 1 2099999999999999
 26 32 38 41 43 43 41 39 37 36 37 39 43 48 52 53 52 49 43 36 30 25 22 2226 814I7 424 431459 5399999999999999 9 1 362241 2299999999999999
 24 30 36 40 42 43 41 38 36 34 33 34 36 41 46 49 50 49 46 40 34 30 26 2526 815I7 445 431557 50999999999999991012 332317 2599999999999999
 25 29 34 39 42 43 43 40 36 33 31 31 31 34 38 43 46 47 46 42 38 34 31 2926 816I7 5 8 431658 47999999999999991115 302346 2999999999999999
 29 30 34 39 42 44 44 42 38 35 32 30 29 30 33 37 40 42 43 42 40 37 35 3426 817I7 529 4418 4 43999999999999991211 29999999999999999999999
 33 34 36 39 43 45 45 44 41 38 34 32 30 29 29 32 35 38 40 41 40 39 38 3726 818I7 550 451917 4199999999999999 0 6 3313 5 292345 379999999
 37 37 39 41 44 46 46 46 44 41 37 34 32 30 29 30 32 34 36 38 39 40 39 3926 819I7 6 8 4699999999999999999999914 1 29999999999999999999999
 40 41 42 43 45 47 47 47 46 44 41 38 35 33 31 30 30 32 33 35 37 39 40 4126 820I7 625 4799999999999999999999915 6 30999999999999999999999
 42 43 44 45 46 48 48 49 48 47 44 42 39 36 33 31 30 31 31 33 35 38 40 4126 821I7 648 499999999999999999999991623 30999999999999999999999
 43 44 45 46 47 48 49 49 49 49 47 45 42 39 36 34 31 30 30 31 33 36 38 4126 822I7 728 499999999999999999999991736 30999999999999999999999
 43 45 46 47 47 48 49 49 50 50 49 48 46 43 39 36 33 31 29 29 31 33 36 3926 823I7 845 509999999999999999999991831 29999999999999999999999
 42 44 45 46 47 47 47 48 49 50 50 50 48 46 43 39 35 32 29 28 28 30 33 3726 824I71013 509999999999999999999991916 28999999999999999999999
 40 43 44 45 45 45 45 46 47 48 49 50 50 48 46 42 38 33 29 27 26 27 30 3426 825I71123 509999999999999999999991955 26999999999999999999999
 38 41 43 44 44 43 43 43 44 45 47 49 50 50 48 45 40 35 31 27 25 25 27 3126 826I7 331 441219 5099999999999999 625 432032 2599999999999999
 35 39 41 43 43 42 41 40 40 41 43 46 49 50 49 47 43 38 33 28 25 24 25 2826 827I7 333 4313 8 5099999999999999 713 4021 5 2499999999999999
 33 37 40 41 42 41 39 37 37 37 39 42 45 48 49 48 45 40 35 30 26 24 24 2626 828I7 339 421354 4999999999999999 8 0 372137 2499999999999999
 30 35 39 41 41 40 38 35 34 34 34 37 40 45 47 48 46 43 38 33 29 26 25 2626 829I7 348 411439 4899999999999999 847 3322 6 2599999999999999
 29 34 38 41 42 41 38 35 32 31 31 32 35 40 44 46 46 45 41 36 32 29 27 2726 830I7 358 421528 4799999999999999 938 312234 2799999999999999
 29 33 38 41 43 42 40 36 33 30 29 29 30 34 39 43 45 45 43 40 35 32 30 3026 831I7 411 431622 45999999999999991031 292258 3099999999999999
 31 34 38 42 44 44 42 39 35 31 28 27 27 30 34 39 42 44 44 42 39 36 34 3426 9 1I7 428 441727 44999999999999991125 272313 3499999999999999
 34 35 39 43 45 46 45 43 38 34 30 28 26 27 29 33 38 41 42 42 41 39 38 3726 9 2I7 451 461843 42999999999999991222 2623 2 3799999999999999
 38 39 41 44 47 48 48 46 43 38 34 30 28 26 27 29 32 36 39 41 41 41 41 4126 9 3I7 520 482016 41999999999999991323 262239 4099999999999999
 41 42 43 45 47 49 50 49 47 43 39 35 31 28 26 26 28 31 34 37 39 41 42 4226 9 4I7 557 509999999999999999999991434 26999999999999999999999
 43 44 45 46 48 49 51 51 50 48 44 40 36 32 29 26 26 26 29 32 35 38 40 4226 9 5I7 648 519999999999999999999991557 26999999999999999999999
 44 45 46 47 48 49 50 51 51 51 49 46 42 37 33 29 26 24 25 26 30 34 37 4026 9 6I7 8 6 519999999999999999999991721 24999999999999999999999
 43 44 46 46 46 47 48 49 50 51 52 50 47 43 38 33 28 25 23 23 25 29 33 3726 9 7I7 938 529999999999999999999991829 22999999999999999999999
 41 43 44 45 45 44 45 45 47 49 51 52 51 48 44 38 33 27 23 21 22 24 29 3426 9 8I711 0 529999999999999999999991925 21999999999999999999999
 38 41 43 43 42 41 41 41 42 44 47 50 52 51 48 43 38 32 26 23 21 22 25 3026 9 9I7 248 4312 8 5299999999999999 620 412012 2199999999999999
 36 39 41 42 41 39 37 37 37 38 41 46 49 51 50 47 42 36 30 25 22 21 23 2826 910I7 249 4213 9 5199999999999999 719 362054 2199999999999999
 33 38 41 41 41 38 35 33 32 33 35 39 44 48 49 49 46 41 35 29 26 23 23 2626 911I7 259 4114 8 4999999999999999 817 322131 2399999999999999
 31 37 40 42 41 39 35 32 29 28 29 32 37 42 46 47 46 44 39 34 30 27 26 2726 912I7 315 4215 7 4799999999999999 913 2822 4 2699999999999999
 31 36 40 42 42 41 37 32 29 27 26 27 30 36 41 44 45 44 41 37 33 31 30 3026 913I7 333 4316 8 459999999999999910 5 262232 2999999999999999
 32 36 40 43 44 43 40 35 30 27 25 24 26 30 35 39 42 43 42 40 37 34 33 3326 914I7 352 4417 8 43999999999999991053 242250 3399999999999999
 34 37 41 44 45 44 42 38 33 29 26 25 24 26 30 35 38 40 41 41 39 37 37 3626 915I7 411 4518 8 41999999999999991138 242236 3699999999999999
 37 39 42 44 46 46 44 41 37 33 29 27 25 26 28 31 34 37 39 40 40 39 39 3926 916I7 428 461915 40999999999999991224 252153 3999999999999999
 40 41 43 45 47 47 46 44 41 36 33 30 28 27 27 29 32 34 36 38 39 40 40 4126 917I7 444 479999999999999999999991312 27999999999999999999999
 42 43 44 46 47 47 47 46 43 40 36 33 31 29 28 28 30 32 34 36 38 39 40 4126 918I7 459 479999999999999999999991410 28999999999999999999999
 42 44 45 46 47 47 47 46 45 43 40 37 34 31 30 29 29 30 31 33 35 37 39 4126 919I7 518 479999999999999999999991525 29999999999999999999999
 42 43 44 45 46 46 47 46 46 44 42 40 37 34 32 30 28 28 29 30 32 35 37 4026 920I7 552 479999999999999999999991651 28999999999999999999999
 41 43 43 44 44 45 45 45 45 45 44 42 40 37 34 31 29 27 27 27 29 32 35 3826 921I7 748 459999999999999999999991754 27999999999999999999999
 40 41 42 42 42 42 42 43 43 44 44 43 42 39 36 33 30 27 25 25 26 29 32 3526 922I7 952 449999999999999999999991841 25999999999999999999999
 38 40 40 40 40 39 39 39 40 41 43 44 43 41 39 35 31 28 25 24 24 26 29 3326 923I7 223 4011 9 4499999999999999 555 391919 2499999999999999
 36 38 39 39 38 36 35 35 36 38 40 42 43 43 41 37 33 29 26 24 23 24 27 3126 924I7 216 3912 8 4399999999999999 639 351953 2399999999999999
 35 37 38 38 36 34 32 31 32 33 36 39 42 43 42 40 36 32 28 25 23 23 26 3026 925I7 215 3813 1 4399999999999999 720 312025 2399999999999999
 34 37 38 38 36 33 30 28 27 28 31 35 39 42 43 42 39 35 31 27 25 24 25 2926 926I7 217 381353 4399999999999999 8 1 272055 2499999999999999
 33 37 39 39 37 34 30 26 24 24 25 29 34 39 42 43 41 39 34 30 28 27 27 2926 927I7 225 391448 4399999999999999 844 242123 2699999999999999
 33 38 40 41 39 36 31 27 23 22 22 24 29 35 39 42 42 41 38 34 31 30 29 3026 928I7 240 411547 4399999999999999 930 212149 2999999999999999
 34 38 42 43 42 39 35 29 24 21 20 20 23 29 35 39 41 42 41 38 35 33 33 3326 929I7 3 2 431650 42999999999999991020 2022 6 3399999999999999
 35 39 43 45 45 43 39 34 28 23 20 19 20 23 29 34 38 40 41 40 38 37 36 3626 930I7 329 451756 41999999999999991112 1922 2 3699999999999999
 37 39 43 46 47 46 44 39 33 27 23 20 19 20 23 28 33 37 39 40 40 39 38 392610 1I7 4 1 471910 409999999999999912 9 192148 3899999999999999
 40 41 43 46 48 48 47 44 39 33 28 24 21 20 20 23 27 31 34 37 39 39 39 402610 2I7 438 489999999999999999999991313 20999999999999999999999
 41 42 43 45 47 48 48 47 44 39 34 29 25 22 20 21 23 26 29 32 35 37 39 402610 3I7 524 489999999999999999999991426 20999999999999999999999
 41 42 43 44 45 46 47 47 46 43 40 35 31 27 23 21 20 21 24 27 31 34 36 382610 4I7 632 479999999999999999999991551 20999999999999999999999
 40 41 41 42 42 43 44 45 45 45 43 40 36 32 28 24 21 20 20 23 26 30 34 362610 5I7 810 459999999999999999999991710 20999999999999999999999
 38 39 39 39 39 39 39 41 42 44 44 43 40 37 32 28 24 21 19 20 22 26 31 342610 6I7 2 0 39 948 4499999999999999 436 391812 1999999999999999
 36 37 37 37 36 35 34 35 37 39 42 43 42 40 37 32 27 23 21 19 21 24 28 322610 7I7 134 381110 4399999999999999 550 3419 1 1999999999999999
 35 36 36 35 33 31 30 30 31 33 37 40 42 42 39 36 31 27 23 21 21 22 26 312610 8I7 128 371219 4299999999999999 645 301943 2199999999999999
 35 36 36 35 32 29 27 25 25 27 31 35 39 41 41 39 35 31 27 24 23 23 26 302610 9I7 134 371323 4199999999999999 735 252019 2399999999999999
 34 37 37 36 33 29 25 23 21 22 24 29 34 38 40 40 38 34 30 27 26 25 27 30261010I7 147 371426 4099999999999999 821 212050 2599999999999999
 34 38 39 38 35 31 26 22 20 19 20 23 29 34 37 39 39 37 34 31 29 28 29 31261011I7 2 4 391526 3999999999999999 9 5 192116 2899999999999999
 35 38 40 40 38 34 29 24 20 18 18 19 24 29 34 37 39 38 36 34 32 31 31 32261012I7 224 401622 3999999999999999 947 182131 3199999999999999
 35 39 41 42 41 37 33 27 22 19 18 18 20 25 30 34 37 38 38 36 35 34 34 35261013I7 246 421714 38999999999999991026 172126 3499999999999999
 36 39 42 43 43 40 36 31 26 22 19 18 19 22 27 31 34 37 38 37 36 36 36 36261014I7 3 7 4318 7 389999999999999911 6 182111 3699999999999999
 38 40 42 44 44 42 39 35 30 25 22 20 20 21 24 28 31 34 36 37 37 37 37 38261015I7 328 449999999999999999999991146 20999999999999999999999
 39 40 42 44 44 43 41 38 33 29 25 23 21 21 23 25 28 31 34 35 36 36 37 38261016I7 349 449999999999999999999991231 21999999999999999999999
 39 40 41 43 43 43 42 39 36 32 28 25 23 22 22 24 26 28 30 33 34 35 36 37261017I7 410 439999999999999999999991323 22999999999999999999999
 38 39 40 41 42 42 41 40 38 35 31 28 26 24 22 22 23 25 27 29 32 33 35 36261018I7 435 429999999999999999999991427 22999999999999999999999
 37 38 38 39 39 40 40 39 38 36 33 31 28 25 23 22 22 23 24 26 29 31 33 34261019I7 510 409999999999999999999991543 22999999999999999999999
 35 36 36 36 36 37 37 37 37 36 34 32 30 27 25 23 21 21 22 23 26 28 31 33261020I7 658 379999999999999999999991650 21999999999999999999999
 34 34 34 34 33 33 33 33 34 35 34 33 32 29 27 24 22 20 20 21 23 26 29 31261021I7 113 34 921 3599999999999999 511 331741 2099999999999999
 33 33 32 31 30 29 29 29 30 32 33 34 33 31 29 26 23 21 20 20 22 25 28 31261022I7 056 331051 3499999999999999 555 291822 2099999999999999
 32 32 32 30 28 26 25 25 26 28 31 33 34 33 32 29 26 23 21 21 22 24 27 31261023I7 046 3212 0 3499999999999999 631 251858 2199999999999999
 33 33 32 30 27 24 21 21 21 23 27 31 34 35 34 32 29 26 24 23 23 24 27 31261024I7 045 3313 4 3599999999999999 7 8 211931 2299999999999999
 34 35 34 31 27 23 19 17 17 18 22 27 32 35 36 35 33 30 27 25 25 25 28 32261025I7 055 3514 8 3699999999999999 748 1720 2 2599999999999999
 35 37 36 34 30 25 20 16 14 14 16 21 27 33 36 37 36 34 31 29 28 28 29 32261026I7 114 371511 3799999999999999 831 142030 2899999999999999
 36 39 40 38 34 29 22 17 13 11 12 15 21 28 33 36 38 37 35 32 31 31 31 33261027I7 141 401611 3899999999999999 918 112052 3199999999999999
 37 41 43 42 39 34 28 21 15 12 10 11 15 22 28 33 36 38 37 35 34 33 33 34261028I7 214 431711 389999999999999910 9 1021 3 3399999999999999
 37 41 44 45 43 40 34 27 20 15 11 10 11 16 22 28 32 35 37 36 35 35 35 36261029I7 251 451814 379999999999999911 3 1021 4 3599999999999999
 37 40 43 45 45 43 39 33 26 20 15 12 10 12 16 21 26 31 34 35 35 35 35 36261030I7 333 4699999999999999999999912 2 10999999999999999999999
 37 38 41 43 45 45 43 39 33 27 21 16 13 11 13 16 20 25 29 31 33 34 34 35261031I7 422 4599999999999999999999913 5 11999999999999999999999
 36 37 38 40 42 43 43 41 37 32 27 22 18 14 13 13 16 19 23 27 30 32 33 342611 1I7 522 439999999999999999999991415 13999999999999999999999
 34 35 35 36 37 38 40 40 38 36 32 27 23 19 16 14 14 16 19 22 26 29 31 322611 2I7 639 409999999999999999999991529 14999999999999999999999
 32 32 32 32 32 33 34 35 36 36 34 31 28 24 20 17 15 15 16 19 23 26 29 302611 3I7 035 32 815 3699999999999999 317 321636 1599999999999999
 31 30 30 28 27 27 28 29 31 33 34 33 31 28 24 21 18 16 16 18 21 25 28 302611 4I7 0 3 31 955 3499999999999999 450 271733 1699999999999999
 30 30 28 26 24 23 22 23 25 28 30 32 32 30 28 25 22 20 18 19 21 24 27 302611 5I7 0 0 301123 3299999999999999 555 221820 1899999999999999
 31 30 28 26 23 20 18 18 19 22 26 29 31 31 30 28 25 23 21 21 22 24 27 302611 6I7 0 9 311243 3199999999999999 647 181858 2199999999999999
 32 32 30 27 23 19 16 15 15 17 21 25 28 30 31 30 28 26 25 24 24 25 28 312611 7I7 023 321354 3199999999999999 732 141929 2399999999999999
 33 34 32 29 25 20 16 14 12 13 16 21 25 29 31 32 31 29 27 26 26 27 29 322611 8I7 042 341456 3299999999999999 813 121953 2699999999999999
 35 36 35 33 28 23 18 14 12 11 13 17 22 26 30 32 32 31 30 29 29 29 30 332611 9I7 1 4 361548 3299999999999999 851 1120 5 2999999999999999
 36 37 37 36 32 27 21 16 13 11 11 14 18 24 28 31 33 33 32 31 30 31 31 33261110I7 129 381634 3399999999999999 928 112010 3099999999999999
 36 38 39 38 35 31 25 20 15 12 11 12 16 20 25 29 32 33 33 32 32 32 32 34261111I7 157 391719 339999999999999910 4 112019 3299999999999999
 36 38 40 40 38 34 29 24 18 15 12 12 14 18 22 26 30 32 33 33 32 32 33 34261112I7 225 4018 5 33999999999999991041 122030 3299999999999999
 35 37 39 40 39 36 32 27 22 17 14 13 13 16 19 23 27 30 31 32 32 32 32 33261113I7 254 409999999999999999999991120 13999999999999999999999
 34 36 38 39 39 37 34 30 25 20 17 14 13 14 17 20 23 26 29 30 30 31 31 32261114I7 325 3999999999999999999999912 2 13999999999999999999999
 33 34 35 37 37 37 35 32 27 23 19 16 14 14 15 17 20 23 26 27 29 29 30 30261115I7 357 379999999999999999999991248 14999999999999999999999
 31 32 33 34 34 34 34 32 29 25 21 18 16 14 14 15 17 20 22 25 26 27 28 29261116I7 432 359999999999999999999991337 14999999999999999999999
 29 29 30 30 31 31 31 30 28 26 23 20 17 15 14 14 15 17 20 22 24 26 27 27261117I7 519 319999999999999999999991430 14999999999999999999999
 27 27 27 27 27 27 28 28 27 26 24 22 19 17 15 15 15 16 18 20 22 24 26 26261118I7 640 282315 26999999999999991522 15999999999999999999999
 26 25 24 24 23 23 24 24 25 25 25 23 21 19 18 16 16 16 17 19 22 24 26 26261119I7 844 2523 5 2699999999999999 429 231612 1599999999999999
 26 25 23 21 20 19 19 20 22 23 25 25 24 22 20 19 18 17 18 19 22 24 26 27261120I71031 2523 9 2799999999999999 521 191658 1799999999999999
 27 25 23 20 17 16 15 16 17 20 23 25 26 25 24 22 21 20 20 20 22 25 28 29261121I712 2 262324 2999999999999999 6 4 151741 2099999999999999
 29 27 24 21 17 13 12 11 12 16 20 24 26 27 27 26 25 23 22 23 24 26 29 32261122I71324 282349 3299999999999999 646 111820 2299999999999999
 32 31 28 24 18 13 10  8  8 10 15 20 25 28 30 30 29 27 26 25 26 27 30 34261123I71434 30999999999999999999999 730  81856 2599999999999999
 35 35 33 28 23 16 11  7  5  5  9 15 21 26 30 31 32 30 29 28 28 29 31 34261124I7 022 361535 3299999999999999 818  51927 2899999999999999
 37 39 38 34 29 22 14  8  4  3  4  8 15 21 27 30 32 32 31 30 30 30 31 34261125I7 1 1 391631 3399999999999999 9 9  31954 3099999999999999
 37 40 41 39 35 29 21 13  7  3  1  3  8 15 21 27 30 32 32 31 30 31 31 33261126I7 146 411726 329999999999999910 3  12017 3099999999999999
 36 39 42 42 40 35 28 20 13  7  3  1  3  8 14 21 26 29 31 31 30 30 30 31261127I7 235 421825 31999999999999991059  12041 3099999999999999
 33 36 39 41 41 39 34 27 20 13  7  3  2  4  8 14 20 24 27 29 29 28 29 29261128I7 329 429999999999999999999991156  2999999999999999999999
 30 32 34 37 39 39 37 32 26 19 13  8  5  3  5  9 14 19 23 26 27 27 27 27261129I7 426 399999999999999999999991254  3999999999999999999999
 27 27 29 31 34 35 35 33 30 24 19 14  9  6  6  7 11 15 19 22 24 25 25 25261130I7 528 362123 25999999999999991352  6999999999999999999999
 24 24 24 25 27 29 31 31 30 27 23 18 14 11  9  8 10 13 16 20 22 24 24 242612 1I7 641 312150 2499999999999999 132 241449  899999999999999
 23 22 21 20 20 22 24 25 26 26 24 22 19 16 13 12 11 13 15 18 21 23 24 242612 2I7 814 262213 2499999999999999 311 201542 1199999999999999
 23 21 19 17 16 16 17 19 21 23 23 23 21 19 17 16 15 15 16 18 21 23 25 252612 3I710 1 232235 2599999999999999 434 161629 1599999999999999
 24 22 19 16 14 12 12 13 15 18 20 22 22 21 20 19 18 18 18 20 22 24 26 272612 4I71152 222256 2799999999999999 543 121711 1899999999999999
 26 24 21 17 14 11  9  9 10 13 17 19 21 22 23 22 22 21 21 22 23 25 27 292612 5I71340 232319 2999999999999999 638  91742 2199999999999999
 28 27 23 20 15 12  9  7  7  9 13 17 20 23 24 24 24 24 24 24 25 26 29 302612 6I71459 242346 3199999999999999 723  71759 2499999999999999
 31 30 27 23 18 14 10  7  6  7 10 14 18 22 24 26 26 26 26 26 26 27 29 312612 7I79999999999999999999999999999 8 2  6999999999999999999999
 33 32 30 27 22 17 12  8  6  6  8 12 16 21 24 26 27 27 27 27 27 28 30 322612 8I7 017 33999999999999999999999 838  6999999999999999999999
 34 34 33 30 26 21 15 10  7  6  6  9 14 18 23 26 28 28 28 27 27 28 29 312612 9I7 051 341653 2899999999999999 913  61916 2799999999999999
 33 35 35 33 29 24 19 13  9  6  6  7 11 15 20 24 27 28 28 27 27 27 28 30261210I7 129 351724 2899999999999999 949  61951 2799999999999999
 32 34 35 34 32 28 22 16 11  8  6  6  8 12 17 21 24 26 27 27 26 26 27 28261211I7 2 7 351757 27999999999999991026  52024 2699999999999999
 30 32 34 34 33 30 25 20 14  9  6  5  6  9 13 18 21 24 25 25 25 25 25 26261212I7 245 341834 259999999999999911 4  52057 2599999999999999
 27 29 31 33 32 30 27 22 16 11  8  6  5  7 10 14 18 21 23 24 23 23 23 23261213I7 322 339999999999999999999991141  5999999999999999999999
 24 26 28 29 30 29 27 23 18 13  9  7  5  6  8 11 15 18 20 22 22 22 21 21261214I7 359 301952 22999999999999991218  52228 2199999999999999
 22 22 24 25 27 27 26 23 19 15 11  8  6  6  7  9 12 16 18 20 21 21 20 20261215I7 438 272023 21999999999999991253  6999999999999999999999
 19 20 20 21 22 23 23 22 20 16 13 10  8  7  7  9 11 14 17 19 20 20 20 19261216I7 524 232045 2099999999999999 015 191326  799999999999999
 18 17 17 17 18 19 20 20 19 17 15 13 11  9  9  9 11 14 16 18 20 20 20 19261217I7 630 2021 2 2099999999999999 2 9 171357  999999999999999
 17 16 15 14 14 15 16 17 18 18 17 15 14 12 12 12 13 14 17 19 21 22 22 20261218I7 817 182120 2299999999999999 328 141428 1299999999999999
 18 16 14 12 11 11 12 13 15 17 18 17 17 16 15 15 15 16 18 20 22 24 24 23261219I71020 182144 2499999999999999 433 1115 2 1599999999999999
 21 18 14 11  9  7  7  9 11 14 17 19 19 19 19 19 19 19 20 22 24 26 27 27261220I71233 202217 2799999999999999 531  71546 1999999999999999
 25 21 17 13  9  6  4  4  6 10 14 18 20 22 22 22 22 22 22 23 25 27 30 30261221I72258 30999999999999999999999 625  4999999999999999999999
 29 26 22 17 11  6  2  1  1  4  9 14 19 22 24 25 25 25 25 25 26 28 31 33261222I72346 34999999999999999999999 718  1999999999999999999999
 33 32 28 23 16  9  4  0 -2 -1  2  8 14 20 24 26 26 26 26 26 26 28 30 33261223I716 8 26999999999999999999999 812 -21830 2699999999999999
 36 36 34 29 23 16  8  2 -3 -4 -3  1  8 15 20 24 26 27 26 26 26 26 28 31261224I7 040 361650 2799999999999999 9 7 -41919 2699999999999999
 34 37 37 35 30 23 15  7  0 -4 -6 -4  1  8 15 20 24 25 25 24 24 24 25 27261225I7 138 381728 259999999999999910 1 -62010 2499999999999999
 31 34 37 37 35 30 22 14  6 -1 -5 -6 -4  1  8 15 20 22 23 23 22 22 22 23261226I7 235 3818 5 24999999999999991054 -621 6 2299999999999999
 25 29 33 35 35 33 28 20 12  5 -1 -4 -5 -2  3  9 15 19 21 21 20 19 19 19261227I7 332 361840 21999999999999991146 -52220 1999999999999999
 20 22 26 29 32 32 29 25 18 11  5  0 -2 -2  1  6 11 16 19 20 19 18 17 16261228I7 430 321913 20999999999999991234 -3999999999999999999999
 16 16 18 22 25 27 27 25 21 16 10  6  3  1  1  4  9 13 17 19 19 18 16 14261229I7 531 271945 1999999999999999 0 1 161318  199999999999999
 13 12 12 14 17 20 21 22 21 18 14 10  8  6  5  6  9 12 16 18 19 19 17 15261230I7 642 222015 1999999999999999 127 121358  599999999999999
 13 11  9  9 10 12 14 16 17 17 15 13 11 10  9 10 11 14 16 19 20 20 19 17261231I7 814 172041 2099999999999999 246  91423  999999999999999
