  6 21 45 74101121131128115 98 83 76 80 93113135153163158139107 69 32  426 1 1IJ 6161311713163999999999999991112 76999999999999999999999
 -9 -5 14 43 76107129138133118 98 81 74 79 95117141161169162139103 60 2026 1 2IJ 7 813818 516999999999999999 015-1012 7 7499999999999999
 -7-18-11 12 45 82115137144136117 95 78 71 78 96121146166172163136 96 5126 1 3IJ 757144185617299999999999999 1 5-1813 0 7199999999999999
 12-14-22-11 16 52 90123142146135113 90 74 69 78 98124149167172159129 8726 1 4IJ 843147194617299999999999999 153-221351 6999999999999999
 43  6-16-19 -4 26 63100129145144130107 84 70 68 7910012615016516615011926 1 5IJ 928147203416899999999999999 240-201439 6799999999999999
 78 38  6-11 -9  9 39 75108133143139121 98 78 67 68 8110212614815915713926 1 6IJ1010144212116099999999999999 324-121525 6599999999999999
108 71 35 10  0  6 26 55 87116134139130111 90 72 64 68 8210312414215014526 1 7IJ105013922 815099999999999999 4 7  01610 6499999999999999
126 98 65 37 19 15 25 46 72 99121133132120101 81 67 62 68 8210112013413826 1 8IJ1126134225613899999999999999 446 151656 6299999999999999
132114 89 63 43 32 33 46 65 88110124130124110 91 73 62 60 67 80 9711312426 1 9IJ1159130234812799999999999999 523 311743 5999999999999999
126120105 85 65 51 46 52 65 83102118127127117101 82 66 56 55 62 75 9010426 110IJ1229128999999999999999999999 558 461836 5499999999999999
114116111 99 84 70 61 61 68 82 98114125130125113 95 75 59 49 48 55 67 8226 111IJ 05011713 213099999999999999 634 601937 4799999999999999
 96106110107 98 87 76 71 72 81 94109123132133126111 91 69 51 40 38 44 5726 112IJ 2 5110134213499999999999999 718 702043 3799999999999999
 73 89101108108102 92 83 78 80 89102117130138139130112 88 63 41 28 25 3226 113IJ 328109143314099999999999999 814 782147 2599999999999999
 46 65 85101111113108 98 88 82 83 92106122137146146135114 86 56 30 14 1126 114IJ 444113153114799999999999999 920 812247 1199999999999999
 19 37 61 85106118121114102 89 82 82 92107126143154154141116 83 48 18  126 115IJ 5461211631155999999999999991027 812342 -399999999999999
 -2  9 32 60 90114128129120104 88 78 78 89108130149162161146116 78 39  726 116IJ 6381301729163999999999999991129 77999999999999999999999
-11-12  3 31 65 98124137136122102 83 72 73 86108133155168166148114 71 2926 117IJ 724138182417099999999999999 033-131225 7199999999999999
 -3-19-16  4 36 73108133144138120 97 76 65 68 84109137160172168145108 6426 118IJ 8 9144191617399999999999999 121-201317 6599999999999999
 22 -8-21-13 11 46 84118141147136114 88 68 59 65 8411113916217216413910026 119IJ 85114720 617299999999999999 2 7-2114 6 5999999999999999
 56 17 -9-16 -4 23 59 97127144145129105 79 61 56 64 8511314016016615612826 120IJ 931146205316699999999999999 251-161452 5599999999999999
 90 50 16 -3 -4 12 41 75108133143138119 94 70 55 54 66 8711413815415714326 121IJ10 9143214015799999999999999 333 -51537 5399999999999999
116 81 47 21  9 14 33 60 91118135138128107 83 62 52 54 68 8911313314414426 122IJ1044139222614699999999999999 412  91620 5199999999999999
129104 75 48 30 26 35 55 80105124133130116 95 73 56 50 55 69 8810912513326 123IJ1116134231413399999999999999 448 2617 4 5099999999999999
130116 95 72 53 43 45 57 76 97115128130122106 84 65 51 48 54 68 8510211526 124IJ1145131999999999999999999999 521 431751 4899999999999999
120117106 89 73 61 58 64 76 93110123130127116 97 77 59 47 45 51 63 79 9326 125IJ 0 8120121313099999999999999 552 581846 4599999999999999
105110108100 89 78 71 71 79 92106120129131126112 93 72 54 42 39 44 56 7026 126IJ 115110124813299999999999999 627 701950 3999999999999999
 85 96103104100 92 84 80 82 89101114126134134127112 91 68 48 35 30 35 4626 127IJ 239105133613599999999999999 714 8021 0 3099999999999999
 61 78 92102106104 98 90 86 87 94105118131139140132115 92 66 42 25 19 2326 128IJ 4 7106143914099999999999999 821 8622 7 1999999999999999
 35 54 74 93107113111104 94 87 86 93104120134145147139121 93 62 34 14  626 129IJ 515114154614799999999999999 938 8623 6  699999999999999
 11 27 50 76 99116123119108 94 84 81 87101120138152156147125 93 57 24  226 130IJ 6 71231651156999999999999991049 812359 -699999999999999
 -6  2 22 51 82110127132125108 90 77 73 80 98120143160165154128 90 50 1426 131IJ 6521321750165999999999999991150 73999999999999999999999
 -8-14 -2 24 58 93122138139126104 82 67 64 74 95122148166170157126 85 4226 2 1IJ 734141184517199999999999999 048-141244 6399999999999999
  6-14-16  1 32 69106133146141122 96 71 56 56 70 95125153170172155121 7726 2 2IJ 814146193617499999999999999 134-181333 5499999999999999
 34  1-14-10 11 45 84118142148138114 85 60 48 51 68 9612815517016814811226 2 3IJ 852149202417299999999999999 218-151419 4799999999999999
 69 30  2 -7  2 27 62 99129146145129102 73 51 42 49 70 9912915316415913626 2 4IJ 929148211116599999999999999 259 -715 3 4299999999999999
101 62 29  9  7 21 48 81112135144137116 88 62 44 40 51 7310112814715414526 2 5IJ10 4144215715499999999999999 338  61545 4099999999999999
123 91 59 34 23 27 44 70 98122137138126103 76 53 41 41 54 7610012313714026 2 6IJ1035139224314199999999999999 414 221627 3999999999999999
130109 83 59 44 40 49 67 90112128135130113 90 66 48 40 43 57 76 9711512526 2 7IJ11 3135233312799999999999999 447 401711 3999999999999999
126116 99 80 64 57 59 70 88106122131131121103 80 59 45 39 44 57 74 9110526 2 8IJ1130132999999999999999999999 516 5618 0 3999999999999999
113113106 94 81 72 71 76 88103118128132128115 96 75 55 42 38 42 53 68 8326 2 9IJ 032114115913299999999999999 545 701859 3899999999999999
 95103105101 94 86 81 82 89100113124132133126113 94 73 53 40 34 37 46 6026 210IJ 149105124013399999999999999 621 8120 9 3499999999999999
 74 88 98103102 98 92 89 90 96105117127134135129115 96 73 51 35 27 28 3726 211IJ 324103134113599999999999999 719 892123 2699999999999999
 51 68 85 99107108104 98 92 91 95104116128137140136122100 73 47 27 17 1726 212IJ 444108145714099999999999999 844 912228 1699999999999999
 27 45 67 88106116117110100 91 86 89 99113129142148145129104 72 41 18  626 213IJ 53811716101499999999999999910 7 862324  499999999999999
  7 20 43 70 97117127125113 98 84 77 79 91110131149158154136106 69 34  726 214IJ 6201271715158999999999999991114 76999999999999999999999
 -5  0 18 47 80109130137130112 90 72 64 68 85109135157167162140104 63 2526 215IJ 659137181216799999999999999 014 -512 9 6499999999999999
 -1-11 -2 23 57 93124142144130105 79 59 52 59 80109140163173165139 99 5626 216IJ 73614519 517399999999999999 1 0-111259 5299999999999999
 18 -6-10  4 34 71108136150145124 94 65 46 42 54 79112144167175163133 9226 217IJ 813150195417599999999999999 143-111345 4199999999999999
 49 14 -4 -2 18 50 88122145151139113 80 52 36 36 53 8111514616617015412326 218IJ 849152204117199999999999999 225 -51429 3499999999999999
 83 44 16  6 14 37 70105133149147128 99 66 41 30 35 55 8511714516015914226 219IJ 924150212816299999999999999 3 4  61511 3099999999999999
111 75 44 25 22 35 59 90119139146137114 84 55 35 29 38 60 8811613814914526 220IJ 956146221414999999999999999 341 211553 2999999999999999
127100 71 49 39 42 58 82107129140139124100 71 47 32 31 43 64 8911212913526 221IJ102414123 213599999999999999 414 381635 3099999999999999
129113 92 72 59 56 64 81101120134137130112 88 62 43 33 35 47 66 8610411726 222IJ1051137235512099999999999999 443 561720 3399999999999999
120115103 89 76 71 74 84 99115128135133121102 80 58 42 35 38 48 64 80 9526 223IJ1116135999999999999999999999 510 711812 3599999999999999
105109106 99 90 84 83 88 99112123132134129116 98 77 57 42 36 37 46 59 7326 224IJ 1 4109115013499999999999999 539 831917 3599999999999999
 87 97102103100 95 92 92 97106117126132133128116 98 78 57 42 33 33 40 5226 225IJ 237103124213499999999999999 622 912033 3299999999999999
 66 81 94103106105101 97 96 99106116125132135132121103 81 58 39 28 25 3126 226IJ 4 910614 013599999999999999 745 962146 2599999999999999
 45 62 81 98109114111105 97 93 93100110123134141140130110 84 56 33 19 1626 227IJ 5 7114152514199999999999999 922 922247 1599999999999999
 23 40 63 87107120123117105 92 83 82 89104121138149150139116 85 52 25  926 228IJ 5471231637151999999999999991037 812338  699999999999999
  7 19 41 70 98121133131118 99 81 69 68 78 98122144159161148120 83 45 1626 3 1IJ 6231341738162999999999999991135 67999999999999999999999
  1  2 20 48 82114136143135115 89 66 53 54 69 95125152168169152119 78 3826 3 2IJ 659143183217199999999999999 024 -11225 5299999999999999
  9 -3  4 27 61 98129148149133105 74 50 38 44 64 95130158174172150113 7026 3 3IJ 734151192317699999999999999 1 8 -31311 3899999999999999
 32  7  1 13 42 78115142155148125 92 59 35 28 38 64 9813416217516814310526 3 4IJ 8 9155201117599999999999999 149  01355 2899999999999999
 64 30 11 11 30 61 97129151155141112 76 45 25 23 38 6710213616016915913226 3 5IJ 844156205816999999999999999 229  91437 2199999999999999
 96 60 33 22 29 51 82114140153149128 96 62 34 20 23 42 7210513415315714526 3 6IJ 916153214415899999999999999 3 6 221519 1999999999999999
119 88 60 42 39 51 74101127144149138113 82 51 29 21 28 48 7610412814214226 3 7IJ 947149223214499999999999999 341 3916 1 2199999999999999
130108 84 65 56 60 74 95117135144140124 99 70 44 28 25 35 54 7810111912826 3 8IJ1014144232312999999999999999 412 561644 2599999999999999
127116100 84 74 72 80 95112128138140131113 88 63 42 31 31 40 57 76 9410826 3 9IJ1039140999999999999999999999 440 721731 2999999999999999
115115108 98 89 85 87 97109122133137134123105 83 61 44 35 35 43 56 72 8726 310IJ 02511611 713799999999999999 5 6 851829 3499999999999999
 99106107104 99 95 94 98106117126133135130119103 82 62 46 37 36 41 52 6626 311IJ 149107114913599999999999999 539 941940 3599999999999999
 80 93102107107104100100102108117125131133130121106 86 65 48 36 32 36 4726 312IJ 32810713 013399999999999999 6461002058 3299999999999999
 61 78 94106112112108103 99 99103110120129135135128113 92 68 46 32 26 3026 313IJ 434113143413699999999999999 833 9822 5 2699999999999999
 42 60 81101115121119110100 91 88 91101115129140144138122 97 68 42 24 1826 314IJ 514121155714499999999999999 959 8823 0 1899999999999999
 24 41 64 90113128131123108 90 77 72 77 91111132149156149129 99 65 35 1626 315IJ 54713117 3156999999999999991059 722347 1199999999999999
 12 22 45 74104128141138123100 76 59 55 64 84111138159166158133 97 59 2826 316IJ 6211421759166999999999999991150 55999999999999999999999
 10 10 26 55 89121144151141117 86 58 41 39 54 81114145167174161132 92 5326 317IJ 655151185117499999999999999 031  81236 3899999999999999
 23 10 15 37 70107137155155137105 70 41 26 29 49 81118151172175159126 8626 318IJ 730158193917699999999999999 112  91320 2599999999999999
 48 23 15 27 54 89124150161152127 90 54 26 16 24 49 8512215417117015111726 319IJ 8 4161202717399999999999999 152 1514 3 1699999999999999
 79 47 29 28 45 74108138157159143112 74 40 17 12 26 53 8912415216516013926 320IJ 838161211416599999999999999 231 261446 1299999999999999
108 76 51 41 47 67 95124147157151130 97 60 31 14 15 31 59 9212314515314626 321IJ 9 915722 215399999999999999 3 7 411528 1299999999999999
126100 76 60 58 69 89113135150152139114 82 51 27 17 22 39 65 9311713413826 322IJ 939152225313999999999999999 341 571610 1799999999999999
131116 96 81 73 77 89108126141147142126101 72 46 28 23 30 46 68 9010912126 323IJ10 6147235112599999999999999 411 731656 2399999999999999
125119109 97 88 87 94106121133141142133116 92 67 46 33 30 37 50 68 8610126 324IJ1033143999999999999999999999 439 871747 3099999999999999
111115112106100 97 99106116126135138136126110 89 68 50 38 35 40 51 65 8126 325IJ 1 511511 713899999999999999 5 9 971851 3599999999999999
 94105110111108105103105110118126132135132124110 91 71 54 42 37 40 49 6226 326IJ 23811112 413599999999999999 6 010320 6 3799999999999999
 78 93105112114112108104103107113120127132133127115 97 76 56 42 35 37 4626 327IJ 354114133713399999999999999 7401032118 3599999999999999
 61 79 97111120120115107 99 94 96102112124134139136124104 80 56 39 30 3226 328IJ 437121151113999999999999999 917 942218 3099999999999999
 44 63 86107123130126115100 86 79 80 89105123139148147134110 81 53 33 2426 329IJ 5101301624149999999999999991023 7823 7 2499999999999999
 29 46 71 98122137140129110 88 69 60 63 78100125147159158141113 79 47 2726 330IJ 5421401724160999999999999991115 602352 2199999999999999
 21 31 53 83114138150146127 99 71 49 41 49 70 99130156169165144111 74 4226 331IJ 61515118171709999999999999912 1 41999999999999999999999
 23 22 38 66100132153159147119 85 52 30 26 39 66101137164175168143107 6926 4 1IJ 64915919 717599999999999999 034 211246 2599999999999999
 39 25 30 51 83118147163162141107 68 34 16 16 35 6710614216717616413710026 4 2IJ 724165195617699999999999999 115 251329 1399999999999999
 65 41 33 44 69101134158167157130 91 52 21  7 13 36 7111014416517015612826 4 3IJ 759167204417099999999999999 154 331412  799999999999999
 94 65 48 47 62 88119147163164147115 76 39 14  6 16 42 7611214115815914426 4 4IJ 832166213316199999999999999 233 451455  699999999999999
119 91 70 60 65 83108133153162155133100 63 31 13 10 24 49 8011113514714626 4 5IJ 9 4162222414899999999999999 3 9 601539  999999999999999
132112 92 78 76 85102123142154155142118 87 55 30 17 19 33 56 8210712513426 4 6IJ 934156232013599999999999999 342 751623 1699999999999999
133122108 95 89 92102117133145150145130106 78 52 33 25 28 41 60 8210111626 4 7IJ10 3150999999999999999999999 414 891712 2599999999999999
123123117108101100104114125136143143136121 99 76 54 39 33 36 47 63 80 9626 4 8IJ 026124103414499999999999999 445 9918 8 3399999999999999
109116118115110106107111118127134138137130117 98 77 59 45 39 41 50 63 7826 4 9IJ 147118112013899999999999999 5291061915 3999999999999999
 94107115118117112109107110115122128133134129118102 82 64 49 42 42 50 6326 410IJ 3 6118124013499999999999999 6511072027 4199999999999999
 79 96110120123119113105101101105113122130135134125109 88 67 50 41 41 4926 411IJ 356123141913599999999999999 8321002131 4099999999999999
 65 84104120129129121108 96 88 86 91103117131141143134116 92 68 48 38 3926 412IJ 430130154114399999999999999 944 862224 3799999999999999
 51 71 94117133139134119 99 81 69 67 76 94115136150153144122 94 65 44 3526 413IJ 5 21391647154999999999999991038 672311 3499999999999999
 39 56 81109133148149135112 84 61 48 49 64 88117143160163151125 92 61 4026 414IJ 5341501743164999999999999991126 472354 3499999999999999
 34 43 65 95126149160154132100 67 41 29 35 55 86121151169170154124 89 5826 415IJ 6 81601834172999999999999991211 29999999999999999999999
 39 37 52 80112143163167153123 85 48 22 14 25 52 88126157173172152120 8526 416IJ 644168192417599999999999999 036 361255 1499999999999999
 56 43 47 66 96129157172168146110 68 32  9  6 22 53 9213015917316814611426 417IJ 720173201317399999999999999 117 421339  599999999999999
 82 59 52 61 84114144166173163134 95 53 20  3  5 25 58 9613215716715913726 418IJ 75517321 316799999999999999 157 521423  199999999999999
109 83 67 65 78102129154169169152120 81 43 15  3 10 32 64 9913015115714826 419IJ 830171215415799999999999999 235 6415 7  399999999999999
129106 87 78 82 96118141158165159138106 69 37 16 10 19 41 7010012514114526 420IJ 9 3165224914599999999999999 312 781552 1099999999999999
138122106 94 91 98112130146157158147124 95 63 37 22 19 30 49 74 9811913126 421IJ 935159235013599999999999999 348 911639 1999999999999999
135129119108102103110122136146151148135114 88 62 41 30 30 39 56 76 9611326 422IJ10 8151999999999999999999999 4241011731 2999999999999999
124127124118111108110117126136142144139127109 86 64 48 39 39 47 61 78 9526 423IJ 1 0127104914499999999999999 5 61081829 3899999999999999
110120124123118113110111116123131136138134124108 89 70 54 45 45 52 64 8026 424IJ 212124115213899999999999999 6121101935 4499999999999999
 97112122126124118111106105109115123130135134127113 94 75 59 49 48 55 6826 425IJ 3 8126132413599999999999999 7431052039 4799999999999999
 85103119129131126116104 96 92 95104115127136139134120100 79 60 50 49 5726 426IJ 347131145313999999999999999 9 1 922136 4899999999999999
 73 94114130139137126109 92 79 75 79 92109127141147143128105 80 60 49 4926 427IJ 41913916 614899999999999999 959 752226 4799999999999999
 61 82106129145149141122 98 75 59 55 63 82106131149157152133107 79 57 4826 428IJ 45214917 6157999999999999991049 552311 4799999999999999
 52 69 94122145159158142114 82 55 38 37 50 76107136158166158136106 76 5526 429IJ 52616018 0166999999999999991135 352355 4999999999999999
 49 58 80109138161170162137102 65 35 20 23 42 74110143165172160135103 7426 430IJ 6 31701852172999999999999991221 19999999999999999999999
 56 54 68 94125154173176160128 88 48 18  7 14 39 7511414816917215813210026 5 1IJ 640177194217399999999999999 038 5313 6  799999999999999
 74 61 64 81109140166179175153116 73 33  7  0 13 41 7911815016816915312726 5 2IJ 718180203317099999999999999 120 601351  099999999999999
 99 77 69 77 97124152172179169141102 60 24  3  1 17 47 8412014816216114626 5 3IJ 755179212416499999999999999 2 1 691436  099999999999999
122 99 84 81 92112137159173173158128 89 51 20  5  8 25 54 8811914315415226 5 4IJ 832175221815599999999999999 241 811522  499999999999999
138119102 93 94106125145161168163145115 80 46 23 13 18 36 62 9111713614526 5 5IJ 9 7168231514599999999999999 321 9216 9 1399999999999999
143132118106102106117133148158160152132105 74 47 29 23 30 46 69 9311513026 5 6IJ 944160999999999999999999999 4 01021658 2399999999999999
137135127118110109114123135145152151141123 99 74 52 38 35 41 55 74 9511326 5 7IJ 017137102415299999999999999 4441091750 3499999999999999
126132131125118112112116123132140144143134119 98 76 58 47 44 50 63 80 9826 5 8IJ 120133111714499999999999999 5401111847 4499999999999999
114126131130124116110108111117125133138138132119101 81 65 54 52 58 70 8626 5 9IJ 216132123313999999999999999 6551081947 5299999999999999
104120131134130122111102 98100106116126135138134123106 86 69 59 57 63 7726 510IJ 25913414 113899999999999999 813 982044 5699999999999999
 95114129139139131117101 89 83 84 93107122135142141130111 90 72 61 60 6826 511IJ 333140152014399999999999999 917 822137 5999999999999999
 85106126142149145130109 87 71 64 67 80100121139150149137116 92 72 61 6226 512IJ 4 71491626151999999999999991010 632225 6099999999999999
 75 95119141156159148126 97 70 51 44 51 70 96123146158157142118 92 72 6226 513IJ 4431591724159999999999999991059 442312 6299999999999999
 66 83108134157169166148118 83 51 31 26 38 63 95128153166162145118 91 7126 514IJ 5201701818166999999999999991146 262357 6599999999999999
 65 73 94121150171179170144107 67 33 14 14 31 61 97133159170165145117 9026 515IJ 5591791910171999999999999991232 12999999999999999999999
 73 70 82106135163180183168136 94 52 19  3  7 28 6210113716217116314211526 516IJ 63918420 217199999999999999 041 691318  299999999999999
 91 77 79 94119148172185182161125 81 40 10 -1  7 31 6710513916216815913826 517IJ 720186205416899999999999999 125 7614 5 -199999999999999
113 93 84 89107131157176184175150112 70 32  8  1 12 38 7210913915816215226 518IJ 8 0184214716399999999999999 2 8 841452  199999999999999
134113 98 93101118140161175177165138101 62 30 11  9 22 47 7911113715215526 519IJ 839178224115599999999999999 251 931539  899999999999999
146130113103102111127145161170168153126 92 59 33 19 20 34 57 8511213414626 520IJ 919170233714899999999999999 3351011626 1899999999999999
147139126114108109118131146157162157141117 87 60 39 30 33 47 67 9111413126 521IJ10 1162999999999999999999999 4201081715 3099999999999999
141141134124115110112120131142150153147132111 86 64 48 42 46 59 77 9711726 522IJ 032142104915399999999999999 51111018 5 4299999999999999
131138137131121113109110117126136143145140128109 88 70 57 53 57 69 8610526 523IJ 124139115114599999999999999 6121091857 5399999999999999
122134139136127116107102102108118128136140138128111 93 76 64 61 67 79 9626 524IJ 2 713913 814099999999999999 7221011951 6199999999999999
114130140142136123109 96 89 90 96108121133140139131116 97 81 70 68 75 8926 525IJ 244142142914099999999999999 829 892044 6799999999999999
107126141148147136118 98 82 73 73 82 98116132143145137121102 84 73 72 8126 526IJ 320149154214599999999999999 927 722135 7299999999999999
 98119139153158152134110 84 64 54 56 69 90113135149152143126104 86 75 7626 527IJ 3561581646152999999999999991020 532225 7499999999999999
 88109132153166168155130 99 68 45 35 40 58 85114139156159149129105 86 7726 528IJ 43616917441599999999999999911 9 352313 7799999999999999
 81 96120145167178175156124 86 51 27 19 28 51 83117145162165152130105 8726 529IJ 5171791839166999999999999991158 19999999999999999999999
 80 86105131158178186178152115 73 36 13  8 21 49 8512115116716815313010526 530IJ 6 0186193116999999999999999 0 1 801246  799999999999999
 88 84 94115142168186190176146104 60 24  4  3 20 51 8912615416916715112826 531IJ 644190202317099999999999999 048 841334  199999999999999
105 91 90102125151175189188170136 93 50 17  1  4 24 56 9412915616816414826 6 1IJ 727191211516899999999999999 134 891421  099999999999999
125106 95 97111133157177187182160125 83 44 16  4 10 32 6410013215416315826 6 2IJ 81118722 716499999999999999 220 9415 8  499999999999999
143123107100105119139160175181172149115 76 42 20 13 22 44 7310513315215826 6 3IJ 854181225815899999999999999 3 61001555 1399999999999999
152137121109105111124142159170171160137106 73 45 28 25 36 57 8311113414826 6 4IJ 938172234815299999999999999 3531051642 2599999999999999
152145132118109108114126141154162161149128101 73 51 39 40 51 70 9411713526 6 5IJ1024163999999999999999999999 4411071728 3899999999999999
145146139127115108107113124136147153151140122 98 76 59 52 54 66 8410412326 6 6IJ 035147111715399999999999999 5341061814 5199999999999999
138144142134121110103102108118130140145144135119100 81 68 63 67 79 9611526 6 7IJ 116145122114699999999999999 63410219 1 6399999999999999
131142145140129114101 94 93 98109121133140141134120103 87 76 73 79 9110826 6 8IJ 153145133614199999999999999 738 921950 7399999999999999
126141149149140124106 90 81 79 86 98114128138141136124108 92 82 81 8810226 6 9IJ 229150145314199999999999999 840 792041 8099999999999999
120138151157153140119 96 76 65 63 72 88107126140146141129112 96 86 86 9526 610IJ 3 715716 514699999999999999 937 632133 8599999999999999
111131150163167158139112 83 60 47 47 59 79104127145152148134116 99 89 9026 611IJ 34916717 8152999999999999991031 452226 8899999999999999
101120142162175176162137103 70 43 30 32 48 73103131151159154138118100 9026 612IJ 43317718 6159999999999999991122 292318 9099999999999999
 93107129153174185182164132 93 56 28 16 20 41 7110513615816515814011810026 613IJ 52018619 0165999999999999991212 15999999999999999999999
 92 96113137162183192185162125 83 43 16  6 14 38 7311014216316916014011726 614IJ 6 7192195216999999999999999 0 9 9113 2  699999999999999
100 93100119144170189195184157117 72 33  8  2 14 41 7811614716717015913826 615IJ 654195204317199999999999999 059 931350  199999999999999
116100 96105125150174191193179149107 64 28  6  4 19 48 8512215116716815526 616IJ 741194213217099999999999999 148 961438  399999999999999
134114101 99110130154176188187170139 98 58 27 11 12 30 59 9412715316516326 617IJ 827190222116699999999999999 236 981525  999999999999999
149129111102103115134155173182178159128 91 56 31 20 25 44 7210413215316126 618IJ 91318323 716199999999999999 3231011610 2099999999999999
156142124109102106118135154168173167148119 87 58 39 34 42 61 8611313715226 619IJ 959173235015699999999999999 4111021654 3499999999999999
155148134118106102106118134149160163155137112 86 63 50 49 59 7810012314126 620IJ1048163999999999999999999999 4591021736 4899999999999999
150150141126112102 99104115129142151153146130109 87 71 63 65 76 9411413226 621IJ 028151114215399999999999999 550 991817 6399999999999999
145150146135119104 95 93 98109122135143145139126109 92 80 75 80 9210812626 622IJ 1 3150124614599999999999999 647 931859 7599999999999999
141150151144129112 96 86 83 88 99113127137141137126112 98 88 86 9210412126 623IJ 13815214 014199999999999999 748 831945 8699999999999999
137150157154143125104 85 73 70 76 89105121134140139130117103 95 9410111426 624IJ 215157151814199999999999999 850 702038 9399999999999999
131148160165159144121 95 73 59 55 62 78 98118135144144135122108 99 9810726 625IJ 258165163014599999999999999 949 552134 9899999999999999
122141158170173165145116 86 60 43 40 49 68 9311813915015114212611110110126 626IJ 3461741733152999999999999991045 39223210099999999999999
110128148168180182170145111 75 45 28 26 38 62 9212114515815814712911110126 627IJ 4371831830160999999999999991138 25232810099999999999999
101113132156176189189173143104 64 32 15 15 32 60 9412715316516414912911026 628IJ 5291911921166999999999999991229 13999999999999999999999
 99101115137162183195192173138 95 54 22  7 10 30 6310013516017116614912726 629IJ 620196201117199999999999999 022 991319  699999999999999
107 98101117141167188198192169131 87 45 16  4 11 35 7010814216517316514526 630IJ 710199205817399999999999999 114 9714 7  499999999999999
122104 96102120144170190197188162123 79 40 15  7 19 45 8011714916817116026 7 1IJ 758197214317299999999999999 2 4 961453  799999999999999
139117101 96104122147171187192179152114 73 39 20 17 32 59 9312615316716626 7 2IJ 846192222616999999999999999 252 961538 1699999999999999
153132111 98 96106125148168182182168141105 70 43 30 33 49 7610613515516426 7 3IJ 93318423 716499999999999999 339 951620 2999999999999999
159143123105 96 97108126146163173171156130100 71 51 45 51 69 9311914215626 7 4IJ1020173234315999999999999999 424 9517 0 4599999999999999
158150133115100 93 96108124142156162158144122 97 76 63 61 71 8811013114726 7 5IJ11 9162999999999999999999999 511 931738 6199999999999999
155153141124107 94 89 93105120135147152148135117 98 83 76 78 8910612514126 7 6IJ 01615512 415299999999999999 6 1 891814 7599999999999999
152155148134116 99 87 83 88 99113127138143140131116102 91 88 9310512113726 7 7IJ 04815513 914399999999999999 656 831853 8899999999999999
150157156146129110 91 79 75 79 90104119131138137130119108100 9810511713226 7 8IJ 122158142713899999999999999 759 751940 9899999999999999
147158163159146126104 83 68 63 67 79 9511212713713913412411410610511212426 7 9IJ 2 4163154813999999999999999 9 3 63203810599999999999999
140155166170164148125 98 73 56 50 54 68 8710812714014514113011811010811526 710IJ 25517016591459999999999999910 5 49214210899999999999999
128145162174178171151123 91 63 43 35 41 58 8210813214815314813512111010726 711IJ 35117817591539999999999999911 3 35224610799999999999999
115130149169183186177154121 84 51 29 22 31 52 8111213915716115413712010726 712IJ 4491871851162999999999999991156 22234510499999999999999
104113130153175190194182154116 75 40 18 13 25 51 8512014916616815613611626 713IJ 5441941938169999999999999991247 12999999999999999999999
102100110131156180196198183152110 67 31 11  9 25 56 9313015817317115513226 714IJ 638199202317499999999999999 040 991335  799999999999999
110 96 96109132160184199199180146102 59 26  9 12 32 6510414016517616915026 715IJ 72920121 617699999999999999 131 941421  899999999999999
125103 91 94109134162186198195173137 94 54 25 14 22 45 7911614916917416326 716IJ 818199214717499999999999999 220 9115 5 1499999999999999
141116 96 88 93111136163184193186163127 88 53 31 26 38 63 9612915516916826 717IJ 9 5193222517199999999999999 3 6 881547 2699999999999999
153130107 91 86 94113137161178183174150118 84 56 42 43 58 8311213915916626 718IJ 95218323 116699999999999999 351 861626 4199999999999999
159142119 99 86 86 96114136156169171160138110 83 64 57 63 8010312714815926 719IJ1039172233316199999999999999 434 8417 2 5799999999999999
160149130109 92 83 85 96114133149158158147128106 87 76 75 8410112114015326 720IJ1128159999999999999999999999 519 831735 7499999999999999
159154140121101 86 80 83 94110126140147146137123107 94 89 9210311813514926 721IJ 0 2159122514899999999999999 6 9 8018 8 8899999999999999
158158149133113 94 81 75 78 8910311813013813813212211110210010611713114626 722IJ 032159133513999999999999999 7 6 75184610099999999999999
157162159148130109 89 74 68 71 80 9410912313213513312511611011011512613926 723IJ 1 916215 113599999999999999 812 68193810999999999999999
153163166162149129106 83 66 58 60 69 8510211913213813713112311611411913026 724IJ 2 0166162313999999999999999 921 58204611499999999999999
143157168172168153131103 77 56 46 47 58 77 9912013614514513812711711411826 725IJ 3 11731729146999999999999991024 45215911499999999999999
129145161174180176159132100 69 45 33 35 49 72 9912614515515314212811510926 726IJ 4 61801820156999999999999991122 3223 610999999999999999
113126145165181189184164133 95 59 33 21 26 44 7310513515616515914412410826 727IJ 5 718919 6165999999999999991214 21999999999999999999999
102107122145169188197190167130 88 50 23 13 21 45 7811514716717216114111726 728IJ 6 5197194817299999999999999 0 510213 2 1399999999999999
 99 93101120146173194202192165125 80 42 17 11 24 52 8912715817517415813326 729IJ 658202202917799999999999999 058 931348 1199999999999999
108 90 86 97119149177197203190159117 73 37 17 16 34 6610414016717817115126 730IJ 74820321 817899999999999999 147 861432 1499999999999999
123 97 82 81 95121151179196198182150108 68 37 24 29 50 8311915117117516326 731IJ 837200214517699999999999999 233 801513 2399999999999999
139111 88 77 80 97123152177191189170138100 66 44 37 48 7110213315817116826 8 1IJ 923192222017299999999999999 317 761552 3799999999999999
152126100 81 74 81100125151171180175156127 96 70 56 56 70 9312014516216726 8 2IJ10 9180225116799999999999999 359 741628 5499999999999999
158139114 91 76 74 83102125146162167160142118 95 77 71 77 9311413615316226 8 3IJ1056167231916399999999999999 442 7317 0 7199999999999999
160147126103 84 74 74 85102121139151153147132114 98 88 88 9811313114815826 8 4IJ1147154234616199999999999999 527 731730 8799999999999999
161154138117 96 80 72 74 84 9911513013914113712611410410110411512914315526 8 5IJ1249142999999999999999999999 618 7118 110199999999999999
161159150133112 91 76 69 70 79 9210712013013413212611811211111612613815126 8 6IJ 018162141013499999999999999 720 69184111199999999999999
160163160149131110 89 72 64 64 71 84 9911312513213413012411911812213114226 8 7IJ 1 2163154313499999999999999 831 63194511899999999999999
154163167164152133110 86 67 56 54 61 74 9211112613714013713012211912112926 8 8IJ 2 5167165814099999999999999 942 5321 811999999999999999
141155166172171159138111 83 59 45 42 50 67 9011313314614914313312111511526 8 9IJ 3181731750149999999999999991045 41222611499999999999999
124138155171180180167142110 77 49 33 31 42 64 9212114415715814813111510526 810IJ 4281811833159999999999999991139 30232910499999999999999
105116134156177189189174145107 69 39 23 23 39 6710113315716816414712510526 811IJ 5301911913168999999999999991228 21999999999999999999999
 94 95109132159183197196177143101 61 30 16 21 43 7611314716917516414211526 812IJ 626199195117599999999999999 024 921314 1699999999999999
 92 82 86104132163189202199176138 94 53 26 17 27 53 9012815917717715913126 813IJ 718203202917999999999999999 113 811358 1799999999999999
102 80 72 80103134166192203195169130 86 49 27 24 40 7010714216917917214926 814IJ 8 720321 517999999999999999 159 721439 2399999999999999
118 89 70 66 79105137168190198186158120 81 50 36 39 59 9012415417317616226 815IJ 854198213917799999999999999 243 661518 3599999999999999
135104 78 64 65 81108139166184187173146111 79 57 51 60 8211114016217216726 816IJ 940188221117299999999999999 325 621554 5199999999999999
148121 92 71 62 67 85111138161173172158133106 82 70 70 8310512915116516726 817IJ1026175224016899999999999999 4 7 621627 6899999999999999
156134108 83 67 63 71 89112134151160157144124104 90 85 9110512514415816426 818IJ111516023 516499999999999999 449 621656 8599999999999999
159145123 98 78 66 65 74 9010912714014614313312010710010111012413915316126 819IJ1210146233216299999999999999 536 64172310099999999999999
161153136115 93 75 66 66 74 8810311812913513412812011311111412413614815726 820IJ1323135999999999999999999999 630 65175411199999999999999
162159149132112 91 75 65 64 70 82 9611012112913112912412011912313014115126 821IJ 0 9162145813199999999999999 738 63184411999999999999999
159162160150134113 91 73 62 58 63 74 8810411912913413413012512212413013926 822IJ 1 6162162513599999999999999 854 58201112299999999999999
150159164164155139116 92 70 55 49 53 65 8310312213614314113512611911812326 823IJ 22516517201439999999999999910 4 49214211899999999999999
133147160170172164146120 90 64 45 39 44 60 8310813114715314813612111010726 824IJ 34517218 11539999999999999911 3 39225310799999999999999
112126144163177182174152121 86 55 35 29 38 59 88119145160162151132111 9726 825IJ 4541821837163999999999999991153 292349 9299999999999999
 93101119144168186192182156119 80 46 26 24 38 65 99133159171167148122 9726 826IJ 5531921914171999999999999991239 23999999999999999999999
 81 79 91115146174194199185155114 72 39 22 25 45 7711514917117716614010926 827IJ 646199195017899999999999999 039 781322 2199999999999999
 82 67 68 86115149180199201183149106 65 36 25 33 58 9413116217917715812726 828IJ 736203202518199999999999999 125 6514 4 2599999999999999
 94 68 56 63 85117153182199197175140 98 62 39 35 49 7711314717118017114626 829IJ 82420021 018099999999999999 2 9 561443 3499999999999999
112 79 57 51 62 87121154180192186163129 93 64 49 52 70 9913115817417515926 830IJ 910192213217799999999999999 251 511520 4899999999999999
130 97 68 52 51 66 92123153173180172149120 91 71 65 73 9312014516517216526 831IJ 95718022 117299999999999999 333 491554 6599999999999999
144115 85 62 51 55 71 96123147162165156137114 94 83 84 9611513715516616526 9 1IJ1044166222816799999999999999 414 501625 8299999999999999
153130103 77 59 54 60 76 98120138149150142128112101 9710311613314916016326 9 2IJ1137151225316399999999999999 458 541652 9799999999999999
157142120 95 74 60 57 64 78 9611412813613813212411511011111913114415416026 9 3IJ1241138232316199999999999999 547 57171810999999999999999
159151135114 92 74 63 60 65 77 9110611912713012912412011812112813814815526 9 4IJ14 9130999999999999999999999 648 60175511899999999999999
159157148133114 93 75 63 59 63 72 85 9911312413013112912512312412913714626 9 5IJ 0 9159154713199999999999999 8 2 59191112399999999999999
153158157150137118 96 76 61 55 56 65 79 9611312713613713412812212012313026 9 6IJ 125158164813899999999999999 919 54205512099999999999999
140151159162158144123 98 74 56 47 48 59 77 9812013714514513712511510911126 9 7IJ 2571621727146999999999999991023 46221510999999999999999
120134150164171168153129 99 70 48 38 41 56 79106132150156151136117101 9326 9 8IJ 41417118 2156999999999999991116 372314 9399999999999999
 96109129152171182179161131 96 62 39 30 37 58 88120147163165152129104 8426 9 9IJ 51818218361669999999999999912 2 30999999999999999999999
 76 82101128156180192187165130 90 55 32 28 40 67102136162174168147117 8726 910IJ 613192191117499999999999999 0 4 761246 2799999999999999
 66 61 71 96129162187198189163124 83 49 31 31 50 8211915217417916513710126 911IJ 7 4198194518099999999999999 050 601327 2999999999999999
 70 51 50 66 96132167191199186156116 77 48 36 43 6610013616518017715612226 912IJ 753199202018199999999999999 134 4814 7 3599999999999999
 85 55 41 45 66 99136169190193177146109 74 52 48 60 8711915117318016914226 913IJ 840194205318099999999999999 217 401445 4799999999999999
106 70 45 36 45 70103138167182181164135103 77 63 66 8210813716117517315526 914IJ 927184212417699999999999999 259 361521 6299999999999999
126 91 60 41 38 51 75106136159170167150126101 84 79 8610412715016617016226 915IJ1015171215317099999999999999 341 371554 7999999999999999
141111 80 55 42 44 58 81107131149156151138120104 95 9610712314215716516326 916IJ11 6156221916599999999999999 424 411623 9499999999999999
150127100 74 55 47 51 64 8410512413714213912911811010711212313715015916126 917IJ12 6142224616199999999999999 510 47164910799999999999999
154139118 94 73 58 52 56 67 8310011512613113112612011711712313314315215726 918IJ1323132232215799999999999999 6 4 52172011699999999999999
156148134115 94 75 62 56 58 67 80 9510912012712912812412212312713414214926 919IJ15 0129999999999999999999999 711 56181912299999999999999
153153147134117 97 78 64 56 56 64 76 9110612012913313212712312112312813626 920IJ 026154161113399999999999999 828 5520 412199999999999999
144151154150140123102 80 63 53 51 59 73 9111012713714013612711811211111626 921IJ 2 2154165214099999999999999 939 51213611099999999999999
127139151159159149130106 80 58 46 45 55 73 97120139148148137121106 96 9526 922IJ 3311601725149999999999999991035 442239 9499999999999999
102118137155168170159137107 76 52 39 40 55 79108134153159152134110 89 7726 923IJ 4411701757159999999999999991124 382330 7599999999999999
 77 89111138162178180167139104 70 45 34 40 61 90123151167167151124 94 7026 924IJ 53918118311699999999999999912 8 34999999999999999999999
 58 61 80109142170187188170138 99 64 40 34 46 72106140166176169145110 7626 925IJ 63119019 517699999999999999 016 571250 3499999999999999
 51 42 51 75110147177192189167132 93 59 41 41 58 88124156177180164132 9426 926IJ 721193194018199999999999999 1 0 421330 3899999999999999
 58 36 31 46 76113151179192185160124 88 60 48 54 7610714116818117615311726 927IJ 8 9192201418199999999999999 143 3114 9 4799999999999999
 77 44 27 28 47 79117152177185175150117 86 65 61 72 9612615417417816613826 928IJ 857185204717999999999999999 226 251447 6099999999999999
101 64 36 24 31 52 84119150169173162139111 88 76 78 9311614116217317015226 929IJ 945174211817499999999999999 3 9 241522 7599999999999999
122 87 55 34 28 38 60 89119143157159148129110 95 90 9711213215116416715826 930IJ1037160214616899999999999999 352 281554 9099999999999999
137108 77 52 37 35 46 66 911151341441451371241111041051141281431551611592610 1IJ1133146221416299999999999999 437 34162410499999999999999
146125 99 73 53 43 43 54 71 901091241331341301221161131171251361471541562610 2IJ1243135224615699999999999999 526 42165511399999999999999
150137118 96 74 58 49 50 58 72 881041171261291281241201191231291371451502610 3IJ14 8129233715099999999999999 625 49174211999999999999999
150145134117 97 78 62 54 53 59 71 861011151251301301261221201211251311392610 4IJ1526130999999999999999999999 736 52191311999999999999999
144147144136121102 82 65 55 52 58 69 851031191301351331271191131111141212610 5IJ 1 4147161313599999999999999 849 52205211199999999999999
131141148149143128108 85 65 53 49 55 70 89110128140142136124110 99 95 992610 6IJ 242149164614399999999999999 951 4922 1 9599999999999999
109125141153158152136112 85 62 48 45 55 73 98122142152149135115 95 80 762610 7IJ 4 01581718152999999999999991042 452254 7599999999999999
 82 99121144161169162142113 82 57 43 43 58 82111138157162152130102 76 592610 8IJ 5 31691750162999999999999991128 412341 5699999999999999
 56 68 92121150171178169145111 77 52 40 46 66 95128155170168150119 84 552610 9IJ 5571781825171999999999999991211 40999999999999999999999
 39 41 59 89124157179184171143107 73 49 43 54 79112145169178168142104 66261010IJ 64818419 017899999999999999 025 381252 4399999999999999
 37 24 31 54 90128162182185168138101 70 52 51 67 96129159178179162129 88261011IJ 737186193518199999999999999 1 9 241332 4999999999999999
 49 23 15 27 55 93132163180179161130 97 71 60 65 85114144169180174150113261012IJ 826182201018099999999999999 153 151411 5999999999999999
 72 37 16 14 30 60 97133160173169150123 96 77 73 82103130155172176163135261013IJ 916174204317699999999999999 237 121449 7299999999999999
 98 60 30 16 18 37 66100131153162157140118 98 87 88100120142161170166149261014IJ10 7162211517099999999999999 320 151525 8699999999999999
120 86 53 30 21 27 45 72101126143150145132116103 99104116133149160163155261015IJ11 2150214616399999999999999 4 5 211559 9999999999999999
135108 78 51 34 29 37 54 76 99119133138135126116110110116127139150156154261016IJ12 5138221815699999999999999 453 29163310999999999999999
144125101 75 54 41 39 45 59 78 97113125131130124118115116122130139146149261017IJ131913123 114999999999999999 546 38171611599999999999999
146136119 99 77 59 48 46 51 63 79 95111122128128125120116117120127134140261018IJ1434129999999999999999999999 648 46182911699999999999999
143141133119101 82 65 53 50 54 65 80 97112124130130125118112110111117125261019IJ 011143152813199999999999999 756 5020 510999999999999999
133139141136124107 86 68 55 51 55 67 83102120132137133124111101 96 97104261020IJ 14714116 413799999999999999 9 1 512120 9599999999999999
116129140146143132112 90 69 54 50 55 70 91113131143144135118 99 84 77 79261021IJ 314146163614599999999999999 956 502216 7699999999999999
 90108128145154153140117 90 66 51 48 57 77102127146155150133108 82 63 56261022IJ 42315517 9155999999999999991044 4823 4 5699999999999999
 61 79103130152164162145119 88 63 48 49 63 87116143161164152126 93 63 42261023IJ 5221651743165999999999999991129 472350 3699999999999999
 36 47 71102135160172168148117 85 60 48 53 73102133159172169148115 76 43261024IJ 6151731819173999999999999991212 48999999999999999999999
 23 21 38 68105140166177169146113 82 59 52 62 86117148171179168140100 59261025IJ 7 5177185617999999999999999 035 201254 5299999999999999
 26 10 13 34 69108144169176166141109 80 63 61 76102133161178178161127 84261026IJ 755176193318099999999999999 120  81335 6099999999999999
 44 14  3 11 36 72111145166171159134105 82 71 74 92118145168178172149112261027IJ 84617220 917899999999999999 2 4  31415 7099999999999999
 70 33  9  3 15 42 77113143160162149127104 87 82 89107131154169172161134261028IJ 937163204417399999999999999 249  31454 8299999999999999
 98 60 29 11  9 24 49 81112137151151140122105 95 94104121140156165163147261029IJ1032152211916699999999999999 335  81532 9399999999999999
121 87 55 30 17 19 34 57 84110130141141132120108103105115129143154157151261030IJ1130142215415799999999999999 422 16161110399999999999999
135110 81 54 35 26 30 43 63 86107124132133127119111109113121131141148148261031IJ1234134223414999999999999999 511 26165410999999999999999
141125104 79 57 42 36 40 51 68 881061201281291251181131111131201281361402611 1IJ1340129233114199999999999999 6 6 36175411199999999999999
140134121102 81 62 49 44 47 58 73 901071201271281241161101061071121201282611 2IJ1437129999999999999999999999 7 6 44191610699999999999999
134136132121105 86 68 55 49 52 63 78 96113125131130122111101 95 951001092611 3IJ 054136151813299999999999999 8 8 492034 9499999999999999
120130136135126110 90 71 57 52 56 67 85105122134138132119102 87 78 78 852611 4IJ 223137155213899999999999999 9 6 522135 7799999999999999
 99115130140142133116 94 73 58 53 59 74 95117136146145132112 88 69 58 592611 5IJ 340142162514799999999999999 957 532226 5799999999999999
 70 90113134148150140120 95 72 56 53 63 82107132150157150130101 71 48 372611 6IJ 44315117 0157999999999999991045 532314 3799999999999999
 41 58 84114140156158146122 94 70 56 56 70 94122147164166151123 87 52 282611 7IJ 5401591737167999999999999991130 54999999999999999999999
 19 27 50 83117146163163148122 92 68 57 61 80107137161174169147112 71 342611 8IJ 632165181617499999999999999 0 0 191214 5799999999999999
 11  5 19 47 84121151166164147119 90 69 62 70 92121150171178167139 99 552611 9IJ 724168185517899999999999999 046  51257 6299999999999999
 19 -1 -2 16 48 87125153166162142115 89 72 70 82105134160176177160127 85261110IJ 815166193417999999999999999 132 -41340 6999999999999999
 43 10 -6 -2 19 53 91126151161155137112 90 79 81 95118143164175170149114261111IJ 9 7161201317599999999999999 218 -71422 7899999999999999
 73 34  7 -4  4 26 59 94125146154147130110 94 87 92107128148164168159135261112IJ10 0154205116899999999999999 3 5 -415 4 8799999999999999
101 64 31  9  4 13 35 65 96123140145139125109 98 96103116133149158158146261113IJ1056145213016099999999999999 351  31546 9699999999999999
123 92 59 32 16 14 25 45 71 97119133137132121109102102109121134145150147261114IJ1153137221115199999999999999 439 14163110199999999999999
135113 86 59 37 26 26 37 55 77 99117128131126118109104104110120130138142261115IJ125113123 114299999999999999 529 25172410399999999999999
138126107 84 62 45 36 37 47 63 83101117126128123115106101101106114123131261116IJ1344128999999999999999999999 622 36183010099999999999999
134131122106 86 66 52 45 47 56 72 89107120128127121110100 93 92 96104114261117IJ 0 7134142812999999999999999 717 451944 9199999999999999
124130130122108 89 71 58 51 54 64 80 98115128132129118103 89 79 77 82 92261118IJ 12913015 413299999999999999 813 512049 7799999999999999
106119129132126112 94 75 61 55 59 72 90109127138139130113 93 74 62 59 66261119IJ 251132153914099999999999999 9 6 552145 5999999999999999
 81100118132137132118 97 77 63 58 64 79101122140149146130106 79 55 42 40261120IJ 4 1137161514999999999999999 956 582236 3999999999999999
 51 71 96120138145139122 99 78 63 60 69 89113137154159150128 96 63 36 22261121IJ 5 31451654159999999999999991044 602325 2099999999999999
 23 39 65 96125145152144125100 77 64 63 76 99126150166167151122 83 46 18261122IJ 5591521734168999999999999991131 62999999999999999999999
  5 10 31 63 98130151156147125 99 77 65 68 85110138162174170148112 70 30261123IJ 652157181617499999999999999 012  51217 6599999999999999
  3 -7  3 28 64101134154158146123 97 77 69 76 95121149169177168141101 57261124IJ 744159185817799999999999999 1 0 -713 3 6999999999999999
 18 -7-12  1 30 67105136155156143120 96 79 75 85105131156172175161130 89261125IJ 836158194117699999999999999 147-131349 7599999999999999
 46 11-10-11  5 35 72108137152151138117 96 83 83 94114137158170168150118261126IJ 929154202317199999999999999 234-131434 8199999999999999
 78 39  8 -7 -4 14 43 78110135147145132113 97 88 90102120140156163158138261127IJ102114721 516399999999999999 321 -81519 8899999999999999
107 70 36 12  2  7 25 53 83111131140137125110 98 92 96108123139151154146261128IJ1114140214815499999999999999 4 9  116 5 9299999999999999
126 97 66 37 19 13 20 38 62 89112128134130120107 98 94 99109122135143143261129IJ12 6134223514499999999999999 456 131654 9499999999999999
134116 91 65 42 29 26 34 51 72 94113126129124114103 95 93 97106117127134261130IJ1254129233113599999999999999 543 261750 9399999999999999
134126110 89 67 49 39 39 47 63 82101117126127120109 97 89 86 90 981091202612 1IJ1336127999999999999999999999 631 381854 8699999999999999
127128121108 89 71 56 48 50 59 74 92110123129126117103 89 79 75 79 881002612 2IJ 040128141312999999999999999 721 481959 7599999999999999
112122125121109 93 75 62 56 59 69 85103120131134127113 95 77 64 60 64 762612 3IJ 158125144913499999999999999 812 5621 0 6099999999999999
 91107120126124113 97 79 66 61 65 78 96115131141140129109 85 62 47 42 482612 4IJ 314126152714299999999999999 9 3 612155 4299999999999999
 64 84105122131129118101 82 69 65 71 86106127144151146129103 72 45 28 242612 5IJ 42313116 815199999999999999 955 652247 2499999999999999
 34 54 79105126137136123104 84 70 67 76 94117140156161151128 94 58 28 102612 6IJ 5241381651161999999999999991046 672337  799999999999999
  8 22 47 78108132144141127105 84 71 70 81102127151166167153123 84 44 132612 7IJ 6201441736169999999999999991136 69999999999999999999999
 -4 -3 14 44 79113138149145128105 84 72 73 87110137160173170151116 73 312612 8IJ 713149182217499999999999999 027 -61225 7199999999999999
  0-14-10 12 45 83118142152145127103 83 74 77 93118144165175169145107 622612 9IJ 8 515219 817599999999999999 115-151314 7399999999999999
 21 -7-18-10 15 50 88122144151143124101 83 76 83100124149167173162136 96261210IJ 856151195317399999999999999 2 3-1814 2 7699999999999999
 53 15 -9-16 -4 22 57 93124144148138119 99 84 80 88106128150164166153125261211IJ 947148203916799999999999999 251-161449 8099999999999999
 87 47 14 -5 -8  6 33 66 99126141142131114 96 85 84 93110130147158156141261212IJ1036143212415999999999999999 338 -91536 8399999999999999
113 78 44 17  3  5 20 45 75104126137135124108 93 85 86 95111128142149145261213IJ1123137221014999999999999999 423  21624 8499999999999999
129103 73 44 24 16 20 36 59 85108125132128116102 89 83 86 95109123134139261214IJ12 713223 013999999999999999 5 8 151714 8399999999999999
134119 96 71 48 33 30 36 52 73 95113125128122109 95 84 79 82 91103116126261215IJ1247128235812999999999999999 551 2918 8 7999999999999999
129125112 93 72 54 44 43 52 67 86104119126125116102 87 76 71 74 83 95108261216IJ1323127999999999999999999999 634 4319 7 7199999999999999
118122119108 92 75 61 54 56 65 81 98114126130125112 95 78 65 60 63 72 86261217IJ 1 6122135813099999999999999 719 542010 6099999999999999
100112118117109 95 80 68 62 66 76 92109125134135126109 88 67 52 45 48 60261218IJ 223119143613699999999999999 8 8 622110 4599999999999999
 76 94109119120113 99 84 73 68 73 85102120135143141128106 79 54 36 29 33261219IJ 338120151914499999999999999 9 1 6822 7 2999999999999999
 47 68 90110122125118104 88 76 72 77 91111130146153148130102 70 40 20 12261220IJ 44712516 615399999999999999 956 7223 1 1299999999999999
 19 37 62 90113128132124108 90 77 73 80 97118140156161153130 97 59 26  4261221IJ 5471321655161999999999999991051 732353 -299999999999999
 -2  7 30 60 92119135138129110 91 77 74 83101125148164168156128 89 48 13261222IJ 6431391745168999999999999991145 73999999999999999999999
 -9-13  0 27 62 97126142143131110 89 76 74 85106131155170171155123 81 37261223IJ 734144183417399999999999999 043-141238 7399999999999999
  2-17-18 -1 30 67104132146145130108 87 74 75 88110136159172170150115 72261224IJ 824148192317399999999999999 132-201329 7399999999999999
 29 -4-20-17  4 36 74110136148143126103 84 73 76 91114139160170165142106261225IJ 912148201117099999999999999 220-211418 7399999999999999
 63 23 -5-16 -9 14 47 83116138145138120 98 81 73 78 94116140157164155131261226IJ 958145205816499999999999999 3 6-1615 6 7399999999999999
 96 57 22 -1 -7  4 28 59 93120137140130112 92 78 73 80 96117137151154144261227IJ1043141214415599999999999999 351 -71552 7399999999999999
120 87 53 25  9  8 21 44 73101123135133121103 86 75 73 81 97115132143143261228IJ1124135223214499999999999999 434  61639 7299999999999999
131109 80 52 31 22 25 39 61 86109125131125112 94 79 71 71 80 94111125132261229IJ12 1131232313399999999999999 514 211727 7099999999999999
131120100 77 55 41 37 43 58 78 99116126127118103 86 72 65 67 76 89104116261230IJ1234128999999999999999999999 553 361819 6599999999999999
122121111 95 77 61 52 52 61 76 94111123128124112 95 77 63 57 59 68 81 95261231IJ 02112313 412899999999999999 629 511917 5799999999999999
