 24 22 19 15 10  5  2 -1 -1  0  3  7 13 18 22 24 26 26 26 26 26 26 26 2726 1 1IK9999999999999999999999999999 752 -1999999999999999999999
 27 27 25 21 16 11  5  1 -2 -3 -1  3  8 14 20 24 27 28 28 28 28 28 28 2826 1 2IK 0 4 271743 2899999999999999 848 -32119 2899999999999999
 29 30 29 27 23 18 11  5  0 -3 -3 -1  3  9 16 21 25 28 29 28 28 27 27 2826 1 3IK 113 301759 2999999999999999 942 -32118 2799999999999999
 29 30 31 31 28 24 18 11  4 -1 -3 -4 -1  4 10 16 22 25 27 27 26 25 25 2526 1 4IK 218 311821 27999999999999991033 -42144 2599999999999999
 26 28 30 31 31 28 23 17  9  3 -2 -4 -3  0  5 11 17 22 24 25 24 23 22 2226 1 5IK 320 311846 25999999999999991122 -42228 2299999999999999
 22 24 26 28 29 29 26 21 14  7  2 -2 -3 -2  1  6 12 17 21 22 22 20 19 1826 1 6IK 418 291912 229999999999999912 5 -32325 1899999999999999
 18 19 20 22 25 26 25 22 18 11  6  1 -1 -2  0  4  8 13 17 19 19 18 16 1526 1 7IK 513 261939 19999999999999991244 -2999999999999999999999
 14 14 15 16 19 20 21 21 18 14  9  5  2  1  1  3  6 10 14 16 17 17 15 1326 1 8IK 6 9 2120 4 1799999999999999 030 141315  099999999999999
 11 11 11 11 13 14 16 16 16 14 11  7  5  3  3  5  7 10 12 15 16 16 14 1226 1 9IK 7 9 172025 1699999999999999 138 111334  399999999999999
 10  9  8  8  8  9 10 12 12 12 11  9  8  7  6  7  9 11 13 14 15 15 14 1326 110IK 823 122038 1599999999999999 251  81336  699999999999999
 11  9  7  6  6  6  6  7  9 10 10 10 10  9 10 10 12 13 14 15 16 16 16 1426 111IK1015 102036 1699999999999999 417  613 4  999999999999999
 12 10  8  6  5  4  4  5  6  7  9 10 11 12 13 14 15 16 17 18 18 18 17 1626 112IK2016 18999999999999999999999 544  4999999999999999999999
 14 12 10  8  6  4  3  3  4  5  7 10 12 13 15 16 18 19 20 20 20 20 20 1926 113IK20 6 20999999999999999999999 643  3999999999999999999999
 17 15 13 10  8  5  4  3  3  4  6  9 12 15 17 18 20 21 22 22 23 23 22 2226 114IK2029 23999999999999999999999 727  3999999999999999999999
 20 19 16 14 11  8  5  3  2  3  5  8 11 15 18 20 22 23 23 23 24 24 24 2426 115IK2133 24999999999999999999999 8 7  2999999999999999999999
 23 22 20 17 14 11  7  4  2  2  3  6 10 14 18 20 22 23 24 24 24 24 24 2426 116IK2346 24999999999999999999999 845  2999999999999999999999
 24 24 23 21 18 14 10  6  3  1  1  3  7 11 16 20 22 23 24 23 23 23 23 2426 117IK1745 24999999999999999999999 924  12036 2399999999999999
 24 25 24 23 20 17 12  8  3  0 -1  0  3  8 13 17 21 22 23 22 21 21 21 2226 118IK 1 9 251749 239999999999999910 3 -12118 2199999999999999
 23 24 24 24 22 19 15  9  4  0 -2 -2  0  4  9 14 18 20 21 21 20 19 18 1926 119IK 2 8 2418 2 21999999999999991040 -22155 1899999999999999
 20 21 22 23 22 20 16 11  6  1 -2 -4 -3  0  4 10 14 18 19 19 18 16 15 1526 120IK 259 231821 19999999999999991115 -42230 1599999999999999
 16 17 19 21 21 20 17 13  7  2 -2 -4 -4 -3  1  5 10 14 17 17 16 14 12 1226 121IK 346 211841 17999999999999991147 -523 8 1299999999999999
 12 13 15 17 19 19 17 14  9  4  0 -3 -4 -4 -1  3  7 11 14 15 14 12 10  926 122IK 435 1919 2 15999999999999991216 -42349  899999999999999
  8  9 10 13 15 16 16 15 11  7  3 -1 -2 -2 -1  2  6 10 13 14 14 12  9  726 123IK 528 171921 14999999999999991240 -2999999999999999999999
  5  5  6  8 11 13 14 14 13 10  6  3  1  1  1  3  6  9 12 14 14 12  9  626 124IK 631 141937 1499999999999999 036  51255  199999999999999
  4  3  3  4  6  8 11 12 13 12 10  7  6  5  6  7  9 11 13 15 15 14 12  826 125IK 748 131951 1599999999999999 130  31259  599999999999999
  5  2  1  1  2  4  6  9 11 12 12 11 10 10 11 12 13 14 16 17 17 17 15 1226 126IK 933 121959 1799999999999999 232  11248 1099999999999999
  8  5  2  1  0  1  3  5  7 10 12 13 14 14 15 16 18 19 19 20 20 20 18 1626 127IK1953 20999999999999999999999 349  0999999999999999999999
 13  9  5  2  1  0  0  1  3  6 10 13 15 17 19 20 21 22 23 23 23 22 22 2026 128IK1837 23999999999999999999999 523  0999999999999999999999
 18 15 11  7  3  1 -1 -1  0  2  6 10 14 17 20 22 24 25 25 25 25 24 24 2326 129IK1820 25999999999999999999999 649 -1999999999999999999999
 22 20 17 13  8  4  0 -2 -3 -2  1  5 10 15 19 22 24 25 25 25 25 25 25 2526 130IK1814 25999999999999999999999 758 -3999999999999999999999
 25 24 22 19 14  9  4  0 -3 -4 -3  1  6 11 16 20 23 24 24 24 24 23 23 2426 131IK1738 24999999999999999999999 856 -42140 2399999999999999
 25 26 25 24 20 15  9  3 -2 -4 -5 -3  1  6 12 17 21 22 22 22 21 20 20 2126 2 1IK 123 261731 2399999999999999 946 -52142 2099999999999999
 22 24 25 26 24 20 14  7  1 -3 -6 -6 -3  2  7 13 17 20 20 19 17 16 16 1626 2 2IK 235 261741 20999999999999991030 -622 6 1699999999999999
 17 20 22 24 24 22 18 11  5 -1 -5 -6 -5 -2  3  9 14 17 18 17 15 13 12 1126 2 3IK 336 241759 189999999999999911 9 -62245 1199999999999999
 12 14 17 20 22 22 19 15  8  2 -2 -5 -5 -3  1  6 11 14 16 16 13 11  8  726 2 4IK 431 221819 16999999999999991142 -52330  799999999999999
  7  9 11 14 17 19 18 16 11  6  1 -2 -3 -3  0  4  8 12 14 15 13 10  7  526 2 5IK 523 191839 159999999999999912 8 -3999999999999999999999
  4  4  6  9 12 14 15 15 12  8  4  1  0  0  1  4  8 11 13 14 13 10  7  426 2 6IK 615 151855 1499999999999999 016  41226  099999999999999
  3  2  3  4  7  9 11 12 12 10  7  4  3  3  4  6  9 12 13 14 13 11  8  526 2 7IK 710 1219 3 1499999999999999 1 2  21231  399999999999999
  3  2  1  2  3  5  7  9 10 10  9  7  7  7  8 10 12 14 15 15 15 13 10  726 2 8IK 815 101858 1599999999999999 151  11216  799999999999999
  4  3  1  1  2  3  5  6  8  9  9  9  9 10 11 13 15 16 17 17 17 15 13 1026 2 9IK1842 17999999999999999999999 246  1999999999999999999999
  7  5  3  2  2  2  3  4  6  8  9 10 11 13 14 16 17 19 20 20 19 18 16 1326 210IK1837 20999999999999999999999 358  2999999999999999999999
 10  8  6  4  3  2  2  3  4  6  8 10 12 14 16 18 19 20 21 21 21 20 18 1626 211IK1846 21999999999999999999999 532  2999999999999999999999
 14 11  9  7  5  3  2  2  3  4  7  9 12 15 17 19 20 21 22 22 22 21 20 1926 212IK19 0 22999999999999999999999 648  2999999999999999999999
 17 15 12 10  7  5  3  1  1  2  4  7 11 14 17 19 20 21 21 21 21 21 20 2026 213IK1843 21999999999999999999999 744  1999999999999999999999
 19 17 15 13 10  7  4  1  0  0  1  4  8 12 15 18 19 20 20 20 20 19 19 1926 214IK1726 20999999999999999999999 831 -1999999999999999999999
 19 19 18 15 13  9  5  1 -1 -2 -2  0  4  9 13 16 18 19 18 18 17 17 17 1726 215IK17 8 19999999999999999999999 913 -32112 1799999999999999
 18 19 18 17 15 11  7  2 -2 -4 -5 -3  0  5  9 13 16 17 16 15 14 13 13 1426 216IK 116 1917 8 1799999999999999 950 -52130 1399999999999999
 15 17 18 18 16 13  8  3 -1 -4 -6 -6 -4  1  6 10 13 15 15 13 11 10 10 1026 217IK 220 181716 15999999999999991025 -62154 1099999999999999
 11 14 16 17 16 14 10  5  0 -4 -6 -7 -6 -2  2  7 11 13 13 11  9  7  6  626 218IK 314 171730 13999999999999991056 -72223  699999999999999
  7  9 12 15 16 15 13  8  3 -2 -5 -6 -6 -4  0  5  9 12 12 11  7  4  2  226 219IK 4 7 161745 12999999999999991124 -62256  299999999999999
  3  5  8 12 14 15 14 11  6  2 -2 -4 -4 -3  0  4  8 11 12 11  8  4  1 -126 220IK 5 1 1518 0 12999999999999991149 -42335 -199999999999999
 -1  0  3  7 11 13 14 13 10  6  3  0  0  0  2  5  9 12 13 13 10  5  1 -226 221IK 559 141815 139999999999999912 7  0999999999999999999999
 -3 -3 -1  2  6 10 13 14 13 10  7  5  5  5  6  8 11 13 15 15 13  9  4  026 222IK 7 2 141828 1599999999999999 020 -31210  599999999999999
 -3 -4 -4 -2  2  6  9 12 13 13 11 10 10 10 11 12 14 16 17 17 16 13  8  426 223IK 817 131835 1799999999999999 111 -41157 1099999999999999
  0 -3 -4 -3 -1  1  5  8 11 12 13 13 13 14 16 17 18 19 20 20 19 17 13  926 224IK1830 20999999999999999999999 210 -4999999999999999999999
  5  1 -1 -2 -2 -1  1  4  7 10 12 14 15 17 18 20 21 22 22 22 21 20 17 1426 225IK1751 22999999999999999999999 327 -3999999999999999999999
 11  7  3  1 -1 -2 -1  0  2  5  9 12 15 17 19 21 23 23 23 23 22 21 20 1826 226IK1731 23999999999999999999999 512 -2999999999999999999999
 16 13  9  5  2  0 -2 -2 -1  1  4  8 12 16 18 21 22 23 23 22 21 21 20 2026 227IK1731 23999999999999999999999 651 -2999999999999999999999
 19 17 14 11  7  3  0 -2 -3 -3  0  4  8 13 16 19 20 21 20 20 19 19 19 1926 228IK17 8 21999999999999999999999 8 2 -32129 1999999999999999
 20 20 18 16 12  7  2 -1 -4 -5 -3  0  4  9 13 16 18 18 17 16 15 15 15 1626 3 1IK 024 201637 1899999999999999 856 -52126 1599999999999999
 18 19 20 18 16 11  6  1 -3 -5 -5 -4  0  5 10 14 16 16 14 13 11 10 10 1126 3 2IK 150 201636 1699999999999999 938 -62140 1099999999999999
 13 16 18 19 18 14  9  3 -1 -4 -6 -5 -2  2  7 11 14 14 13 10  8  6  5  626 3 3IK 254 191647 14999999999999991013 -622 6  599999999999999
  8 11 15 17 18 16 12  7  1 -3 -5 -5 -4  0  5  9 12 13 12  9  6  3  2  226 3 4IK 350 1817 3 13999999999999991043 -52238  199999999999999
  3  6 10 13 16 16 14 10  5  0 -3 -4 -3  0  4  8 11 13 12 10  6  2  0 -126 3 5IK 441 161720 139999999999999911 7 -42313 -199999999999999
 -1  1  5  9 12 14 14 12  8  4  1 -1 -1  1  4  8 11 13 13 11  7  3 -1 -226 3 6IK 530 141734 13999999999999991125 -12349 -399999999999999
 -3 -2  1  5  8 11 13 12 10  7  4  3  3  4  6  9 12 13 14 12  9  5  1 -226 3 7IK 620 131741 14999999999999991135  3999999999999999999999
 -3 -3 -1  2  5  8 11 12 11 10  8  7  7  8  9 12 14 15 15 14 11  7  3  026 3 8IK 712 121738 1599999999999999 025 -31132  799999999999999
 -2 -3 -2  0  3  6  8 11 11 11 10 10 10 11 13 15 16 17 17 16 14 10  7  326 3 9IK 814 111730 1799999999999999 1 4 -31110 1099999999999999
  1 -1 -1  0  1  4  6  9 10 11 12 12 13 14 15 17 19 19 19 18 16 13 10  726 310IK1729 20999999999999999999999 148 -1999999999999999999999
  4  2  1  0  1  3  4  7  9 10 12 13 14 16 17 19 20 21 21 20 18 16 13 1026 311IK1736 21999999999999999999999 244  0999999999999999999999
  7  5  3  2  2  2  3  4  6  8 10 12 14 16 18 19 20 21 21 20 19 17 15 1326 312IK1744 21999999999999999999999 4 8  2999999999999999999999
 10  8  6  4  3  2  1  2  3  5  8 11 13 15 17 18 19 20 20 19 19 18 16 1426 313IK1737 20999999999999999999999 551  1999999999999999999999
 12 10  8  6  4  2  1  0  0  2  4  8 11 13 16 17 18 18 18 17 17 16 15 1526 314IK1652 18999999999999999999999 7 7  0999999999999999999999
 14 12 10  8  6  3  0 -1 -2 -1  1  4  7 11 13 15 16 16 15 14 14 13 13 1326 315IK1617 16999999999999999999999 8 2 -2999999999999999999999
 13 13 12 10  7  4  1 -2 -4 -4 -3  0  4  8 11 13 14 13 12 11 10 10 10 1126 316IK16 4 14999999999999999999999 846 -421 8 1099999999999999
 12 13 13 12  9  6  2 -1 -4 -5 -5 -3  0  5  8 11 12 11 10  8  6  6  6  726 317IK 129 1316 4 1299999999999999 924 -62115  699999999999999
  9 11 13 13 12  9  5  0 -3 -5 -6 -5 -2  2  6 10 11 10  8  5  3  2  1  326 318IK 234 131612 1199999999999999 957 -62134  199999999999999
  5  9 12 13 13 12  8  4  0 -3 -5 -5 -3  1  5  9 11 10  8  4  1 -2 -3 -226 319IK 331 141624 11999999999999991028 -522 2 -399999999999999
  1  4  9 13 14 14 12  8  4  0 -1 -2 -1  2  6  9 11 12 10  6  1 -3 -5 -526 320IK 427 151638 12999999999999991056 -22238 -699999999999999
 -4  0  5 10 14 15 15 13  9  5  3  2  3  4  7 11 13 14 13  9  3 -2 -6 -726 321IK 523 161654 14999999999999991119  22319 -899999999999999
 -7 -5  0  5 10 14 16 16 14 11  8  8  8  8 10 13 15 17 16 13  8  2 -3 -726 322IK 622 1617 9 17999999999999991130  7999999999999999999999
 -8 -7 -4  0  6 11 15 16 16 15 13 12 12 13 14 16 18 19 19 17 13  7  1 -326 323IK 725 171723 1999999999999999 0 6 -81118 1299999999999999
 -6 -7 -6 -3  1  6 11 14 16 16 16 16 16 17 18 19 21 21 21 20 17 13  8  226 324IK1731 22999999999999999999999 059 -7999999999999999999999
 -2 -4 -5 -4 -2  2  6 10 13 15 16 17 18 19 21 22 22 23 23 22 20 17 13  926 325IK1717 23999999999999999999999 2 1 -5999999999999999999999
  4  1 -1 -3 -2 -1  1  5  8 11 14 16 18 19 21 22 23 23 23 22 21 19 17 1426 326IK1640 23999999999999999999999 319 -3999999999999999999999
 10  7  3  1 -1 -1 -1  1  3  7 10 13 16 18 20 21 21 21 21 20 19 19 18 1626 327IK1630 21999999999999999999999 5 3 -1999999999999999999999
 14 12  8  5  2  0 -1 -1  0  2  6  9 12 15 17 18 19 18 18 17 16 16 16 1626 328IK1610 19999999999999999999999 640 -1999999999999999999999
 16 15 12  9  6  3  0 -1 -2 -1  2  5  9 12 15 16 16 15 14 13 12 12 12 1426 329IK1529 16999999999999999999999 748 -22048 1299999999999999
 15 15 15 13  9  6  2  0 -2 -2 -1  2  6 10 12 14 13 12 10  9  7  7  7  926 330IK 1 0 151520 1499999999999999 837 -221 2  799999999999999
 12 14 15 14 12  9  5  1 -1 -2 -2  1  4  8 11 12 12 11  8  5  3  2  3  426 331IK 212 151528 1399999999999999 913 -22124  299999999999999
  7 11 13 15 14 11  7  4  1 -1 -1  0  3  7 10 12 12 11  7  4  1 -1 -1  026 4 1IK 310 151542 1299999999999999 942 -12150 -199999999999999
  3  7 10 13 14 13 10  7  3  1  1  1  3  6 10 12 13 12  9  4  0 -2 -4 -326 4 2IK 4 2 141557 139999999999999910 5  12219 -499999999999999
 -1  3  7 11 14 15 13 10  7  5  3  4  5  7 10 13 14 13 11  6  2 -2 -4 -526 4 3IK 451 151610 14999999999999991023  32248 -599999999999999
 -3  0  4  9 12 15 15 13 11  8  7  7  8 10 12 14 15 15 13  9  4  0 -3 -526 4 4IK 538 151618 15999999999999991036  72319 -599999999999999
 -4 -2  2  6 10 14 16 15 14 12 11 11 11 13 15 16 17 17 16 12  8  3 -1 -326 4 5IK 626 161620 18999999999999991043 102353 -499999999999999
 -4 -3  0  4  8 12 15 16 16 15 14 14 14 16 17 19 20 20 18 15 11  6  2 -126 4 6IK 716 161620 20999999999999991042 14999999999999999999999
 -2 -2  0  3  6 10 13 16 17 17 16 16 17 18 19 21 22 22 20 18 14 10  6  326 4 7IK1625 22999999999999999999999 030 -2999999999999999999999
  0 -1  0  2  4  8 11 14 16 17 17 17 18 19 20 22 22 23 22 20 17 13  9  626 4 8IK1635 23999999999999999999999 112 -1999999999999999999999
  3  2  1  1  3  5  8 11 13 15 16 17 18 19 20 21 22 22 22 20 18 15 12  926 4 9IK1645 22999999999999999999999 2 4  1999999999999999999999
  6  4  2  2  2  3  5  7 10 12 14 16 17 18 19 20 20 21 20 19 18 15 13 1026 410IK1641 21999999999999999999999 310  2999999999999999999999
  8  6  4  3  2  2  3  4  6  9 11 13 15 17 18 18 18 18 18 17 16 14 13 1126 411IK16 0 18999999999999999999999 439  2999999999999999999999
 10  8  6  4  2  1  1  1  2  5  7 10 13 14 15 16 16 15 14 14 13 12 12 1126 412IK15 5 16999999999999999999999 6 7  1999999999999999999999
 10  9  7  5  3  2  0  0  0  1  4  7 10 12 13 13 13 12 11 10  9  9 10 1026 413IK1440 13999999999999999999999 712 -12041  999999999999999
 11 10  9  8  5  3  1 -1 -1 -1  1  4  8 10 12 12 11  9  7  6  5  5  6  826 414IK 014 111436 1299999999999999 8 2 -12027  599999999999999
 10 11 11 10  8  6  3  1 -1 -1  0  3  6  9 11 11 10  8  5  3  1  1  2  526 415IK 142 111442 1299999999999999 843 -12039  199999999999999
  8 11 13 13 12 10  7  4  2  1  1  3  6  9 12 12 11  8  4  1 -2 -3 -2  026 416IK 248 131453 1299999999999999 920  121 5 -399999999999999
  4  9 13 15 16 15 12  9  6  5  4  5  7 11 13 14 14 11  6  1 -3 -5 -6 -426 417IK 348 1615 9 1499999999999999 953  42139 -699999999999999
  0  5 11 15 18 19 17 14 12 10  9  9 10 13 16 17 17 15 10  4 -2 -6 -8 -726 418IK 445 191528 18999999999999991023  92220 -899999999999999
 -4  0  7 13 18 21 21 19 17 15 14 14 15 16 18 20 21 20 16 10  3 -3 -7 -826 419IK 542 211549 21999999999999991043 1423 7 -899999999999999
 -7 -4  2  8 14 19 22 22 21 20 19 18 19 20 21 23 24 24 21 16 10  3 -3 -626 420IK 642 221612 24999999999999991042 182359 -799999999999999
 -7 -6 -2  3  9 15 19 22 23 22 22 22 22 23 24 25 26 26 25 21 16 10  4 -126 421IK 751 231636 26999999999999991024 21999999999999999999999
 -4 -5 -4  0  4 10 15 19 21 22 22 23 23 24 25 26 26 27 26 24 21 16 10  526 422IK1656 27999999999999999999999 056 -5999999999999999999999
  1 -2 -2 -1  1  5  9 13 17 19 21 22 23 24 24 25 25 25 25 24 23 20 16 1126 423IK1651 25999999999999999999999 159 -2999999999999999999999
  7  3  1  0  1  2  5  8 12 15 18 19 21 22 22 23 23 22 22 22 21 20 18 1526 424IK1532 23999999999999999999999 313  0999999999999999999999
 12  8  5  3  2  2  3  5  8 11 14 16 18 19 19 19 19 19 18 17 17 17 17 1626 425IK1444 19999999999999999999999 439  2999999999999999999999
 15 12  9  7  5  3  3  3  5  7 10 13 15 16 17 16 15 14 13 12 12 13 14 1526 426IK1350 172349 1599999999999999 6 4  31948 1299999999999999
 15 14 12 10  8  6  4  4  4  5  8 11 13 15 15 14 13 11  9  8  7  8  9 1126 427IK1346 15999999999999999999999 7 9  42010  799999999999999
 13 14 14 12 10  8  6  5  5  5  7  9 12 14 14 14 12  9  7  5  3  3  5  726 428IK 119 141355 1499999999999999 756  52036  399999999999999
 10 13 14 14 13 11  9  7  6  6  7  9 12 14 15 14 12  9  6  3  1  0  1  326 429IK 229 1414 9 1599999999999999 830  621 2  099999999999999
  7 11 14 15 15 14 12 10  9  8  9 10 13 15 16 16 14 11  7  3  0 -1 -1  126 430IK 327 151424 1699999999999999 853  82127 -299999999999999
  4  8 12 15 17 17 15 13 12 11 11 13 14 16 18 18 16 13  9  5  1 -1 -2 -126 5 1IK 419 171438 1899999999999999 911 112154 -299999999999999
  2  6 11 15 18 19 18 17 15 14 15 15 17 18 20 20 19 17 13  8  3  0 -2 -126 5 2IK 5 5 191449 2099999999999999 927 142223 -299999999999999
  1  5 10 14 18 21 21 20 19 18 18 18 19 21 22 23 22 20 16 12  7  3  0 -126 5 3IK 549 211459 2399999999999999 943 182255 -199999999999999
  0  3  8 13 17 21 23 23 22 21 20 21 22 23 24 25 25 23 20 15 10  6  2  126 5 4IK 634 231511 259999999999999910 0 202330  099999999999999
  1  3  6 11 15 19 22 24 23 23 22 23 23 24 26 26 26 25 23 19 14  9  5  326 5 5IK 722 241527 26999999999999991011 22999999999999999999999
  2  2  5  8 13 17 20 23 24 24 23 23 24 25 26 27 27 26 24 21 17 12  8  526 5 6IK1545 27999999999999999999999 010  2999999999999999999999
  3  3  4  6 10 14 17 20 22 23 23 23 24 24 25 26 26 26 24 22 19 15 11  726 5 7IK16 2 26999999999999999999999 053  3999999999999999999999
  5  4  3  5  7 10 13 16 19 21 21 22 22 23 23 24 24 24 23 21 19 16 12  926 5 8IK1610 24999999999999999999999 140  3999999999999999999999
  7  5  4  4  5  7  9 12 15 17 19 20 20 21 21 21 21 21 20 19 18 16 13 1126 5 9IK1526 21999999999999999999999 231  4999999999999999999999
  8  6  5  4  4  5  6  9 11 14 16 18 18 19 18 18 18 17 17 16 15 14 13 1226 510IK1259 19999999999999999999999 330  4999999999999999999999
 10  8  6  5  4  4  5  6  8 11 13 15 16 17 16 15 15 14 13 13 13 13 12 1226 511IK1245 17999999999999999999999 439  4999999999999999999999
 11 10  9  7  6  5  5  6  7  9 11 14 15 15 15 13 12 10  9  9  9 10 11 1226 512IK1249 15999999999999999999999 552  51922  999999999999999
 13 13 12 10  9  8  7  7  7  9 11 13 15 16 15 13 10  8  6  5  5  6  8 1126 513IK 026 131259 1699999999999999 656  71934  599999999999999
 13 15 16 15 14 12 11 10 10 10 12 14 16 17 17 14 11  8  4  2  1  2  5  826 514IK 153 161313 1799999999999999 750 1020 2  199999999999999
 12 16 18 19 19 17 16 14 14 14 15 16 18 20 20 18 14 10  5  1 -1 -1  0  426 515IK 3 5 191332 2099999999999999 836 142038 -199999999999999
  9 15 19 22 23 23 21 20 19 18 18 19 21 23 24 23 19 14  9  3 -1 -3 -3  026 516IK 4 8 231356 2499999999999999 914 182121 -399999999999999
  5 11 17 22 26 27 26 25 24 23 23 23 25 26 27 27 25 21 15  8  2 -2 -4 -326 517IK 5 7 271426 2899999999999999 941 232210 -499999999999999
  0  6 13 19 25 28 29 29 27 27 27 27 28 29 30 31 30 27 22 15  8  2 -2 -326 518IK 6 5 2915 1 3199999999999999 950 2723 2 -399999999999999
 -2  2  7 14 21 26 29 30 30 29 29 29 29 30 32 33 33 31 28 22 15  8  3 -126 519IK 7 5 301540 3399999999999999 951 292358 -299999999999999
 -2 -1  3  9 15 21 26 28 29 29 29 29 30 30 31 32 33 33 31 28 22 15  9  426 520IK1625 339999999999999999999999999999999999999999999999999
  1  0  1  5 10 15 20 24 27 27 28 28 28 29 29 30 31 31 31 29 26 21 15 1026 521IK1716 31999999999999999999999 056  0999999999999999999999
  6  3  2  4  6 10 15 19 22 24 25 25 25 26 26 26 26 27 27 27 26 23 19 1526 522IK1818 27999999999999999999999 155  2999999999999999999999
 11  7  5  5  6  8 11 15 18 21 22 23 23 23 22 22 22 22 22 23 23 22 21 1826 523IK1127 231950 2399999999999999 255  51631 2299999999999999
 15 12  9  8  7  8  9 12 15 17 19 20 21 20 19 18 18 17 17 17 18 18 19 1826 524IK1136 2122 0 1999999999999999 355  718 1 1799999999999999
 17 15 12 11 10 10 10 11 13 15 18 19 19 19 18 16 14 13 12 12 12 13 15 1626 525IK1153 192359 1799999999999999 453 101854 1299999999999999
 17 16 15 14 13 12 12 12 13 15 17 18 19 19 17 15 13 11  9  8  8  9 11 1426 526IK1211 19999999999999999999999 547 121935  899999999999999
 16 17 17 16 16 15 15 15 15 16 17 19 20 20 19 16 13 11  8  6  5  6  8 1126 527IK 138 171228 2099999999999999 630 1520 8  599999999999999
 14 17 18 19 19 18 18 17 18 18 19 20 21 22 21 19 15 12  9  6  4  4  6  926 528IK 3 6 191243 2299999999999999 658 172036  499999999999999
 12 16 19 21 21 21 21 20 20 21 22 23 24 24 23 22 19 15 11  7  5  4  5  726 529IK 411 211259 2499999999999999 722 2021 4  499999999999999
 11 15 19 22 24 24 24 24 23 24 24 25 26 27 26 25 22 19 14 10  7  5  5  726 530IK 456 241316 2799999999999999 752 232132  599999999999999
 10 14 19 23 26 27 27 26 26 26 27 27 28 29 29 28 26 23 18 13  9  6  5  626 531IK 531 271337 2999999999999999 826 2622 4  599999999999999
  9 13 18 23 26 29 29 29 28 28 28 29 30 31 31 31 29 26 22 17 12  9  6  626 6 1IK 6 5 2914 4 3199999999999999 9 0 282240  699999999999999
  8 11 16 21 25 28 30 30 30 29 29 30 31 32 32 32 31 29 25 21 16 11  8  726 6 2IK 640 301435 3399999999999999 933 292320  799999999999999
  7  9 13 18 23 27 29 30 30 30 29 30 30 31 32 32 32 30 28 24 19 14 10  826 6 3IK 718 3015 8 339999999999999910 6 29999999999999999999999
  7  8 10 14 19 23 27 29 29 29 29 29 29 29 30 31 31 30 28 25 21 16 12  926 6 4IK 8 0 291540 3199999999999999 0 1  71040 2999999999999999
  7  7  8 11 15 19 23 26 27 27 27 27 27 27 28 28 29 28 27 25 22 18 14 1026 6 5IK 846 271611 2999999999999999 042  71125 2799999999999999
  8  7  7  9 12 15 19 22 24 25 25 25 25 25 25 25 25 26 25 24 21 18 15 1226 6 6IK 931 251643 2699999999999999 122  71248 2599999999999999
  9  8  7  8  9 12 15 19 21 23 23 23 22 22 22 22 22 22 22 21 20 18 16 1326 6 7IK10 5 23999999999999999999999 159  7999999999999999999999
 11  9  8  8  9 11 13 16 19 21 22 22 21 20 19 19 18 18 18 19 19 18 17 1526 6 8IK1030 22999999999999999999999 233  8999999999999999999999
 13 12 11 10 10 11 13 15 17 19 21 21 20 19 17 16 15 15 15 15 16 17 17 1726 6 9IK1049 212222 1799999999999999 3 7 101725 1599999999999999
 17 15 14 14 13 14 15 16 17 19 21 21 21 19 17 15 13 12 11 12 13 15 17 1826 610IK11 6 21999999999999999999999 344 1318 6 1199999999999999
 19 19 19 18 18 18 18 19 20 21 22 23 23 22 19 16 13 10  9  8  9 11 15 1826 611IK 037 191124 2399999999999999 435 181848  899999999999999
 21 23 24 24 23 23 23 23 23 24 25 26 26 25 23 19 15 11  8  6  6  8 11 1526 612IK 225 241148 2799999999999999 612 231933  699999999999999
 20 24 27 28 28 28 28 28 28 28 29 30 30 30 28 25 20 14 10  6  4  5  7 1126 613IK 353 281219 3099999999999999 734 282022  499999999999999
 17 22 27 30 32 32 32 32 32 32 32 33 34 34 34 31 26 21 14  9  5  3  4  726 614IK 454 321259 3499999999999999 815 322114  399999999999999
 12 18 24 30 33 35 35 35 34 34 35 35 36 37 38 36 33 28 21 14  8  4  3  426 615IK 542 351349 3899999999999999 834 3422 9  399999999999999
  7 13 19 26 31 34 36 36 35 35 35 36 37 38 39 39 38 35 29 22 14  8  4  326 616IK 626 361444 4099999999999999 857 3523 4  399999999999999
  4  8 14 20 26 31 34 35 35 34 34 35 35 36 38 39 40 38 34 29 21 14  9  526 617IK 7 6 351543 4099999999999999 931 342359  499999999999999
  4  5  9 15 21 26 30 33 33 32 32 32 32 33 34 36 38 38 36 33 27 20 14  926 618IK 744 331643 38999999999999991020 32999999999999999999999
  6  6  7 11 16 21 26 29 30 30 29 29 29 29 30 31 33 34 34 33 30 25 19 1426 619IK 820 301746 3499999999999999 052  61136 2999999999999999
 10  8  8  9 13 17 21 25 27 28 27 26 25 25 25 26 27 28 29 30 29 26 23 1826 620IK 853 281855 3099999999999999 140  81334 2599999999999999
 14 12 10 11 12 15 19 22 24 26 26 25 23 22 21 21 21 22 23 24 25 25 23 2126 621IK 923 262017 2599999999999999 222 101514 2199999999999999
 18 15 14 14 14 16 18 20 23 24 25 24 23 21 19 18 17 17 18 19 20 21 22 2126 622IK 951 2522 1 2299999999999999 255 141649 1799999999999999
 20 19 17 17 17 18 19 21 23 24 25 24 23 21 19 17 16 14 14 14 16 17 19 2026 623IK1014 25999999999999999999999 310 1718 5 1499999999999999
 21 21 20 20 21 21 22 23 24 25 26 26 25 23 21 18 16 14 12 12 13 14 17 1926 624IK 011 211033 2699999999999999 250 201858 1299999999999999
 21 22 23 23 24 24 25 26 26 27 28 28 27 26 23 20 18 15 13 12 11 12 15 1826 625IK1045 289999999999999999999991939 11999999999999999999999
 21 23 25 26 27 27 28 29 29 30 30 30 30 29 27 24 21 17 15 12 11 12 14 1726 626IK1058 309999999999999999999992013 11999999999999999999999
 20 24 26 28 30 30 31 31 31 32 32 33 33 32 30 28 24 21 17 14 12 12 13 1626 627IK1125 339999999999999999999992045 12999999999999999999999
 20 24 27 30 32 32 33 33 33 34 34 35 35 35 34 32 28 25 20 17 14 12 13 1526 628IK12 9 359999999999999999999992119 12999999999999999999999
 18 22 27 30 33 34 34 34 34 34 35 36 36 37 36 35 32 28 24 19 16 13 12 1326 629IK1259 379999999999999999999992157 12999999999999999999999
 16 20 25 29 32 34 35 35 34 34 35 36 36 37 38 37 35 32 27 22 18 14 12 1226 630IK 6 6 351349 3899999999999999 837 342236 1299999999999999
 14 17 22 27 31 33 35 35 34 33 34 34 35 36 37 37 36 33 30 25 20 15 12 1126 7 1IK 626 351435 3799999999999999 921 332315 1199999999999999
 11 14 18 23 27 31 33 34 33 32 32 32 33 34 35 36 35 34 31 27 22 17 13 1126 7 2IK 651 341518 369999999999999910 4 322353 1099999999999999
 10 11 14 19 23 28 30 32 31 30 30 30 30 31 32 33 33 33 31 28 23 18 14 1126 7 3IK 719 3216 1 33999999999999991049 29999999999999999999999
 10 10 12 15 20 24 27 29 30 29 28 27 27 27 28 29 30 31 30 28 24 20 16 1326 7 4IK 746 301645 3199999999999999 029 101142 2799999999999999
 11 10 11 13 17 21 24 27 28 27 26 25 24 24 24 25 27 28 28 27 25 21 18 1526 7 5IK 811 281737 2899999999999999 1 0 101243 2499999999999999
 12 11 12 13 15 19 22 25 26 26 25 24 22 21 21 22 23 24 25 25 24 23 20 1826 7 6IK 835 261847 2599999999999999 125 111346 2199999999999999
 15 14 14 15 16 19 21 24 25 26 25 23 21 20 19 19 19 20 22 23 23 23 23 2126 7 7IK 855 262028 2499999999999999 143 141449 1999999999999999
 19 18 18 18 19 21 23 25 26 27 27 25 22 20 18 17 17 17 18 20 21 23 24 2426 7 8IK 912 272239 2499999999999999 155 181557 1799999999999999
 24 23 23 23 24 24 26 27 28 29 29 28 25 22 19 17 15 15 15 16 18 21 24 2626 7 9IK 929 29999999999999999999999 159 2317 9 1599999999999999
 27 27 28 28 28 29 30 30 31 32 32 31 29 26 23 19 16 14 13 13 15 18 21 2526 710IK 950 329999999999999999999991818 13999999999999999999999
 28 30 31 32 33 34 34 34 35 35 35 35 34 32 28 24 19 16 13 11 12 14 17 2226 711IK1023 359999999999999999999991922 11999999999999999999999
 26 30 33 35 36 37 37 38 38 38 38 39 38 37 34 30 25 20 15 12 10 10 13 1726 712IK1122 399999999999999999999992021 10999999999999999999999
 22 28 32 36 38 39 39 39 39 39 40 40 41 41 40 37 32 26 20 15 11  9  9 1226 713IK1237 419999999999999999999992118  9999999999999999999999
 17 23 29 34 37 39 39 39 39 39 39 40 41 43 43 42 38 33 27 20 14 10  8  926 714IK1349 439999999999999999999992214  8999999999999999999999
 12 17 23 29 34 37 38 38 37 37 37 38 39 41 43 43 42 39 33 26 19 13  9  826 715IK 6 9 381455 4399999999999999 846 3723 5  899999999999999
  9 12 18 24 30 33 35 35 34 34 33 34 35 37 39 41 42 41 37 32 24 17 12  926 716IK 630 361559 4299999999999999 941 332352  899999999999999
  8 10 14 19 25 29 32 33 32 31 30 29 30 31 33 36 38 39 38 35 29 22 16 1226 717IK 653 3317 0 39999999999999991043 29999999999999999999999
 10 10 12 16 21 26 29 31 31 29 27 26 26 26 27 30 32 34 35 34 31 26 21 1626 718IK 718 3118 1 3599999999999999 034 101157 2699999999999999
 14 12 13 16 19 23 27 29 29 28 26 24 23 22 22 24 26 28 30 31 30 28 24 2026 719IK 744 2919 4 3199999999999999 1 9 121310 2299999999999999
 17 16 16 17 20 23 26 28 29 28 26 24 22 20 20 20 21 23 25 26 27 27 25 2326 720IK 8 7 292016 2799999999999999 135 161422 2099999999999999
 21 20 20 20 22 24 26 28 29 29 27 25 23 21 19 18 18 19 20 22 23 25 25 2526 721IK 825 292151 2599999999999999 144 201539 1899999999999999
 24 23 23 24 25 27 28 29 30 30 29 27 25 23 20 19 18 17 18 19 20 22 24 2526 722IK 834 30999999999999999999999 121 2317 4 1799999999999999
 26 26 27 28 29 30 31 32 32 32 31 30 28 25 23 21 19 18 17 17 18 20 23 2526 723IK 827 329999999999999999999991816 17999999999999999999999
 27 28 29 30 32 33 34 34 34 34 34 33 31 29 26 24 22 19 18 17 18 19 21 2426 724IK 813 3499999999999999999999919 9 17999999999999999999999
 27 29 31 33 34 35 36 36 37 37 36 36 34 33 30 28 25 22 19 18 17 18 20 2326 725IK 833 379999999999999999999991953 17999999999999999999999
 26 30 32 34 35 36 37 37 38 38 38 38 37 36 34 31 28 25 21 19 17 17 19 2126 726IK 944 389999999999999999999992033 17999999999999999999999
 25 29 32 34 36 37 37 37 37 38 38 39 39 38 37 35 32 28 24 20 17 16 17 1926 727IK1142 399999999999999999999992113 16999999999999999999999
 22 26 30 33 36 36 37 36 36 37 37 38 39 39 39 37 34 31 26 22 18 16 15 1626 728IK13 0 399999999999999999999992152 15999999999999999999999
 19 23 28 31 34 36 36 35 34 34 35 36 37 38 39 38 36 33 28 24 19 15 14 1426 729IK 537 361358 3999999999999999 833 342230 1399999999999999
 16 19 24 28 32 34 34 33 32 32 32 33 34 36 37 37 36 34 30 25 20 16 13 1226 730IK 549 341448 3799999999999999 916 3223 5 1299999999999999
 13 16 20 25 29 31 32 32 30 29 29 29 30 32 34 35 35 34 31 27 22 17 13 1226 731IK 6 6 321535 3699999999999999 957 292338 1199999999999999
 11 13 17 21 26 29 30 30 29 27 26 26 27 28 30 32 33 33 31 28 23 19 15 1226 8 1IK 626 311622 33999999999999991039 26999999999999999999999
 12 12 15 19 23 27 29 29 28 26 24 23 23 24 26 28 30 31 31 29 25 21 17 1526 8 2IK 645 291713 3199999999999999 0 6 121123 2399999999999999
 13 13 15 18 22 25 28 29 28 26 23 21 21 21 22 24 27 29 30 29 27 24 21 1826 8 3IK 7 3 291812 3099999999999999 030 131212 2199999999999999
 17 16 17 19 22 25 28 29 29 27 24 21 19 19 19 21 23 25 27 29 28 27 25 2226 8 4IK 720 291924 2999999999999999 046 1613 4 1999999999999999
 21 21 21 22 24 27 29 30 30 29 26 23 20 18 18 18 19 22 24 26 28 28 28 2726 8 5IK 735 302053 2899999999999999 051 2114 3 1899999999999999
 26 25 26 27 28 30 31 32 32 31 29 26 22 20 18 17 17 19 21 23 26 28 29 2926 8 6IK 746 32999999999999999999999 044 251513 1799999999999999
 30 30 31 32 33 33 34 35 35 35 33 30 27 23 20 18 17 17 18 19 22 25 28 3026 8 7IK 753 359999999999999999999991640 17999999999999999999999
 32 33 34 35 36 37 38 38 38 38 37 35 32 29 25 21 19 17 16 16 18 21 24 2826 8 8IK 748 389999999999999999999991811 16999999999999999999999
 31 34 36 37 39 39 40 40 40 40 40 39 37 35 31 27 22 19 16 15 15 17 20 2426 8 9IK 649 409999999999999999999991926 15999999999999999999999
 28 32 35 38 39 40 40 40 40 40 41 41 41 39 37 33 28 23 18 15 13 13 15 1926 810IK1118 419999999999999999999992029 13999999999999999999999
 24 29 33 36 38 39 39 39 39 39 39 40 41 42 41 38 34 28 22 17 13 11 12 1426 811IK1255 429999999999999999999992124 11999999999999999999999
 19 24 29 33 36 37 36 36 36 36 36 37 39 41 42 42 39 34 27 21 15 12 10 1126 812IK 514 3714 8 4299999999999999 814 362212 1099999999999999
 14 19 25 29 33 34 34 33 32 31 32 33 35 37 40 42 41 38 32 26 19 14 11 1026 813IK 520 351512 4299999999999999 9 1 312254 1099999999999999
 12 15 20 26 30 32 32 31 29 27 27 27 29 32 35 38 40 39 36 30 23 17 13 1126 814IK 536 321612 4099999999999999 952 272331 1199999999999999
 11 14 18 23 27 30 31 30 27 24 23 23 23 25 29 32 35 37 36 32 27 21 17 1426 815IK 556 3117 9 37999999999999991046 23999999999999999999999
 13 14 17 21 25 28 30 30 27 24 21 20 20 21 23 26 30 32 34 33 29 25 21 1826 816IK 617 3018 4 3499999999999999 0 2 131142 2099999999999999
 17 17 18 21 25 28 30 30 28 25 22 19 18 18 19 21 25 27 30 31 30 27 24 2226 817IK 637 3019 2 3199999999999999 026 171237 1899999999999999
 21 21 22 24 26 28 30 30 29 27 24 21 19 18 18 19 21 23 26 28 29 28 27 2526 818IK 651 3020 8 2999999999999999 036 211332 1799999999999999
 25 25 25 27 29 30 31 32 31 29 26 23 21 19 18 18 19 21 23 25 26 27 28 2826 819IK 654 32999999999999999999999 024 241431 1899999999999999
 28 28 29 30 32 33 34 34 33 32 29 27 24 22 20 19 19 20 21 22 24 26 28 2926 820IK 639 349999999999999999999991546 19999999999999999999999
 30 31 32 33 34 35 36 36 35 34 32 30 28 25 23 22 20 20 20 21 22 24 27 2926 821IK 626 369999999999999999999991719 20999999999999999999999
 30 32 33 35 36 37 38 38 37 36 35 33 31 29 27 24 22 21 20 20 21 23 25 2826 822IK 635 389999999999999999999991836 20999999999999999999999
 30 32 34 35 37 37 38 38 38 37 37 36 34 32 30 28 25 22 20 19 19 20 22 2526 823IK 7 4 389999999999999999999991933 19999999999999999999999
 29 31 34 35 36 37 37 37 37 37 37 37 36 35 33 30 27 24 21 19 18 18 20 2226 824IK 813 379999999999999999999992020 18999999999999999999999
 26 29 32 34 35 35 35 35 35 35 36 36 36 36 35 33 30 26 22 19 16 16 16 1926 825IK1154 3699999999999999999999921 1 16999999999999999999999
 22 26 30 32 33 34 33 33 32 32 33 34 35 36 35 34 31 28 23 19 16 14 14 1526 826IK 443 341314 3699999999999999 8 1 322138 1499999999999999
 19 23 27 30 31 32 31 30 29 29 29 31 32 34 35 34 32 29 25 20 16 13 12 1326 827IK 444 321410 3599999999999999 838 292212 1299999999999999
 15 19 24 27 29 30 29 27 26 25 26 27 29 31 33 34 33 31 27 22 17 14 12 1126 828IK 454 3015 0 3499999999999999 913 252242 1199999999999999
 13 16 21 25 28 29 28 26 24 22 22 23 24 27 30 32 33 32 29 24 19 15 13 1226 829IK 5 7 291550 3399999999999999 947 222310 1299999999999999
 13 15 19 23 26 28 28 26 22 20 19 19 20 23 26 30 32 32 30 27 23 18 16 1426 830IK 522 281641 32999999999999991023 192334 1499999999999999
 14 16 19 23 26 28 28 26 23 19 17 16 17 19 22 26 29 31 31 30 26 22 19 1826 831IK 538 281736 329999999999999911 3 162353 1899999999999999
 18 18 20 23 27 29 29 28 25 21 17 15 15 16 18 22 26 29 31 31 30 27 24 2226 9 1IK 553 291836 31999999999999991148 152358 2299999999999999
 22 22 24 26 28 30 31 31 28 24 20 16 15 14 16 18 22 26 29 31 31 30 28 2726 9 2IK 6 7 311945 31999999999999991239 142348 2799999999999999
 27 27 28 29 31 33 34 33 31 28 24 20 17 15 15 16 18 22 25 28 30 31 31 3126 9 3IK 618 349999999999999999999991339 15999999999999999999999
 31 31 32 33 34 35 36 36 35 32 29 25 21 18 16 16 16 18 21 24 27 29 31 3226 9 4IK 621 369999999999999999999991453 16999999999999999999999
 33 34 35 36 37 38 38 38 37 36 33 30 26 23 20 18 16 16 17 19 22 25 28 3126 9 5IK 6 1 389999999999999999999991633 16999999999999999999999
 33 35 36 38 39 39 39 39 38 38 36 34 32 28 25 21 18 17 16 16 18 20 24 2726 9 6IK 525 399999999999999999999991816 16999999999999999999999
 31 33 35 37 38 38 38 38 38 38 37 37 36 33 30 26 22 19 16 14 14 16 19 2326 9 7IK 526 389999999999999999999991933 14999999999999999999999
 27 30 33 35 36 36 36 36 35 35 36 37 37 37 34 31 27 22 18 14 13 13 15 1826 9 8IK 5 4 361159 3799999999999999 817 352031 1299999999999999
 22 27 30 32 33 33 32 32 31 31 32 34 36 37 37 35 31 26 21 16 13 11 12 1426 9 9IK 414 331322 3799999999999999 816 312117 1199999999999999
 18 23 27 30 31 30 29 27 26 26 27 29 32 35 37 37 34 30 24 19 14 12 11 1226 910IK 4 8 311428 3799999999999999 838 262156 1199999999999999
 15 20 24 27 29 29 27 24 22 22 22 23 26 30 34 36 35 33 28 22 17 14 12 1226 911IK 418 291526 3699999999999999 913 212229 1299999999999999
 14 18 22 26 28 28 26 23 20 18 17 18 21 24 29 32 34 34 31 26 21 17 15 1426 912IK 435 281621 3499999999999999 954 172256 1499999999999999
 15 18 21 25 27 28 27 24 20 17 15 15 16 19 23 28 31 33 32 29 25 21 18 1726 913IK 453 281713 33999999999999991036 152318 1799999999999999
 17 19 22 25 28 29 28 25 21 17 15 13 14 16 19 23 27 30 31 30 28 24 22 2126 914IK 510 2918 5 31999999999999991119 132330 2199999999999999
 21 22 24 27 29 30 30 28 24 20 16 14 14 14 16 20 24 27 29 30 29 27 26 2526 915IK 522 301859 309999999999999912 2 142328 2599999999999999
 25 25 27 29 31 32 31 30 27 23 19 17 15 15 16 18 21 24 27 29 30 29 28 2826 916IK 524 3220 2 30999999999999991246 1523 8 2899999999999999
 28 29 30 32 33 34 33 32 30 27 23 20 18 17 16 17 19 22 24 27 28 29 30 3026 917IK 515 349999999999999999999991336 16999999999999999999999
 30 31 33 34 35 36 35 34 32 30 26 23 21 19 18 18 19 20 22 24 26 28 29 3026 918IK 5 9 369999999999999999999991439 18999999999999999999999
 31 33 34 35 36 37 36 36 34 32 29 27 24 22 21 19 19 19 20 22 24 26 28 3026 919IK 515 3799999999999999999999916 9 19999999999999999999999
 31 33 34 35 36 36 36 36 35 33 31 29 27 25 23 21 20 19 19 19 21 23 25 2726 920IK 528 369999999999999999999991749 19999999999999999999999
 30 32 33 34 34 35 35 34 34 33 32 31 29 27 25 23 21 19 17 17 17 19 22 2426 921IK 529 3599999999999999999999919 0 17999999999999999999999
 27 29 31 32 32 32 32 32 32 31 31 31 30 29 27 25 22 19 17 15 15 16 18 2126 922IK 418 329999999999999999999991952 15999999999999999999999
 24 27 29 30 30 30 29 28 28 28 29 29 30 29 28 26 24 20 17 14 13 13 14 1726 923IK 341 301211 3099999999999999 8 8 282033 1399999999999999
 21 24 26 28 28 27 26 25 24 24 25 27 28 29 29 27 25 22 18 15 12 11 12 1426 924IK 332 281324 2999999999999999 814 2421 9 1199999999999999
 18 21 24 26 26 25 23 21 20 20 21 23 25 28 29 28 27 24 20 16 13 11 11 1326 925IK 336 261420 2999999999999999 835 202140 1199999999999999
 16 19 23 25 25 24 21 19 17 16 17 19 22 25 28 29 29 26 23 19 15 13 12 1326 926IK 344 251512 2999999999999999 9 1 1622 9 1299999999999999
 15 19 22 25 25 24 21 18 15 13 13 15 18 22 26 29 30 29 26 22 19 16 15 1526 927IK 356 2516 4 3099999999999999 931 132235 1599999999999999
 16 19 22 25 26 26 23 19 15 12 11 11 14 18 23 27 30 31 30 27 23 20 19 1826 928IK 411 271658 319999999999999910 6 112257 1899999999999999
 19 21 24 27 28 28 26 22 17 12 10  9 11 14 19 24 28 31 32 31 28 25 23 2326 929IK 426 291753 32999999999999991047  923 9 2399999999999999
 23 24 26 29 31 31 30 26 21 15 11  9  9 11 14 19 25 29 32 32 31 29 28 2726 930IK 443 311854 32999999999999991133  923 2 2799999999999999
 28 28 30 32 33 34 33 30 26 20 15 12 10 10 12 15 20 25 28 31 32 32 31 312610 1IK 459 3420 7 32999999999999991227 102245 3199999999999999
 31 32 33 34 35 36 35 34 31 26 21 16 13 11 11 13 16 20 24 27 30 31 32 322610 2IK 513 369999999999999999999991331 11999999999999999999999
 33 34 35 36 37 37 37 36 34 31 26 22 18 15 13 13 14 16 19 22 25 28 30 312610 3IK 515 379999999999999999999991449 13999999999999999999999
 33 34 35 36 37 37 36 36 35 33 31 27 23 20 17 15 14 14 15 17 20 23 26 282610 4IK 440 379999999999999999999991631 14999999999999999999999
 31 32 34 34 35 35 34 34 34 33 32 31 28 25 21 18 16 14 13 14 15 18 21 252610 5IK 420 359999999999999999999991811 13999999999999999999999
 27 29 31 31 32 31 31 30 30 31 31 31 30 29 26 22 19 16 13 12 12 14 17 202610 6IK 358 321043 3199999999999999 746 301922 1299999999999999
 24 26 28 28 28 27 26 26 26 26 27 29 30 30 29 26 22 18 15 13 12 12 14 172610 7IK 3 1 281231 3099999999999999 751 262015 1299999999999999
 21 24 26 26 25 24 22 21 20 21 22 25 28 30 30 29 25 21 17 14 12 12 13 152610 8IK 248 261344 3099999999999999 811 202055 1299999999999999
 19 22 24 25 24 22 19 17 16 16 17 20 23 27 29 30 28 25 20 17 14 13 13 152610 9IK 255 251444 3099999999999999 839 162127 1399999999999999
 18 21 24 25 24 22 18 15 13 12 12 14 18 23 27 29 29 27 24 20 17 15 15 16261010IK 310 251539 2999999999999999 911 122152 1599999999999999
 18 21 24 25 25 23 20 15 12 10  9 11 14 18 23 27 29 29 27 24 21 18 18 18261011IK 327 261630 2999999999999999 945  92211 1899999999999999
 20 22 25 27 27 25 22 18 13 10  9  9 11 15 20 24 28 30 29 27 24 22 21 21261012IK 343 271719 30999999999999991020  82224 2199999999999999
 22 24 26 28 29 28 25 21 16 12 10  9 10 13 17 22 26 29 30 29 28 26 25 25261013IK 355 2918 8 30999999999999991055  92232 2599999999999999
 25 27 29 30 31 30 28 24 20 15 12 10 10 12 15 19 23 27 30 30 30 28 28 28261014IK 4 1 3119 0 30999999999999991133 102233 2899999999999999
 28 29 31 32 33 32 31 28 23 19 15 13 12 12 14 17 21 25 28 30 30 30 30 30261015IK 4 3 3320 2 30999999999999991213 122221 3099999999999999
 30 31 32 34 34 34 32 30 27 22 19 16 14 13 14 16 19 22 25 27 29 30 30 30261016IK 4 8 3499999999999999999999913 0 13999999999999999999999
 31 32 33 34 35 34 33 31 29 25 22 19 16 15 14 15 17 19 21 24 26 28 29 30261017IK 418 359999999999999999999991356 14999999999999999999999
 31 31 32 33 34 34 33 32 30 27 24 21 19 17 16 15 15 16 18 20 23 25 26 28261018IK 430 3499999999999999999999915 9 15999999999999999999999
 29 30 31 31 32 32 31 30 29 27 25 23 21 19 17 15 15 15 15 17 19 21 23 25261019IK 433 329999999999999999999991640 14999999999999999999999
 27 28 28 29 29 28 28 27 27 26 25 23 22 20 18 16 15 14 13 14 15 17 20 22261020IK 335 2999999999999999999999918 3 13999999999999999999999
 24 25 26 26 25 25 24 24 23 23 23 23 22 21 19 17 15 14 12 12 12 14 16 19261021IK 225 2699999999999999999999919 3 12999999999999999999999
 21 23 24 23 23 21 20 20 20 20 21 21 22 22 21 19 17 15 13 11 11 12 14 17261022IK 2 8 241218 2299999999999999 753 201949 1199999999999999
 19 21 22 22 20 19 17 16 16 16 17 19 21 22 22 21 19 17 14 12 11 11 13 15261023IK 2 8 221331 2299999999999999 756 162027 1199999999999999
 18 21 22 21 20 17 15 13 12 12 14 16 20 22 24 24 22 20 17 15 13 13 14 15261024IK 215 221430 2499999999999999 814 1221 1 1399999999999999
 18 21 22 22 20 17 14 11  9  9 10 13 17 21 24 26 26 24 22 19 17 16 16 17261025IK 226 231526 2699999999999999 840  82131 1699999999999999
 20 22 24 24 23 19 15 10  7  6  6  9 13 18 23 27 29 28 26 24 21 20 20 20261026IK 241 251620 2999999999999999 913  62158 2099999999999999
 22 24 27 27 26 23 18 13  8  5  4  5  9 14 20 26 29 31 31 29 26 25 24 24261027IK 3 0 271715 3199999999999999 952  42217 2499999999999999
 25 27 29 31 30 28 24 18 11  7  4  4  6 10 16 22 27 31 32 32 30 29 28 28261028IK 322 311812 32999999999999991038  42218 2899999999999999
 29 30 32 33 34 32 29 24 17 11  6  4  4  7 11 17 23 28 31 32 32 31 31 31261029IK 348 341915 32999999999999991129  42212 3199999999999999
 31 32 33 35 35 35 33 29 23 17 11  7  6  6  8 12 17 22 27 30 31 31 31 32261030IK 415 369999999999999999999991227  5999999999999999999999
 32 33 34 35 36 36 35 33 29 23 17 13  9  7  7  9 12 17 21 25 28 29 30 31261031IK 445 369999999999999999999991331  7999999999999999999999
 31 32 33 34 34 34 34 33 31 27 23 18 14 11  9  9 10 12 16 19 22 25 27 282611 1IK 516 349999999999999999999991445  9999999999999999999999
 29 30 30 31 31 31 31 31 30 29 26 23 19 15 13 11 10 10 12 14 17 20 23 252611 2IK 557 319999999999999999999991611 10999999999999999999999
 26 27 27 27 27 26 26 26 27 27 26 25 23 20 17 14 12 11 11 12 14 16 19 212611 3IK 251 279999999999999999999991738 11999999999999999999999
 23 24 24 23 22 22 21 21 21 22 23 24 24 22 20 17 15 13 12 11 12 14 16 192611 4IK 120 241116 2499999999999999 652 211848 1199999999999999
 21 22 22 20 19 18 16 15 15 17 19 21 23 23 22 20 18 15 14 13 12 13 15 182611 5IK 114 221250 2399999999999999 726 151940 1299999999999999
 20 21 21 20 17 15 13 11 11 11 13 17 20 22 23 22 21 18 16 15 14 14 16 182611 6IK 125 2114 3 2399999999999999 759 112019 1499999999999999
 20 21 22 20 18 15 11  9  8  8  9 12 16 20 23 24 23 21 19 18 17 16 17 192611 7IK 141 2215 5 2499999999999999 831  72047 1699999999999999
 21 22 23 22 20 16 12  9  6  5  6  9 13 18 22 24 25 24 23 21 20 19 19 212611 8IK 158 231559 2599999999999999 9 2  521 5 1999999999999999
 22 24 25 25 23 19 15 10  7  5  5  7 11 15 20 24 26 27 26 24 23 22 22 232611 9IK 215 251647 2799999999999999 933  52118 2299999999999999
 24 26 27 27 26 23 18 14  9  6  5  6  9 13 18 23 27 29 29 27 26 25 25 26261110IK 231 271732 299999999999999910 4  52133 2599999999999999
 27 28 29 30 29 26 22 17 13  9  7  6  8 12 16 21 26 29 30 30 28 27 27 28261111IK 245 301816 30999999999999991038  62150 2799999999999999
 29 30 31 31 31 29 26 21 16 12  9  7  8 10 14 19 23 27 29 30 30 29 29 29261112IK 3 0 3119 2 30999999999999991114  722 7 2999999999999999
 30 31 32 32 32 31 28 24 20 15 11  9  8  9 12 16 20 24 27 29 30 29 29 29261113IK 317 331955 30999999999999991155  82219 2999999999999999
 30 30 31 32 32 31 29 26 22 18 14 11  9  9 10 13 17 20 24 26 28 28 28 28261114IK 338 329999999999999999999991240  9999999999999999999999
 28 29 30 31 31 31 29 27 24 20 16 13 11  9  9 11 13 16 19 22 24 26 26 26261115IK 359 319999999999999999999991328  9999999999999999999999
 27 27 27 28 28 28 27 26 23 20 17 14 12 10  9 10 11 13 15 18 21 22 23 24261116IK 417 289999999999999999999991420  9999999999999999999999
 24 24 25 25 25 25 24 23 22 20 18 15 13 11 10  9  9 10 12 14 17 19 20 21261117IK 413 259999999999999999999991518  9999999999999999999999
 22 22 22 21 21 21 20 20 19 18 17 16 14 12 11 10  9 10 10 12 14 16 18 19261118IK 023 229999999999999999999991624  9999999999999999999999
 20 20 19 18 18 17 16 16 16 16 16 16 15 14 13 12 11 10 10 11 12 14 16 18261119IK 017 209999999999999999999991735 10999999999999999999999
 19 19 18 16 15 14 13 12 13 14 15 16 16 16 15 14 13 12 12 12 12 14 16 17261120IK 023 191218 1699999999999999 7 2 121840 1299999999999999
 19 19 18 16 13 11 10  9  9 10 12 15 17 18 19 18 17 16 15 14 14 15 16 18261121IK 033 191343 1999999999999999 718  91933 1499999999999999
 20 20 19 17 13 10  8  6  6  7  9 13 17 20 22 22 21 20 19 18 18 18 19 20261122IK 048 201451 2299999999999999 745  62019 1899999999999999
 22 23 22 20 16 12  8  5  3  3  6 10 15 19 23 25 26 25 24 23 22 21 22 23261123IK 1 7 231551 2699999999999999 819  32056 2199999999999999
 25 26 26 24 21 15 10  5  2  1  2  5 11 17 22 26 29 29 28 27 26 25 25 26261124IK 131 261646 2999999999999999 9 0  12122 2599999999999999
 28 29 30 29 26 21 15  9  4  1  0  2  6 12 18 24 29 31 31 30 29 29 28 29261125IK 2 2 301740 3199999999999999 946  02132 2899999999999999
 30 31 33 33 31 27 22 15  8  3  0  0  2  7 13 20 25 30 32 32 31 30 30 30261126IK 238 331833 32999999999999991037  02138 3099999999999999
 31 32 34 35 34 32 28 22 14  8  3  0  0  3  7 14 20 25 29 31 31 30 30 30261127IK 321 351930 31999999999999991132  02152 3099999999999999
 31 32 33 34 35 34 32 27 21 14  8  4  1  1  4  8 14 19 24 27 28 28 28 28261128IK 4 8 359999999999999999999991230  1999999999999999999999
 29 29 30 31 32 33 32 30 26 20 14  8  5  3  3  5  9 13 18 22 24 25 25 25261129IK 5 2 339999999999999999999991328  3999999999999999999999
 25 26 26 27 28 29 29 29 27 23 18 13  9  6  5  5  7 10 13 17 20 22 22 22261130IK 6 5 292218 22999999999999991427  5999999999999999999999
 22 22 22 22 22 23 24 24 24 23 21 17 14 10  8  7  7  8 11 13 16 18 20 202612 1IK 728 252248 2099999999999999 127 221526  799999999999999
 19 19 18 17 17 17 17 18 19 20 20 19 16 14 12 10  9  9 10 12 14 16 18 192612 2IK 922 202312 1999999999999999 445 171627  999999999999999
 18 17 16 14 13 12 12 12 13 15 16 17 17 16 15 13 13 12 12 13 14 15 17 182612 3IK1125 172336 1899999999999999 6 7 121729 1299999999999999
 18 17 15 13 11  9  8  7  8 10 12 15 17 17 17 16 16 15 15 15 15 16 18 192612 4IK1316 172358 1999999999999999 7 2  71830 1599999999999999
 19 19 17 14 11  9  6  5  5  6  8 11 15 17 19 19 19 18 18 18 18 18 19 202612 5IK1457 19999999999999999999999 744  51916 1899999999999999
 21 21 19 17 13 10  7  5  3  4  6  9 13 17 19 21 21 21 21 21 21 21 21 222612 6IK 019 2116 8 2199999999999999 820  31942 2199999999999999
 23 23 22 20 17 13  9  6  4  3  4  7 11 16 20 22 24 24 24 23 23 23 24 242612 7IK 040 231650 2499999999999999 852  320 2 2399999999999999
 25 26 25 23 21 17 12  8  5  4  4  6 10 14 19 23 25 26 26 26 25 25 26 262612 8IK 1 2 261721 2699999999999999 922  32029 2599999999999999
 27 28 28 27 24 21 16 11  7  5  4  5  8 13 18 22 26 28 28 27 27 26 27 272612 9IK 129 281750 2899999999999999 954  421 1 2699999999999999
 28 29 29 29 27 24 20 15 10  6  5  5  7 10 15 20 24 27 29 28 28 27 27 27261210IK 2 0 291821 29999999999999991029  42134 2799999999999999
 28 29 30 30 29 27 23 18 13  8  5  4  5  8 12 17 22 25 27 28 27 27 26 26261211IK 233 301854 289999999999999911 7  422 8 2699999999999999
 27 28 29 30 29 28 25 20 15 11  7  5  4  5  9 13 18 22 25 26 26 25 25 25261212IK 3 8 301930 26999999999999991147  42244 2599999999999999
 25 26 27 28 28 27 25 22 17 12  8  5  4  4  6  9 13 18 21 23 24 24 23 22261213IK 342 2820 7 24999999999999991226  42327 2299999999999999
 22 23 24 25 25 25 24 21 18 14  9  6  4  3  4  6 10 13 17 19 21 21 21 20261214IK 416 252044 219999999999999913 3  3999999999999999999999
 20 20 20 21 21 22 21 20 17 14 10  7  5  4  4  5  7 10 13 16 18 19 19 18261215IK 451 222118 1999999999999999 027 201336  499999999999999
 17 17 17 17 17 18 18 17 16 14 11  8  6  5  4  5  6  8 11 13 16 17 17 16261216IK 533 182145 1799999999999999 150 1714 2  499999999999999
 15 14 14 13 14 14 14 14 14 13 12 10  8  7  6  7  7  9 10 12 14 16 16 16261217IK 649 1422 7 1699999999999999 326 131420  699999999999999
 15 13 12 11 10 10 10 11 12 12 12 12 11 10  9  9 10 11 12 13 14 16 17 16261218IK 940 122226 1799999999999999 451 101433  999999999999999
 15 13 11  9  8  7  7  8  9 10 12 13 14 14 13 13 14 14 14 15 16 17 18 18261219IK2245 18999999999999999999999 547  7999999999999999999999
 17 15 13 10  7  5  4  4  6  8 10 13 15 17 18 18 18 18 18 19 19 20 20 21261220IK2310 21999999999999999999999 633  4999999999999999999999
 21 19 16 12  9  5  3  2  2  4  7 11 15 19 21 22 23 23 23 23 23 23 23 24261221IK2344 24999999999999999999999 718  2999999999999999999999
 24 23 21 17 12  8  4  1  0  1  3  8 13 18 22 25 26 27 26 26 26 26 26 27261222IK17 6 27999999999999999999999 8 6  02036 2699999999999999
 28 28 26 23 18 13  7  2 -1 -2 -1  3  8 14 20 25 28 29 29 28 28 28 28 29261223IK 030 281733 2999999999999999 856 -22051 2899999999999999
 30 31 30 29 25 19 13  6  1 -2 -3 -1  3  9 16 22 26 29 30 29 29 28 29 29261224IK 125 3118 4 3099999999999999 949 -321 1 2899999999999999
 30 31 32 32 30 26 20 12  5  0 -3 -4 -2  3  9 16 22 26 28 28 28 27 27 27261225IK 224 321837 28999999999999991042 -42130 2799999999999999
 28 30 31 33 32 30 26 19 11  4 -1 -3 -4 -1  4 10 16 21 25 26 25 24 24 24261226IK 324 3319 8 26999999999999991135 -42213 2499999999999999
 25 26 28 30 31 31 29 24 17 10  4 -1 -3 -3  0  5 10 16 20 22 23 22 21 20261227IK 425 311939 23999999999999991226 -32313 2099999999999999
 20 21 22 24 26 28 28 26 21 15  9  3  0 -1 -1  2  7 11 16 19 20 19 18 17261228IK 527 2820 9 20999999999999991312 -1999999999999999999999
 16 16 16 18 20 22 23 23 21 18 13  8  4  2  1  3  5  9 12 16 17 18 16 15261229IK 633 232036 1899999999999999 035 161353  199999999999999
 13 12 12 12 13 15 17 18 18 17 15 11  8  6  5  5  6  9 11 14 16 16 16 14261230IK 749 1821 2 1699999999999999 2 6 121424  599999999999999
 12 10  9  8  8  9 10 11 13 14 14 13 11 10  9  9 10 11 13 14 16 17 17 15261231IK 926 142120 1799999999999999 343  81426  999999999999999
