  8 24 49 78105123129125114101 89 84 88102122143159166157135102 66 31  326 1 1IS 6 312916571669999999999999911 5 84999999999999999999999
-11 -7 13 44 78109130136130117102 89 83 88105128151169174163136 99 58 1926 1 2IS 659136175117499999999999999 017-1112 3 8399999999999999
-10-22-15 10 46 84117136140131115 98 84 79 87107133159177181166135 94 5026 1 3IS 745141184218199999999999999 1 7-221253 7999999999999999
 10-18-26-14 16 54 94125141141128110 91 77 75 87111139165182182163129 8626 1 4IS 827143193118499999999999999 154-261340 7499999999999999
 42  5-19-22 -4 29 68106133143137121101 83 71 73 8811414316718117715511926 1 5IS 9 6143201818299999999999999 238-231425 7099999999999999
 77 37  4-13 -9 14 48 85118138141131113 93 76 67 72 9011614316417316514126 1 6IS 94314221 317399999999999999 319-1415 9 6799999999999999
107 69 34  9  1 11 36 69102128140137123104 85 70 65 73 9211613915516014926 1 7IS1018141214716099999999999999 357  01554 6599999999999999
125 94 63 36 20 19 34 60 89116134139131115 97 79 68 66 75 9211313114214226 1 8IS1052139223214399999999999999 432 171640 6599999999999999
130109 84 60 42 35 41 58 82106126136135125108 91 76 67 67 75 8910511812526 1 9IS1126137232112699999999999999 5 3 351731 6699999999999999
124113 97 79 63 53 53 62 79 99117130135131119103 88 75 67 67 73 83 9410426 110IS12 1135999999999999999999999 534 521833 6699999999999999
109108101 91 80 71 67 70 80 94109123131132126115100 86 74 66 63 66 73 8126 111IS 023109124113399999999999999 6 5 671957 6399999999999999
 90 96 98 96 91 85 81 80 83 91102114124130130124113 99 85 71 61 56 56 6126 112IS 2 1 98133113199999999999999 647 792131 5599999999999999
 69 79 88 95 98 97 94 90 89 91 96105115124130130125114 99 82 66 53 45 4426 113IS 413 98143413199999999999999 8 0 892242 4499999999999999
 49 60 74 87 98104105102 97 93 93 97105116126133133128115 97 77 58 42 3326 114IS 539105153913499999999999999 935 932332 3299999999999999
 33 41 56 75 93106112112106 99 93 91 96106118131139139131115 93 69 46 2926 115IS 6251131636140999999999999991046 91999999999999999999999
 21 24 38 59 82102116120116106 96 88 87 94108124139147146134113 85 57 3226 116IS 657120172314899999999999999 012 211136 8799999999999999
 16 12 21 41 67 94114125124115101 89 82 84 96114134150157151133106 74 4326 117IS 72612618 515799999999999999 048 121217 8299999999999999
 18  6  8 25 51 81108126131124110 93 80 76 83100124146161164152128 95 5926 118IS 753131184316599999999999999 121  51254 7699999999999999
 28  7  1 11 35 67 98122134132119101 83 72 72 85108135157170167148117 8126 119IS 820135192017199999999999999 152  11331 7199999999999999
 45 17  1  3 22 52 85115134139129111 91 74 65 71 9011714516617316413810326 120IS 846139195717399999999999999 223  014 7 6599999999999999
 66 33 10  2 13 39 72105130142138122101 80 65 61 72 9612615216917015412426 121IS 914143203517299999999999999 254  21445 6199999999999999
 88 53 25 10 12 30 60 94123141145133113 90 70 58 59 7510213015316516114126 122IS 942145211616699999999999999 324  81525 5699999999999999
110 76 46 25 18 28 52 83113136147142125103 80 61 53 59 7810412914815514726 123IS1012147215915599999999999999 355 1816 7 5399999999999999
126 97 68 45 32 33 49 74103127144147137117 93 71 56 50 58 7710012213714126 124IS1044147224814199999999999999 426 311654 5099999999999999
132112 89 67 52 46 53 70 94118136146144130109 87 66 53 49 56 72 9110912126 125IS1120147234912599999999999999 458 461750 4899999999999999
125118104 87 73 64 64 73 89108127140145140126106 84 65 51 46 50 62 77 9226 126IS12 2145999999999999999999999 534 6319 3 4699999999999999
104110109101 92 84 80 81 89101116130140143139126107 86 66 50 41 40 47 5926 127IS 116110125714399999999999999 618 802037 3999999999999999
 74 89100105105102 98 95 94 98106117129139144141131113 91 68 48 33 27 3026 128IS 328106141314499999999999999 737 942210 2699999999999999
 42 59 79 97109114114110105101100105114127139148149140122 97 69 43 22 1226 129IS 526115153815099999999999999 9391002320 1199999999999999
 14 27 50 76100118125125118108 99 95 98109125143156160152131101 67 35 1026 130IS 62212616521609999999999999911 6 95999999999999999999999
 -2  2 20 49 81110129136131119104 91 86 90105127150167172162136101 62 2526 131IS 7 1136175117299999999999999 016 -312 5 8699999999999999
 -1-11 -3 22 57 94124140142131113 95 80 75 84104132158177181166135 95 5326 2 1IS 734143184218299999999999999 1 2-111252 7599999999999999
 16 -8-13  3 34 73111138148142125103 82 67 66 81107138166183183162127 8526 2 2IS 8 6148192818699999999999999 143-141335 6599999999999999
 44 10 -8 -5 19 55 94128149150137114 90 68 57 61 8211214417018317615111426 2 3IS 836152201018399999999999999 220 -91415 5799999999999999
 73 36  9  0 13 42 79116143154146126101 76 57 51 61 8611714716817516213426 2 4IS 9 4154205017599999999999999 254  01453 5199999999999999
 98 62 32 15 17 38 70104134152152137113 87 64 50 50 65 9112014516015914326 2 5IS 932154212816299999999999999 324 141530 4899999999999999
115 84 55 35 29 41 65 96125146153145125100 75 56 48 53 71 9511913814614026 2 6IS 95715322 614699999999999999 350 2916 7 4899999999999999
122 99 74 55 45 49 66 91117138149148133112 88 67 53 50 59 75 9511312612826 2 7IS1022150224512999999999999999 414 441646 5099999999999999
121105 87 71 61 60 70 88110130143146138122101 81 64 55 55 63 77 9110411126 2 8IS1047146233211299999999999999 435 591730 5499999999999999
111105 94 83 75 72 77 89105121134141138128113 95 78 65 59 59 64 73 83 9126 2 9IS1116141999999999999999999999 454 721828 5899999999999999
 97 98 95 91 86 84 85 91101113125132135131121108 94 80 69 62 59 61 65 7226 210IS 046 98115313599999999999999 511 8420 6 5999999999999999
 79 86 91 93 94 94 95 97101107115122127129126120109 97 84 72 62 55 53 5526 211IS125612999999999999999999999922 4 53999999999999999999999
 61 70 81 91 99103105104103104106111117123127128124115103 87 71 57 46 4226 212IS 6 7105143912899999999999999 8201032311 4299999999999999
 44 53 67 83 98109114113109104100101105113123131135133123107 87 66 47 3426 213IS 62311416 91359999999999999910291002355 3099999999999999
 30 36 51 71 93110121123117108 98 93 93101114129141146143129107 81 55 3426 214IS 64312317 8147999999999999991126 92999999999999999999999
 22 22 35 57 83108125131127115101 88 82 86100119139154159150130101 70 4126 215IS 7 4131175315999999999999999 029 2112 7 8299999999999999
 21 13 21 42 71101125138137125107 89 75 73 83104129153167168153125 90 5626 216IS 725139183217099999999999999 1 0 131244 7299999999999999
 27 11 11 28 57 91122142146136117 94 74 62 65 83111141166177171148114 7626 217IS 747147191017799999999999999 129  81319 6199999999999999
 42 17  8 18 44 79114141153148129103 78 58 51 61 8712015217518016713710026 218IS 811154194818199999999999999 158  81355 5199999999999999
 62 31 13 14 34 67104136156158142116 87 61 44 43 62 9312815917717615612326 219IS 836159202817999999999999999 227 111432 4199999999999999
 86 52 27 19 30 57 93127153163155131101 70 46 34 41 65 9813315917116414026 220IS 9 316321 817199999999999999 257 191510 3499999999999999
108 75 48 32 33 53 83117145162162145117 85 56 36 30 42 6810113115215814726 221IS 931165215215899999999999999 326 301550 3099999999999999
124 96 70 51 45 55 78107135156164155133104 74 48 32 31 45 70 9812313814126 222IS10 0164224114299999999999999 355 451635 2999999999999999
130111 90 72 62 64 78100125145158158146122 95 68 46 34 35 47 68 9010912126 223IS1033160234112399999999999999 423 621727 3399999999999999
123115103 90 81 78 84 98116133147153150137116 92 70 51 40 39 47 60 77 9226 224IS1112154999999999999999999999 451 781837 3899999999999999
103108107102 97 94 95100110122133142146143133117 98 78 60 47 40 41 49 6126 225IS 11610812 814699999999999999 521 942020 4099999999999999
 75 89100106108109108108109113119126134139141136125109 89 68 50 37 32 3626 226IS 437109134714199999999999999 64610822 5 3299999999999999
 47 64 83100113119121118113109107109116126137144146138121 99 73 49 30 2126 227IS 547121153814699999999999999 9591072315 2199999999999999
 24 38 60 86109125132130122110100 94 96106122140154158151132104 72 43 2126 228IS 6141321655158999999999999991116 94999999999999999999999
 12 18 38 67 98124139141133117100 86 79 84100123147165171160135102 66 3426 3 1IS 640142175117199999999999999 0 5 1212 5 7999999999999999
 12  8 21 48 83116141150145128106 84 69 65 76 99129157176178162132 94 5726 3 2IS 7 5150183717999999999999999 045  71245 6499999999999999
 26  9 12 34 67104137155156141117 90 67 53 55 74104137166181177155121 8326 3 3IS 731158191918299999999999999 121  81323 5299999999999999
 47 21 14 26 55 92128154163152129100 72 50 42 52 7711114517017916814110626 3 4IS 757163195717999999999999999 152 131358 4299999999999999
 70 40 24 27 49 82118148164161142113 82 55 38 37 55 8411814916816915212426 3 5IS 821165203417199999999999999 221 231432 3599999999999999
 91 61 40 35 48 76109140161165152126 95 65 42 32 40 62 9312414815915313326 3 6IS 845166211015999999999999999 247 3415 4 3299999999999999
106 79 57 46 52 73102132154164158137108 78 52 35 33 47 71 9912514114513526 3 7IS 9 7164214514599999999999999 310 461537 3299999999999999
115 93 72 60 60 74 97124146159159144120 91 65 45 36 40 57 7910212113012926 3 8IS 929161222113199999999999999 331 581610 3699999999999999
117101 85 73 69 77 94116137151155148129105 80 59 45 42 50 65 8310011211726 3 9IS 95115623 311799999999999999 350 691646 4299999999999999
113104 93 84 79 82 93110127141148146135116 95 75 60 51 51 58 69 82 9310126 310IS1017149999999999999999999999 4 9 791731 5099999999999999
104102 98 93 90 90 96106118130138140135124109 93 78 66 59 58 61 68 76 8426 311IS 0 5104105014099999999999999 424 891843 5899999999999999
 90 95 98 99 99 99101106112120126131131128120109 97 85 74 66 61 59 61 6726 312IS11421329999999999999999999992054 59999999999999999999999
 75 84 93101106109110110110111114118123126126123116106 93 80 67 57 52 5226 313IS13381269999999999999999999992228 51999999999999999999999
 58 70 84 98110118120117112107104105110118126131132127115 99 80 62 49 4226 314IS 55112015391339999999999999910151042318 4199999999999999
 44 54 72 92111124130126118106 97 92 95104118132143145138121 99 75 53 3726 315IS 6 61301646145999999999999991110 922354 3299999999999999
 32 40 58 83108128139138127111 94 82 78 86103124144157158145122 93 64 4126 316IS 6231401734159999999999999991149 78999999999999999999999
 27 28 44 71101128146149139119 96 76 64 65 81106135158170166147117 83 5226 317IS 643150181617199999999999999 026 261225 6399999999999999
 30 23 33 58 91124149159152132104 77 55 47 56 80113146170179168141107 7226 318IS 7 5159185617999999999999999 056 2313 0 4799999999999999
 42 25 27 47 79116147166165147117 85 55 35 33 51 84122156178180162131 9626 319IS 729168193718299999999999999 126 231337 3199999999999999
 62 37 29 40 69105140166174163135 99 63 34 19 25 51 8912816117717315111926 320IS 755175201917899999999999999 156 291414 1999999999999999
 86 57 40 41 61 94130160177174153118 80 45 19 11 24 55 9413115916916013726 321IS 82317821 216999999999999999 227 381453 1199999999999999
107 79 58 50 60 86118149171178167138102 64 32 12 10 28 60 9512814915514426 322IS 853179214915599999999999999 258 501535  999999999999999
123 99 79 66 67 83109137160174172154124 89 56 29 14 17 35 63 9311913513826 323IS 925175224213899999999999999 328 651621 1399999999999999
128113 97 84 80 86103125146162168161142114 84 55 34 23 27 41 63 8610611826 324IS10 0168235012299999999999999 357 801716 2399999999999999
122117108100 94 95102116131146155157149133111 86 63 45 35 36 44 59 76 9226 325IS1044157999999999999999999999 427 941829 3499999999999999
104111112110108106107112120129137143145141131115 96 76 59 46 41 43 52 6626 326IS 149112115114599999999999999 5 81062012 4199999999999999
 81 96108115118118116114113114118124131137139135124108 89 70 53 42 39 4526 327IS 429118135313999999999999999 8 11132148 3999999999999999
 59 77 97114125129127121113105102103110122134143144137121 99 75 53 39 3426 328IS 51012915411459999999999999910131022253 3499999999999999
 41 58 82106126137139131118104 91 85 88100117137151155147128102 74 50 3426 329IS 5371391651155999999999999991111 852339 3199999999999999
 32 44 67 95123142149143128108 88 73 68 76 94119144161164152129 99 69 4426 330IS 6 11491743165999999999999991153 68999999999999999999999
 31 35 54 83115142156155141118 92 69 54 54 69 95126153169168151123 91 6126 331IS 625158182717099999999999999 016 311230 5299999999999999
 40 34 47 73105137159165153130101 72 49 39 47 69101134160172164142112 8126 4 1IS 65016519 717299999999999999 049 3413 5 3999999999999999
 55 41 44 65 96129156169164143113 81 52 33 30 46 7511014216416815513010026 4 2IS 714170194416999999999999999 118 401338 2999999999999999
 72 52 48 61 88120149168171155127 93 60 35 23 30 52 8511914716115814111526 4 3IS 738172202016299999999999999 145 4714 9 2399999999999999
 89 67 56 62 83112141163172163139107 73 43 24 21 36 63 9512514715314512526 4 4IS 8 0172205515399999999999999 210 561440 2099999999999999
102 81 67 66 80105132156169167149121 88 56 32 21 27 46 7410312714114113026 4 5IS 823170213014399999999999999 234 641511 2199999999999999
111 92 78 72 80 99123146162166155132103 72 46 30 26 37 58 8310712513212826 4 6IS 84716622 713299999999999999 256 721543 2699999999999999
116101 88 80 82 95115136152160156141117 89 64 44 34 36 49 68 8910711812126 4 7IS 912160225012199999999999999 319 801618 3499999999999999
116107 97 90 88 95108125141151153144127105 82 62 48 43 48 59 74 8910211026 4 8IS 941153235211299999999999999 343 8817 1 4399999999999999
112109104 99 96 98105117129139144142133118100 82 67 57 53 56 64 74 86 9626 4 9IS1017144999999999999999999999 4 9 9618 0 5399999999999999
103107108107106105107112118126132135133127116102 88 75 65 60 60 64 71 8126 410IS 159108111113599999999999999 4511051936 5999999999999999
 91101109114115115113111111114118123127128126120109 97 83 71 62 58 59 6626 411IS 4 6115125712999999999999999 7241112117 5899999999999999
 78 92106117124125122115108104103107114123130132129119105 88 72 59 53 5426 412IS 443125145813299999999999999 9411032220 5299999999999999
 64 80 99118131136133123110 98 90 88 95108123136143140128110 88 68 53 4726 413IS 5 61361614143999999999999991039 8823 4 4799999999999999
 52 67 90114135146146135117 97 80 71 73 86107129147156151134110 84 61 4626 414IS 52814717 9156999999999999991120 702341 4399999999999999
 44 55 78107134153158149128102 77 57 50 58 80109138159167157135107 78 5526 415IS 5511581756167999999999999991159 50999999999999999999999
 43 47 67 96128155168165145115 82 53 34 32 48 79115148169173158132101 7226 416IS 617169184117499999999999999 016 421237 3099999999999999
 52 46 58 85119151173178163133 96 59 29 13 19 44 81121155174173154125 9526 417IS 645179192617699999999999999 050 451316 1399999999999999
 69 53 55 75107141170185180155118 77 38 10  0 13 44 8512515717116614511826 418IS 716185201217299999999999999 124 521357  099999999999999
 90 69 61 71 96129160182188174142102 60 23 -1 -5 14 48 8812615316315513526 419IS 74918821 116399999999999999 159 611440 -699999999999999
111 89 74 74 89115145171186184163129 89 49 16 -2  0 20 53 8912214415014226 420IS 824187215215099999999999999 234 721526 -499999999999999
125107 91 83 88105130155173181174151118 81 46 19  6 10 29 57 8811513213726 421IS 9 3181225213799999999999999 3 9 831616  599999999999999
131119106 97 94101117137155168171162141112 81 52 29 19 23 38 60 8510712126 422IS 947172999999999999999999999 347 941714 1999999999999999
127124117110105104110121135148157158151135112 87 63 44 34 35 45 61 8110026 423IS 0 7127104215999999999999999 4351041826 3399999999999999
114122123121116112110112118126135143146143133116 96 76 58 47 44 49 62 7926 424IS 14712312 514699999999999999 6 21101951 4399999999999999
 97113124128127123116110107107112120130137140136124107 88 69 55 49 52 6326 425IS 317128135514099999999999999 8221062110 4999999999999999
 81101119132137134126115103 95 92 96106120133142141132116 95 75 59 52 5526 426IS 4 8137152914399999999999999 954 922212 5299999999999999
 68 88111131143145138125107 90 78 75 82 96116134146148138120 98 76 60 5426 427IS 4431461637149999999999999991050 752259 5499999999999999
 60 77101126145154151137116 93 73 61 60 72 92117139152152140120 96 74 6026 428IS 5121551730154999999999999991133 592338 5799999999999999
 58 70 92118143159161150128102 75 54 44 49 68 94123146157153138115 91 7126 429IS 5401621815158999999999999991210 44999999999999999999999
 61 66 84110137158168162142114 83 55 37 33 45 70101130152159150131108 8526 430IS 6 6168185515999999999999999 011 611244 3299999999999999
 69 66 78101129154169170154127 95 63 37 24 28 47 77110138155156143122 9926 5 1IS 632172193315799999999999999 042 661317 2399999999999999
 80 71 76 94120146166174165141109 75 45 24 18 30 55 8711914315314813311226 5 2IS 658174201015399999999999999 110 711349 1899999999999999
 92 78 76 89111137160172171153124 90 57 31 17 20 38 67 9812614414813912226 5 3IS 723174204614899999999999999 138 751420 1699999999999999
103 87 80 86103127151167172162138107 74 44 24 18 28 50 7810712914013912826 5 4IS 750172212214199999999999999 2 4 801452 1899999999999999
112 96 86 86 97117140159169166150123 92 62 38 25 26 40 63 8911212913413026 5 5IS 81816922 113499999999999999 232 851526 2399999999999999
119105 94 89 94109128147160164156136110 82 56 38 31 37 52 73 9611412512826 5 6IS 849164224512899999999999999 3 0 8916 2 3199999999999999
122113103 96 96104118134149157156145125101 77 56 43 41 48 63 81 9911412226 5 7IS 924158234112399999999999999 333 951645 4099999999999999
123119112105101103111122135146150147135117 97 77 60 51 50 57 70 8510011226 5 8IS10 6150999999999999999999999 4141011736 5099999999999999
120122120115110107108113121131138142139129115 98 81 67 59 58 63 73 8710126 5 9IS 05612211 414299999999999999 5181071842 5799999999999999
114122126125120115110107109115122130134135129117103 87 74 65 62 65 75 8926 510IS 215126123113599999999999999 7 41071957 6299999999999999
104119129134132125116107100 99103111121130135133124110 94 79 68 63 66 7726 511IS 311134141213599999999999999 846 9921 7 6399999999999999
 93112129140143138126111 96 86 82 87100115130140141133117 99 82 69 63 6826 512IS 350144153614299999999999999 954 8222 3 6399999999999999
 82102125143153152140121 99 79 65 62 72 90113134148150141123102 82 68 6426 513IS 4241541642151999999999999991044 622251 6499999999999999
 73 92116141159166157137109 81 57 42 42 58 84114140157159147126103 82 6926 514IS 4561661738160999999999999991130 402334 6799999999999999
 68 81106134159174174157128 94 60 33 20 25 48 81116146164164149126102 8226 515IS 5301761830166999999999999991214 19999999999999999999999
 71 75 94122152175186178153116 76 39 12  3 14 43 8112015116616414712410126 516IS 6 6186192016799999999999999 015 711258  399999999999999
 83 77 86109139168188192177145104 61 23 -2 -7  9 42 8312215216516014312126 517IS 644193201116599999999999999 056 771344 -899999999999999
100 86 84 98124153179194192171136 93 50 14 -8 -8 12 46 8612314915915313626 518IS 72519621 315999999999999999 136 831432-1199999999999999
117100 90 93109135162184194187163127 86 45 13 -5 -2 19 52 8912214415114526 519IS 8 9194215715199999999999999 218 891521 -699999999999999
131115101 95101118141164182188179155121 83 46 19  6 10 30 60 9212013914426 520IS 856188225514499999999999999 3 2 951614  599999999999999
138127114103100106121141160174177168147117 84 53 30 20 25 43 68 9611913426 521IS 949178235713999999999999999 35210017 9 2099999999999999
139135126115106103108120135150161165157140116 88 63 44 36 41 55 7710012026 522IS1050165999999999999999999999 45410318 9 3699999999999999
133138135127117108104105113124137147152148136117 95 74 59 51 55 67 8510526 523IS 1 213812 515299999999999999 6161041911 5199999999999999
123136140137129119108100 98102111122134141142134120102 85 71 64 66 77 9326 524IS 2 4140133314399999999999999 751 982015 6499999999999999
112130142146141131117103 92 86 88 96109123135139135124109 93 79 73 75 8626 525IS 25614615 113999999999999999 916 862115 7399999999999999
103122139150151144130112 94 80 72 74 84100118132140138128113 97 85 79 8326 526IS 3401521616140999999999999991019 7222 7 7999999999999999
 95113133149158156143124102 81 65 58 62 76 96117135143141130115 99 87 8426 527IS 41715817161439999999999999911 8 582252 8399999999999999
 90105125145159164156138114 88 65 49 45 54 73 97121139146142130114 98 8826 528IS 45216418 6146999999999999991149 452332 8799999999999999
 88 98117138156167166152128100 72 49 36 37 52 76103128145149141127110 9626 529IS 5241681849149999999999999991225 35999999999999999999999
 89 93108129150166171163143115 84 55 34 27 35 55 8311213614914813812110526 530IS 555172192815099999999999999 0 8 8913 0 2799999999999999
 93 91101119142161173172157131 99 67 41 25 24 38 63 9312214214914513111426 531IS 62617420 514999999999999999 041 901333 2299999999999999
 99 92 95110131153170176168147117 84 53 31 21 27 47 7410413014514713812326 6 1IS 657176204014899999999999999 112 9214 7 2199999999999999
107 96 93102120143163175175161135103 71 43 26 23 35 58 8711513514514213126 6 2IS 730177211614599999999999999 144 931441 2399999999999999
116102 94 97110130152169176170151123 91 61 38 27 31 47 72 9912313814213626 6 3IS 8 4176215214299999999999999 216 941515 2799999999999999
124110 99 96103118139158170172161139111 81 55 38 33 42 60 8510912913913926 6 4IS 840173223114099999999999999 251 961551 3399999999999999
131120108100100109125143159168165151129102 75 54 42 42 54 73 9611713213926 6 5IS 918168231413999999999999999 331 991629 4199999999999999
137129118107102103113128144156162157142120 96 73 57 50 53 66 8510512313626 6 6IS10 2162999999999999999999999 4171011711 4999999999999999
140137128117108103105113126140150154148135115 94 75 63 58 63 77 9411312926 6 7IS 0 1140105615499999999999999 5161031757 5899999999999999
140143138129118107101101108119131141146142131115 97 81 70 68 73 8610212026 6 8IS 05214312 514699999999999999 6281001851 6799999999999999
136145147141130116103 95 92 97107120132140140132118103 89 79 76 81 9311026 6 9IS 142147133014199999999999999 749 921952 7699999999999999
128144153153144129112 95 82 77 81 93109125137141137125111 97 87 83 8810126 610IS 231154145914199999999999999 9 4 772057 8399999999999999
119138154162160147127104 82 65 58 63 77 98120137146144134119104 93 89 9426 611IS 31716316191469999999999999910 7 582158 8999999999999999
108129149166172166148122 93 66 46 38 44 63 90117140152151141125109 97 9326 612IS 4 317217271539999999999999911 3 382254 9399999999999999
100117139162178182172147115 80 49 26 19 29 53 85118144158157146129112 9926 613IS 4491821827159999999999999991156 192346 9699999999999999
 96106126150174189191175145108 68 33 10  5 18 47 8412014816216014712911226 614IS 5361921921163999999999999991247  4999999999999999999999
100 99111134161184198196176142101 58 22  0 -3 15 47 8612415216416014512726 615IS 624200201316499999999999999 035 981337 -499999999999999
110 99101116141168192203198175138 95 52 17 -3 -2 19 53 9312915416315614126 616IS 71420421 216399999999999999 123 981427 -599999999999999
123107 98103120146173194204196170133 90 49 17  1  6 29 6310113415516015226 617IS 8 4204214916099999999999999 211 981516  099999999999999
136118104 98104123148173192198188163127 87 50 23 12 21 45 7711113915515626 618IS 855198223515899999999999999 3 1 9816 3 1299999999999999
147131114101 97105123145168184188177153121 86 55 34 29 40 63 9212214415526 619IS 948188232015699999999999999 352 971650 2999999999999999
153142127111100 97104120139158171174164143116 88 64 49 48 60 8210713114826 620IS1043174999999999999999999999 448 961734 4799999999999999
155151139124109 99 95101114130145156158150134113 92 74 65 67 80 9912013926 621IS 0 5155114415999999999999999 551 951819 6599999999999999
152155149137122108 97 92 96105118131141144140128113 98 86 81 85 9611213026 622IS 050155125614499999999999999 7 4 9219 6 8199999999999999
145154156149136121105 93 87 87 94105118129135134127117106 97 94 9810812226 623IS 137156142313599999999999999 825 8620 0 9499999999999999
137150157157148135118101 87 78 77 82 9410812113013312912211310610310611526 624IS 226158155513399999999999999 941 7621 010399999999999999
128143154160158148132113 93 77 67 65 72 8610311913113613412711811010711026 625IS 3151601710136999999999999991041 6522 110799999999999999
120134148159164159146127105 83 65 55 55 65 8310312313614113813012011110826 626IS 4 216418 6141999999999999991129 54225510899999999999999
113124139154165167160143120 94 70 52 44 48 63 8510913014314614013011810926 627IS 4461681848146999999999999991210 44234010799999999999999
108115129147162171171159137110 82 57 41 37 46 66 9211813914914813912611326 628IS 5271721925150999999999999991247 37999999999999999999999
106108119136156171178172155129 98 69 45 33 35 50 7510312914715214713411926 629IS 6 5178195815399999999999999 0191051323 3299999999999999
107103109125145166179182171148118 86 56 36 30 38 59 8711614015315314212726 630IS 643182203015499999999999999 0561031357 3099999999999999
112102102113133155175185183166139106 73 47 32 32 47 7210213014915515013626 7 1IS 71918621 015599999999999999 1311011429 3099999999999999
119105 99104119142165182188179157126 93 63 41 33 40 60 8911814215515514526 7 2IS 756188213115699999999999999 2 7 9915 2 3399999999999999
129112101 98107126150171185185171145114 82 56 40 39 53 7710613215115815226 7 3IS 83318722 215899999999999999 244 971534 3899999999999999
139122107 97 99111132155174182178160133102 74 53 45 51 69 9512214415715826 7 4IS 911183223415999999999999999 324 9616 6 4599999999999999
148133116102 95100115135156171176168148121 94 71 57 55 66 8711213515316126 7 5IS 95317623 916199999999999999 4 7 951639 5499999999999999
157144127110 98 94100115134152164166156137114 91 74 65 68 8210312614615926 7 6IS1041166234716299999999999999 456 941715 6599999999999999
162155140122106 94 90 96110127143153155147131111 94 82 78 84 9811713715326 7 7IS1140156999999999999999999999 552 901755 7899999999999999
163163153137118101 89 84 89100116131142145141129115102 93 92 9811112814526 7 8IS 029164125614599999999999999 7 0 841844 9199999999999999
159166164153136115 96 82 74 76 8610111713113913913312311310610410912013526 7 9IS 118167143114099999999999999 819 74194910499999999999999
151164170168156137114 91 73 61 60 68 8410412313614214013312411611311512526 710IS 215171161214299999999999999 938 5921 911399999999999999
139155169177175162140113 85 62 46 42 51 70 9411913814914914313312311611726 711IS 3181781733150999999999999991047 42222611699999999999999
126142160177186184169143111 78 50 31 26 37 60 9012014415715814913712411526 712IS 4211871833159999999999999991148 26233111499999999999999
115126144166185197194177146109 71 38 18 14 28 56 9112615216416315113612026 713IS 5221981922165999999999999991242 13999999999999999999999
111111124146172194207203182147105 64 29  9  8 27 60 9913516117016414913026 714IS 61820720 517099999999999999 0271091332  699999999999999
113104107123149178202213207182144100 58 24  7 12 35 7211214616817216214326 715IS 710213204417399999999999999 1181031418  699999999999999
122105 97103123152182205214204176137 94 54 24 13 24 52 8912715817317115626 716IS 8 0214212117499999999999999 2 5 9715 0 1399999999999999
135113 97 91101124154182203208195166128 88 53 31 28 44 7411014316617416626 717IS 848208215717499999999999999 252 911540 2699999999999999
148126105 90 89101125153178194195180152118 85 58 44 48 68 9812915617117226 718IS 935197223117399999999999999 338 871616 4399999999999999
159139117 98 87 88102124148168180178162138110 85 67 62 72 9312014516417226 719IS102118123 417299999999999999 424 861649 6299999999999999
166151131111 95 86 89102120140155162159145127106 90 80 82 9511513715516726 720IS1111162233816999999999999999 514 861720 8099999999999999
169160144125107 93 87 90100114128140145142133121108 99 9610111413014716026 721IS1210145999999999999999999999 611 871751 9699999999999999
166164154139122106 94 88 88 9510511612513113212712111411011011612613915126 722IS 015166133513299999999999999 722 87182710999999999999999
160163160150136120105 93 85 83 87 9410411512312812812612212012012413214126 723IS 1 1163154112899999999999999 852 83192712099999999999999
151158161158149136120104 90 80 75 77 84 9610912113013413313012712512613226 724IS 2 01611721134999999999999991014 7521 512599999999999999
140150158162160151137120101 83 71 65 67 77 9311012613714214013512812412426 725IS 3111621811142999999999999991113 65222712399999999999999
130140151161166165155138116 94 74 60 55 61 75 9611713614714914313412511926 726IS 4171671845149999999999999991158 55232311999999999999999
120128141156168174171157136110 83 62 49 48 59 7910512914715515214212911826 727IS 5 91741914155999999999999991235 47999999999999999999999
113117129147165178183175156129 99 71 50 41 46 64 9011914315715915113612126 728IS 553183194016099999999999999 0 611313 9 4199999999999999
110107116134156176189189176150118 86 58 41 38 51 7610613515616415914512726 729IS 63219120 516499999999999999 0441071340 3799999999999999
111101104118142167187197191170140105 72 48 37 43 63 9312515216716715513626 730IS 7 9197203016999999999999999 11910114 9 3799999999999999
116100 95103124151177195199186160125 91 61 42 40 55 8211414516617316514626 731IS 745200205617399999999999999 155 951438 3999999999999999
124104 91 91106131160184198195176145111 79 54 44 51 7310413616117517315826 8 1IS 821199212217699999999999999 231 8915 7 4499999999999999
136113 94 85 90110138165186194185162130 98 71 55 53 68 9512615417317816826 8 2IS 859194215017899999999999999 3 9 851535 5299999999999999
148124101 85 81 91114141166182184172147118 91 71 62 69 9011714516717917626 8 3IS 940185221917999999999999999 348 8116 4 6299999999999999
160137113 92 79 79 92115139160172171157134110 90 78 77 8911113615917417926 8 4IS1026173225117999999999999999 431 781634 7699999999999999
170152128105 86 76 78 91111132149158156144127110 96 91 9510812814916617626 8 5IS1120159232917799999999999999 521 7617 7 9199999999999999
176165145123101 84 75 76 8610212013414314313712611510810611212414015616826 8 6IS1233144999999999999999999999 624 74174510699999999999999
175173162144123102 85 74 71 77 8910411813013513513112612212112413314415626 8 7IS 017175142613699999999999999 747 71184412199999999999999
167173173164148128106 86 70 62 63 72 8710512113414014113813413013013414226 8 8IS 126174163914199999999999999 924 62203813099999999999999
154165175178172158136111 85 64 50 48 56 74 9612013814915214814113312812926 8 9IS 2541781750152999999999999991044 47222312799999999999999
136150165180187184169145114 82 55 37 34 44 67 9612614916116115314112812026 810IS 4151881833162999999999999991145 33233211899999999999999
119129147169188199197180150113 76 45 26 25 40 6910413816217116615213511826 811IS 52120019 8171999999999999991235 23999999999999999999999
107109123147174198211207184149108 68 36 20 24 46 8112015417417716514512326 812IS 616211194017899999999999999 0251061319 1999999999999999
104 95100120149181206217209182143100 61 32 21 33 6210113916918317715913426 813IS 7 5217201218399999999999999 111 941358 2199999999999999
109 90 84 95120153186209216203172132 91 56 34 32 52 8512415918118517214826 814IS 751217204218699999999999999 153 841433 3099999999999999
120 95 79 78 94123156187206207189157120 84 56 44 52 7711214717418718116126 815IS 833209211118799999999999999 234 7615 6 4499999999999999
134107 84 72 77 97126157182195191170140109 80 62 61 7710513716518318517226 816IS 915196213818699999999999999 314 721535 5999999999999999
148121 95 77 71 80101128154172179170151126102 83 76 8310312915517518317726 817IS 95617922 518399999999999999 354 7116 1 7699999999999999
159135110 88 75 74 85105127146158160151135116101 91 9310512514716617717726 818IS1038161223117899999999999999 434 731624 9199999999999999
166147124103 86 78 80 9010512113514214213512411410610411012314015616817226 819IS112814323 017299999999999999 519 77164410499999999999999
168155137118101 89 83 84 9110211312212812912612211711511712413514715716426 820IS1245129233716599999999999999 616 8317 311599999999999999
164159148133118104 93 87 86 88 9410211111812212512612512512813213914615326 821IS9999999999999999999999999999 747 86999999999999999999999
157158154146135122108 96 87 82 81 85 9310311412313013413413313313313614126 822IS 038158174213599999999999999 941 81201013399999999999999
147152156155150141127111 96 83 74 71 76 8610111713114014314113613112812926 823IS 22415618 3143999999999999991053 71221712899999999999999
135143152160162158147131110 90 74 63 62 70 8710712714315115014313312412026 824IS 3561621825152999999999999991138 61231411999999999999999
122130144158169173167152129104 80 62 53 57 72 9412014215615915213912411326 825IS 4551731846159999999999999991213 53235411099999999999999
110116131150169181183172151122 93 67 50 47 58 8111013715816616214712911126 826IS 54018419 7166999999999999991244 46999999999999999999999
101101114136160181193189172143110 79 54 43 48 68 9813015717217115813711426 827IS 618193192817399999999999999 029 991312 4399999999999999
 96 89 96116144173193200190164131 96 65 46 43 58 8612015217418016914712226 828IS 654200195018099999999999999 1 3 891339 4299999999999999
 98 81 80 94122155183200201183151116 82 56 45 52 7711014417218518016013326 829IS 731203201418599999999999999 137 7814 7 4599999999999999
104 81 69 75 97130163189201194170136102 72 54 52 7010013516618518817314626 830IS 8 8201203918999999999999999 212 691434 5199999999999999
116 87 67 61 74102136168189194181154122 92 69 60 69 9312515718119118416126 831IS 84719521 619199999999999999 249 6115 2 6099999999999999
131100 73 58 59 77107139166182181165139111 88 74 74 9011714717218818917426 9 1IS 928184213419099999999999999 327 561530 7299999999999999
147116 87 65 55 60 81108136158168165149127107 92 87 9411213716117918718126 9 2IS101416922 518799999999999999 4 9 551558 8799999999999999
162136107 82 64 57 64 8210512714415214813712211010210311313015016717918126 9 3IS1110152224318199999999999999 458 57162610199999999999999
172154130105 83 68 62 67 80 9711412813513613112411811611912814015416617326 9 4IS1232136233417499999999999999 6 2 62165711699999999999999
173166151131110 90 75 66 66 72 84 9811212313013213113012913113514115015826 9 5IS1511132999999999999999999999 734 65175812999999999999999
165168165155140121100 81 67 60 61 70 8510211913214014314113813413213414026 9 6IS 1 216817 814399999999999999 922 6021 313299999999999999
149159168171166153133109 84 64 51 49 58 7710012314215215414913912912212126 9 7IS 2561711742154999999999999991040 49223912199999999999999
128141157173182180166142112 82 56 41 40 53 7710713615616416114913311710626 9 8IS 4211831810165999999999999991134 39233410599999999999999
106117137160182194192174145110 75 48 34 37 57 8812315317117316114211910026 9 9IS 5221951838174999999999999991218 33999999999999999999999
 89 92110137167192204199175141103 67 41 33 44 7210814417118217515512810226 910IS 61220519 518299999999999999 018 881255 3399999999999999
 81 73 83108141174199208197168131 93 60 40 40 61 9413216518518616914111126 911IS 656208193218899999999999999 058 731329 3899999999999999
 83 65 63 80110146180201204186155119 84 57 47 57 8512015518219118115612426 912IS 737205195819199999999999999 136 6114 0 4799999999999999
 93 67 54 59 83116151181196191170139106 78 61 61 8011114517419018816913926 913IS 817196202419199999999999999 213 531428 5999999999999999
106 76 55 50 63 89122153176183174151124 97 78 71 8210613616418418917715226 914IS 855183204818999999999999999 248 501454 7199999999999999
121 90 65 51 53 70 97126151166167154134112 94 84 8710412915417518418016126 915IS 933168211218499999999999999 323 501516 8499999999999999
135106 79 61 54 61 80103126144152149137121106 96 9510512414516417617716626 916IS1013152213517899999999999999 358 541537 9499999999999999
146121 96 75 63 62 71 8710512213313713412511510710410912113715316517016526 917IS105913722 217099999999999999 436 61155510499999999999999
152133112 93 78 71 71 79 9010311412212512412011611311512113114315315916026 918IS12 9125223616099999999999999 524 70161211399999999999999
154142127111 96 85 79 78 82 88 9610511211712012212212212412913414114715026 919IS2332151999999999999999999999 639 78999999999999999999999
150146139128116104 93 85 80 79 82 88 9710711712512913113113013013113313726 920IS1716131999999999999999999999 846 79195013099999999999999
142145145142135124111 97 85 76 72 74 82 9410912413414014013512912412112326 921IS 1381451727140999999999999991013 7222 612199999999999999
129137145151151144132115 96 80 68 63 67 80 9911913614714914413312111210926 922IS 33115217451509999999999999911 1 63225710999999999999999
113124139152161162153135113 89 70 58 56 67 87111135152159154141123107 9726 923IS 43416318 4159999999999999991136 552334 9599999999999999
 96106125146164174171157133105 78 58 50 56 74102130154166165151130107 8926 924IS 52017418231689999999999999912 7 50999999999999999999999
 80 86104130157177184176154125 93 66 50 48 63 91123152172175163140112 8726 925IS 559184184317699999999999999 0 8 801235 4799999999999999
 69 66 80107139169188190174146113 81 57 47 56 80113147173184176153123 9126 926IS 63719119 618499999999999999 041 6513 3 4799999999999999
 65 51 56 78113149178193188166134101 72 54 53 7110313816918718816913710226 927IS 716194193119099999999999999 116 501332 5199999999999999
 69 45 38 51 82120156182191180153121 91 68 58 67 9312716018519418315511926 928IS 756191195819499999999999999 152 3814 2 5899999999999999
 82 51 32 32 52 87125158179182166140111 86 71 70 8711714917719219117213926 929IS 837183202719499999999999999 230 291431 6899999999999999
101 66 39 26 33 57 91126155170167151128105 88 80 8810913716418419118215826 930IS 922171205819199999999999999 310 2615 1 8099999999999999
124 89 58 36 29 39 63 93122145155151137120105 95 951061271501701831831702610 1IS1013155213318599999999999999 354 291531 9399999999999999
145115 84 58 41 37 47 67 911141311391371281181101061101211381551681751722610 2IS1116139221517599999999999999 447 3716 210699999999999999
159138113 88 66 52 47 53 66 841021171261281261221191181211291391501581632610 3IS1256128231916399999999999999 555 47164311899999999999999
162153138119 98 78 63 55 55 62 75 911061191271301311291271261281321381452610 4IS1533131999999999999999999999 730 54185712699999999999999
152155153144130111 91 72 59 53 56 67 841031211331401401361291221171171232610 5IS 111155163514199999999999999 9 9 53213111799999999999999
132144155159155142123 99 76 58 49 51 63 841081311461511481381241101011002610 6IS 3 415917 5151999999999999991020 482238 9999999999999999
108123142159169166152129102 75 54 45 50 67 93122146160160150131111 92 812610 7IS 4201691732162999999999999991110 452325 8099999999999999
 82 96118144167178175157130 99 70 50 44 55 79110141163171163144118 92 712610 8IS 5171791758171999999999999991150 44999999999999999999999
 62 69 90120150175184177154124 92 64 48 50 69 99132161177175158130 99 712610 9IS 6 4184182517899999999999999 0 5 621224 4799999999999999
 52 48 62 90125157180185172146114 83 61 53 63 89122154177183171145112 79261010IS 646185185118399999999999999 042 471256 5399999999999999
 51 37 41 63 96132163180179161133103 77 62 63 82112144171185180159126 91261011IS 726182191618699999999999999 117 361325 6099999999999999
 59 36 29 42 69104138164174167146120 94 75 69 80104134162181184169141106261012IS 8 4174194118599999999999999 151 291352 6999999999999999
 72 44 28 30 49 79112141160163152131108 88 78 81 99125152173182175153121261013IS 84116420 518299999999999999 224 261417 7799999999999999
 88 57 36 28 37 60 89118140152149136118100 88 86 96117141162175175160135261014IS 919152203017699999999999999 257 281441 8599999999999999
104 74 50 35 35 49 71 96119135140135123109 97 92 97111131150165170163144261015IS 958140205617099999999999999 330 3415 4 9299999999999999
119 92 67 49 42 46 60 80100117127129124115106100100108122138152160159149261016IS1043129212516199999999999999 4 7 421528 9999999999999999
131109 86 67 55 52 58 69 84 99111118120117113108106109117128139148151148261017IS114912022 215199999999999999 450 52155710699999999999999
138122105 87 73 64 62 66 74 84 95105112116117116115114116121127134139141261018IS1356117225814199999999999999 551 62164711499999999999999
138131120107 93 81 73 68 69 73 81 91102112119123124122120118118120124128261019IS1544124999999999999999999999 726 68193211799999999999999
132133131124114101 88 77 70 67 69 77 90104117128133132127120113108108112261020IS 050133162313399999999999999 9 2 67213310799999999999999
120128134136132122107 91 77 66 62 66 77 94113129140142137126112100 93 94261021IS 24913616471439999999999999910 2 622227 9299999999999999
101115129141145141128110 90 72 60 58 66 83105128145152148135116 97 81 75261022IS 4 214517 9152999999999999991045 5723 6 7599999999999999
 79 94115136151156148131108 84 65 55 57 72 96123147160161147125 99 75 59261023IS 4541561731162999999999999991120 542342 5699999999999999
 57 68 92120146162164152129102 77 59 53 63 85115144165172162139108 77 51261024IS 5391651755172999999999999991153 53999999999999999999999
 37 41 62 94128156171168150124 95 71 56 57 75104137164179177156123 87 52261025IS 622172182218199999999999999 017 371226 5599999999999999
 28 19 31 61 98135163174166144116 88 67 59 68 93126158180187174144105 65261026IS 7 4174185118799999999999999 055 191259 5999999999999999
 31  9  8 28 63104141165171159135108 84 68 68 84114146174189187165129 87261027IS 748172192319199999999999999 134  61332 6699999999999999
 47 15 -1  5 30 68107141161163148126102 83 74 81102132161183190180152114261028IS 835164195819099999999999999 215 -114 7 7499999999999999
 73 36  8 -2  9 36 72108137152151137118100 87 84 96118144168183184169140261029IS 924153203618699999999999999 259 -21442 8499999999999999
103 66 33 11  5 18 43 74105129140138128114101 94 96108128149167176174158261030IS1020141211917799999999999999 348  51520 9399999999999999
131 99 66 39 21 17 28 49 75100119129129123114106102105115130146158164161261031IS1129130221216599999999999999 444 1716 610299999999999999
148126100 73 50 35 30 37 53 73 941111221251231181121091101151251351451502611 1IS13 0125232815199999999999999 551 30172110999999999999999
150142126106 84 63 48 42 44 55 72 911081211271281241181121081081121201292611 2IS1434128999999999999999999999 712 42193210799999999999999
138142140131115 95 76 59 50 49 57 73 92112127135135130120108 99 94 951032611 3IS 114143153413699999999999999 834 482118 9399999999999999
115128139143137124105 84 66 54 52 60 77 99121138145142132116 98 83 75 772611 4IS 254143161314599999999999999 940 512222 7599999999999999
 87105124140147144130110 87 68 56 55 67 87112135150154145128105 82 64 562611 5IS 4101481646154999999999999991032 5423 9 5699999999999999
 61 77100125144153148132110 87 67 58 61 78102129151161158142117 89 63 452611 6IS 5 81531715162999999999999991114 572349 4099999999999999
 40 50 72101129149156148130106 83 66 61 71 92120146164167155131101 69 432611 7IS 5561561744168999999999999991150 61999999999999999999999
 28 29 46 74106135153156144123100 79 67 68 85110137160171166146115 81 492611 8IS 639157181217299999999999999 026 261223 6599999999999999
 25 16 25 48 81114141154151136115 92 76 70 79101127153169172158130 96 612611 9IS 719155184017399999999999999 1 1 161253 7099999999999999
 32 14 12 28 57 90122144151143126105 86 75 77 93117143163172166144112 77261110IS 75715119 717299999999999999 134 111322 7499999999999999
 44 20  9 16 37 68100127142144133115 96 83 78 87107131154168169155128 95261111IS 834145193417099999999999999 2 7  91350 7899999999999999
 61 33 15 12 25 49 79107128138134121105 91 83 85 99120142159166160140112261112IS 91113820 316699999999999999 240 111417 8299999999999999
 80 50 27 17 21 38 62 89112127130124112 99 89 86 94109129147159159148126261113IS 950130203416099999999999999 313 171446 8699999999999999
 98 70 45 29 25 33 50 73 95113122123116106 96 91 92102117134147153149135261114IS103312421 915399999999999999 350 251519 9099999999999999
114 89 65 46 35 35 45 61 80 98112118118112105 98 95 99108120132142144138261115IS1126119214914499999999999999 430 3416 0 9599999999999999
125106 85 65 51 44 46 55 69 85 99110116117113107102100102108117126133134261116IS1234117224213499999999999999 518 4417 210099999999999999
129117102 85 69 58 52 54 61 73 87101112118120117112106102101104109116122261117IS1350120999999999999999999999 617 52184510199999999999999
125123115103 89 75 64 59 59 65 76 90104117124126122115106 97 93 92 97105261118IS 0 4125144912699999999999999 729 582031 9299999999999999
113120122118108 95 81 69 62 61 67 79 95112126134133126114 99 86 78 76 82261119IS 149122152913499999999999999 839 612140 7699999999999999
 94108120126124115101 85 72 63 62 70 85104124138144139126106 86 68 58 58261120IS 31712616 314499999999999999 937 612230 5699999999999999
 68 86106124133132122105 87 72 63 64 75 95118139152153141119 93 66 45 35261121IS 4251341634154999999999999991026 622313 3599999999999999
 40 57 82109131142140127107 87 71 63 68 84109135155164158138107 74 43 21261122IS 52014317 71649999999999999911 9 632355 1499999999999999
 14 25 49 81114138149144128107 86 70 66 75 97125152170173159130 92 54 21261123IS 6111491742174999999999999991150 65999999999999999999999
  0 -2 15 46 84119144153145126104 84 71 71 86112142167181177155119 77 36261124IS 7 0153182018299999999999999 037 -41230 6999999999999999
  3-15-12 11 47 88123147152142122101 82 73 78 98126155177186176148108 64261125IS 74815219 018699999999999999 121-161310 7399999999999999
 23 -8-22-14 13 51 91125145147135117 97 82 77 87109137164182186171140 99261126IS 838148194318699999999999999 2 8-221352 7799999999999999
 56 17-11-20 -8 20 57 94124140140128112 95 84 83 95117143166180180163131261127IS 929142203018299999999999999 256-201435 8199999999999999
 92 52 17 -6-11  2 29 63 96122134133122108 95 86 87100120142161172169152261128IS1023135212117399999999999999 346-121524 8599999999999999
124 89 54 24  5  3 16 40 70 98119129128119107 96 89 90101117135151159157261129IS1120130221816099999999999999 439  21621 8899999999999999
142118 89 60 35 20 19 31 52 77101119127126118108 97 90 90 97109123136144261130IS1221127232714599999999999999 535 181735 8999999999999999
143133114 91 68 48 36 36 45 63 84105120128127120110 98 89 85 88 961071192612 1IS1323129999999999999999999999 634 3419 7 8599999999999999
129132126114 96 78 61 51 50 58 73 91110125132131123110 96 84 76 74 80 902612 2IS 053132142013399999999999999 738 492041 7499999999999999
104116124123115102 86 72 62 61 68 82100118132138135124109 90 74 62 59 632612 3IS 22712415 913899999999999999 841 602155 5899999999999999
 76 92109120124119107 93 79 70 68 76 90109127140144138123102 80 60 46 432612 4IS 353124155214499999999999999 940 682250 4399999999999999
 50 65 86106121126122111 97 83 74 74 83100119137148148137117 92 66 44 302612 5IS 5 21261631150999999999999991031 732335 2899999999999999
 29 41 61 86109125130125112 97 83 76 78 91110130147154149132107 77 49 272612 6IS 55613017 6154999999999999991115 75999999999999999999999
 17 21 38 63 91116130132124110 94 81 77 83100121141155157146123 93 61 332612 7IS 641133174115899999999999999 014 171154 7799999999999999
 13  8 19 41 70100123134132120104 88 78 79 90110132151160156138110 77 442612 8IS 720135181416099999999999999 049  81229 7799999999999999
 18  4  6 23 50 81109129135128114 97 83 77 83 99121143158161151127 95 612612 9IS 756135184616299999999999999 124  313 2 7799999999999999
 30  8  1 10 32 62 92118131132121105 89 79 78 89109132151162159142114 80261210IS 831133191916299999999999999 157  11333 7799999999999999
 47 20  4  4 19 45 75103123131126113 97 83 77 82 97119141156161152130100261211IS 9 5131195216199999999999999 230  214 5 7799999999999999
 67 36 15  7 13 33 60 88112125127119105 90 80 79 88106127146157156142117261212IS 939128202615899999999999999 3 3  71439 7899999999999999
 86 56 30 15 14 26 48 74 99117125123112 99 86 80 82 94112132147153147130261213IS101412621 315399999999999999 336 131516 7999999999999999
104 75 49 29 21 25 40 63 87107121124119108 95 85 81 86 98115131142145136261214IS1051124214214599999999999999 411 211559 8199999999999999
117 93 68 47 33 30 38 55 76 97114123123116105 94 85 83 88 99113126134134261215IS1132124222913599999999999999 446 301652 8399999999999999
124107 86 65 49 40 41 51 68 87105118125123115104 93 85 82 85 95106117124261216IS1218125232812599999999999999 526 391757 8299999999999999
124115101 84 67 55 50 52 63 78 95111123128125116104 91 81 76 77 85 95106261217IS13 6128999999999999999999999 611 491917 7699999999999999
113116111100 87 73 64 59 62 72 86103118129132128117102 86 73 65 64 70 81261218IS 049116135713299999999999999 7 7 592039 6399999999999999
 94105112111104 93 82 73 68 70 79 93110125136139132117 98 78 60 48 45 52261219IS 225112144713999999999999999 814 682148 4599999999999999
 66 84100112116112102 91 81 75 76 85100118135146146136117 92 66 43 28 25261220IS 357116153514799999999999999 923 742245 2599999999999999
 34 53 77100116123120110 98 86 78 79 89107128146156155140115 83 51 24  8261221IS 5101241624158999999999999991025 772337  499999999999999
  6 19 43 73102123132128116101 87 79 81 94115138158168163143111 74 37  6261222IS 6101321712168999999999999991121 79999999999999999999999
-11-10  8 39 74107130138133118101 86 79 83 99123149170178169144107 64 24261223IS 7 313818 217899999999999999 027-131211 7899999999999999
 -8-24-19  4 40 79114136142133117 98 83 77 84104131159179185172142101 56261224IS 751142185118599999999999999 116-251259 7799999999999999
 14-17-30-20  7 46 86120140142130112 93 79 75 85108137165184187171137 95261225IS 837143194118899999999999999 2 4-301347 7599999999999999
 49  9-19-27-13 17 57 96126141139125106 87 75 73 87111140166182182164130261226IS 922142203118599999999999999 252-271435 7299999999999999
 88 46  9-13-16  2 33 70106131140134119100 82 71 73 87111138161174172152261227IS10 5140212117599999999999999 337-171525 7099999999999999
120 82 45 15 -1  2 21 52 85115134138129113 94 78 69 72 86108131151161156261228IS1047138221316199999999999999 421 -21618 6999999999999999
138110 78 48 26 17 24 44 71 99122135135124108 91 76 68 71 83101120135143261229IS1129137231014399999999999999 5 4 171716 6899999999999999
139124102 77 55 40 37 46 65 88110128135132121105 89 75 67 68 77 90105118261230IS1212136999999999999999999999 546 371823 6799999999999999
124121111 96 79 65 57 57 67 83102120132136131119103 87 73 64 62 67 76 88261231IS 0 5124125513699999999999999 626 561946 6299999999999999
