 36 64 95122140146140127113100 95 99113130146157157144117 82 46 15 -6 -926 1 1J6 45514615341599999999999999910 3 952242-1099999999999999
  4 31 65101133153157149133115 99 93 99114133151163163145114 75 36  2-1826 1 2J6 54715716281659999999999999911 0 932331-2099999999999999
-18  0 32 71111144162162150131109 93 89 99117138158170166144109 67 26 -726 1 3J6 6321641717171999999999999991147 89999999999999999999999
-24-19  4 40 82123153166162146123101 86 86 99121144164173165139101 58 1726 1 4J6 71216718 417399999999999999 016-251230 8499999999999999
-12-23-12 15 54 96135159165155135112 91 80 85102124148166171158129 90 4926 1 5J6 750165184917299999999999999 059-231311 8099999999999999
 12-11-14  2 33 72111144160159144122 99 82 77 86104127148163163146116 8026 1 6J6 824162193116599999999999999 139-151350 7699999999999999
 43 13 -2  2 23 55 91125149156148131109 88 75 75 8710512614415314913110326 1 7J6 857156201415499999999999999 216 -31430 7399999999999999
 71 41 20 14 25 48 77109135149148136117 96 79 71 74 8610312013413913311526 1 8J6 927151205913999999999999999 251 141513 7199999999999999
 92 67 45 33 35 49 72 98122140145139124105 87 73 68 73 83 9611012012311726 1 9J6 956145214912399999999999999 323 3216 1 6899999999999999
103 86 69 56 51 58 73 93113130140139129114 96 80 69 65 69 76 87 9710610926 110J61026141225610999999999999999 354 5117 1 6599999999999999
105 97 86 76 70 71 79 92108122133137133122107 91 76 65 61 62 67 75 85 9426 111J61058137999999999999999999999 426 691820 6199999999999999
 99100 98 93 88 85 87 94104116126133133128118103 87 72 60 54 52 56 64 7526 112J6 048100113913499999999999999 5 4 851946 5299999999999999
 86 96102104103100 98 99102109118126131131127116101 84 67 53 44 42 46 5626 113J6 3 1104123913299999999999999 621 982052 4199999999999999
 70 85100110114114110106104104109117124130132128117100 80 60 44 33 31 3826 114J6 420114135513299999999999999 8231032143 3099999999999999
 52 70 90109121125123116108102101106115125133136132118 97 74 51 31 21 2226 115J6 5 312515 113699999999999999 9401012226 2099999999999999
 33 52 76101122133134128117105 96 96104116128139143136118 92 64 38 18 1026 116J6 5361351555143999999999999991032 9523 4 1099999999999999
 15 33 58 87115135143139127111 97 89 92104120135147150138114 83 51 23  526 117J6 6 61431641150999999999999991113 892341  199999999999999
  2 14 38 69102131147148138121102 87 82 91108127145156154135105 70 35  826 118J6 6351491721157999999999999991150 82999999999999999999999
 -6 -1 19 50 85119145154148131110 90 78 79 93115137155162153127 92 54 2026 119J6 7 4154175916299999999999999 015 -61224 7699999999999999
 -4-10  4 32 67104136154155141120 96 78 71 79 99123146161163146115 76 3826 120J6 733157183616499999999999999 048-101258 7199999999999999
  8 -8 -5 17 50 88123148158150129105 82 67 67 82105130151162157134 99 6126 121J6 8 0158191316299999999999999 119-101331 6599999999999999
 27  3 -4  9 37 73109138155154138114 89 69 60 66 85110133151156145119 8526 122J6 827157195215699999999999999 150 -414 7 5999999999999999
 51 23  8 11 31 62 96127148155145124 98 74 58 54 65 8610913014414513110626 123J6 854155203514699999999999999 221  71445 5499999999999999
 76 48 29 23 33 56 86115139151149133109 84 63 51 51 63 8210412113213111826 124J6 922152212613399999999999999 253 221530 4999999999999999
 97 74 54 43 44 57 80105128144148140122 98 75 56 46 47 58 74 9210811711826 125J6 951148223311999999999999999 326 421624 4599999999999999
109 95 80 68 63 68 81 99118134143142132114 92 70 52 42 41 48 61 77 9210326 126J61026144999999999999999999999 4 4 631736 4199999999999999
108107101 93 87 85 88 97110123134139137127111 91 69 51 38 33 36 46 61 7726 127J6 017108111313999999999999999 452 8519 9 3399999999999999
 93105111112110105103103106113122130135134128114 94 72 50 33 22 21 30 4626 128J6 243113122813599999999999999 6321022037 2099999999999999
 67 88108121127126120114108106109117126133137134122100 74 48 25  9  6 1626 129J6 41612714 913799999999999999 8551062144  699999999999999
 36 62 90116134141138129116105 99102111124136145144131106 75 43 14 -4 -626 130J6 5 91411527146999999999999991010 992239 -799999999999999
  7 32 64 99129147151144129110 95 89 95108125143155154138109 72 35  3-1426 131J6 54815116271579999999999999911 1 892326-1699999999999999
-13  5 36 74113143157156142121 98 82 79 89108131153165162140106 65 25 -626 2 1J6 6221581718166999999999999991143 78999999999999999999999
-19-12 13 49 91130155162153132106 82 69 71 87111138161171163136 98 55 1626 2 2J6 65316218 317299999999999999 0 8-191221 6899999999999999
-11-16 -1 29 69111146163160143117 88 66 59 68 89117145166171156126 86 4526 2 3J6 721164184617299999999999999 045-171256 5999999999999999
 10 -8 -4 18 53 94131157163151127 98 71 54 53 68 93122148165163143111 7326 2 4J6 748163192616699999999999999 120 -91331 5199999999999999
 37 11  4 17 45 81117146160155135108 79 56 46 53 72 98125146156149126 9626 2 5J6 81316120 515699999999999999 151  414 6 4699999999999999
 63 36 21 25 44 74106135154156141117 89 64 47 45 56 7710012313914213110926 2 6J6 836157204414299999999999999 219 201440 4499999999999999
 84 60 43 39 50 73100126145152144124 99 74 54 45 48 61 80 9911612612511426 2 7J6 858152212512799999999999999 245 381516 4499999999999999
 97 78 63 56 61 76 97119136146143129108 85 65 51 47 52 64 79 9410611211026 2 8J6 918146221511299999999999999 3 8 561556 4799999999999999
101 90 80 74 74 83 97114129138139131116 96 78 62 53 51 55 64 75 85 94 9926 2 9J6 9391402334 9999999999999999 328 731646 5199999999999999
 99 96 92 88 88 92100111121129132129120107 91 76 64 56 53 55 60 67 75 8326 210J610 2132999999999999999999999 341 8818 7 5399999999999999
 90 95 98100100102105109115120124125121115105 92 79 68 58 52 49 51 57 6626 211J6104012599999999999999999999920 8 49999999999999999999999
 76 88 99107111112112111111111114117118118116109 98 84 70 56 45 39 40 4726 212J6 523112122911999999999999999 8 41112123 3999999999999999
 60 75 93109119123121116110105103106111117122123117104 86 67 48 33 26 2926 213J6 511123144112399999999999999 9461032211 2699999999999999
 41 59 82105123132131124113102 94 94101111122131133125108 84 59 35 19 1426 214J6 5271321545134999999999999991030 932250 1499999999999999
 23 41 66 95121138141134121103 89 82 87 99116132144144131106 76 45 19  526 215J6 54814216331469999999999999911 4 822324  399999999999999
  6 23 49 81114139150145130109 88 74 72 84103125145156151131 99 63 29  426 216J6 6111501714157999999999999991136 712356 -499999999999999
 -4  6 31 65102134154155141118 92 70 60 66 85111137158165153124 87 48 1526 217J6 63515717531659999999999999912 8 60999999999999999999999
 -4 -4 16 49 87124152162152129100 72 53 50 65 91121148166166147113 72 3526 218J6 659162183116999999999999999 028 -71240 4999999999999999
  7 -4  7 36 73112145163161141111 79 52 39 45 67 98129155168161135 99 6026 219J6 724165191016899999999999999 059 -41313 3999999999999999
 27  8  8 29 62100135159165151123 89 58 36 31 44 71104134156162150122 8726 220J6 748165195116299999999999999 129  51347 3099999999999999
 53 29 20 30 56 90124150163157134102 69 41 26 28 47 7510613214915013510926 221J6 812163203515299999999999999 159 201423 2599999999999999
 80 55 40 40 57 84114140156158143116 84 54 32 23 30 50 7610312413613512126 222J6 837159212413799999999999999 229 3815 4 2399999999999999
101 80 65 59 66 84107130147153147128101 72 47 30 26 33 51 72 9411112012026 223J6 9 2153222912299999999999999 259 591552 2599999999999999
112100 88 81 81 89104121136144144134116 93 69 48 35 30 35 47 63 80 9510626 224J6 930145999999999999999999999 330 801658 3099999999999999
110109106101 99101107116125132136134125111 93 74 56 42 34 33 39 50 65 8126 225J6 02011010 813699999999999999 4 7 991838 3399999999999999
 95106114117116115114115116120123126126123115101 84 65 48 34 27 27 36 5226 226J6 326117113312699999999999999 6211142025 2699999999999999
 71 92110123130130125119112108108112118124127125114 96 73 50 30 17 16 2526 227J6 42913014 912799999999999999 9251082138 1599999999999999
 44 69 97121136141137127113100 94 95103115129138138127105 77 47 22  7  726 228J6 5 11411531140999999999999991018 942230  599999999999999
 21 45 77109135148148137119 99 83 78 84 99119138151151135108 74 40 12  026 3 1J6 5281501628153999999999999991056 782312 -199999999999999
  5 25 56 93127150156148129103 79 65 65 78100126150163159138105 67 30  526 3 2J6 5531571716164999999999999991130 632349 -299999999999999
 -1 11 39 75114146161157139112 82 59 49 57 77106136161170160133 96 56 2226 3 3J6 61816217581709999999999999912 3 49999999999999999999999
  4  7 28 61100137160164150123 90 60 41 39 55 82115146167170153121 84 4726 3 4J6 641165183817199999999999999 022  31235 3799999999999999
 20 12 24 53 89126155167158134101 67 41 29 37 59 90124152167162139107 7226 3 5J6 7 4167191516799999999999999 052 1213 6 2999999999999999
 42 25 28 49 81116146164163143112 78 47 28 26 41 68100130152159148123 9326 3 6J6 726166195215999999999999999 120 241337 2599999999999999
 64 44 39 52 77108137157162149122 90 58 34 24 31 51 7910713214614513110826 3 7J6 747163202814899999999999999 147 3814 6 2499999999999999
 83 64 54 59 78103129149157151130101 70 45 30 29 41 63 8711012713412911526 3 8J6 8 615721 513499999999999999 211 541436 2899999999999999
 97 80 70 70 81101122140150148134110 83 59 41 34 39 53 72 9110711712011426 3 9J6 823151214612099999999999999 232 6815 7 3499999999999999
103 92 84 82 88101117132141142134117 95 73 56 45 43 49 61 75 88 9910510726 310J6 838143224610799999999999999 249 821544 4399999999999999
104 99 95 94 96104114125132134130119104 87 72 60 53 52 56 63 72 80 88 9426 311J6 852134999999999999999999999 255 941639 5299999999999999
 98101102104106109114119123125123119110100 88 77 68 61 57 57 59 63 70 7926 312J6 9 91259999999999999999999991844 57999999999999999999999
 88 97106111115116116115115114114114112109104 96 86 75 65 56 50 49 53 6226 313J6 5381169999999999999999999992046 48999999999999999999999
 74 89104117123124121115109104103105109113116115108 95 79 63 48 38 37 4426 314J6 444124141911699999999999999 9461022140 3699999999999999
 58 77 99118130134129119106 95 89 91 99110121129128118100 77 54 35 25 2726 315J6 4521341529130999999999999991013 892220 2499999999999999
 41 62 88115135143139126108 90 77 75 83 99117134144141125 99 70 42 22 1626 316J6 5 91431618144999999999999991042 742254 1699999999999999
 25 46 75107135151151137115 90 69 58 63 80104129149158149126 94 60 30 1326 317J6 53015317 1158999999999999991112 582328 1199999999999999
 14 32 61 96129153161150126 96 67 47 43 56 82113142163167151121 85 49 2226 318J6 5531611743168999999999999991144 42999999999999999999999
 12 22 48 83120150166162139107 72 43 27 32 55 88123154172169148113 75 4226 319J6 617167182417399999999999999 0 1 121216 2799999999999999
 21 20 39 72109143166170153121 83 47 22 15 29 59 96133161174165139104 6926 320J6 64217119 617499999999999999 033 181250 1499999999999999
 41 30 38 64 98133160172164137 98 59 27  8 10 31 66104138162168155128 9626 321J6 7 7172194916899999999999999 1 6 301325  699999999999999
 67 49 46 62 90122150167168149116 77 41 14  4 13 38 7210713715515614211826 322J6 733170203515899999999999999 138 4514 3  499999999999999
 93 73 63 68 88114139157164155131 97 61 31 12  8 21 46 7610512914214112926 323J6 758164212614399999999999999 2 9 631444  799999999999999
112 95 84 82 91109129146155154140114 84 55 32 18 18 30 51 75 9811612712726 324J6 823156223312899999999999999 241 811532 1699999999999999
121111103 98100109122134143146140126104 81 58 41 30 29 37 51 68 8610211326 325J6 851146999999999999999999999 315 981636 2899999999999999
118119117114112114118124129133132128117103 87 69 54 43 37 39 46 59 74 9126 326J6 038119 92913399999999999999 4 21121817 3799999999999999
105116123125125122119117117117119120120117110 99 83 67 52 41 36 39 50 6626 327J6 312125113112199999999999999 8 511720 7 3699999999999999
 86105122132135132124115107102102106113120125123113 96 76 56 39 30 33 4526 328J6 357135141612599999999999999 9291012118 3099999999999999
 65 89114133142141132118101 89 84 87 97112127137137125105 80 54 34 26 3126 329J6 42414315301389999999999999910 5 8422 6 2699999999999999
 48 73102129146150141124102 81 68 67 76 94117138150148132107 77 49 29 2526 330J6 4471501623151999999999999991037 662246 2599999999999999
 36 59 89121146156151134108 81 58 49 54 72 98126150161154133104 71 43 2826 331J6 5 915717 71619999999999999911 7 492320 2799999999999999
 31 50 78111142160161145118 86 57 37 35 49 75107138161167154128 96 63 4026 4 1J6 5321631748167999999999999991138 342351 3399999999999999
 33 45 70102134159167156130 97 62 35 22 29 52 83118149167166148119 86 5826 4 2J6 55516718261699999999999999912 8 22999999999999999999999
 42 45 65 94126154169165143109 73 40 19 16 32 61 96130157167159137107 7826 4 3J6 61817019 316799999999999999 021 411238 1599999999999999
 57 51 63 88118146165168153122 86 51 24 13 20 43 75108139158161147123 9726 4 4J6 641169193816299999999999999 050 5113 7 1399999999999999
 74 62 66 84111137157166158134100 65 36 18 16 31 58 8911814215314913211126 4 5J6 7 3166201315399999999999999 117 621336 1599999999999999
 91 76 73 84105129148160158141112 79 50 29 20 27 46 72 9912213814213411926 4 6J6 723161204914299999999999999 143 7314 4 2099999999999999
103 90 83 88103122140151153143121 93 65 43 31 30 41 61 8310312012912912126 4 7J6 741153213013099999999999999 2 7 831434 2999999999999999
110100 94 95103117132142145141126104 80 60 45 39 42 54 70 8710111311811826 4 8J6 757145222411999999999999999 228 9415 9 3999999999999999
113108104103106114125133137135127113 95 76 62 52 49 52 61 72 84 9510410926 4 9J6 813137999999999999999999999 2451031558 4999999999999999
112112111111112115119124127127124117106 93 80 69 61 57 57 62 69 78 88 9726 410J6 036112 83612799999999999999 2581111723 5799999999999999
106113117119119117116116115116116115113107100 90 78 68 61 56 56 62 71 8426 411J6 316119 95611699999999999999 7371151929 5699999999999999
 97110121127127123116109104102103108112116116111101 87 72 59 51 49 55 6826 412J6 331127133611699999999999999 9 11022043 4999999999999999
 86104122133136131120107 94 86 86 92103115125129125111 92 72 54 43 43 5426 413J6 35013715 012999999999999999 934 852132 4299999999999999
 72 95119137146143129110 89 73 66 70 85104123139145137118 93 68 48 38 4226 414J6 41214615561459999999999999910 6 662214 3799999999999999
 59 84112137153155142119 91 66 49 46 59 82110136154158146121 92 64 44 3726 415J6 4371561645159999999999999991040 452252 3799999999999999
 48 72101131155165157133101 68 40 27 32 53 85119149167168150121 89 61 4426 416J6 5 41651731170999999999999991114 262330 4199999999999999
 44 61 90122151169170150117 78 42 17 10 24 54 91129160176171149118 87 6126 417J6 5321721816177999999999999991151 10999999999999999999999
 49 56 80111142167176166137 97 55 21  0  1 23 59100138167178169145114 8526 418J6 6 117619 217899999999999999 0 8 491228 -299999999999999
 65 61 74101131158175175155119 76 36  6 -7  1 29 6710714316717316113811126 419J6 630177194817499999999999999 045 6013 7 -799999999999999
 87 74 77 94120146166174165139100 60 25  1 -5  9 38 7411114216116315113026 420J6 7 1174203716499999999999999 121 731348 -599999999999999
109 93 87 94112135154166167151122 87 51 23  6  5 21 48 7911013615015014026 421J6 732168213115299999999999999 158 871432  399999999999999
126111101100109125141153159154137110 80 52 29 17 19 33 55 8010512613713926 422J6 8 5159223913999999999999999 236 991523 1699999999999999
133125116111112119129138145146140125104 81 59 42 32 33 42 58 78 9811612726 423J6 844146999999999999999999999 3231101627 3199999999999999
132131127122118117120124128131132129119106 89 72 57 46 44 48 59 74 9210926 424J6 022132 94513399999999999999 4431171754 4499999999999999
123131134132126120115112111113117121123120113101 85 70 57 50 50 58 73 9126 425J6 2 2134115912399999999999999 7431111928 4999999999999999
110126136139135126115104 96 94 97105115123127124113 97 79 63 53 52 60 7626 426J6 25313914 512799999999999999 853 942037 5199999999999999
 97118135144143134119101 86 76 76 84 98114129137135123104 84 65 55 55 6726 427J6 325145151713899999999999999 933 752127 5399999999999999
 86109131147151144127105 82 64 57 62 76 97120139148144129107 84 65 57 6226 428J6 35115116101489999999999999910 6 5722 7 5799999999999999
 78101126147158154138113 85 60 43 42 53 75103130150157149130106 82 65 6226 429J6 4161581655157999999999999991038 402243 6199999999999999
 73 93119143161164150125 94 63 38 27 33 53 81113142160162149127102 79 6726 430J6 44116417361639999999999999911 9 272317 6699999999999999
 70 87111137159169162140108 73 42 22 19 33 59 92126153166162145121 96 7726 5 1J6 5 71691814167999999999999991140 182350 7299999999999999
 72 82104129153169170153123 88 53 26 13 19 41 72106138161167157137113 9126 5 2J6 5351711851167999999999999991211 13999999999999999999999
 78 80 97120144163171163138104 68 37 17 13 27 54 8611914716316214812710626 5 3J6 6 2171192716599999999999999 023 771242 1299999999999999
 89 84 92112135154167166149119 85 52 28 16 21 41 6910012915115915313711826 5 4J6 62816820 315999999999999999 054 831313 1699999999999999
101 91 92106126145159163155132101 69 43 26 22 33 56 8311113414815114212726 5 5J6 653163204015199999999999999 124 901344 2199999999999999
112101 97103118136150157155140115 86 59 39 30 32 47 69 9311513314214113226 5 6J6 717157212114399999999999999 154 971418 2999999999999999
120110104105114128140149150143125101 77 56 42 37 44 59 78 9811612913413226 5 7J6 741151221213499999999999999 2241031456 3799999999999999
126118112109112121131139143141131114 94 74 58 48 46 53 66 82 9911312412926 5 8J6 811143232112999999999999999 3 01091542 4699999999999999
128124119115113115121127132134131123109 93 77 64 56 54 59 70 83 9811212326 5 9J6 858134999999999999999999999 3581131644 5499999999999999
128130127122117113112113117121124124120111 99 85 72 63 59 62 71 84 9911426 510J6 047130103112599999999999999 55211218 4 5999999999999999
126133135131123114105100 99103109117122123119109 95 80 69 63 63 71 8610326 511J6 148135124512399999999999999 743 991926 6299999999999999
120134142142133119104 90 81 80 87 99113125132131121105 88 74 65 64 74 9126 512J6 229143142513299999999999999 839 802032 6399999999999999
112131146152147131110 88 69 59 61 73 93114133144145134115 95 77 67 68 8026 513J6 3 4152153314699999999999999 923 582127 6699999999999999
101124145159160148124 95 67 46 37 43 63 91119143158158144123 99 80 70 7326 514J6 33816216301609999999999999910 5 372216 6999999999999999
 90114139159170165143111 76 44 23 18 31 59 93127155170168151127102 83 7526 515J6 4131701722172999999999999991046 1723 2 7599999999999999
 82102128153171176163134 95 56 24  5  6 26 60 99136166179174154129104 8626 516J6 4491771812179999999999999991128  32346 8199999999999999
 81 93116142165180178157122 80 39  8 -6  1 27 6410614417218217415312810526 517J6 52618119 0182999999999999991211 -6999999999999999999999
 90 90105129154174182174147108 66 28  1 -8  4 33 7211314917317916814812526 518J6 6 4182194917999999999999999 029 881255 -899999999999999
105 96100117140161176180166136 97 57 23  1 -3 13 43 8011815016917116014226 519J6 643180203817299999999999999 112 951340 -499999999999999
123107102110126146163173172154125 89 54 25  8  9 26 54 8712014716116115226 520J6 724174213016399999999999999 1541021428  699999999999999
137121110109117131146159165160143116 86 57 33 21 24 40 64 9212014215315226 521J6 8 8165222815499999999999999 2401081518 2199999999999999
145133121113112119129140149153148133112 88 64 46 37 40 53 73 9612013714626 522J6 859153233214799999999999999 3341121614 3799999999999999
146141131121113111114121128136140137128112 94 75 60 53 54 64 8110112013626 523J610 9140999999999999999999999 4511111717 5299999999999999
144144139129118109104104107114123129131127117103 87 74 66 67 75 8910712426 524J6 037145114913199999999999999 6381031828 6699999999999999
138145145138126112100 91 88 92100112123130130124112 98 85 77 77 84 9811526 525J6 129146133713199999999999999 757 881935 7699999999999999
132144150147136119101 85 74 72 77 90106122133137132121107 93 85 85 9310826 526J6 2 9150145613799999999999999 849 712032 8499999999999999
125141153155147130108 86 67 57 57 67 85106126141145140127112 98 90 9210326 527J6 243155155514699999999999999 929 552121 9099999999999999
119137152161158143120 94 69 50 42 47 63 86112135150153145131114100 94 9826 528J6 31616116441549999999999999910 6 4222 5 9499999999999999
112130148162166157135107 78 52 35 32 44 65 93122146159159148131113100 9626 529J6 3501661726161999999999999991041 312246 9699999999999999
105122141158169168151124 93 62 37 25 29 47 73104134157166161146128110 9926 530J6 42417018 6166999999999999991116 252325 9899999999999999
100112131151166173165142111 78 48 27 21 32 55 8511714616516815914212210626 531J6 4591731843169999999999999991151 21999999999999999999999
 99105121141159171172157129 96 64 37 22 23 40 67 9913015616816615313511626 6 1J6 534173191916999999999999999 0 3 991225 2099999999999999
103101112130149164172166146115 82 52 30 22 30 52 8111214016116716014512726 6 2J6 6 8172195616799999999999999 03910013 0 2299999999999999
111103106120139156167169157132101 70 44 28 27 41 65 9412314716116215113626 6 3J6 640170203216399999999999999 1141021335 2599999999999999
121109105113129146159166162145118 88 60 40 30 35 53 7810513115015815414326 6 4J6 712166211015899999999999999 1481051410 3099999999999999
129116108110120135149158161152133106 79 56 40 37 46 66 9011413615015414826 6 5J6 745161215015499999999999999 2241081447 3699999999999999
136124114109113123136147154153142122 98 74 56 45 46 58 7710012213914915026 6 6J6 824154223315199999999999999 3 51091527 4499999999999999
143131120111108112121132141146144134116 96 76 61 54 57 69 8810812814214926 6 7J6 916146231915099999999999999 3571081612 5499999999999999
148140128116107103105112122131137137130116 99 83 70 65 69 80 9711613414626 6 8J61029138999999999999999999999 5 710317 5 6599999999999999
151149139125110 98 92 92 98109120129133131122108 94 82 77 80 9010612414026 6 9J6 0 815112 713499999999999999 628 911810 7799999999999999
152155151138120101 86 76 74 81 95111125135138133121107 95 88 89 9811313126 610J6 058155135213899999999999999 741 741926 8899999999999999
148158161154137113 90 70 57 55 64 82104125141149146135120107 98 9710512026 611J6 148161151614999999999999999 841 542040 9699999999999999
139155166167156134105 76 52 37 36 50 7310112815016116014813111610410211026 612J6 238168162216299999999999999 934 35214410199999999999999
127147163174173157129 95 62 35 20 22 40 6910213516017317115713912110810526 613J6 3271751719174999999999999991024 18224210499999999999999
115134154171181177157123 85 49 20  7 12 35 6810614317018217816214212210826 614J6 4151811812183999999999999991113  6233310699999999999999
107120140161179187179154117 76 38 10 -1  9 36 7211315117818717916214011926 615J6 5 418719 01879999999999999912 2 -1999999999999999999999
107110125146167184190178149110 69 31  5 -2 12 42 8012215818118617615713426 616J6 551190194618799999999999999 0211071249 -299999999999999
115107112129151171186189173142103 63 28  7  5 22 53 9113116318118116914926 617J6 638190203118399999999999999 1 61071335  399999999999999
128111107115132153172184183165134 97 61 30 14 17 37 6710313816517617315926 618J6 725186211317799999999999999 1501061421 1399999999999999
140121108107117133151168177173154126 93 62 38 28 35 55 8311514516417016426 619J6 813177215517099999999999999 23610615 5 2899999999999999
149131115105106115130145159165160144120 93 68 50 46 55 7410012715016216426 620J6 9 5165223516499999999999999 3261041548 4699999999999999
155141124109102102110122135147152148135117 96 78 66 66 76 9311513615316026 621J610 4152231516099999999999999 4231011633 6599999999999999
158148133117104 96 96101111123134140139131118103 90 84 85 9410912714415526 622J61121141235515999999999999999 533 951720 8399999999999999
159154143127110 96 88 86 90 99111123132135132124113104 9910110912213714926 623J61259135999999999999999999999 650 851815 9999999999999999
157158152138121103 87 77 74 78 8810311712913713713212311611211211913114326 624J6 038159143313899999999999999 757 74192211199999999999999
154160159150134114 94 77 66 62 68 81 9811713314314514013212411911912513626 625J6 125160154514599999999999999 850 62203211899999999999999
148158163161149130107 85 66 54 53 62 79 9912214015115314713812812112112826 626J6 214163164015399999999999999 937 52213312099999999999999
139152162167162147124 99 74 55 45 47 60 8110613115116116015214012711912026 627J6 3 41671723161999999999999991019 44222511899999999999999
129142156167170163144117 89 64 45 38 45 63 8711614316216816415213712311626 628J6 35217018 1168999999999999991059 38231111599999999999999
119131146161172174162138109 79 53 36 34 46 69 9812915517117316314813111726 629J6 4381741837174999999999999991138 33235111299999999999999
112120135152168177175157130 98 67 43 30 34 52 7911114216617717215914112326 630J6 5201781911177999999999999991215 30999999999999999999999
111111123141159174180172150118 85 55 34 28 39 63 9312615517417816815113126 7 1J6 559180194317899999999999999 0291091251 2899999999999999
115108113129148166179180165138105 72 45 30 31 49 7710914016517717416014126 7 2J6 635181201517899999999999999 1 41071325 2899999999999999
122109107117136155171179174155124 91 61 39 32 41 64 9412515317217616614926 7 3J6 711180204617699999999999999 1391061358 3299999999999999
130113104108122141159172175165142111 80 55 40 40 55 8111114016317417015626 7 4J6 747176211617499999999999999 2141041430 3899999999999999
137119105101108124142158168168154130102 75 56 48 54 7410012815216817216326 7 5J6 828169214617299999999999999 25210115 3 4899999999999999
146127109 98 97106122139153160158144122 98 77 64 62 73 9311814216117016826 7 6J6 916161221817199999999999999 336 961539 6199999999999999
155137117100 91 91100115130144151149138121102 87 78 80 9211113215216617026 7 7J61018151225417099999999999999 429 901620 7899999999999999
164149130109 92 83 82 89103118132141143137126112101 96 9810912414215816826 7 8J61142143233816999999999999999 534 811711 9699999999999999
169161146125103 84 73 70 75 8810512213514214213612711811311412113314816126 7 9J61333143999999999999999999999 651 70182211399999999999999
169169161145123 98 77 62 56 60 73 9311413214615215014313412712412713615026 710J6 035170151315399999999999999 8 7 5520 112499999999999999
162170172165148122 94 69 50 41 44 60 8310913415416516415614513512812813626 711J6 144172162716699999999999999 914 40212912799999999999999
150163174178171152123 91 61 38 27 31 50 7810914116517717616615113612612526 712J6 2561781724178999999999999991013 26223412499999999999999
134150166180185178156123 87 53 27 16 23 45 7811515017618718316915013212026 713J6 4 018518111879999999999999911 7 15232711999999999999999
121133151171187193184158122 82 45 18  9 20 47 8412516218619318416614312326 714J6 4571931853193999999999999991156  9999999999999999999999
112116132153176194199186157118 76 38 14  9 25 56 9613817319219317915713226 715J6 548199193219599999999999999 0141121242  899999999999999
113106114133157181198200183151111 69 34 15 17 38 7211315318219418716914426 716J6 63720120 719499999999999999 0571061324 1499999999999999
119103101113134159183197195174142103 65 36 25 34 58 9313116618618917715526 717J6 723198203919099999999999999 13810014 3 2599999999999999
130107 95 98113135159180190184162131 97 65 45 42 57 8311614917418618016326 718J6 8 8190211018699999999999999 219 951440 4199999999999999
140116 98 91 97113134155172178169149122 95 72 61 65 8310813716217818016926 719J6 855178213818199999999999999 3 0 911513 6099999999999999
149127105 91 88 96111129147160163155138118 98 84 81 9010813015216917617126 720J6 94516322 517699999999999999 345 881545 8199999999999999
157137116 98 88 87 9410712213614714914313211910710010211312814616117017126 721J61047149223317299999999999999 436 86161710099999999999999
162147128109 94 85 84 9010011312513513913813212511911712113014115416416826 722J6121513923 616899999999999999 538 84165211799999999999999
165155140123105 92 83 81 84 9210411612713513913813513213113313914715616226 723J61418139235316499999999999999 655 81174813199999999999999
164161152138121104 89 79 75 77 85 9711112613814514714514213913814114715426 724J61555147999999999999999999999 812 75194713899999999999999
159162160152138121102 86 73 67 69 79 9311113014515415615314714113713814326 725J6 1 9162164815699999999999999 915 67212113699999999999999
151158163163155140120 99 80 65 58 62 75 9411713915716516415714713713113226 726J6 23216417231659999999999999910 6 58221913099999999999999
140150160168169160141117 93 70 54 50 58 7610012715216917316815614112812326 727J6 3371701754173999999999999991049 5023 312399999999999999
127138153166176175162139111 82 58 44 44 59 8211114216717917816715013111826 728J6 4281771823180999999999999991127 42234011699999999999999
116125141159175184179160132100 69 45 36 44 65 9412815918018517716013911926 729J6 51218418511869999999999999912 2 36999999999999999999999
109113127148168185190179153120 85 55 36 34 50 7811214617518918617014812526 730J6 551190191818999999999999999 0151091235 3399999999999999
107103113133156178191191173142105 71 44 33 40 64 9713316518719117915713226 731J6 628193194419199999999999999 04810213 6 3399999999999999
110 97100116140164184193185161127 91 60 41 39 55 8512015418019218616614026 8 1J6 7 419320 919299999999999999 121 961336 3799999999999999
115 96 90100121146169186189175147114 81 57 46 54 7710914217118818917415026 8 2J6 742189203419199999999999999 154 9014 6 4699999999999999
123 99 86 86101124149169181179162135105 79 63 61 7610213316118118918116026 8 3J6 822182205918999999999999999 229 841435 6099999999999999
133107 87 79 84101124146164172167150127103 85 77 8210112615217318518416926 8 4J6 9 9172212518699999999999999 3 8 7915 7 7799999999999999
146119 96 79 74 82 98119139154160156143126109 98 9710512314416417818217626 8 5J610 7160215518299999999999999 354 741541 9699999999999999
159136111 90 76 72 78 9110912714114814814213212211611712513915416817617726 8 6J61128149223417799999999999999 453 71162211699999999999999
168153132109 89 74 68 71 81 9611312814014614714313813413413914615616617126 8 7J61337147233317299999999999999 612 68172913499999999999999
172166153134112 91 74 63 61 67 8110011913615015715715314914514314615216026 8 8J61534158999999999999999999999 746 60195514399999999999999
167170168159141118 94 71 55 48 53 68 9011513915916917116515614614013914526 8 9J6 111170163817199999999999999 9 6 48213613899999999999999
155165174177169151124 95 67 45 36 41 59 8611714817118218117115614013012926 810J6 24917717221839999999999999910 8 36223512899999999999999
137151168182188180159128 93 60 35 26 34 57 9012716118419118516814712811726 811J6 35918817581919999999999999911 0 26232111699999999999999
119132152173192199188163127 88 51 27 22 36 6410214317619519518115913311226 812J6 4561991831197999999999999991146 21999999999999999999999
104111130155181201206191161121 80 44 24 26 46 8012116119020019217114311526 813J6 54520619 120099999999999999 0 11041226 2299999999999999
 96 93107131160188206206187153112 72 41 30 39 6610314317919919818115412426 814J6 631209192920199999999999999 039 9213 3 2999999999999999
 97 84 88107134165191205199176142103 68 46 44 61 9212916519119918916513526 815J6 714205195519999999999999999 116 831336 4299999999999999
105 83 77 87110138167189197187162130 97 71 59 66 8912015318019519217314526 816J6 756197201919699999999999999 152 7714 7 5999999999999999
115 90 75 76 91114140165181183170147121 96 80 79 9311714517018719117815526 817J6 838184204219199999999999999 227 731435 7899999999999999
127101 81 73 79 95117139159169167155137117102 9610311914116217918517916226 818J6 92117021 318599999999999999 3 3 7315 0 9699999999999999
138113 92 79 76 85 9911713514815515214313212011411512514015617017817716626 819J61012155212317999999999999999 343 76152311399999999999999
147126106 91 82 82 8910011412713714214213813312912813214115216216917116626 820J61128142214617199999999999999 430 81154312899999999999999
154138121106 94 87 86 90 9710711712613413814014014014114414915516016316226 821J62220163999999999999999999999 540 86999999999999999999999
157148136123110 99 91 86 86 91 9810912013214114715015014914914815015215526 822J61643150235015599999999999999 732 86193514899999999999999
155154149141129115102 90 81 78 82 9110412013715015815915715114514114114426 823J61651159999999999999999999999 858 78213214199999999999999
149154157156148134118100 83 72 68 74 8710612714816216816615814613613013226 824J6 21915717 916899999999999999 952 68221613099999999999999
139148158166165155137115 92 72 59 59 70 8911414116317517516615213512311926 825J6 3291671730176999999999999991032 58225011999999999999999
125138153168177174159135107 80 58 49 54 72 9912915917918417616013912010926 826J6 41817817521849999999999999911 7 48232210899999999999999
110123142163180188180158127 94 65 46 43 57 8311615017719018717014712210326 827J6 5 01881816191999999999999991139 422353 9699999999999999
 97106126151175192194179150115 80 52 40 46 6910213817119219518115612710226 828J6 5391951840196999999999999991210 39999999999999999999999
 87 89106133161186199195172138101 68 46 43 59 9012616118920019116713610626 829J6 61720019 320099999999999999 024 851240 4299999999999999
 83 75 86110141171193201189161125 90 62 49 56 8111515118119919717814711326 830J6 655201192620199999999999999 056 7513 9 4999999999999999
 85 68 69 87117148176194195178148114 84 65 63 7810814217219319918715912526 831J6 734197194920099999999999999 128 661339 6199999999999999
 93 69 60 68 91122152176188184165137109 87 77 8410513416318519619117013926 9 1J6 816189201219799999999999999 2 2 6014 8 7799999999999999
106 78 60 58 71 95124150169177171153131111 98 9610813015517618919117815326 9 2J6 9 3177203719299999999999999 240 571438 9599999999999999
123 94 71 59 60 74 9612014215716315814613112011411713014816617918518016526 9 3J610 016321 418599999999999999 325 5815 911499999999999999
141115 91 73 63 65 75 9211112914315015014513813313213614515716717417516926 9 4J61128150214017699999999999999 422 62154513299999999999999
156137116 96 79 69 67 72 83 9811513014114815015014814714815115616116516626 9 5J61414150224616699999999999999 547 6717 314799999999999999
162154142125106 88 74 65 65 71 8510312113915316116216015515014614614915426 9 6J61550162999999999999999999999 738 64203614699999999999999
159162161152137117 95 74 60 54 59 74 9612114516317317316615514313413213726 9 7J6 116162162917499999999999999 9 1 54214613299999999999999
146158168172166149125 97 71 51 44 51 70 9812915717718317716414512711711726 9 8J6 25717217 018399999999999999 959 44222911599999999999999
127143162178186178158128 94 63 43 38 50 75109144173189188175153128108 9926 9 9J6 4 11861727190999999999999991045 3823 6 9999999999999999
104121145170190197186160125 88 56 38 40 59 90127163189196186164135106 8726 910J6 4531971754196999999999999991125 372341 8399999999999999
 84 97121151180200203186156118 80 52 41 50 76112150182199195175145112 8426 911J6 53820418192009999999999999912 1 41999999999999999999999
 70 75 95125159189205202180147109 74 53 52 70101138172196201186157123 8926 912J6 621206184320299999999999999 015 701233 5099999999999999
 66 60 73 99133166193203194169135101 74 63 71 9612816218920119316813510026 913J6 7 120319 720199999999999999 048 6013 4 6299999999999999
 71 55 58 78107141171191195180155125 97 80 79 9612315318019619517714711326 914J6 740196192919899999999999999 120 541332 7799999999999999
 81 60 53 64 87117146171184181164141118 99 9310112114717118819218115612526 915J6 819185194919399999999999999 152 531358 9399999999999999
 95 71 58 59 75 9812414716517116515013211710811012314316317818518016313726 916J6 85817120 818599999999999999 224 57142210799999999999999
109 85 69 64 70 8610612614315415615014012912212012714115616917617516414526 917J6 943157202417799999999999999 257 64144212099999999999999
122101 84 75 74 82 9510912313514214414113613313113414115116016616716115026 918J61047144203816799999999999999 335 73145513199999999999999
134116101 90 84 84 89 9710611612513113613813914014114414815315615715515026 919J62053157999999999999999999999 430 83999999999999999999999
141130118107 98 92 89 89 93 9810711612613614314714914914814714614614514526 920J61631150999999999999999999999 625 89999999999999999999999
143140134126116105 95 88 83 84 9010011412914315315715615214513813413313626 921J61618157999999999999999999999 825 83213613399999999999999
140144146144136123108 93 80 73 74 84 9911813915516416415814613312312012326 922J6 2 4146163016599999999999999 921 72215912099999999999999
131142152158155144125104 84 68 62 68 8410613115517017416615113311610610726 923J6 31415816471749999999999999910 0 62222610599999999999999
117132150165171165147122 96 72 57 56 69 92121150172182177160137113 95 8926 924J6 4 217117 8182999999999999991034 552255 8999999999999999
 97116139162179182170145115 85 61 51 58 79109141170187187171145116 90 7526 925J6 44418317301909999999999999911 6 512325 7399999999999999
 76 93120149175191189170139105 75 55 52 68 97131164188196184157123 91 6726 926J6 5241921753196999999999999991138 512356 5899999999999999
 58 69 95128161187198190164130 96 69 56 63 87120155183199194171136 98 6626 927J6 6 51981818200999999999999991210 56999999999999999999999
 48 48 68101138171194199184155122 91 70 66 82111145175196200183151112 7526 928J6 645200184220199999999999999 029 451242 6599999999999999
 47 36 46 73109146176194193175146115 91 79 84105135166189199192166129 9026 929J6 72719619 719999999999999999 1 3 361314 7899999999999999
 57 36 34 50 80116150175187182163138114 98 9410512915617919319317714711026 930J6 812188193219599999999999999 139 321345 9399999999999999
 75 48 35 38 58 871191471671751691531341181101121261471681821881811601302610 1J6 9 1175195818899999999999999 218 34141710999999999999999
 98 70 49 41 47 66 901161391551611561461351271241301421571701771761661472610 2J610 3161202717899999999999999 3 4 41145112499999999999999
122 96 74 58 52 57 70 881081261411481491461421381381421491561621651631542610 3J6114114921 516599999999999999 4 4 52153813899999999999999
140122103 85 70 63 62 69 81 971141301421491521511491461451451471491511512610 4J61418152224015199999999999999 531 62182014599999999999999
148141130115 98 82 70 63 64 73 881061261431551601591541461381321301331382610 5J61520161999999999999999999999 723 63205413099999999999999
145150150143129110 90 72 60 58 67 841061301511651691631521371221131121192610 6J6 133151155316999999999999999 842 58213711299999999999999
131145157162157141118 93 70 56 55 66 87115142165175173160141119101 92 962610 7J6 3 0162161917699999999999999 936 532212 9299999999999999
109129151168175167147120 91 66 53 56 73100131160179182171149122 95 77 742610 8J6 3581751643183999999999999991019 532245 7399999999999999
 84106133161180185173148117 86 63 55 65 88119151177188182160130 98 71 572610 9J6 44618517 7189999999999999991056 552317 5699999999999999
 61 80109142172189189172144111 82 64 64 81109141171190191173142107 73 50261010J6 5291921732193999999999999991130 622349 4399999999999999
 44 56 83117152181194187166136105 80 70 79102132163187195184156120 83 52261011J6 61019417561959999999999999912 1 70999999999999999999999
 36 39 60 92128162186192180156127 99 82 82 98125154179194190168134 96 62261012J6 648192182019599999999999999 020 351232 8099999999999999
 39 32 44 71105139169185184168144118 98 90 98119145170187191176147112 77261013J6 726187184319199999999999999 051 3213 1 9099999999999999
 49 35 37 56 85117147169178171154133114102102116138160178185179157126 93261014J6 8 317819 518599999999999999 121 33132810099999999999999
 64 45 40 50 71 99126149164166157142126114110117133152167176175162137108261015J6 841167192517799999999999999 151 40135411099999999999999
 81 60 50 51 64 85108129145154153144134125119121130144158166167160144121261016J6 923154194216899999999999999 223 49141811999999999999999
 97 77 64 59 64 77 94111126137142142137132128127131140149156158155145130261017J61020143195715899999999999999 259 59144112799999999999999
111 94 80 72 70 75 84 96108119128134136136135135135137141145147146142134261018J61229136201114799999999999999 347 70151613499999999999999
123110 98 88 81 78 80 85 93102113123131137141142140138136135135134134133261019J61448142999999999999999999999 5 6 78999999999999999999999
129124116106 96 87 81 79 81 87 97110124136145149147142134127122120121125261020J61510149999999999999999999999 7 5 7921 012099999999999999
129132131126115102 89 79 73 75 83 97114132147155155148136122110104104111261021J6 121132152915699999999999999 821 73212410399999999999999
122133141143136123105 88 74 67 71 84104125146161165157141122102 88 84 91261022J6 245143155016599999999999999 9 9 672152 8499999999999999
106124142154156146127104 83 68 63 72 92117142163173169152127100 78 65 67261023J6 340157161317499999999999999 950 632222 6499999999999999
 83106132155168167152128101 78 64 65 80106134161178181166138106 75 52 45261024J6 4271701639182999999999999991028 632255 4599999999999999
 55 80111143168180175154126 98 75 65 73 95124154178188180155118 81 49 30261025J6 51118117 61889999999999999911 5 652329 2899999999999999
 30 50 83120155180188177153123 95 76 72 86113144172190191172137 96 57 27261026J6 5551881734193999999999999991142 71999999999999999999999
 15 24 52 90129164186190174148119 94 81 84104133162184194185157117 74 37261027J6 64019118 419499999999999999 0 5 151219 8099999999999999
 13  9 25 58 98137169187185167142116 97 90100123150174190191173139 98 58261028J6 725188183419299999999999999 043  81255 9099999999999999
 26  9 11 33 67105140168180175158136116104103117139161179187180158123 84261029J6 81218019 618799999999999999 123  7133210299999999999999
 50 24 13 20 43 74108139161169163150133120113117130148165175177166142111261030J6 9 4169193917899999999999999 2 7 13141011399999999999999
 79 50 31 24 33 53 79107132150157153144134126122127138150160165163152131261031J610 7157201716599999999999999 256 24145612299999999999999
106 81 58 43 38 45 60 801031241391471481441381321291311361421471501481402611 1J61134148211315099999999999999 355 3816 512999999999999999
126109 89 71 58 51 54 64 79 981171331431471471421351301261261271311351372611 2J6131914823 613799999999999999 512 51184912699999999999999
135128117102 85 71 62 60 65 78 961161331461521511441331221131081081141222611 3J61420152999999999999999999999 645 59202610899999999999999
130136135128114 97 80 68 63 67 80100121140154158153140123106 93 87 901002611 4J6 128137145615899999999999999 8 2 632111 8799999999999999
115130142146139124105 86 71 66 72 87109132152163162150130106 85 70 67 752611 5J6 251146152516499999999999999 858 662146 6699999999999999
 92114136152156148131109 88 73 70 80100124147165170161140113 84 61 49 512611 6J6 350156155117099999999999999 943 702219 4899999999999999
 67 91119146162164153133109 88 76 78 93115141163175172153124 92 61 39 332611 7J6 4381651618176999999999999991022 752252 3399999999999999
 43 66 97129157171169153131106 87 80 88108133157175180167139104 69 39 232611 8J6 5211721645180999999999999991057 802324 2299999999999999
 25 44 73108141166175168149125102 87 87101124149171182177154121 83 49 242611 9J6 6 11761713182999999999999991132 852356 1699999999999999
 16 26 52 85121153172175163142118 99 90 96115139162178181167137100 64 34261110J6 63917617421829999999999999912 5 90999999999999999999999
 17 17 35 65 99133160173169153132112 97 96108129151170179173151118 82 49261111J6 715173181017999999999999999 028 151238 9599999999999999
 26 17 26 49 80112142162167159143124108100104120141159171172159133 99 67261112J6 752168183717399999999999999 1 0 1713 910099999999999999
 41 26 25 40 65 93122145158158148133118107106115131148161166161142115 85261113J6 82916019 316699999999999999 132 23134010599999999999999
 58 39 31 37 54 78103126143150147137126116111113124138150157156146126100261114J6 910151192715899999999999999 2 6 31141211199999999999999
 75 55 43 41 50 67 88108126138142139131123117116120129139146148144132113261115J6 958142195314899999999999999 242 40144911699999999999999
 92 72 58 50 51 60 75 93109124133136134129124120119122128133136136131121261116J611 1136203013799999999999999 324 49154611999999999999999
106 90 75 63 58 59 68 80 95109122131135135131126120117117119122124125123261117J61221135215012599999999999999 417 58173711799999999999999
116106 94 81 71 65 66 72 82 96111124134139138133125116108104104107112117261118J61325139999999999999999999999 528 65193810399999999999999
119118112102 90 79 71 69 74 84 99116130141146142132118104 92 85 85 92102261119J6 01211914 614699999999999999 650 692030 8499999999999999
113122126123113 99 86 76 72 76 88106124141151153144127106 85 70 63 66 79261120J6 2 6126144015399999999999999 8 1 722110 6299999999999999
 97115130138136124107 91 79 74 80 95116136153161158141115 87 62 45 41 51261121J6 316139151316299999999999999 859 742148 4099999999999999
 71 97122142152148133114 95 81 77 86105128150165170158132 99 66 38 22 22261122J6 413152154717099999999999999 949 762227 2099999999999999
 40 69101132155165158140117 96 82 81 94117142163176174154120 81 44 16  3261123J6 5 31651623177999999999999991036 8023 8  399999999999999
 11 36 71109143167173163142118 97 85 87105129155174182173145105 62 25 -1261124J6 55217417 0182999999999999991120 842349 -999999999999999
 -8  6 37 77117152174177163141117 97 89 96116142165181183167133 90 47 11261125J6 63917817381849999999999999912 3 89999999999999999999999
-11-11  9 43 84125158176174159137114 98 94105127151171183179157120 77 36261126J6 726177181818399999999999999 033-141245 9499999999999999
  5-12 -7 17 52 92130159172167152131112100101114135156172178169144108 68261127J6 813172185817899999999999999 117-121328 9999999999999999
 32  6 -5  4 28 62 98132155164158144127111103107120138154166168157132 99261128J6 9 3164194116999999999999999 2 3 -5141210399999999999999
 65 35 14  8 18 41 71102131149155149137123112107111121134146154154143121261129J6 956155203015699999999999999 251  815 410799999999999999
 95 67 43 27 24 34 54 79105129143147143133122112107109115124133139139131261130J61055147213114099999999999999 342 23161110799999999999999
115 95 74 55 43 41 49 65 861081281401431401311201091021001031091161231262612 1J6115814323 212699999999999999 440 41175310099999999999999
123114101 84 69 59 57 63 76 94113129140143139129115102 92 86 86 911001102612 2J61255143999999999999999999999 546 571933 8599999999999999
118121118109 96 83 73 70 74 85102119134143145138125107 90 75 67 67 74 872612 3J6 1 2121134114599999999999999 658 702032 6699999999999999
102116125126119107 95 84 80 83 95111127142149147136117 95 73 56 48 50 622612 4J6 237126142015099999999999999 8 4 802116 4899999999999999
 80101120132135128116102 91 87 91104121137150155148130106 79 54 37 32 392612 5J6 344135145515599999999999999 9 0 872154 3299999999999999
 57 81106129142143135121106 94 91 98113131147158158145121 91 61 36 21 212612 6J6 436144153116099999999999999 948 912230 1999999999999999
 35 58 87117140151149137121105 94 94105122140156164158138108 75 44 21 112612 7J6 51915116 7164999999999999991031 9223 5 1199999999999999
 18 38 66 98129150157150136117101 92 97111130149163166154127 94 59 29 102612 8J6 5581571643167999999999999991111 922340  699999999999999
  7 21 46 78112141158159148130111 96 92101119139157167164145114 78 45 182612 9J6 6341601719168999999999999991148 92999999999999999999999
  5  9 29 59 92125150160156141122104 92 94107127146161167157132 98 63 33261210J6 7 9160175416799999999999999 015  41225 9199999999999999
 11  6 17 42 73106136154158149132113 98 92 98115134152162161145117 83 50261211J6 744159182716499999999999999 049  513 0 9299999999999999
 24 10 12 29 57 87118142154152139122106 95 94105123140153159151130100 68261212J6 819155185915999999999999999 123  91334 9399999999999999
 40 20 13 22 44 71100126144150143129114101 95 99112128142151150138115 85261213J6 854150193015299999999999999 156 1314 8 9599999999999999
 57 34 21 22 36 59 85111132143143134121108 99 96103115129139143139124101261214J6 93014520 314399999999999999 229 201446 9699999999999999
 75 51 35 28 34 50 73 97118134141137127115104 96 96103113124131133126112261215J610 7141204513399999999999999 3 3 281533 9599999999999999
 91 70 52 41 39 47 64 85106124135138133122110 99 92 92 97105113120121116261216J61048138214612199999999999999 341 381636 9199999999999999
105 89 72 59 51 52 61 77 96114128137137130119105 93 84 82 84 91100108112261217J61132138231911299999999999999 425 501758 8299999999999999
111104 93 81 70 64 65 73 87104120133139138130116 99 83 71 66 67 74 86 98261218J61222140999999999999999999999 521 641920 6599999999999999
107112111104 94 84 78 77 83 95110126138143141130112 91 70 54 46 47 57 73261219J6 121112131514499999999999999 635 772024 4599999999999999
 91107118122118108 97 89 86 89100116132144149146131107 80 55 35 25 28 42261220J6 25812214 914999999999999999 8 2 862118 2499999999999999
 64 89112129136132121108 97 91 93104121138151157150131101 68 38 15  5 11261221J6 4 813615 115799999999999999 916 9022 7  599999999999999
 32 60 91121142150145131115100 92 94108127145159164154129 94 56 22 -3-11261222J6 5 41501552164999999999999991017 912255-1199999999999999
  0 26 61 98131154160152136116 99 91 95111133153168170156125 85 44  8-16261223J6 55416116411719999999999999911 9 902342-2199999999999999
-21 -5 27 66107142163166155135113 95 89 97116139160174174155119 76 33 -3261224J6 6401671729176999999999999991157 89999999999999999999999
-24-23 -2 33 75117151168166151129106 90 87 99120144165177172149111 67 25261225J6 724169181617899999999999999 028-261241 8699999999999999
 -9-24-18  7 44 86127156167161143120 99 86 87102124147166174166139101 59261226J6 8 616719 117499999999999999 113-251325 8499999999999999
 21 -7-17 -6 22 59 99134157162152133111 92 83 88104124145161166154127 92261227J6 847162194716699999999999999 157-1714 9 8399999999999999
 55 22  1 -2 13 41 75111139154153141122102 86 81 87102121138150152139115261228J6 926156203615399999999999999 239 -31456 8199999999999999
 85 55 29 16 19 36 62 92121141149144130112 94 81 78 84 97112126135135124261229J610 4149213013799999999999999 320 151549 7899999999999999
106 83 60 43 36 42 59 81106127141143135121104 88 77 74 78 87 99111119120261230J61042143223912199999999999999 4 0 361654 7499999999999999
113101 85 70 60 58 66 81 99118133140138129114 97 81 70 65 66 73 83 95104261231J61117140999999999999999999999 440 581815 6599999999999999
