 89 48 24 20 41 8715021326229129627624120016413812714017220923524022218326 1 1J8 942297204424199999999999999 241 19155812799999999999999
129 76 34 10  7 31 8315222027230330728524620216313412313817321223724021926 1 2J81040309213724199999999999999 339  6165712399999999999999
175119 64 23  0 -1 27 8616022928130930928223919415512711914018122124424326 1 3J81130313222724699999999999999 433 -4174611899999999999999
217168108 54 15 -5 -3 32 9617324128831130427022418014211811714619223125026 1 4J81216312231625099999999999999 525 -8183111499999999999999
244212159 99 47 12 -5  3 4611619225429530829225220416112710911715520323926 1 5J81257308999999999999999999999 614 -6191310899999999999999
253242205149 90 43 12  1 18 6914321426929930127422918114111110112016421126 1 6J8 0 4253133430499999999999999 658  1195310099999999999999
243252236195139 85 43 19 16 43102174238281299288251203157120 96 9612417126 1 7J8 05225214 729999999999999999 738 142031 9299999999999999
215243247227185132 84 50 33 40 77138204257287291268226177134101 85 9412926 1 8J8 141248143929399999999999999 816 322110 8599999999999999
175215238239217178132 92 65 57 72114171226266283275244200153114 87 79 9526 1 9J8 233241151128399999999999999 854 562150 7999999999999999
131174210230230211177140109 89 87107146193235262268252219176134 99 79 7726 110J8 331232154626899999999999999 936 852235 7599999999999999
 96130169202222225211186158133118118136166202231248247229197158120 90 7426 111J8 44022616272509999999999999910291162326 7299999999999999
 75 94125162195218226221204181160145142152173197218229226209181146112 8426 112J8 6 52261720230999999999999991143142999999999999999999999
 69 71 8811815519222023623722520518216315415516618420221321219817213810526 113J8 734238182721599999999999999 025 68132315399999999999999
 77 62 63 8011215319623025125524422119416815214715517219220620819416713226 114J8 845256193620999999999999999 127 60145214799999999999999
 96 67 52 53 7411115820624526727025522619216114013514516819320921019416326 115J8 939271203421299999999999999 224 50155013599999999999999
123 84 54 40 45 7111517022226128027725421817914612612614417420321921619326 116J81022282212122199999999999999 315 39163212499999999999999
155110 68 39 29 40 7512818824027528627424220016012911512415219022023122026 117J8105928622 123199999999999999 4 0 2917 811599999999999999
188142 92 50 25 21 41 8714821025828428526222217813911411013117021023724026 118J81133288223824299999999999999 442 20174110999999999999999
219177123 71 34 15 19 5110717523427328927724219715412110511214519223125026 119J812 4289231425099999999999999 521 13181410499999999999999
243210158100 52 21 10 25 70137205258286287262218171132106 9912016421324726 120J81233290235025699999999999999 558 101847 9899999999999999
256238195136 79 37 13 12 41100173237278293279240190145112 93 9813218423126 121J813 1293999999999999999999999 633 101921 9299999999999999
257256228177116 63 29 15 25 68137209264292291262213162120 93 8310114520126 122J8 028260132829599999999999999 7 8 141954 8399999999999999
243261251216161103 57 31 27 49103175240282295279237183133 97 76 7710615726 123J8 1 9261135629599999999999999 743 252029 7399999999999999
211248260244205152101 64 46 50 82139206259287286257209154108 76 63 7411026 124J8 155260142729099999999999999 821 4421 6 6399999999999999
164214246254238201155112 83 71 81115168223263277265230181130 88 62 55 7226 125J8 24925515 227799999999999999 9 5 712149 5599999999999999
111162209239248236207170136112104113142184224251257240206161114 77 54 5026 126J8 35524815452579999999999999910 01042241 4999999999999999
 68104151196229243240222196168146136139156183211230233219190150108 73 5126 127J8 51924416402349999999999999911181352347 4699999999999999
 46 59 91134180218243251244225200177159151155170191209215207185150111 7526 128J8 7 22511758215999999999999991311151999999999999999999999
 49 39 46 7311516521124626626725222619617015114415217319520820719015811726 129J8 835269192721099999999999999 1 6 39145714499999999999999
 76 45 29 30 54 9815421025428028627023920216714012813716219221321720216826 130J8 945287204321899999999999999 226 2716 612899999999999999
122 75 38 17 15 39 8815221526429329727623719415512511412916420122623121326 131J81039298214323299999999999999 336 13165711499999999999999
174120 69 30  7  5 32 9016122627530029726722217713710910513017521824224326 2 1J81124303223424699999999999999 436  2174010399999999999999
220172113 60 21  0  2 39105180243285302287247198154117 9510214119323525526 2 2J812 2302231925799999999999999 526 -31818 9499999999999999
251218162101 50 16 -1 11 60134207262293296267219170128 97 8610815821225026 2 3J81234299999999999999999999999 6 9 -11852 8599999999999999
263250208147 88 43 15  8 34 95171236279296281239186139102 79 8211917622826 2 4J8 0 126313 229699999999999999 646  71925 7699999999999999
259264241192132 79 42 22 29 70138209262290288257206153109 78 67 8613419226 2 5J8 042266132729399999999999999 718 211956 6799999999999999
238261258227176121 77 48 40 61114181241278288269226171122 83 61 64 9614926 2 6J8 123263135028899999999999999 749 392026 5999999999999999
203242257247213165118 83 64 69101156214258279272240191140 96 65 54 7011026 2 7J8 2 6258141528099999999999999 821 632057 5499999999999999
161209239249235203163126100 91104139187231258263244207160115 79 58 58 8126 2 8J8 254249144226499999999999999 857 902131 5599999999999999
122168207232238226201170143124121137167201229242236213178138101 73 60 6726 2 9J8 349239151324299999999999999 9411202211 6099999999999999
 92128167200223230224207186165151148158177198212216208188159127 97 76 6826 210J8 5 2230155221799999999999999104314823 3 6899999999999999
 75 96127160191215229230221206188172164164171181189193189175153128102 8226 211J8 63723117 2193999999999999991227163999999999999999999999
 73 76 9311915018421423424223822420318116415615516117118118417716013510926 212J8 8 8242185118599999999999999 014 72143515499999999999999
 85 70 69 8210714218322024625725223420617615213813614716618519419017214326 213J8 912257201119599999999999999 135 68153813699999999999999
109 79 60 56 68 9814119023326026925923219616013311912414517620221320618126 214J8 95826921 721399999999999999 245 55161611999999999999999
143101 65 44 40 57 9615020624927427625521817513811310612215819722523321826 215J81035278215123399999999999999 341 39164910699999999999999
183134 85 48 27 28 55107170227267284274240195151116 9710113318022324724726 216J811 8284223025199999999999999 429 251721 9599999999999999
221173116 65 31 15 25 66130198251282285260216167126 97 8710615320724826426 217J8113828723 626499999999999999 510 151753 8799999999999999
252213155 95 48 19 12 35 91164230273290277237185137102 80 8312017823326626 218J812 4290234227399999999999999 548 111825 7899999999999999
271248197133 77 38 17 20 59129203259288288257205151108 79 68 8713820225326 219J81229292999999999999999999999 624 141856 6899999999999999
276271236178116 67 36 24 43 97171239281293274227168117 80 59 61 9715922226 220J8 020278125329399999999999999 658 241927 5699999999999999
265280265223163107 67 45 44 76139210264289283247191132 86 56 45 6111017626 221J8 1 0280131829099999999999999 732 411958 4599999999999999
235270277256212158110 79 65 75115176236273281260215156101 61 39 39 6712226 222J8 145278134628299999999999999 8 9 642031 3699999999999999
186238267270248208163125100 93109149200243265260231183129 82 49 34 42 7526 223J8 237272141926699999999999999 851 932111 3499999999999999
128185231257261244213178149130125139169205232242232203161116 76 49 39 4926 224J8 340262145924299999999999999 94612522 2 3999999999999999
 79125174215242252246227202178160152157172192209215207186155119 85 60 4926 225J8 5 525215572159999999999999911 91522313 4999999999999999
 54 76111154195227248253246228206184167158159169181191193184163135103 7526 226J8 6542531741194999999999999991324157999999999999999999999
 57 53 64 9113017521724926526625022519516714613714316118119519618315712226 227J8 830268193619899999999999999 049 5215 613799999999999999
 87 59 45 47 6911116421625627928126322919015312611412515418721021820717726 228J8 936283205621899999999999999 224 4316 211499999999999999
133 89 54 33 30 53103165223267290288260217172132104 9712016220423324122626 3 1J81025293215324199999999999999 338 281644 9699999999999999
186134 84 45 21 20 52111180239279295281242193147108 85 9112918222825525826 3 2J811 3295223726099999999999999 433 171720 8399999999999999
233182124 73 36 15 23 67136205258288291261212162119 85 73 9614920725127126 3 3J81134294231627299999999999999 518 141753 7399999999999999
264227168109 63 30 19 41 99171234275290274230176128 90 67 7111217423126826 3 4J812 0290235227999999999999999 555 181823 6499999999999999
279259211150 96 56 32 35 74142211261286282247193139 96 65 55 7913419925026 3 5J81222288999999999999999999999 626 291851 5599999999999999
278277245191133 87 56 44 64118186245279285260211153104 67 48 55 9615922126 3 6J8 028281124228699999999999999 655 441917 4699999999999999
263279267227173123 85 64 67103162224266282269228172117 74 47 41 6611918226 3 7J8 1 527913 228299999999999999 724 621942 4099999999999999
236268274253210162120 91 82 99143199246271268240191136 88 54 39 49 8714326 3 8J8 143275132527399999999999999 754 8120 9 3899999999999999
200244266263238199159126106107132175219249257241204156108 70 47 44 6611026 3 9J8 224268135025799999999999999 8281032037 4299999999999999
162210243257251227195164139127134159192221235231209173131 93 65 53 59 8626 310J8 310258141723699999999999999 9 91272111 5299999999999999
128172210236246240223199175156149155172193207211203182153121 93 73 67 7626 311J8 4 824614492119999999999999910 41492155 6799999999999999
101135171202224236236226209190174164163170179185187182169150126105 88 8126 312J8 529237154818799999999999999113416223 5 8199999999999999
 8710413016018921423223923522220418416715715415816417317717416214312110126 313J8 7 72401810177999999999999991352154999999999999999999999
 87 85 9511614417821223725024823421018215614013313915417418919318416313426 314J8 823251194819499999999999999 041 8415 313399999999999999
105 82 73 78 9813317721925026425923720416713611711412915919121422020717726 315J8 916264204922099999999999999 2 9 72154111399999999999999
137 97 68 55 60 86132187235266275262229185144113 9710313317721824224422226 316J8 956275213524699999999999999 315 541616 9699999999999999
180128 83 51 38 48 87146208255280280253207158117 90 8210315020524726726026 317J81029283221526899999999999999 4 7 381649 8199999999999999
225171113 68 38 30 51104173234274288272229175127 91 70 7511417523427228326 318J81059288225428399999999999999 451 291722 6999999999999999
265217155 98 57 33 34 70136206260286284250195140 96 67 56 7813420325928926 319J81125289233229399999999999999 530 291754 5699999999999999
290259203140 89 55 38 51102174239278288267217156104 67 46 50 8915822827726 320J81150288999999999999999999999 6 8 381825 4499999999999999
298288248188131 88 60 54 81142212263285277238179118 72 43 32 5210718124626 321J8 012298121428699999999999999 645 531856 3299999999999999
287299281235179129 94 74 79117179238274279254204141 86 47 26 27 6212619826 322J8 054299124028099999999999999 722 721928 2399999999999999
257290295271227177136107 95108151205250269260225171112 64 33 20 33 7614126 323J8 140296131126999999999999999 8 2 9520 3 2099999999999999
207257284286263224183149126119136173215244251234197147 97 57 33 27 46 8926 324J8 233288134725199999999999999 8481192045 2699999999999999
147205248272275258229196167147142154179207224225209178139 99 66 46 43 6026 325J8 337276143422799999999999999 9491422140 4299999999999999
 96144192231257265258238213187167157158170185197200193174146115 87 68 6126 326J8 5 126515482019999999999999911221562258 6199999999999999
 69 93130172211242260263252230204179159148148158173185190185168142114 8926 327J8 64126418 0190999999999999991328147999999999999999999999
 73 70 8211015119523426127226524321117714712712213415918520320719617113626 328J8 8 6272194820899999999999999 043 69144712299999999999999
102 76 63 67 9213718923526828127324420416212610210012216019922623522419226 329J8 9 7282205823599999999999999 219 621536 9899999999999999
148106 72 53 54 84137195245277287270231184138101 80 8812517722225226024126 330J8 952287214826099999999999999 327 501616 7999999999999999
199147100 64 45 52 92153213260285283253204153109 76 66 9014320224927527426 331J81027288223027899999999999999 417 431650 6699999999999999
244192137 91 58 44 63115181237274286267223169120 81 57 6310516923027128926 4 1J8105528623 628999999999999999 458 441721 5599999999999999
276234177124 83 57 55 90151214260281275239184130 87 57 48 7313119925428726 4 2J81117283234029499999999999999 533 521749 4799999999999999
292266216160113 79 64 79127191244275278252202144 95 60 41 50 9416122627326 4 3J81137280999999999999999999999 6 4 641814 4099999999999999
294286249197146106 81 80111168225265277262219162107 66 40 36 6412219024826 4 4J8 014295115727799999999999999 633 771839 3499999999999999
284293273230180136104 90104147202248271266234182125 77 45 32 45 8915321626 4 5J8 049294122027299999999999999 7 3 9019 3 3299999999999999
264288285257214169132108106132178225256262243200147 96 57 36 37 6611918126 4 6J8 124290124526399999999999999 7341041928 3399999999999999
235271284273241201162132118127158199233249242213168119 77 49 39 53 9214626 4 7J8 2 1284131224999999999999999 8 91181957 3999999999999999
201245271275259229194161139132146175206227231216185144104 72 53 54 7611626 4 8J8 241276134323299999999999999 8491322030 5199999999999999
165211245263264248222192166149146158179200211209194167134103 79 67 72 9526 4 9J8 330266142321299999999999999 9411452114 6799999999999999
131172209238253254243222197174158153159171184192192183164140115 95 85 8726 410J8 43525615311939999999999999910561532219 8499999999999999
104132166199227245251245227204181161150148155166178187187177159136113 9726 411J8 55725117341889999999999999912381482352 9399999999999999
 9310112215218621924425625223520918015313512913615317619620620218415712626 412J8 7152561912206999999999999991359129999999999999999999999
101 88 8910613817922125226626124020516713511410812115018721823423020817126 413J8 816266201923599999999999999 124 87145010899999999999999
130 96 77 74 93132183231264276265233188144109 89 9011516121024726325522326 414J8 9 2276211026399999999999999 238 731530 8799999999999999
175126 88 66 64 89139199248277281258213160115 82 68 7912118223827528727026 415J8 939283215628799999999999999 335 6216 7 6899999999999999
227170119 81 60 63 99159222266285275237181126 84 57 52 7913820826429730126 416J81011285223930399999999999999 424 581643 5199999999999999
274222163114 79 63 75122188245278283257205143 91 56 38 45 8916023328531126 417J81040284232131399999999999999 5 9 621717 3699999999999999
306269213157114 84 74 98153217263281270229168106 61 33 25 4710618325329926 418J811 8281999999999999999999999 551 741751 2499999999999999
316303261205156118 93 92126184239271274249197133 77 39 18 20 5712520326626 419J8 0 5316113727699999999999999 632 891826 1699999999999999
305315295252201158125106114153207250269259223167106 57 26 13 26 7214321626 420J8 051316121026999999999999999 71510519 4 1399999999999999
272304309287246201162133121135173218249256239199145 91 49 24 18 39 8915626 421J8 140311124825799999999999999 8 01211945 1799999999999999
222271298300279243203168143135149181215237238219183136 90 55 34 33 5610326 422J8 234302133524099999999999999 8521342034 3199999999999999
162219263287290273243208175152144153176201217219205177140103 72 54 53 7226 423J8 337292143722099999999999999 9581442134 5199999999999999
110160210250275281270245214183158145147161180197205200184157126 97 78 7226 424J8 45128216102059999999999999911241442253 7299999999999999
 8311115219723726527627024921918615713713013915818120020720118215412410026 425J8 6 927718 5207999999999999991255130999999999999999999999
 86 8710614018422725927527325221918114611910911714317620722522621118114626 426J8 721277193622899999999999999 026 8414 510999999999999999
114 92 85 98132179226260278274249210165126 97 8710213918422424825323519926 427J8 820279204225499999999999999 153 851456 8799999999999999
157119 92 81 95133184233266280269236189141100 74 71 9814820324727327424926 428J8 9 5280213327799999999999999 259 811537 6899999999999999
205158118 89 80100145200246273277255211158111 74 55 6510816922827229228526 429J8 940279221529399999999999999 351 801612 5599999999999999
250201152113 88 86116169222260276266230177124 81 53 46 7313019725429130226 430J810 9276225230399999999999999 433 831644 4599999999999999
283240189144108 91102143197243269270244196140 91 56 39 49 9215822527630326 5 1J81033273232830699999999999999 510 901712 3899999999999999
302272224176135106100125173224259270255214159106 65 39 36 6412018925029126 5 2J81056270999999999999999999999 543 991738 3499999999999999
306292255207162127109116152202244265261230180125 78 46 32 45 8815221826926 5 3J8 0 2306112026799999999999999 61510818 4 3299999999999999
299301277236190151123116137178223254261243201148 97 58 36 36 6411818324226 5 4J8 035304114726299999999999999 6461151831 3399999999999999
283300291259218176142123128157199236254249219173121 77 47 36 50 9014921026 5 5J8 1 9300121725599999999999999 7191221859 3699999999999999
260289295277242202164137127141174211238245230195149103 66 46 46 7111817626 5 6J8 143296125024699999999999999 7551271930 4399999999999999
230270290286263228190157136135153184214232232212176134 94 65 53 62 9314126 5 7J8 221291132823499999999999999 83513320 7 5399999999999999
194241273285276251218183154139141159186209222218198166130 96 73 67 7911126 5 8J8 3 4285141722299999999999999 9231382052 6699999999999999
155203244270278268244212180155141142157179199211210195169138108 88 82 9326 5 9J8 35727815252129999999999999910241402153 8299999999999999
120160202239264273264242211179153137135147167189205211204184156127105 9526 510J8 5 027316572119999999999999911381342310 9499999999999999
10012115619623326027126424221017514512512013115418320922422420818014711926 511J8 6 72711828226999999999999991249120999999999999999999999
10210011614718923026127426624120316212710510011414518622424725023520216326 512J8 7 8274194225199999999999999 035 991348 9999999999999999
127104 97109142188234266277266233187140102 81 7910114519924527327725821926 513J8 8 0277204227999999999999999 153 971436 7799999999999999
172132104 94106143195243273278258215161110 75 57 62 9615421826929729927426 514J8 843279213530299999999999999 3 0 941520 5599999999999999
227176134106 95111154210255277273242188129 80 49 37 5210017023929031531226 515J8 921279222431899999999999999 357 9516 0 3799999999999999
280229178137109101124173227265276261218157 97 54 29 24 5111118825730532526 516J8 956276231232699999999999999 4481011641 2399999999999999
316278227179141115112142193242269270243191127 72 35 16 20 5712620427031326 517J81031273999999999999999999999 5361101722 1499999999999999
328313273224179144122126160210251268259223167105 56 24 10 23 6914221827826 518J8 0 032811 926899999999999999 62312018 5 1099999999999999
315325306266220179146128138175220252262246206150 93 49 21 13 33 8415622726 519J8 050326115226299999999999999 7111281851 1399999999999999
282314319298259215176145133147182222248252233194141 90 50 27 23 4710016826 520J8 141321124125499999999999999 8 01331939 2299999999999999
234283310311289251209171144135150182217239242224188142 96 61 40 40 6611626 521J8 233314133824399999999999999 8531352031 3799999999999999
178237281303302280243202166141133147175206227232219190151111 79 60 61 8426 522J8 327306144723399999999999999 9521332129 5899999999999999
129185237275295293270235196161136127137163192216226221199167132102 84 8226 523J8 42429716112269999999999999910571272236 8199999999999999
10113918723326828628426222818915312611612414817920822622921618915712710726 524J8 52328817412309999999999999912 5115235110199999999999999
10111314418622826227927625522017914111310010713317120723424523721418114926 525J8 62228019 52459999999999999913 9100999999999999999999999
125114120145184226258273269246208164124 95 83 9312517121624926526023520026 526J8 718274201526599999999999999 11011314 4 8399999999999999
164135120123147186227257270262233189143102 75 67 8512718123326928527824926 527J8 8 7270211128699999999999999 2221191450 6799999999999999
209170139121125152194234260266250213165117 79 57 58 8713920025428930128726 528J8 848266215830199999999999999 3211201530 5499999999999999
252209168137122131163206243262259233188137 91 59 45 58 9916022427530530926 529J8 923263223831099999999999999 4 912116 5 4599999999999999
286246201161132124142180222252261246210159109 69 45 42 6812118624729231226 530J8 954261231531399999999999999 4501241637 4099999999999999
306275232188151129131158200237258255229183131 85 52 38 49 8814821326830226 531J81024260235031299999999999999 52612717 7 3899999999999999
312294258214172141129142177218249258244207157106 67 43 40 6411317623828326 6 1J81054258999999999999999999999 6 01291738 3899999999999999
307304278238195158135133157196233255253228184133 87 54 40 49 8514220525926 6 2J8 023309112725799999999999999 63313118 9 4099999999999999
294306292259217176145131141172212243255244210162113 72 48 44 6511017123126 6 3J8 05630612 125599999999999999 7 71311841 4299999999999999
277301300277239197161136132151186223248251231192144 98 64 47 53 8413719826 6 4J8 128304123825299999999999999 7421311916 4799999999999999
253290303292262221181148131135160196230247244219178131 90 62 54 6810616226 6 5J8 2 3303132024899999999999999 8211301954 5499999999999999
221269297301282247205167140129138165201230243236210170127 90 68 66 8612726 6 6J8 24030214 924499999999999999 9 41282037 6499999999999999
183237278298295271234192156132125137166200227239232208172132100 82 8210326 6 7J8 32229915 823999999999999999 9531252130 8099999999999999
144196244279294287260222181146124119132161195223238236216184149118100 9926 6 8J8 41029416222399999999999999910481182233 9799999999999999
11815420024427528727825021117013411210712015018822224324723420617214012026 6 9J8 5 42871743248999999999999991147106234711499999999999999
115128158199240269280270241199155118 94 8910513818322625526625823219716226 610J8 6 028019 3266999999999999991245 89999999999999999999999
136126132157195236265274262230184136 97 74 70 8812918323527228928325721826 611J8 656274201528999999999999999 1 91261341 6999999999999999
179149133133155193235263270254217166114 74 52 51 7512518824829030930427526 612J8 749271211731099999999999999 2281301433 4999999999999999
232190157136134156196238264266245201145 91 53 34 37 6812619726030432431626 613J8 837268221432599999999999999 3361321524 3299999999999999
284239196161138136161204244265262234185125 73 37 21 29 6713220727131433226 614J8 92326723 733299999999999999 4351341614 2199999999999999
320285239196161139140169213250266257224170109 60 28 15 27 7114121727931926 615J810 9267235833399999999999999 52813617 4 1599999999999999
333318280234192158138145178222255266253214158100 53 24 14 31 8115322728626 616J81057266999999999999999999999 6181371756 1499999999999999
322330310270225184152136148185229259265248207151 95 52 26 19 41 9616923926 617J8 048331114726699999999999999 7 61361847 1899999999999999
293322324299257212172143132150190232259263244202148 96 56 32 30 5811618726 618J8 134327124126499999999999999 7531321936 2899999999999999
252299321315285241196158132128151192232257260240200149101 65 46 49 8114026 619J8 218322133826199999999999999 8401262024 4499999999999999
207264302316303268223179143121123149190228251255237200154112 81 66 7410926 620J8 3 1316144025699999999999999 9271192112 6699999999999999
164224272301306287249205163129112117145185221245251236205166130103 9210226 621J8 342307154725199999999999999101711122 4 9299999999999999
13618423427329329226923118814811710411113917721324025024121718515413012026 622J8 42629517 22509999999999999911 910323 312099999999999999
129156195236267281276252215173135107 9510313016920823925425323520817915526 623J8 51428118242569999999999999912 6 95999999999999999999999
144147167198231256267260237201160122 96 85 9412316420824426627025623120126 624J8 6 7267194327099999999999999 01614313 3 8599999999999999
175158156169194224247256249224187146109 84 75 8611916521525628228827524726 625J8 7 3256204828899999999999999 1401551357 7599999999999999
214183162155166190219242250240213173131 94 71 66 8312117422927229830228526 626J8 757250214130399999999999999 2551551445 6599999999999999
253215181158151163190221243247232200157114 79 60 61 8513219024628931030826 627J8 845248222531399999999999999 3521501528 5799999999999999
285247206171149147166198229248246224186139 96 65 52 61 9514921026530231526 628J8 92624923 331599999999999999 43614516 7 5299999999999999
305274232190158142148175211241253244213169120 80 55 49 6811117123228130926 629J810 4253233831499999999999999 5141421645 4899999999999999
313292255211172146139156191228253257238199149102 66 48 52 8113319625429426 630J81040258999999999999999999999 5471391721 4799999999999999
311303273232189156137142169209245262256227181129 85 56 46 6010116122427526 7 1J8 011312111526399999999999999 6201361756 4699999999999999
305309289251208169142133149185228258267251213161110 71 49 49 7512719225226 7 2J8 041311115126799999999999999 6531331831 4699999999999999
294311303272228185151131133159202243267266241196142 94 62 49 59 9815822526 7 3J8 110312122826999999999999999 72712919 6 4999999999999999
278309313292251205164135124136171217254270261229180127 85 60 56 7712619126 7 4J8 14031413 827099999999999999 8 21241941 5599999999999999
254298316307275228182145122119140182228260269255219170121 86 68 7210215626 7 5J8 211316135426999999999999999 8391172020 6799999999999999
220275308314294254205160127110115144189232261267250215169127 97 85 9512926 7 6J8 244315144626899999999999999 91810921 5 8599999999999999
18224028530730327623218414111210111114418923225926625222018114411911012126 7 7J8 32130815492669999999999999910 2101215811099999999999999
153199247282296286256212165125 98 9110513918422725726826023620317014613626 7 8J8 4 529617 5268999999999999991052 9123 613699999999999999
143168205243271280268239196150111 86 80 9412817322025627527625923119917426 7 9J8 4572801831278999999999999991149 79999999999999999999999
159158173200232257265255227186140100 74 67 8011316221525828629528425822526 710J8 558265195629599999999999999 0341571252 6699999999999999
195173163169191220246257248222180132 89 62 52 64 9915221226329831330527826 711J8 7 525721 831399999999999999 2 91631358 5299999999999999
242206178161162182213242255248221176125 80 50 39 51 8814621227030932631826 712J8 810255221032699999999999999 32915915 1 3999999999999999
288248208175155155177214245260252222174119 71 41 29 41 8214621727731833326 713J8 9 926023 533399999999999999 43115216 2 2999999999999999
322288243202167147150179221254268257223170112 65 35 23 37 8315322728632326 714J810 4268235333599999999999999 52414517 0 2399999999999999
335317277231189156139149186232265275261222165106 61 32 22 41 9516924129626 715J81056275999999999999999999999 6111391754 2299999999999999
327330304260213173143132151196243274281262218158102 59 33 28 5611619226026 716J8 036333114728199999999999999 6541321842 2799999999999999
307329320285237192154128126156206253280282259211152100 62 41 44 8114722126 717J8 114329123728499999999999999 7341231925 3899999999999999
280316325304261212168133114123162215258281280252203148102 70 56 6911618326 718J8 148326132728499999999999999 81311320 5 5699999999999999
248296319314282235185144114104124169220259278273244199151112 86 8110415326 719J8 220321141927999999999999999 8511042043 8099999999999999
21526930331229525620716112310010012717322025527226623920016112911111314026 720J8 251312151527399999999999999 930 97212510999999999999999
186236276297295270230183141109 9310113117421724926526124121017915314114626 721J8 3242991619266999999999999991012 93221414099999999999999
170206243270280271245207165128102 9210313217121024226126325022820218116926 722J8 4 22801737264999999999999991059 92232116899999999999999
171187211236253258248224191155122100 9310312916520423926227126624922620426 723J8 45025819 6271999999999999991154 92999999999999999999999
188183189203220234240232212183150119 98 9110012416020224127128528326824326 724J8 557240202328699999999999999 0581831258 9199999999999999
216194181179189205222230227209181148116 93 85 9311915820525028329929727826 725J8 713231212330199999999999999 23817914 1 8599999999999999
248215186169166177199220233230211180143109 85 77 8711616221526329731030326 726J8 81923322 931099999999999999 3431651457 7799999999999999
277239201171155156175204231243237213176134 96 73 68 8312117423227930831426 727J8 911243224731599999999999999 4251531546 6799999999999999
298263221181154144155185221248256243210165118 81 61 62 8613319425229431526 728J8 953256232031699999999999999 4591441630 5999999999999999
311283241197161140140164204243266266242200147100 67 53 62 9715522027430726 729J81030269235031699999999999999 53113717 9 5399999999999999
316299260215173144131144181228264279268234181126 83 56 50 7012018624929526 730J811 5279999999999999999999999 6 21311746 4999999999999999
316310279233188152130129156203251280285263217159106 69 51 56 9115322227926 731J8 018317114028699999999999999 6331261821 5099999999999999
312319297254204163133119132172226270290283250197138 92 63 54 7212219225926 8 1J8 043320121629199999999999999 7 51191853 5499999999999999
304322312275224175138116113140191245282293276235178124 86 66 6810016023126 8 2J8 1 8323125429399999999999999 7361111926 6499999999999999
289319321295246192146116101112152208259288291268222168121 91 80 9313519826 8 3J8 134324133629399999999999999 8 810120 1 8099999999999999
262306321307268214161121 96 9211516322026628928726121716913110810412416926 8 4J8 2 1321142529199999999999999 841 91204110399999999999999
227278307308284239185136101 84 8811916922326528528325922218315213413415526 8 5J8 233311152328799999999999999 918 82213113299999999999999
194240277293286257213163119 89 77 8711916721725727928126623820718116516326 8 6J8 31129416372829999999999999910 4 77223716299999999999999
177205237262271262235196153113 86 76 8511315620324527228427926123621119226 8 7J8 4 027118112849999999999999911 3 76999999999999999999999
183186200221240249245225193154116 88 74 7810013818623226929129628626323626 8 8J8 511250194929799999999999999 0171831218 7399999999999999
210191182185201221236239227200163123 90 70 67 8311816922327030131430628226 8 9J8 64424021 731499999999999999 2121811340 6699999999999999
248214186168167184211235246240215175129 89 62 53 6510215822127531232731826 810J8 8 824722 832799999999999999 3341661458 5399999999999999
288247206173152153177214246261256229182129 84 53 41 53 9415822828532233426 811J8 915262225633499999999999999 42914916 4 4199999999999999
318279233190156137145181227263279270236182124 77 46 34 5010017224329732826 812J81010279233733499999999999999 51413617 0 3499999999999999
332305259211169138126146194245281292278235175116 71 43 35 6012119726431026 813J81058292999999999999999999999 5541261748 3499999999999999
331321282231185147121120155211263294300276226163108 69 46 47 8515422928726 814J8 011331114230199999999999999 6311161828 4299999999999999
320326300252200157123107121169229277301299267212153105 72 57 7212319526126 815J8 041328122530499999999999999 7 610619 4 5799999999999999
306324312272218168129102 99128185243285302292254200147107 82 7910816723426 816J8 1 732413 830399999999999999 738 961938 7799999999999999
287315316288239185139105 88 9914119925328729728124219314911710111114920726 817J8 131319135329799999999999999 810 88201110199999999999999
262299311296257205155114 89 8410715521025628428827023419415913512914618626 818J8 156311144229099999999999999 841 83204812899999999999999
234273294291266224176133100 84 9012016721525427627926323520317615915917826 819J8 223296153728099999999999999 915 83213215799999999999999
210243267274263235197156121 97 8910213217321424726727226224322019818518426 820J8 254274164827299999999999999 954 89223318399999999999999
196216235247247235211181149121103 9911213817220723826027126925723921920426 821J8 3332481820272999999999999991044 99999999999999999999999
19719920621522222321720117815312911210711513516419723125927728127325523326 822J8 443224194928199999999999999 017197115310799999999999999
21119518718719420421221420518716313711710711012615419123126528729428526326 823J8 638214205529499999999999999 230186131610699999999999999
232203180168168180200218225219200171139112 97 9711414619123927830130428926 824J8 8 3225214130599999999999999 3301661429 9599999999999999
257219184159149157181212236245236210172131 99 82 8410514820225529331230726 825J8 859245221831399999999999999 4 51491527 8099999999999999
280239196161139138159197236261265247210161115 82 67 7410716122327630831726 826J8 942266225031799999999999999 4351361613 6799999999999999
299260213170139125137174223263283278248198142 96 67 58 7512218825129731926 827J81019284231832099999999999999 5 41251653 5899999999999999
313280232183145121119147199251287297280236177121 81 58 58 9115222328031426 828J81053297234332299999999999999 5351171730 5599999999999999
321297251199155123109122167227276303301271216155105 72 58 7212119226030526 829J81127306999999999999999999999 6 510818 4 5899999999999999
323311271216165127104102133191252295310297255195138 97 73 7010016123429126 830J8 0 732312 231099999999999999 6351001837 6899999999999999
320319289235178133103 90103150215273306311287238179130 98 84 9413720426926 831J8 029323124031299999999999999 7 4 901910 8399999999999999
310321302256197142104 82 8211116923528631030627522517313311010412517623926 9 1J8 052321132231299999999999999 733 79194510399999999999999
290314308274220161113 82 70 8212318524729030729926722217914713013215920626 9 2J8 118315141030899999999999999 8 4 70202512899999999999999
258292301283242188135 94 70 67 8813419324828530029226522919416915616118526 9 3J8 14930115 730099999999999999 840 65211615699999999999999
222258278277255216168123 89 71 72 9513819023827328928727024521819618318326 9 4J8 227280162329099999999999999 927 69222918299999999999999
197220241253250232202164127 97 81 80 9813217622025627928828226624322120326 9 5J8 31825418 5288999999999999991032 78999999999999999999999
193193202216227230223204176144114 93 85 9311615319724027429429828826523726 9 6J8 450230194629999999999999999 02919212 2 8599999999999999
210188177178190209224229221199167132102 83 81 9613017923127530431430427626 9 7J8 654229205931499999999999999 2251751340 8099999999999999
239202172153154174205233248245224186142103 76 65 7711417223328331632530926 9 8J8 822249215232599999999999999 32915115 1 6599999999999999
272227184149131138171216253272270243196142 97 66 53 6711317924529632532726 9 9J8 924274223433099999999999999 41513016 3 5399999999999999
299252202159126114135183237277294286249193135 89 59 49 7212920226530932826 910J8101329523 832899999999999999 4541141651 4899999999999999
316275222172132106107145205261297309290243181125 84 58 57 9416123328831926 911J81055309233532499999999999999 5291021732 5399999999999999
321292240186141108 92111164229282311313283227167118 83 66 8013120126530626 912J81134316235932099999999999999 6 1 9218 8 6599999999999999
320303258201150112 87 87124187251297316307267210156115 88 8411417424129126 913J81212317999999999999999999999 631 831840 8299999999999999
314309275220163118 88 75 9314421026830531429425019715111810211215421627126 914J8 020316125031599999999999999 659 75191010199999999999999
304309286239181130 93 72 7410816723027930630627923619015212812314519224626 915J8 041311133030999999999999999 726 69194212299999999999999
285301290254202149105 77 68 8512918824428430129426622819016014414917721926 916J8 1 5301141330299999999999999 753 68201814399999999999999
259282282260219171126 92 74 7710415120425028129228225822619617316417419926 917J8 13128515 129299999999999999 823 7221 016499999999999999
231255263254228190150116 91 83 9412516821224827228027325523120819018319126 918J8 2 026316 128099999999999999 857 83215718399999999999999
207225236237226204175145119102 9911213917420923926127227125924122120419526 919J8 234238172227399999999999999 942 98233219399999999999999
19420020721221320719417515313311811412214216819822825327027526825323221026 920J8 3392141855275999999999999991051114999999999999999999999
19318418118519220120520118917115013112012013315518522025327628527926123326 921J8 6 520520 628599999999999999 152181122711899999999999999
20417916415916718420522022221119016113311410811714117822226228829728625926 922J8 741223205729799999999999999 252159135410899999999999999
222185156140141161193225245248233201161124 99 9010113318223527930330528426 923J8 839249213530799999999999999 3261381458 9099999999999999
245199159131120134170215254274271245200150108 82 76 9414020025729731430326 924J8 92327622 731499999999999999 3581201547 7599999999999999
268218169131108109139191245283297284244188133 93 70 7110216222828231231526 925J810 1297223631799999999999999 4291051629 6799999999999999
288239183137105 92109157221275306310283231170118 83 67 8012719526030331826 926J8103831223 131899999999999999 5 0 9217 8 6799999999999999
303259200147108 85 85120183250298320311272213154110 83 7610316323328731426 927J81114321232431699999999999999 530 811745 7599999999999999
311277220159113 83 70 87139211275314324304256196145110 91 9613720326630426 928J81151325234731399999999999999 6 0 701820 8999999999999999
313291241178122 84 63 64 9816323629232132129224118714511710712417423728626 929J81231325999999999999999999999 629 60185710799999999999999
307298261202140 92 62 52 6611418525430132231428023218615213112915520525826 930J8 012308131432299999999999999 7 0 52193612799999999999999
291296274228168112 72 51 50 771322012623013163052722311931641491531802232610 1J8 04129814 431699999999999999 733 48202114899999999999999
262281275246200146 99 67 52 58 901442062592933052962702372061811691721942610 2J8 11628215 430599999999999999 814 51211816899999999999999
224249259250223184140102 75 64 721011482002462782932912742492231991851822610 3J8 2 1259162229499999999999999 9 6 64224118299999999999999
192210226233228211183151119 95 82 851051401842262612842912842652392131922610 4J8 3 72331759291999999999999991019 81999999999999999999999
179177185199211218214199175146119 99 921011251632072492802962952782502172610 5J8 5 9218192729899999999999999 0401761159 9299999999999999
186163152158177201222231225205174139110 92 891071441942442833053062852492610 6J8 7 9231203230899999999999999 2101521338 8899999999999999
207168138125136167206239257255233194150111 85 77 941371952512923133092792610 7J8 826259212131599999999999999 3 51251452 7799999999999999
234185142111103126172223263284280250201150107 78 70 931452092653033163002610 8J8 922286215831699999999999999 3471031548 6999999999999999
258205154113 88 92130190248288305293253197143101 75 741081692342833103092610 9J810 7306222931399999999999999 424 851633 7099999999999999
278224169121 87 73 94148216273308317293243185135 98 79 90137202261298309261010J81046317225330999999999999999 457 731711 7899999999999999
290243184131 92 67 69108175243294320316281226172129100 92119175237283303261011J81123322231530499999999999999 527 641746 9299999999999999
296259202144 99 68 57 78132203266307322306263210162127107115154212265295261012J81159322233629999999999999999 555 57181710699999999999999
297271221161110 73 54 59 97161230283314316290244196156129121142189241280261013J81235319235929399999999999999 620 52184812199999999999999
293279239183127 84 57 51 73124190251294313304273229187154135140170216257261014J81311313999999999999999999999 646 50192113499999999999999
280278251204150102 69 53 61 96152214265297306290257219183156146159192230261015J8 025283135030699999999999999 712 53195714699999999999999
259268254220174127 89 65 61 81123178231272294295277246213182162160176204261016J8 054268143229799999999999999 742 60203915899999999999999
232248247228194154116 87 73 78104146194238270286283266240211186171171184261017J8 127250152228799999999999999 816 72213216999999999999999
204221229224206178147118 97 89 97123160200236262276275262240215192178174261018J8 2 8229162627799999999999999 9 0 89224817499999999999999
181192203209208197178154131113106112132161195227253270273263244220195176261019J8 31821017442739999999999999910 4106999999999999999999999
167167174185197204202191173151131118117129153184218249270277269249220190261020J8 522204185827799999999999999 029166113411699999999999999
165149146155174196215222215196169142120112118139174215253278286275249212261021J8 7 1222195528699999999999999 14514613 511299999999999999
173143125125142174210238249242217181143114100104129172222265290294275237261022J8 8 7250204029599999999999999 2321231417 9999999999999999
190147115100109141189235267278264229181136104 89 96129183239281301294262261023J8 856278211630299999999999999 3111001513 8899999999999999
212159115 87 81103152213265295300276229174128 96 83 98143205260295303282261024J8 940301214730499999999999999 346 8016 1 8399999999999999
235176122 84 64 70109174242292316311276221165122 94 87113168232280302294261025J81021318221530399999999999999 419 631644 8699999999999999
257197136 88 58 49 70126201268311327312267210158121 98101138199257292298261026J811 1327224229999999999999999 452 481726 9699999999999999
274222156 99 60 39 42 80149226287323329304255201156125110123168228274294261027J81142330231029499999999999999 525 3718 710999999999999999
284245184120 70 40 29 45 96171246299326324293245197159132125147195247280261028J81226329234128799999999999999 559 29184812499999999999999
285262214152 93 52 29 28 55115190258304323315283238196163142141167212253261029J81313324999999999999999999999 635 25193313899999999999999
274269239189130 79 45 29 35 70131202262301316306275236199169152155180217261030J8 01827614 531699999999999999 716 28202315099999999999999
248260250219173122 79 50 39 49 86143205258293306298272237204176160162181261031J8 1 326015 530699999999999999 8 3 39212515899999999999999
209232241232207169128 91 66 56 66 981472012492822962922712412091811631592611 1J8 2 0241161529799999999999999 9 1 56224515999999999999999
171191210222220205179146114 90 77 821051441912362702892892732452131821582611 2J8 3242231732291999999999999991016 77999999999999999999999
147151167189208218216199173142115 96 921051361792242622852902762482111742611 3J8 519219184529099999999999999 0151461146 9299999999999999
144126126144174205228236227203169136110 971021281712192602862922762432002611 4J8 659236194629299999999999999 1301241315 9699999999999999
156121101103129170214246261255228189149116 97 981241712232652892912692272611 5J8 813262203529499999999999999 226 991427 9499999999999999
177130 94 77 87125179232270286277244198153116 95 981301822342732922842512611 6J8 9 9286211429299999999999999 311 761525 9399999999999999
200146100 69 59 83135199255292305288247196150115 971071472022512812882672611 7J8 956305214528999999999999999 349 591611 9699999999999999
221165112 72 49 53 921562242783103132862391881451141031241722262662842752611 8J81036315221228499999999999999 423 47165210399999999999999
240185128 81 50 39 601131842502973183102742251771391151171492002472752782611 9J81114319223628099999999999999 453 39172711299999999999999
253205147 95 57 36 41 78142212271308317297256208166134121136176225261275261110J8114931823 227599999999999999 521 3518 012199999999999999
263225170114 69 41 34 55105173238287311308280237192155132131157200242266261111J81224314232927099999999999999 548 33183312899999999999999
266240193138 88 53 36 42 77136201259296308295261219178147134144176217250261112J81258308999999999999999999999 615 3519 613399999999999999
262250214165113 71 45 40 60105165226273299300279243203167143139157191226261113J8 0 0262133330399999999999999 644 39194213899999999999999
248250229190142 97 63 47 52 83133191244281297289263227190159143146167198261114J8 034252141029799999999999999 716 46202214199999999999999
226240234209170127 89 64 57 71106157210255283290278250215182156145151171261115J8 113240145129099999999999999 752 5621 914499999999999999
198219227219195160123 92 73 72 90126173220258279282268241208177154145150261116J8 2 0227154028399999999999999 835 7022 814599999999999999
168190208215209190162130104 89 88106138180222255274276262236204174150139261117J8 3 3215163827799999999999999 931 86231813999999999999999
142157178197209209197174147122105102114142179218250270274260233200166140261118J8 4322111741274999999999999991044101999999999999999999999
126126141165192213221215196169140118109116138173213248270274259229190151261119J8 6 6221184227599999999999999 02812412 610999999999999999
121104106125158196227243241222190155126111112132169213251274275256218171261120J8 723245193427799999999999999 127103132610999999999999999
127 95 79 85114161210250270268244205163129109108129171220259278273245197261121J8 825272201927999999999999999 215 79143510699999999999999
143 97 66 56 70113173232275295289258212166129108107133181232268279265224261122J8 917296205728099999999999999 258 56153310499999999999999
167109 66 40 37 64121191254297314301263212165130109113146198246274275248261123J810 5314213327899999999999999 338 35162410799999999999999
196133 77 39 21 28 67136212274313323303260209164131114124163216258275264261124J8105132422 827599999999999999 417 20171111399999999999999
226166102 51 20  9 26 78153229287320324298253204163133121138182231264270261125J81138326224427199999999999999 457  9175812199999999999999
249203139 78 34  9  6 33 92170242295322319289244199162136130152196240264261126J81225324232526699999999999999 539  4184412999999999999999
262233182120 65 26  7 10 44108184251298318311280236194159137136162204241261127J81314319999999999999999999999 623  5193313399999999999999
258251219168111 61 27 12 20 59123195257297313302270228188155136139165203261128J8 01225914 531399999999999999 711 11202413499999999999999
235248239209162111 66 36 25 36 76138204259294305292260220181150133137161261129J8 1 6249145730599999999999999 8 3 25212113299999999999999
196224237230205164119 80 53 44 56 94150209258288296282251212174144127129261130J8 2 9237155129799999999999999 859 44222312599999999999999
151182210225224206174136102 77 67 771101592102532802872722422041661341162612 1J8 32722716482879999999999999910 2 67232911499999999999999
116135165196217225216192160128103 91 961221632082472722772632331951551212612 2J8 4582251747278999999999999991113 90999999999999999999999
101 991171491862162332322161871551281111101281632042412652702552231821392612 3J8 629235184527099999999999999 035 97123310899999999999999
104 82 801001391832232472542412121781461241171301622022382602632452101642612 4J8 749254193926499999999999999 136 78135211799999999999999
119 82 62 63 901371912372672762622301911561301201321642052392582562321902612 5J8 853276202526099999999999999 227 59145912099999999999999
140 95 60 44 53 901472072562872932742371951561291201361722132442562462132612 6J8 94429421 425699999999999999 311 43155312099999999999999
165113 70 41 33 531021662282763023012742321881501251221451852242482522312612 7J81027305213825399999999999999 349 33163712099999999999999
189137 87 49 28 31 641221892502913082972642191751411221291602012362512432612 8J811 6308221025299999999999999 424 26171612299999999999999
212163109 64 33 23 39 841482142683003062852452001601311231411782182452502612 9J81142307224125199999999999999 456 23175012399999999999999
230189136 85 46 25 27 56110176238282302295266223180145125128156196232249261210J81215303231425099999999999999 526 23182212399999999999999
243212165111 65 34 24 38 79139204258291298280244200160132123137171212241261211J81247298234824999999999999999 557 24185412399999999999999
248231193142 91 51 29 30 56107170230274294289262221179144124124148186223261212J81318296999999999999999999999 629 27192812199999999999999
244242216172121 75 43 31 42 79136199253285294278243200160131119128158197261213J8 025246134929499999999999999 7 2 3120 511999999999999999
228241231200155106 66 42 39 61106166225269291288263224181145122117133166261214J8 1 4241142329399999999999999 738 38204511699999999999999
202228235220187143 99 66 50 55 83132191243278290278248206165133115115135261215J8 14923515 029099999999999999 817 49213011299999999999999
168202223227212181140102 75 65 74106154207252278283266232191152122107110261216J8 242228154228499999999999999 9 3 65222110699999999999999
132164196218223211184150117 93 85 95124167214252272272253218177139110 96261217J8 348224163027599999999999999 959 852317 9599999999999999
100122155190215226220199169139116106112135172212246263262241206164124 94261218J8 5 822617252659999999999999911 8105999999999999999999999
 81 85108145185218237238222195164138123123139169206238255253231193148105261219J8 634239182325799999999999999 016 80123112199999999999999
 75 61 66 93137186228254261248220186155134127137164201234250247222180129261220J8 751261191925299999999999999 114 60135712799999999999999
 84 52 39 48 80133192242274284271240201165138126133162201234249242212164261221J8 857284201225099999999999999 2 8 39151012699999999999999
109 62 31 20 33 73135201257291302286250207168138124132164205238250238202261222J8 95430221 125099999999999999 3 0 20161112399999999999999
147 89 42 13  5 23 72141213269304311292252207166136122134170214244252233261223J81046312214825299999999999999 351  417 412299999999999999
190131 72 26  0 -4 20 76151224279310314289246200160131121139180223250252261224J81137316223525499999999999999 441 -5175412199999999999999
228180118 59 17 -6 -7 23 85163234286313310280235190152126121145189232254261225J81225315232325699999999999999 532-10184111999999999999999
251222171108 52 13 -7 -3 33100178246292312302266220176140118119150197236261226J81310312999999999999999999999 623 -9192811599999999999999
255248216163103 51 16 -1  9 51121197258296307289249202160126109117153200261227J8 015256135330899999999999999 712 -1201310899999999999999
237252244210158102 55 25 13 29 77146216268297299273230183142112 99114153261228J8 1 9253143330299999999999999 759 132059 9999999999999999
199233246237205157107 67 41 35 57106171231274292285254209164125 98 91111261229J8 2 7247151329399999999999999 846 342146 9199999999999999
150192224238231203163121 87 66 64 88135191239271281267233190147110 87 84261230J8 310239155428199999999999999 934 622237 8399999999999999
103142183215232229209176142113 96 97119158203241263265247213171129 95 75261231J8 4222331636267999999999999991028 942330 7299999999999999
