 31 15 14 29 55 88121147160156139116 95 83 82 93114138163180183168135 9326 1 1KA 817161194118399999999999999 132 131331 8199999999999999
 50 16 -2 -1 17 48 88128158172166145116 90 76 76 9011514417219119317413526 1 2KA 912173203619499999999999999 228 -41428 7499999999999999
 86 38  2-15-11 12 50 95138170181170142108 79 66 70 8911915218220119917526 1 3KA 959181212720399999999999999 318-161516 6599999999999999
131 77 27 -8-22-12 16 59107151179184166131 94 67 58 67 9112415919020519926 1 4KA1042185221520699999999999999 4 5-221559 5899999999999999
169121 66 17-13-20 -4 29 74122162183179154116 80 57 54 69 9613016519220326 1 5KA112218523 020399999999999999 447-201640 5399999999999999
191157107 54 12-10 -9 12 49 93137169180168137 99 68 52 55 7410213516618826 1 6KA1158180234319399999999999999 527-121719 5199999999999999
192175139 91 45 13  2 11 36 72113148169170151119 85 61 53 61 8110813716226 1 7KA1233172999999999999999999999 6 2  21757 5399999999999999
176174154119 78 43 22 21 36 62 95128153163156134104 76 60 58 69 8811013326 1 8KA 02417713 516499999999999999 635 191837 5799999999999999
151159153132102 71 47 38 44 62 87114138153154141119 94 73 63 65 75 9110826 1 9KA 1 5159133515599999999999999 7 6 381921 6299999999999999
125136139132115 93 71 58 57 67 85106126141148143129110 89 74 68 70 77 8926 110KA 14814014 614899999999999999 736 562015 6899999999999999
101113120122117105 91 79 73 76 86101117131140142136123106 90 78 71 71 7526 111KA 245122144314299999999999999 8 9 732135 7099999999999999
 82 91100107111110104 97 90 88 90 98109121131137138133122108 92 80 71 6726 112KA 419111153813999999999999999 858 882326 6699999999999999
 67 71 79 89 99107111111107101 98 98102109119129136139135125111 94 78 6626 113KA 6241121655139999999999999991032 97999999999999999999999
 58 56 60 70 84 98111120121117109102 98 99106117129139144141131113 92 7226 114KA 745122181014499999999999999 048 561219 9799999999999999
 56 46 44 51 65 85105122132132124111 98 91 92101116133146153149135112 8626 115KA 83113319 915399999999999999 141 431324 9099999999999999
 61 42 32 34 46 67 92117136144139124105 89 81 8510012014115716315513510626 116KA 9 6144195716399999999999999 222 311410 8199999999999999
 74 46 27 20 28 47 75106133150152139117 93 76 71 8110312915316917215813026 117KA 937153204017399999999999999 258 201448 7199999999999999
 94 58 29 13 13 28 55 89123149160154132103 77 63 65 8311114116718117715526 118KA10 7160211918299999999999999 330 111522 6299999999999999
119 77 39 13  4 12 36 70108142163165148118 85 61 54 64 8912215517918817626 119KA1036166215618899999999999999 4 0  41555 5499999999999999
145102 57 21  2  2 20 51 90129158170161134 99 67 49 50 69 9913516718818926 120KA11 4170223319199999999999999 429 -11627 4799999999999999
168130 82 38  8 -1  9 35 72112148169170150116 80 52 42 51 7611014617519026 121KA1133172231119099999999999999 458 -117 0 4299999999999999
182154110 63 25  4  5 25 57 95133161172162134 97 63 42 41 57 8511915317726 122KA12 2172235018499999999999999 527  21735 3999999999999999
184169136 92 50 20 11 21 47 81117148167167149117 81 52 39 43 63 9112315226 123KA1231169999999999999999999999 557 111814 3899999999999999
170171152119 79 45 26 27 44 71103134156165157134103 70 48 40 48 67 9312126 124KA 03217313 216599999999999999 628 241858 4099999999999999
144157154135106 74 50 41 49 68 94120143157158146123 94 67 48 43 51 67 8926 125KA 119158133615999999999999999 7 2 411952 4399999999999999
112130140137123101 79 64 62 71 89110129144152150138118 93 69 53 47 51 6226 126KA 217140141915399999999999999 741 6121 4 4799999999999999
 79 97113123124118105 91 83 82 90102117130140146145137120 98 75 57 47 4526 127KA 342125152414799999999999999 832 812244 4599999999999999
 51 63 79 96110119121116108100 97 99106114124135143147143129108 83 60 4326 128KA 54412117 21479999999999999910 5 97999999999999999999999
 34 35 45 62 83105123132132124113104 99 99105116130145154155143120 89 5826 129KA 728133183415699999999999999 025 331225 9899999999999999
 33 19 17 28 50 78109134147147135117 99 88 86 94109130152167171157128 9026 130KA 828149194317199999999999999 138 161342 8599999999999999
 51 19  2  2 17 46 83121150164158138110 86 71 71 8410713516418318616813126 131KA 912164203918799999999999999 231  01432 6999999999999999
 84 38  4-12 -7 16 53 97139168175161130 95 67 54 59 7910914517719719517026 2 1KA 950176212719999999999999999 316-121513 5499999999999999
125 71 23 -9-19 -6 25 69117158181179153114 75 48 41 53 8011715618820419526 2 2KA1025183221020499999999999999 355-191551 4099999999999999
162110 55 10-15-15  7 45 93140174186172137 92 54 34 35 55 8712716619420226 2 3KA1057186225020299999999999999 430-181626 3299999999999999
184144 91 39  3-10  1 30 72119159182181155114 71 39 28 38 63 9813617019126 2 4KA1126185232619399999999999999 5 2-1017 0 2899999999999999
189164121 71 29  6  6 26 60102142171180165132 91 54 32 31 47 7510914216826 2 5KA1153180999999999999999999999 530  31733 2999999999999999
178168139 98 57 28 19 30 56 91127157172167144109 72 45 34 41 60 8711614226 2 6KA 0 1178121617299999999999999 556 1918 6 3499999999999999
157158143114 81 52 38 41 59 87117145162163149122 90 62 44 42 53 72 9511726 2 7KA 033160123716599999999999999 619 371839 4199999999999999
134141136120 96 73 57 55 66 86111134151157149131106 80 60 51 53 64 80 9726 2 8KA 1 5141125615799999999999999 641 541916 5099999999999999
111121122116104 88 76 70 75 88106125140148146136118 97 78 65 60 63 71 8126 2 9KA 142123132014899999999999999 7 2 7020 6 6099999999999999
 91100105106103 97 91 86 87 93104116128136139136126113 98 84 74 69 68 7026 210KA 244106135713999999999999999 724 862139 6899999999999999
 75 81 87 92 97100101101101102105110116122128131130124116104 92 81 72 6626 211KA15151319999999999999999999999999999999999999999999999999
 63 64 68 75 85 96105112114113110107106107112119126130130125114100 84 6926 212KA 8 9115172913199999999999999 024 6312 110699999999999999
 58 51 50 57 69 86103118127127120110100 94 95103116129138141136122102 8026 213KA 832128185414199999999999999 134 491321 9499999999999999
 59 43 36 38 51 71 95119135140134119100 86 80 85 99119138152155146126 9826 214KA 856140194815599999999999999 214 3514 3 8099999999999999
 68 42 26 23 33 54 82113138151148132107 83 68 66 7910112815316816815112126 215KA 920152203117099999999999999 245 221437 6599999999999999
 85 49 23 12 16 35 66101135157162148120 88 62 51 58 7911014417018317614926 216KA 94516321 918399999999999999 313 1115 8 5199999999999999
109 65 28  6  3 18 48 86126158172165138100 64 42 39 55 8612416118719317626 217KA1010173214619399999999999999 340  21539 3899999999999999
138 90 43 10 -3  5 31 69112152176178157118 75 41 26 33 59 9713917619719526 218KA1035181222419999999999999999 4 6 -31610 2699999999999999
167121 69 25  0 -1 18 52 96139173186174140 94 51 23 18 34 6711015318619926 219KA11 218623 119999999999999999 434 -31644 1799999999999999
187151100 51 15  2 13 41 80124162184184159117 70 32 13 18 41 7812116118726 220KA1129187234019299999999999999 5 2  21718 1299999999999999
191170130 82 41 17 16 36 69109147175184172139 95 52 22 13 24 51 8712615926 221KA1156184999999999999999999999 531 141756 1399999999999999
177174150112 71 41 31 40 65 98132161176174154119 79 43 22 20 34 60 9212426 222KA 021178122417899999999999999 6 0 311838 1899999999999999
149159152130 99 70 53 53 68 92120145163168159137106 72 45 30 31 44 65 9026 223KA 1 6159125316899999999999999 631 511927 2999999999999999
113131137131116 96 79 72 77 93112131147155155145126102 76 55 43 42 49 6326 224KA 2 2137132815699999999999999 7 3 722037 4199999999999999
 80 96110117117111102 94 93 98108120130138142142137126108 88 69 56 49 4826 225KA 332118143014399999999999999 743 922234 4899999999999999
 54 64 77 92104113117115112110109111115119124130136138134123104 83 63 4826 226KA 6 9117165713899999999999999 934109999999999999999999999
 39 39 47 62 82103120130132127118108102 99102111124138148150140119 91 6226 227KA 741132184115199999999999999 032 381257 9999999999999999
 39 25 23 34 54 82112136148146133114 95 83 80 86102124147164168156127 9026 228KA 823149194516999999999999999 139 231349 7999999999999999
 53 25 10 12 29 58 95130156164153129 99 74 60 61 7510113216218218316412626 3 1KA 856164203518599999999999999 224  91427 5999999999999999
 81 38 10  0  9 35 73116153174173150114 77 50 41 49 7210614417819519016126 3 2KA 926176211819699999999999999 3 0  015 1 4199999999999999
115 64 23 -1 -2 18 53 97142174185170135 91 52 30 28 46 7811815919020118626 3 3KA 956185215720199999999999999 332 -41534 2799999999999999
148 97 46 11 -2  8 37 79126165188184156112 66 31 18 26 52 8913217119519626 3 4KA1023189223319999999999999999 4 2 -216 6 1899999999999999
172127 76 32  9  9 30 66110152182189172133 86 43 18 16 33 6510414517719026 3 5KA104819023 619099999999999999 430  61637 1499999999999999
181149104 58 27 17 29 59 98139171186178149106 61 28 15 23 47 8111915217426 3 6KA1110186233717899999999999999 455 1717 6 1599999999999999
176158123 83 49 32 36 57 90127160178178158123 81 45 24 22 37 64 9612815226 3 7KA1130181999999999999999999999 518 311735 2099999999999999
162155133101 70 50 46 60 87119148169174161134 99 64 38 29 35 54 7910613026 3 8KA 0 6162114817499999999999999 541 4518 5 2999999999999999
143145133112 87 68 60 67 86112138158166160141114 83 57 42 41 51 68 8910926 3 9KA 03514612 616699999999999999 6 1 601837 4099999999999999
123129125114 99 84 75 77 88107127145155155144124101 78 61 53 55 64 77 9126 310KA 1 7129122815699999999999999 621 751917 5399999999999999
103110112110103 96 90 89 95105119131141144140130115 98 82 71 66 67 71 7826 311KA 153112125914499999999999999 638 882020 6699999999999999
 85 91 96 99101102102102104108113119125130131129124115104 92 83 76 72 7026 312KA13581319999999999999999999992320 70999999999999999999999
 70 73 78 85 94103110114116115113111110112116121125126123115104 92 79 6926 313KA 8 71161647126999999999999991145110999999999999999999999
 61 58 60 69 82 98113124129126118108 99 95 98107118129137136128113 94 7426 314KA 8 7129183013899999999999999 1 4 5813 5 9599999999999999
 57 47 44 51 67 88111131141140128111 93 81 78 87103124142153152139115 8726 315KA 824142192715499999999999999 144 441342 7899999999999999
 60 41 32 35 50 75105132151155143120 93 71 60 64 8210813616017116514310926 316KA 845155201017199999999999999 214 311413 6099999999999999
 73 42 24 21 34 59 93129157169161136101 68 46 42 55 8311915417918617213926 317KA 9 8169205018799999999999999 240 201443 4199999999999999
 96 54 24 12 19 43 78119156178179157118 75 40 24 29 54 9113417319619617126 318KA 932182212919999999999999999 3 7 121515 2399999999999999
127 78 36 12 10 28 62104148180192178142 93 46 16  8 24 5810315118920619626 319KA 95819222 920699999999999999 335  81548  899999999999999
161111 60 24 10 19 47 88133173196195166119 66 22 -1  2 27 6711716419720526 320KA1026199224920699999999999999 4 5 101623 -299999999999999
186145 94 48 22 20 39 74117159190200185146 94 43  7 -6  5 36 7912716919426 321KA1054201233019799999999999999 435 1817 1 -699999999999999
194169126 80 45 31 40 66103142176195192167124 74 30  3 -1 16 48 8913116526 322KA1124197999999999999999999999 5 6 311740 -299999999999999
180174148111 75 53 50 66 94127158180187176147106 63 28 11 12 30 59 9312726 323KA 013181115318799999999999999 537 491824  999999999999999
151159151130102 78 68 74 92116141162173172157130 97 63 38 26 29 43 65 9026 324KA 1 1159122517499999999999999 6 8 681917 2699999999999999
114131137132118102 90 87 96110127143153158154143123 98 73 54 44 44 51 6426 325KA 2 213713 515899999999999999 642 872033 4399999999999999
 81 98111120121117110105105110118126133138141141137126109 90 72 59 52 5226 326KA 344121143414299999999999999 7281042234 5199999999999999
 57 68 82 98112121124123119115113112113115121128136140137125107 86 66 5226 327KA 6 612417 71409999999999999911 9112999999999999999999999
 45 47 57 73 95115131138136127115103 95 93 97107123140151153141119 91 6526 328KA 715138183615499999999999999 019 451255 9399999999999999
 45 36 38 52 75103129148153144126104 84 73 72 82101126150166167152123 8826 329KA 752153193516999999999999999 118 351335 7199999999999999
 56 34 27 35 56 87121150165163144114 83 61 51 57 7510313616518117715411726 330KA 822166202118299999999999999 158 2714 8 5199999999999999
 76 43 25 25 41 71108144170178164132 93 59 38 35 49 7611215017919017914726 331KA 85117821 119099999999999999 231 231440 3499999999999999
104 61 32 22 31 57 94134168185180153112 68 36 22 28 51 8612616418819217126 4 1KA 918186213819399999999999999 3 0 221511 2299999999999999
132 87 48 27 28 47 81121159185190172133 86 44 19 15 30 6110014217519118426 4 2KA 943191221319299999999999999 328 251542 1499999999999999
156113 70 40 31 43 71109148179192183152107 61 26 11 17 41 7611715418018526 4 3KA10 7193224518699999999999999 355 311611 1199999999999999
169135 94 59 41 44 65 99136169189188166127 81 41 17 13 28 57 9413216117626 4 4KA1028191231617799999999999999 421 391640 1299999999999999
172149114 79 55 50 64 91125158181187173142101 60 30 17 24 45 7511014016026 4 5KA1048187234616599999999999999 446 5017 9 1799999999999999
165153128 98 72 61 66 86116146170181175153119 81 49 29 27 39 62 9111914126 4 6KA11 9181999999999999999999999 511 601739 2699999999999999
151149134111 89 74 73 86108134157171172158132101 70 47 37 41 56 7710012126 4 7KA 017152113217399999999999999 535 721812 3799999999999999
134137131118102 89 83 89104123143157163157140117 91 69 54 50 56 69 8610226 4 8KA 052137115816399999999999999 559 831851 5099999999999999
115122123119110101 96 96104116129141149149142128110 91 75 66 64 68 76 8626 4 9KA 141123123315099999999999999 625 951948 6399999999999999
 96104110113113111108107108113119126132136136132124112 98 86 77 72 72 7526 410KA 335114133713699999999999999 7 31072137 7299999999999999
 80 87 95103111117120119117115112112114118123128131128121109 96 84 74 6826 411KA 62112016 31319999999999999910441122346 6799999999999999
 67 71 79 91105119129133130122111102 97 98105116128137140134120102 84 6826 412KA 7 21331747140999999999999991221 96999999999999999999999
 59 57 63 77 96117135145145134116 97 83 77 82 96116136151155147128102 7626 413KA 728146185115599999999999999 044 5713 3 7799999999999999
 57 47 49 61 83110136155161152129101 75 59 57 69 93122150169172158130 9626 414KA 753161194117399999999999999 121 461337 5699999999999999
 64 44 38 47 68 98132160175172150114 76 47 35 40 63 9613416818718516312626 415KA 819176202618999999999999999 154 381411 3499999999999999
 85 51 34 35 53 83121158183190174138 91 48 21 15 30 6210514918520119216126 416KA 848191211020199999999999999 226 321447 1499999999999999
117 73 41 31 41 67105146182201196166118 65 22  0  2 26 6611616319720819126 417KA 918202215320899999999999999 3 0 311524 -299999999999999
153105 63 38 36 55 88130171200209191150 95 42  3-11 -1 30 7512617220120526 418KA 951209223720799999999999999 335 3416 4-1199999999999999
182141 94 58 43 50 75112152188208206178131 75 26 -5-12  4 39 8513417419626 419KA1024210232319899999999999999 410 431646-1299999999999999
193167127 87 61 56 70 98133168195205194161113 62 21 -2 -3 16 50 9213516726 420KA1059205999999999999999999999 446 551732 -599999999999999
182175150116 86 71 73 91117147174191193177145102 59 26 11 13 31 60 9612926 421KA 011182113619499999999999999 522 691821  999999999999999
154163156136111 92 84 91108130152169178176161134 99 65 40 29 31 45 67 9426 422KA 1 4163121917999999999999999 6 0 841919 2899999999999999
119138146142129113101 99105117132145156162160150130104 78 58 47 46 54 6926 423KA 210146132016299999999999999 645 982035 4599999999999999
 88108124134135129119112109111116123131139146149146134115 93 74 61 55 5826 424KA 33713615 414999999999999999 8 21092211 5599999999999999
 67 82100118131137135128119112107105107113123135145148142127106 85 68 5826 425KA 51313716531489999999999999910571052337 5799999999999999
 57 65 80100121138146144134120105 94 88 89 97113131147156152137113 89 6826 426KA 6201461813156999999999999991221 87999999999999999999999
 57 56 65 84108132151158152135112 90 75 69 73 87109134155165161142114 8526 427KA 7 3158191216699999999999999 035 5513 6 6899999999999999
 64 54 57 71 95124149166168154128 97 71 55 52 63 8411314316517416514110826 428KA 73716920 017499999999999999 116 531341 5299999999999999
 78 58 53 62 84113144168179171147112 76 50 38 42 60 8912315417517916313326 429KA 8 7179204118099999999999999 150 531414 3899999999999999
 98 69 54 57 74102134164183184166132 91 55 32 28 40 6510013616618217915626 430KA 835186211918399999999999999 222 531446 2799999999999999
121 86 62 55 66 91123156181191181152111 69 36 21 25 45 7711415017618417226 5 1KA 9 1191215518499999999999999 252 551517 2199999999999999
143107 76 60 62 81111145175192191169132 88 49 24 18 30 57 9213016218017926 5 2KA 926194222818299999999999999 322 591549 1899999999999999
160128 95 71 64 75100133165187194181151110 68 35 20 23 42 7310914316817726 5 3KA 95119423 117799999999999999 352 631620 1999999999999999
168144113 85 70 73 91120152178191187165130 89 53 29 23 34 57 8912215016726 5 4KA1017192233416999999999999999 422 691651 2399999999999999
168153128101 82 76 86109138165183186174147111 74 46 31 33 48 7310313115126 5 5KA1044187999999999999999999999 451 761724 3099999999999999
159155138116 95 84 87101124149170179175158130 97 67 46 40 46 63 8711113226 5 6KA 0 8159111318099999999999999 520 8318 0 4099999999999999
145149141126109 96 92 99114134154167170162143117 90 67 53 51 59 75 9511426 5 7KA 047149114817099999999999999 551 921840 5099999999999999
129137138132120109101101109122137150158158149133112 89 71 62 62 69 82 9726 5 8KA 137139123215999999999999999 6301001931 6199999999999999
111123131132129121113108108113121131140146148142130112 94 79 70 69 74 8426 5 9KA 249133134114899999999999999 7311082040 6999999999999999
 96108120129134133127119113109109113120129137142141133119101 86 76 72 7426 510KA 419134152214399999999999999 92910822 5 7299999999999999
 82 94108122135142141134123110100 96 98106119133144147142128109 91 77 7026 511KA 5271421655147999999999999991112 962319 6999999999999999
 71 80 94113132147155152139119 99 84 77 80 93112134151159154138115 91 7426 512KA 61315518 8159999999999999991210 77999999999999999999999
 66 68 80100124148164169160137108 80 61 55 63 83111140163173167147118 8926 513KA 65116919 917399999999999999 015 651255 5599999999999999
 69 61 68 86112141167182181162129 90 56 36 34 49 7711415017718717815211726 514KA 72718420 218799999999999999 1 1 611337 3399999999999999
 85 64 60 72 96128161187198188158114 68 32 15 18 40 7612016119019818515326 515KA 8 3198205319999999999999999 145 591420 1399999999999999
114 80 62 63 80110146180204208189149 97 48 12 -1  8 37 7912717119920418526 516KA 842209214220599999999999999 227 6015 5 -199999999999999
149108 77 63 70 93126164196214211183136 81 32  0 -8  6 39 8513417720120226 517KA 922216223120599999999999999 310 631551 -999999999999999
179141103 76 68 80107142177205217207173124 69 23 -3 -7 11 46 9113917719726 518KA10 3217232019899999999999999 352 681639 -899999999999999
193168132 98 78 77 93120153184207212197162114 63 23  2  2 22 56 9814017326 519KA1048213999999999999999999999 434 751729  099999999999999
187180156124 97 84 87105130159184200202185152108 64 31 15 17 36 6610313826 520KA 011187113520399999999999999 517 831821 1399999999999999
164174167145120 99 91 97113134156176188188173144106 70 43 31 34 50 7610626 521KA 1 3174122918999999999999999 6 3 911917 3099999999999999
135155163156139118104 99104115131148163173174162139109 80 58 48 51 63 8426 522KA 2 0163133517599999999999999 658 992018 4899999999999999
108131148155150136121108103105111122134148158162155138115 90 72 63 64 7426 523KA 3 3155145316299999999999999 8141032124 6299999999999999
 90110131146153149138124110102 99101109120134148155153140121100 83 74 7426 524KA 4 915316181559999999999999910 3 992232 7399999999999999
 82 96115135150156153141125108 95 88 88 95108125142153154144127107 90 8026 525KA 5101561737155999999999999991131 872332 7999999999999999
 80 88104123143158163158142121100 83 74 75 84101122142155158149130109 9226 526KA 6 11631843158999999999999991228 73999999999999999999999
 83 84 95113135155168171160139112 87 68 61 64 78 9912414716116315113010826 527KA 642171193716499999999999999 022 821311 6099999999999999
 90 84 88103125148168178175158130 98 71 54 50 58 7810413215616916715112726 528KA 717179202317099999999999999 1 5 841349 4999999999999999
103 87 84 94114139163181186175150116 82 55 42 43 58 8311314316617516814726 529KA 75018621 417599999999999999 144 841424 4199999999999999
120 97 84 87102127154177190188169137100 65 42 34 42 63 9312615617517816526 530KA 822191214117999999999999999 221 831459 3499999999999999
139111 90 83 92113141169189195185158121 82 51 33 32 47 7410714016618017626 531KA 854195221718099999999999999 257 831533 3199999999999999
157129102 86 85100126156181196194176144104 67 41 30 36 57 8712115217317926 6 1KA 925197225217999999999999999 332 8316 7 3099999999999999
168145117 94 85 91112140169190197188163127 88 55 36 33 45 7010113416017426 6 2KA 958197232617699999999999999 4 5 841641 3299999999999999
173157132107 90 88101125153178192193177148112 76 49 36 40 57 8411414316326 6 3KA1032195999999999999999999999 438 871716 3699999999999999
171164145121100 91 95112136161181190184164134 98 67 47 42 51 71 9712514826 6 4KA 0 117111 819099999999999999 512 901751 4299999999999999
162164153134113 98 95103121143164179182173151121 90 64 51 51 64 8410813126 6 5KA 038165114818399999999999999 547 951828 4999999999999999
150159157145127110100100110126145161172173162141113 86 66 58 62 76 9511626 6 6KA 120159123517499999999999999 629 9919 9 5899999999999999
136150156152140125110102103112125140155164164154135111 87 72 66 72 8510326 6 7KA 2 7156133416599999999999999 7241021957 6699999999999999
122139151156152140125111102101107118132146156158151135113 93 79 75 80 9226 6 8KA 3 2156144615999999999999999 8391002055 7599999999999999
109127143155160155142125108 96 92 95106121137151157153140120100 86 81 8626 6 9KA 4 016016 81579999999999999910 3 9222 0 8199999999999999
 98114133150163168162146124101 84 77 79 91110131150161161149130109 93 8626 610KA 4561681728162999999999999991114 7623 8 8699999999999999
 90102120141161175178169147119 90 68 58 61 76100128153168171160139115 9726 611KA 5481781841172999999999999991214 58999999999999999999999
 89 92106126150173188189175147110 75 49 39 44 64 9312715817818317114712026 612KA 637191194618399999999999999 012 8813 9 3999999999999999
 98 89 93110134162186201200180144100 59 32 21 30 54 9013016518919317915126 613KA 726203204419499999999999999 110 8914 2 2199999999999999
120 97 88 95114142173199213208182139 90 46 17  8 20 49 9013417319720018226 614KA 815213213820299999999999999 2 4 881454  899999999999999
150117 94 87 96120151184210221212181133 81 35  7  2 17 50 9414118020220226 615KA 9 5221222820599999999999999 254 861546  199999999999999
180145111 90 86 99126159192217225212177127 73 29  4  2 21 5610114818520326 616KA 955225231620499999999999999 342 851636  099999999999999
198172136104 86 87104131164196218223207170120 68 28  8 10 31 6711115518726 617KA1046224999999999999999999999 428 841725  699999999999999
199189161127 98 85 90108136166195213215197160113 67 33 19 25 47 8212216026 618KA 0 2199113721799999999999999 514 851812 1999999999999999
185191177149118 95 87 94112137164188203202184149108 69 43 35 44 67 9813326 619KA 047191122920599999999999999 6 0 871857 3599999999999999
163180181165139113 95 91 98114135157177188186169140105 75 58 55 66 8611326 620KA 131183132318999999999999999 650 911941 5499999999999999
141164175171155133111 97 94100112128147163172171157133107 85 74 75 8610426 621KA 216175142217399999999999999 749 942026 7399999999999999
126148164170165150130111 99 95 98107120135149158158148131112 97 90 9210226 622KA 3 2170153215999999999999999 9 3 952116 8999999999999999
117135152164168162148129112 99 93 93 9911012413814815114613411910710210426 623KA 3521681652151999999999999991029 92221310299999999999999
113126142157166169162148129110 95 86 84 9010111613214515114813912611510926 624KA 4461691814151999999999999991145 84231810999999999999999
111119132148162171172164148126104 87 77 75 82 9511313214815615414513111826 625KA 5391731921156999999999999991243 75999999999999999999999
111113122137154169178177166146120 96 77 66 67 76 9411613815616416114813126 626KA 628179201316499999999999999 0211111330 6599999999999999
116109112124142162177185182166141111 84 65 57 60 75 9812414916617216514726 627KA 713185205617299999999999999 1141091411 5699999999999999
127111105111127150171187192184163132 99 71 54 49 58 7910613616117617716426 628KA 754192213317999999999999999 2 01051449 4999999999999999
142119103101112134159182196197183155120 86 59 45 46 61 8711914917318317726 629KA 83419822 818499999999999999 2411001525 4399999999999999
158131108 96 99117143170192203198177144106 71 48 40 48 6910013316318218526 630KA 912203224118699999999999999 318 951559 4099999999999999
172147119 98 92102125154181201206195167129 90 58 41 40 55 8211514817418726 7 1KA 950206231318799999999999999 353 921632 3899999999999999
182161133107 92 92109135165190205204186153113 75 49 39 47 68 9813116218126 7 2KA1027207234418699999999999999 427 9017 3 3999999999999999
186173148120 98 89 97117145173195205197173137 97 64 46 44 59 8411514717226 7 3KA11 5205999999999999999999999 5 1 891734 4399999999999999
184180162135109 92 91103126153178195199186158122 85 59 49 55 7410213215926 7 4KA 016184114420099999999999999 536 8918 6 4999999999999999
177182172150124101 91 94109131156178191190174145110 80 61 58 70 9211914526 7 5KA 049182122719299999999999999 616 901840 5899999999999999
167179178163140116 98 91 96111132154172182179162135105 81 69 72 8710913326 7 6KA 124180131618399999999999999 7 2 911917 6999999999999999
156172179173157134112 95 90 95109127147164172169155132107 89 82 8810312326 7 7KA 2 3179141617399999999999999 759 9020 2 8299999999999999
144162175178171154132109 93 86 89101118137153163163153135116101 9610211526 7 8KA 250178153016599999999999999 9 9 862057 9699999999999999
132150166177180172155132108 89 79 79 8810512414415716215714412811410911226 7 9KA 3471801659162999999999999991028 7822 810999999999999999
122137153169181185178160134106 83 68 65 73 9011213615616716715614112511626 710KA 4531851829168999999999999991146 65233411599999999999999
116123137155173187193187167138104 75 55 49 57 7610313315917617916915113226 711KA 6 11931945179999999999999991256 49999999999999999999999
118114120135156178196205198176140100 64 41 33 42 65 9813416718719217915626 712KA 7 6205204419299999999999999 0531141357 3399999999999999
131113107114133158185207217210183141 94 53 27 20 32 60 9914117820020118426 713KA 8 6217213520399999999999999 1561071452 2099999999999999
154124103 98108132162194219229218186138 86 42 16 12 29 6210615219021020626 714KA 9 1229221921199999999999999 249 971541 1199999999999999
181145112 91 89105133167202227236221183131 77 34 12 13 35 7312016720121426 715KA 95323623 121499999999999999 336 881627  999999999999999
202171131 98 82 85105136172207231236216174120 68 31 15 23 50 9113718020826 716KA1042237233921399999999999999 419 8017 9 1599999999999999
212192156116 87 77 85108140176208228227203160109 63 35 28 42 7211315519026 717KA1128230999999999999999999999 5 2 771747 2899999999999999
207202176139104 81 77 90113144176203217210184144 99 64 47 49 68 9813517026 718KA 016208121321799999999999999 543 771822 4599999999999999
194201188159125 96 81 82 96118145172192199190164130 96 72 65 74 9512315326 719KA 050201125719999999999999999 625 801855 6599999999999999
178192189172145116 95 86 90102121142162176179169148122 99 87 8710011914326 720KA 122193134317999999999999999 711 861926 8599999999999999
165180185177160136113 98 92 9610612013615015916115313812210810410812013726 721KA 154185143916199999999999999 8 4 9220 010499999999999999
154169177177168152133115102 97 9810511512613714514814513712812111912413326 722KA 22917916 014899999999999999 915 97204411999999999999999
146158169174172164151134118105 98 96 9910611612713714414614313713213013226 723KA 3181741752146999999999999991053 9622 413099999999999999
138147158167172172166153137120105 95 90 91 9710912313714815315214713913326 724KA 4301731921154999999999999991221 89235013199999999999999
132135144156167174176171158139119100 87 80 81 9010612514315716416215214026 725KA 5471762013164999999999999991320 79999999999999999999999
129125129141156171181184177161138113 91 75 69 74 8810913315517017416715126 726KA 650184205017499999999999999 1 112514 4 6999999999999999
133120116124140160179191193183161132103 78 62 60 70 9111814617018218016526 727KA 740194212218399999999999999 1501161441 5999999999999999
143121108108122144169190202201184156121 88 63 52 56 7310113316318419118026 728KA 824203215219199999999999999 2301061514 5199999999999999
157129107 98104124152181203212204180144104 71 50 46 58 8311615118019619326 729KA 9 4212222119799999999999999 3 5 981545 4599999999999999
173142113 94 91105132164194213217201169127 86 55 42 47 68 9913617119520126 730KA 941218224820199999999999999 338 901613 4299999999999999
187158124 97 84 90111143177205220216191152107 69 46 42 57 8512115818820326 731KA1018221231520499999999999999 411 841641 4199999999999999
198175140106 84 80 93120154188212221208176133 89 57 44 51 7410714417820026 8 1KA1054221234220599999999999999 443 7917 8 4499999999999999
204188158122 91 77 80100130163194213214194158115 77 55 53 68 9613016419126 8 2KA1132216999999999999999999999 518 761737 5199999999999999
204198174140106 82 75 84107137168194207201177142103 74 63 69 9112015218026 8 3KA 010204121220799999999999999 555 7518 7 6399999999999999
198200186159126 96 79 77 89112140167188195186162130100 81 78 9111414116726 8 4KA 040201125719599999999999999 636 761840 7799999999999999
187197192175148117 93 80 80 93113136159175180171152127106 96 9811313315526 8 5KA 112197135118099999999999999 726 781917 9599999999999999
174188191184167142116 94 83 83 9210812714616016516114913311911411812914526 8 6KA 15119215 416599999999999999 831 8220 411399999999999999
161175184186180165144120 99 86 82 86 9711313014615615915414413513013113826 8 7KA 247186165115999999999999999 959 82211913099999999999999
147159170179184182172153129105 86 76 74 81 9611513615316416515915014113626 8 8KA 4161841841166999999999999991140 74232813599999999999999
136141151164178188191184165138108 82 64 59 65 8110613415917618017315914226 8 9KA 5511921952180999999999999991259 59999999999999999999999
130125129142160181198206200178144106 72 50 42 50 7210414017219119518215926 810KA 7 6206204119699999999999999 1 11251358 4299999999999999
134116109116135160188211222214187145 99 59 35 30 43 7211215418920720418226 811KA 8 6222212220999999999999999 1581091446 2999999999999999
150118 97 93106131164199226236223189139 87 46 24 25 45 8212817320621820626 812KA 858236215921899999999999999 243 931528 2299999999999999
173133 98 80 82101133172210236243223181127 74 36 21 30 5910115019322022126 813KA 946243223322499999999999999 324 7816 6 2199999999999999
197156112 80 68 77102139180218240240213166111 63 34 29 47 8212717320922426 814KA102924323 522499999999999999 4 3 681641 2899999999999999
213180135 93 68 64 79109147187219235226194147 97 58 42 48 7311015319221626 815KA1110235233522099999999999999 441 631712 4199999999999999
218197158115 80 64 68 88119154189214220205171128 88 64 60 7510313917520326 816KA1149220999999999999999999999 517 631741 5999999999999999
213203175137100 75 68 78 99128158185200199181150116 89 78 8410413216318926 817KA 0 1213122620299999999999999 553 6818 7 7899999999999999
203202184155121 93 78 78 90110134157174181176159135112 98 9811013115517726 818KA 02520513 418199999999999999 630 761831 9699999999999999
192195186166140114 94 87 9010111713415016016215714412911711311813214916626 819KA 047196134816299999999999999 711 86185511399999999999999
180186184172154133114101 97 9910711712813814514714514013312812913514515726 820KA 11218715 314799999999999999 8 5 97192312899999999999999
16817517717316415013512011010510410611111812613313914314414314114214414826 821KA 150177174914499999999999999 945104202614199999999999999
154161167169168163154142129117107101 9910110711712914015015415515114714326 822KA 31516919321559999999999999912 1 99234414299999999999999
142145152160167171170163150134118103 92 88 90 9911413214916216716415514326 823KA 51917120 6167999999999999991310 88999999999999999999999
134130134145158171179180172156135112 92 79 76 82 9811914316417617716714926 824KA 637181203317899999999999999 0581301351 7599999999999999
131119117126143163181192192179156128 99 77 65 67 8110413316118118818116126 825KA 729194205918899999999999999 1411171423 6499999999999999
136114103107123148174196206201180149113 82 61 55 65 8811915218119619417626 826KA 811206212319899999999999999 2161031452 5599999999999999
146116 95 90102127159189211216203174134 94 64 49 53 7210314017620020619226 827KA 849217214820699999999999999 247 901518 4899999999999999
161125 94 79 83104136173205223222199159114 74 50 45 59 8812616619821320726 828KA 926225221321499999999999999 318 781544 4499999999999999
180140101 74 68 81111149188218230219186140 94 59 44 51 7511115219021421726 829KA10 2230223821999999999999999 349 671610 4499999999999999
197160116 79 61 64 86121162200226229208169120 78 53 50 67 9913817820822126 830KA103923123 422199999999999999 421 591637 4899999999999999
211180137 94 64 54 66 94132173207224219192149105 71 58 66 9112616419721726 831KA1117225233122099999999999999 455 5417 6 5899999999999999
217196159116 78 57 56 73104141177204214202173134 97 76 74 9011815118320626 9 1KA1157214235821599999999999999 532 541735 7299999999999999
215205178140101 72 59 63 83111144174193197183156125100 89 9611614216919226 9 2KA1242197999999999999999999999 613 5818 6 8999999999999999
205204189162129 97 75 67 73 9011413916217617716614712611110911913715817626 9 3KA 028206133617899999999999999 7 1 67184010899999999999999
190196191177154127102 84 77 81 9210912814515616015614613512812913714916226 9 4KA 1 4196145816099999999999999 8 8 77192312799999999999999
173181184181172156135114 96 86 83 88 9711112714115115615414914514314514926 9 5KA 2 4184171115699999999999999 952 83205514399999999999999
155161168175178176166149128106 89 79 76 82 9511413415216416816415614714026 9 6KA 4131781855168999999999999991147 76999999999999999999999
137139147158172184189183165139110 85 68 62 67 8410913816318018317515813926 9 7KA 6 0189194618499999999999999 0 613713 0 6299999999999999
125118121134153176196206200178144107 74 53 48 59 8311615218119719517714926 9 8KA 7 9206202319999999999999999 1111181349 4899999999999999
122103 97106126155186212222213183141 96 60 40 41 59 9213217320221119916926 9 9KA 8 3222205621299999999999999 153 971429 3899999999999999
131 98 80 79 96126163200226234217179129 81 47 34 43 7111115619621921819226 910KA 849234212822199999999999999 231 7715 4 3499999999999999
151108 75 62 69 94131173212236236211166113 67 41 38 57 9213718121522721226 911KA 932239215722799999999999999 3 7 611536 3699999999999999
176128 84 57 52 68100141185220237228196147 96 59 44 53 8112016520322522326 912KA1011237222522799999999999999 342 5116 6 4499999999999999
196152103 65 48 53 76111153193221228211174127 85 60 58 7711015018821622426 913KA1048228225022499999999999999 416 471635 5699999999999999
208172126 83 56 49 62 89125163195213211188151112 82 71 8110614017520321726 914KA1124215231221799999999999999 449 4817 1 7199999999999999
211186147105 72 56 58 76104137168190198188164133104 88 9010713416419120726 915KA1157198233220999999999999999 521 551725 8799999999999999
207191162126 93 71 64 73 9211714416517817816614612310610211213115517819526 916KA1231180235119999999999999999 553 64174810299999999999999
199191170143114 90 78 78 8810512514315616215914913512211611913114916718126 917KA1310162999999999999999999999 628 76181011699999999999999
188186174155132111 96 89 9110011212413614314614514113513013013514515616726 918KA 014189141514799999999999999 714 89183312999999999999999
17417617216214813211710710210110511011712413013614014214214214214514815326 919KA 047176999999999999999999999 833101999999999999999999999
15816216316215815013912811710910410110210611312313414415115415314914514226 920KA 2 61631915154999999999999991117101234014199999999999999
141144149155160162159150138124110 98 92 91 9610712314015516416515914813626 921KA 4511621937165999999999999991240 90999999999999999999999
127126131142155167173171160143122102 87 79 80 9111013315517117717115613626 922KA 616173195917799999999999999 0451251320 7899999999999999
119109111123142163179187182166140112 88 72 68 76 9512215117518718516814226 923KA 7 8187202118899999999999999 1221091350 6899999999999999
116 97 92101122149176195201189164130 96 71 59 63 8110914317419519918415526 924KA 749201204320099999999999999 152 911416 5999999999999999
121 91 76 78 97128163193211211190155114 78 56 53 67 9413116819821020217326 925KA 82821321 721199999999999999 222 751441 5299999999999999
133 94 66 59 71100139179210224214183139 95 62 49 56 8011615719421721719426 926KA 9 6224213222099999999999999 252 5815 8 4999999999999999
153106 67 46 48 71108153195223229209170122 79 54 51 6910214318421522621326 927KA 944230215822699999999999999 324 441537 5099999999999999
177128 79 45 34 46 77120166206228225197153106 70 56 64 9112816920522622526 928KA1023230222622999999999999999 358 3416 7 5699999999999999
199155103 59 33 32 51 87131175209223212180137 96 71 68 8511615419021722626 929KA11 4223225522699999999999999 434 291638 6699999999999999
213179132 85 48 32 38 61 97138177203209194163125 95 82 8811014117320021626 930KA1147210232621899999999999999 513 321710 8199999999999999
215195159116 76 49 40 50 73105139170188189175149121102 991111331581821992610 1KA1235191235820699999999999999 557 401743 9899999999999999
206198177146110 79 59 54 63 821061331551681701601421261161181301471651792610 2KA1336170999999999999999999999 650 54181911699999999999999
188190182166142115 91 75 69 73 851021201381501551531451361321341411501592610 3KA 04019015 915599999999999999 8 3 6919 913299999999999999
167172175172164148128107 90 80 77 81 911061231391501551541491441411401412610 4KA 2 4175171415599999999999999 954 77215714099999999999999
144149157165171170161143122100 84 74 73 80 951161381561661671591481361272610 5KA 4271721834167999999999999991138 72999999999999999999999
122124132146163177183176158131103 79 65 63 73 931201481701811781631421212610 6KA 559183191618199999999999999 0161221242 6299999999999999
105100105120143169189198190166132 97 70 56 57 731001341661881941831571252610 7KA 7 1198195019599999999999999 1 21001325 5599999999999999
 98 81 79 91115147180203210197165125 86 60 50 59 831171551882052021781412610 8KA 751210202120699999999999999 139 7814 0 5099999999999999
102 73 60 65 86118157192214216195157112 74 53 52 691011411792072151991642610 9KA 835218205021599999999999999 213 591432 5099999999999999
118 77 51 46 59 88127169203220214185142 97 65 53 62 89126167201219214186261010KA 915221211822099999999999999 246 4515 3 5399999999999999
141 93 55 37 41 63 98140181210219204169125 85 63 62 81113153189215220202261011KA 953219214422199999999999999 319 361532 6099999999999999
164115 71 41 33 46 74112153189209209187150109 79 69 79105140176205218210261012KA102921222 821899999999999999 351 3316 0 6999999999999999
181138 92 55 36 39 58 90127164191201193166131 99 81 82100130163193210210261013KA11 3201223021299999999999999 423 351627 7999999999999999
191156114 75 49 41 51 75106140168185187173147118 97 90100122151179199205261014KA1136188225120599999999999999 454 411654 9099999999999999
194168133 96 67 52 53 67 91119146165174170154133113102104119141166185195261015KA1210174231419599999999999999 526 50172010199999999999999
191175148117 89 69 62 67 83104126144156159153141126115112119134153170181261016KA1250159234118499999999999999 6 1 62174711299999999999999
183175158135110 90 77 75 82 94110125137144146142135127123124131142155165261017KA1348146999999999999999999999 644 75181812299999999999999
170168160147130112 97 89 87 91 99108118127134138139137134133133136141147261018KA 018170155013999999999999999 746 87191613299999999999999
153156156152144132119107 99 94 93 96102110119129138144145144140136132131261019KA 131156175614599999999999999 940 93225013199999999999999
133138144149151149140129115103 94 89 89 94104118134147155156150140129119261020KA 4 01511839156999999999999991130 88999999999999999999999
115117126138150158159151136118101 87 80 81 90106126146162168164150131112261021KA 53415919 616899999999999999 0 91151224 8099999999999999
100 96104119140159170171160139115 92 76 71 77 92116142165179179165140112261022KA 633172193018199999999999999 048 961259 7199999999999999
 89 77 79 95120149173185183165136105 79 65 65 79103134164187194183156120261023KA 720186195519499999999999999 120 761330 6499999999999999
 86 63 56 67 93127162189200191165128 92 67 58 66 89121157188205202178138261024KA 8 3200202220799999999999999 152 5614 0 5899999999999999
 94 58 39 40 61 96138178204210194159117 80 59 58 75106144182209217201164261025KA 846211205121799999999999999 225 371433 5699999999999999
115 67 33 21 32 62104151192215214189148104 71 58 66 91128168203222219191261026KA 928218212222499999999999999 3 0 2115 7 5899999999999999
144 90 43 15 12 31 67114162200218210179136 95 69 64 81111150188216226212261027KA1012218215522699999999999999 339 101542 6399999999999999
175123 70 28  8 12 36 76123168201211198165125 91 74 78 99132168200220220261028KA1057211223022299999999999999 420  71618 7399999999999999
198157106 58 24 11 20 46 85128167193198182152118 93 85 95118148178202213261029KA114419923 821399999999999999 5 4 111655 8599999999999999
206181142 97 56 30 22 33 58 91128159178180166141116100 99112133157179194261030KA1237182235219999999999999999 553 221734 9899999999999999
199190167134 96 64 43 38 47 67 94122147162164154137120111113123139155169261031KA1340165999999999999999999999 650 38182011099999999999999
179182175158133103 77 60 54 59 72 921141351491541501391281211211261341432611 1KA 05018215 115499999999999999 8 1 54193112099999999999999
153161167166156138115 92 75 66 66 73 881071271431521521461361271211191212611 2KA 225167163115399999999999999 931 6522 311999999999999999
126134146157163161148127105 85 72 68 72 851041261461581601531401251121032611 3KA 4141641742161999999999999991059 68234810199999999999999
101106119136154166168158137112 88 72 67 72 87109135157170170158137114 942611 4KA 53916918311719999999999999912 2 67999999999999999999999
 83 81 90109133157174177165141112 86 70 66 75 94122150172182176156126 962611 5KA 64317719 818299999999999999 039 811248 6599999999999999
 73 62 65 80106136164182184168139107 80 66 68 831081391681881911761451082611 6KA 735185194119299999999999999 118 621325 6599999999999999
 74 52 46 55 78110145174190186165132 98 74 66 74 961271601861991931671282611 7KA 820191201119999999999999999 154 461359 6699999999999999
 87 53 36 37 54 83120156183194184156121 89 70 70 861141481791992031851502611 8KA 9 1194204020499999999999999 227 341431 6899999999999999
106 65 37 27 36 60 94133167189192175144108 81 71 791021341671942051981702611 9KA 93919421 720599999999999999 3 0 2715 3 7199999999999999
129 84 47 27 25 42 72109146176190185162129 98 78 77 93121154183201203184261110KA1015191213420499999999999999 333 241535 7599999999999999
150107 65 36 24 32 54 87123156179185173147116 90 80 87109139169192201192261111KA105018522 120199999999999999 4 6 2416 6 8099999999999999
166128 87 52 32 29 43 69102135162176174158131105 88 87100125154179193193261112KA1124177222819599999999999999 438 281636 8599999999999999
176147109 73 47 35 40 58 85115142160167160142119100 92 97114139163181187261113KA1159167225818799999999999999 512 3517 7 9299999999999999
180159129 96 67 49 44 54 73 97122142154156147131113101 99108126146164175261114KA1238156233217699999999999999 548 441740 9999999999999999
175164143116 89 67 56 56 67 84105124138146145137125113106108117131146158261115KA1326146999999999999999999999 627 54181810699999999999999
164162151133110 88 72 65 67 77 91107121133139139133125117112114120129139261116KA 015164143114099999999999999 714 65191711299999999999999
147151150142128110 92 79 74 75 83 93106119130137139136129121115113114119261117KA 119152155313999999999999999 816 7321 911399999999999999
126134141144140129114 98 86 79 79 84 93105119132142145142134122111104101261118KA 25614417 314599999999999999 935 78225710199999999999999
104113124136143144136121104 90 80 78 82 92107125141153156149135117 99 87261119KA 4311451750156999999999999991051 782357 8399999999999999
 83 88101119137150153145129108 90 78 75 81 95114136156167166153130103 79261120KA 5471531827168999999999999991149 75999999999999999999999
 65 63 73 93119144161165155134109 86 73 72 82101127153173182174151117 82261121KA 64816519 218299999999999999 040 621236 7199999999999999
 55 41 44 61 90124155174178164137106 81 69 71 87113143172191193176142 99261122KA 741178193819599999999999999 120 401320 6899999999999999
 58 30 20 29 55 92132167187187168136101 76 66 74 96127161190205200173129261123KA 831190201620699999999999999 2 0 2014 2 6699999999999999
 79 36 10  5 21 53 97142178196192167131 95 72 67 80108143178204214200164261124KA 919198205521499999999999999 243  41444 6699999999999999
114 60 18 -4 -4 18 56103150185200191162123 89 70 71 90121157191213215195261125KA10 7200213721799999999999999 328 -71527 6899999999999999
153 99 47  8-10 -4 22 62110155187197184152115 85 72 79101133168197213210261126KA1055197222221599999999999999 415-1116 9 7299999999999999
185141 89 40  6 -7  2 30 70115156183188172141108 84 77 88111141171196207261127KA114418923 920799999999999999 5 3 -71652 7799999999999999
200173131 83 39 11  3 15 41 78119153174176159132104 86 84 96118143168187261128KA1235177999999999999999999999 554  31738 8399999999999999
194186162124 82 46 23 19 30 54 86120148164163148125103 91 91101119138158261129KA 0 1194132916699999999999999 646 181829 8999999999999999
173179172152120 86 56 39 36 46 66 92120142155154142123105 95 94101113127261130KA 1 2179142715699999999999999 743 351935 9499999999999999
143156163160145120 93 69 55 52 60 76 97120139150150140124108 97 93 951012612 1KA 214163152915299999999999999 845 522111 9399999999999999
112126140150151142124101 81 69 65 71 84102122140151151142126109 94 86 832612 2KA 338152163315299999999999999 952 652256 8399999999999999
 86 96111128142147143129109 91 78 74 79 91108128145156156145126105 86 732612 3KA 5 41481730157999999999999991059 74999999999999999999999
 68 72 83101122139148146134115 96 83 79 84 98116137154163161146122 96 732612 4KA 620149181716499999999999999 0 6 681157 7999999999999999
 58 54 60 75 97122142153151138117 97 84 81 89105127149165171164143113 832612 5KA 722154185817199999999999999 057 541246 8199999999999999
 58 44 42 52 73100128150160155138115 94 82 82 941151391611751761621341002612 6KA 812160193517899999999999999 138 411329 8199999999999999
 66 42 31 35 51 77108138159166156134109 88 79 841011261521731831771551212612 7KA 85516620 918399999999999999 215 3114 8 7999999999999999
 83 50 29 24 33 56 87121150167168153127 99 81 77 881111391651831861731432612 8KA 933170204318799999999999999 250 231445 7699999999999999
105 66 35 20 21 38 66100134160172166144115 89 75 78 961231521761881841632612 9KA10 9172211618999999999999999 325 181521 7499999999999999
128 87 50 25 16 25 48 80115146167171157131102 80 73 83106136164183188176261210KA1043171214918999999999999999 359 161555 7399999999999999
149110 70 37 19 19 34 62 95129155168164145117 91 75 76 92118148172185183261211KA1116168222218699999999999999 432 171628 7399999999999999
164132 93 56 30 20 27 48 77110139158163152130104 83 75 83103130156175181261212KA1149163225618199999999999999 5 5 2017 1 7599999999999999
172149114 77 46 28 26 39 63 92121144156154139117 94 80 79 91112137158171261213KA1222157233317399999999999999 537 251735 7899999999999999
172158132 99 67 43 33 37 54 78105129145151144128107 90 82 85 99118139155261214KA1257151999999999999999999999 610 321812 8299999999999999
163160144118 88 62 45 42 51 69 91114133144145136120103 89 85 90102118134261215KA 014164133714699999999999999 644 411858 8599999999999999
147152148132109 83 62 52 53 64 81101120135143141132117101 90 86 89 99112261216KA 1 3152142214399999999999999 724 5120 1 8699999999999999
125137142138125105 84 68 61 64 75 91108124137143141132117101 88 81 82 89261217KA 2 6142151614499999999999999 811 612123 8199999999999999
101114127134134124108 91 77 70 73 83 97113129141147145135118 98 82 71 69261218KA 326135161614899999999999999 911 702246 6999999999999999
 75 87103119131135130116100 86 78 79 87101117134148155152139118 93 70 56261219KA 4551351715155999999999999991023 782354 5299999999999999
 52 58 73 93116133142140128110 93 83 81 89103122142158166161144115 83 55261220KA 6171431810166999999999999991138 81999999999999999999999
 37 32 40 60 87116140153153139118 97 83 81 88105128152170178170147111 71261221KA 72715519 217899999999999999 052 321245 8099999999999999
 38 17 13 25 50 84120150166165148122 96 80 77 87108136163184190178148104261222KA 826168195319099999999999999 145 121343 7799999999999999
 58 21 -1 -3 13 45 86127161177174152120 91 74 73 87113144175196200183146261223KA 919178204320199999999999999 236 -51435 7199999999999999
 96 45  6-15-14  8 45 91137171186177149114 83 67 69 88118153185205207184261224KA10 7186213420999999999999999 326-171522 6599999999999999
142 87 34 -5-22-17 10 51100146178188173141103 73 61 68 91123160191209207261225KA1053188222421199999999999999 414-2316 8 6099999999999999
180134 78 26 -9-22-11 19 63111155181184164128 91 65 58 69 95128163192207261226KA1137186231320799999999999999 5 1-221652 5799999999999999
200170123 69 23 -6-12  3 35 78123160179175150114 81 60 58 73 98129161186261227KA1219180999999999999999999999 546-131736 5799999999999999
196187156112 64 25  5  5 24 55 94133161172162136103 75 60 62 77100127154261228KA 0 219613 117299999999999999 628  31823 5999999999999999
173180168140102 63 34 23 28 47 76109139158161148123 95 73 64 67 79 98120261229KA 053180134216299999999999999 710 221914 6399999999999999
141156160149126 96 67 49 44 52 70 94120141153151138116 92 75 68 70 79 92261230KA 147160142415499999999999999 750 442016 6899999999999999
108125137140133116 95 76 65 65 75 90109128142149145131112 93 78 70 69 74261231KA 25014015 714999999999999999 830 642138 6899999999999999
