  6 18 39 69100121129131128121112108110113116121125122107 85 62 38 13 -726 1 1KB 65413116131269999999999999911 61082359-1499999999999999
-14 -7 11 39 76112134140139133122110106110115120126131126107 81 55 27 -226 1 2KB 71114117 9131999999999999991156106999999999999999999999
-22-25-13 10 44 86124144145140130115103101108116122131137129106 77 49 1826 1 3KB 73714618 413799999999999999 040-26123810099999999999999
-12-30-28-12 15 53 99135148144134121105 94 97107116123134140129102 73 4426 1 4KB 8 9148185514099999999999999 124-321318 9499999999999999
 12-17-29-22 -3 26 67111140145137125111 95 88 94106113122134138122 95 6726 1 5KB 844146194313899999999999999 2 6-301359 8899999999999999
 40 10-14-19 -8 13 42 82120139137127116101 88 85 93102108118129128111 8626 1 6KB 920140202913199999999999999 246-201442 8499999999999999
 63 39 14 -2 -1 13 32 60 96124133127117107 94 84 84 91 96100109117113 9726 1 7KB 957133211411899999999999999 325 -31529 8399999999999999
 78 60 42 24 17 23 36 53 78106123125117109100 89 82 82 85 86 90 98102 9726 1 8KB103412622 010299999999999999 4 1 171626 8199999999999999
 84 72 61 49 41 41 48 59 74 93111119116109102 94 85 79 77 76 75 79 84 8726 1 9KB11101192254 8799999999999999 431 391944 7599999999999999
 83 77 71 67 62 60 64 71 80 91103112113108102 96 88 79 73 68 65 64 67 7226 110KB1139113999999999999999999999 449 602046 6499999999999999
 75 75 75 76 76 77 80 85 91 97103108110107102 96 89 81 72 64 58 53 53 5726 111KB11531109999999999999999999992136 53999999999999999999999
 63 69 74 79 84 89 93 97101105107109110107102 96 89 81 72 63 54 46 42 4326 112KB11351109999999999999999999992218 42999999999999999999999
 49 58 68 79 88 96101106109111112112112109104 98 92 84 74 63 53 42 35 3226 113KB10561129999999999999999999992255 32999999999999999999999
 36 45 58 74 89100108112114115114114113111107102 96 89 78 66 54 42 31 2326 114KB 9 11159999999999999999999992330 22999999999999999999999
 23 31 45 64 84101113117118117114112111112110107102 96 87 74 59 45 31 1826 115KB 7491189999999999999999999999999999999999999999999999999
 13 17 30 50 73 97115122122119114108106108110110109105 98 85 68 51 34 1826 116KB 727123143211199999999999999 0 4 1312 110699999999999999
  7  5 15 33 59 88112125127122114105 99100106110113113111100 82 62 42 2326 117KB 737127165511399999999999999 036  41221 9999999999999999
  5 -2  3 18 42 73104125130125116104 94 91 97106112117120115 98 76 54 3226 118KB 75513018 112099999999999999 1 6 -21247 9199999999999999
 10 -5 -5  6 26 55 90119132130120107 93 84 86 96106115123126116 93 68 4426 119KB 815133184812699999999999999 133 -71318 8399999999999999
 20  0 -8 -1 15 39 72108130133124112 96 82 76 84 96107117128128111 84 5926 120KB 838134193113099999999999999 2 0 -81352 7699999999999999
 35 12 -4 -4  9 29 56 91122134128116102 86 73 72 83 95105119129124102 7526 121KB 9 5134201513099999999999999 229 -61431 7199999999999999
 52 29  9  1  9 25 46 74107129131120107 93 77 67 70 81 91102117124115 9226 122KB 935133205912499999999999999 259  11515 6799999999999999
 69 49 30 16 15 27 44 64 91117129124111 98 84 69 62 66 75 84 9611011510426 123KB10 7129214811599999999999999 332 1416 5 6299999999999999
 85 67 52 38 31 36 49 64 82104121124114101 89 75 63 57 60 66 74 8710010326 124KB1041125224610499999999999999 4 6 3117 6 5799999999999999
 95 81 70 61 54 53 60 71 83 97111119116104 92 80 67 55 49 50 55 63 76 8826 125KB1113119999999999999999999999 440 521820 4999999999999999
 93 89 83 79 76 74 76 82 91 99106112114107 95 83 71 59 47 40 39 43 51 6326 126KB 0 2 93114311499999999999999 510 741939 3999999999999999
 76 85 89 90 92 94 95 97101106109110111109101 89 77 65 51 38 29 27 29 3726 127KB11591119999999999999999999992058 27999999999999999999999
 51 68 83 93101107111112112113114113111109106 98 87 74 60 45 30 18 13 1626 128KB10 11149999999999999999999992210 13999999999999999999999
 25 41 63 85102113120123122119116114112110108106100 89 74 57 39 21  6  026 129KB 71012399999999999999999999923 6  0999999999999999999999
  3 16 36 65 93114125130129124116110110110109110112108 94 75 55 34 11 -726 130KB 72513016 31129999999999999912571092352-1299999999999999
-12 -5 11 37 73107127134133128117105100103106109115121118100 77 54 28  026 131KB 7161341716122999999999999991159100999999999999999999999
-18-19 -7 13 46 87122137136129119102 89 89 97103110123132125102 76 50 2026 2 1KB 72013818 913399999999999999 032-211230 8899999999999999
 -9-23-18 -2 23 61106135140131120105 85 75 81 92101113131140127100 73 4526 2 2KB 743140185614099999999999999 110-2413 6 7599999999999999
 13-13-19 -8 11 40 82123141136123108 88 70 66 76 88 99116135139120 93 6826 2 3KB 811141193914099999999999999 146-201343 6599999999999999
 40 10 -8 -5 10 30 62102133138126111 94 74 60 61 73 84 97117133129108 8526 2 4KB 842139202013499999999999999 221 -91423 5899999999999999
 62 37 15  8 17 32 53 84117134129114 99 82 64 55 60 70 79 94113122114 9526 2 5KB 91213421 112299999999999999 253  815 5 5599999999999999
 77 59 40 28 30 42 57 77103123127116102 87 72 58 55 59 66 75 89104107 9826 2 6KB 941128214310899999999999999 321 281551 5599999999999999
 84 72 61 51 49 56 67 80 96113121116103 90 78 65 56 54 56 61 70 82 91 9226 2 7KB10 41212230 9399999999999999 343 481649 5499999999999999
 85 78 73 68 67 71 79 88 98108115113104 92 81 71 61 54 52 52 56 63 73 7926 2 8KB10181152341 8099999999999999 351 671816 5299999999999999
 80 79 79 79 81 84 91 98104109113111104 93 83 74 65 57 51 48 47 50 56 6426 2 9KB1017113999999999999999999999 137 791950 4799999999999999
 70 74 79 84 90 94100106110112113111105 95 85 77 70 61 53 47 43 41 42 4826 210KB 95011399999999999999999999921 9 41999999999999999999999
 57 65 74 85 94102107111114115113111106 98 89 81 75 67 58 50 43 37 33 3526 211KB 8431159999999999999999999992214 33999999999999999999999
 42 52 65 79 95106112115117116113110107101 94 87 81 75 66 56 46 37 29 2426 212KB 81711799999999999999999999923 4 24999999999999999999999
 28 38 52 69 90107116119118116111106104102 98 93 90 85 77 65 53 41 29 1926 213KB 7221199999999999999999999992344 16999999999999999999999
 17 23 37 56 80103118122121116109101 98 99100 98 98 97 91 78 63 49 33 1826 214KB 7 612213451009999999999999912 8 98999999999999999999999
  9 12 22 41 66 95117125123117107 96 90 91 96100103108107 95 77 60 41 2126 215KB 714125172410999999999999999 017  91214 8999999999999999
  6  3 11 27 51 84113127127119108 92 80 79 87 95103114121115 96 74 53 3026 216KB 72512818 712199999999999999 043  31234 7899999999999999
  8 -1  4 17 38 69105128131122110 93 74 66 72 84 96110127132118 93 68 4426 217KB 739132184713299999999999999 1 7 -113 2 6699999999999999
 18  0 -1 11 29 55 92125136128113 96 75 57 56 68 83 98119138136114 87 6226 218KB 758136192714099999999999999 132 -31334 5499999999999999
 35 11  1  9 25 46 78114137135118101 80 57 44 49 65 81101127142133107 8126 219KB 82313920 814299999999999999 2 0  11411 4499999999999999
 56 31 13 12 26 45 68100130138125106 86 64 43 36 45 61 78103129137123 9926 220KB 850139205213899999999999999 230 101452 3699999999999999
 77 55 35 26 33 49 66 89116134130112 92 72 51 34 32 42 56 7510112212611226 221KB 919135214012799999999999999 3 3 261539 3199999999999999
 93 77 61 49 48 58 72 87105123128117 97 79 61 42 30 30 38 51 70 9311011226 222KB 948129223611399999999999999 335 461632 2899999999999999
102 91 82 74 69 73 83 94104114121117103 85 69 53 38 29 28 34 45 62 81 9426 223KB10131212356 9899999999999999 4 6 691736 2799999999999999
 98 96 93 92 91 92 97104109113115113105 91 76 63 50 37 28 26 29 38 51 6726 224KB1016115999999999999999999999 412 911853 2699999999999999
 80 89 94 99104108111114116117114110105 97 85 73 62 50 38 28 23 23 29 3926 225KB 8351179999999999999999999992027 23999999999999999999999
 54 71 85 98108117121123122120116110105 99 93 85 76 65 53 40 28 19 16 2026 226KB 7 71239999999999999999999992157 16999999999999999999999
 30 46 67 88106118125128126120114109104 99 97 96 93 84 71 57 41 25 12  826 227KB 7 31289999999999999999999992255  8999999999999999999999
 13 25 44 71 98117125128127119108102 99 98 97100106104 92 76 60 41 19  426 228KB 7121281623106999999999999991352 972338  299999999999999
  3 10 25 49 83113127128126118104 90 87 90 92 97108119116 99 80 61 36 1126 3 1KB 6421281719120999999999999991150 87999999999999999999999
 -1  2 14 32 63102127132126117102 83 71 74 82 89101121132123102 81 58 2926 3 2KB 64513218 413299999999999999 014 -11215 7199999999999999
  6  0  9 23 47 84121136130118104 83 62 56 65 76 88109133140124101 79 5326 3 3KB 7 6136184614099999999999999 047  01248 5699999999999999
 23  7 10 22 39 68107135137122106 87 62 45 47 60 72 90118139138118 96 7426 3 4KB 733139192714299999999999999 119  61323 4499999999999999
 47 23 17 26 41 61 92125139129110 91 69 46 36 43 57 72 95123138129109 8926 3 5KB 8 013920 613899999999999999 149 1614 1 3699999999999999
 68 46 32 35 48 63 84113133132115 96 76 54 37 34 43 56 74 99122128116 9926 3 6KB 826135204512899999999999999 218 311439 3399999999999999
 83 66 52 48 57 70 84104124130118 99 81 62 44 34 35 44 57 76 9911511410426 3 7KB 849130212711699999999999999 243 481520 3399999999999999
 92 81 70 64 69 79 90103116124118102 85 69 53 40 35 38 45 58 77 9510310126 3 8KB 9 5124221410499999999999999 3 3 6416 4 3599999999999999
 95 89 83 79 81 88 97105113119116104 88 74 60 48 40 37 40 47 59 74 87 9226 3 9KB 9131192327 9399999999999999 315 791656 3799999999999999
 92 91 91 90 92 97104109114116113104 91 77 66 56 47 41 39 41 47 57 69 7826 310KB 9 6116999999999999999999999 259 901759 3999999999999999
 84 88 93 97101104109113115114111104 93 81 71 64 56 48 43 41 41 45 52 6226 311KB 8111159999999999999999999991927 41999999999999999999999
 71 80 89 99106111114116116113109104 96 86 77 71 65 58 51 45 42 39 40 4626 312KB 7341169999999999999999999992118 39999999999999999999999
 56 67 80 95108115118118117113107101 96 90 83 78 74 69 61 53 46 39 34 3526 313KB 6521189999999999999999999992227 34999999999999999999999
 42 53 67 85104117121121118111103 97 94 91 88 86 85 81 73 63 54 44 34 2826 314KB 6201219999999999999999999992312 28999999999999999999999
 30 39 53 73 97115123123118110 99 91 89 89 90 92 96 96 88 76 64 51 37 2626 315KB 6271241634 979999999999999912 5 892344 2399999999999999
 23 29 41 60 87111124125119109 95 82 78 82 86 93103111108 94 78 63 45 2726 316KB 6331261716111999999999999991156 78999999999999999999999
 19 23 33 49 76106125128121109 93 74 64 67 76 86101119127116 97 78 58 3526 317KB 639129175512799999999999999 0 8 191212 6499999999999999
 19 18 28 42 65 97126134125111 93 70 51 48 59 73 90115137139121 97 75 5026 318KB 652134183414199999999999999 032 171239 4799999999999999
 27 18 25 39 58 87121139133115 96 72 46 31 36 53 71 97130150144120 96 7226 319KB 713140191515199999999999999 058 181312 3199999999999999
 45 25 26 39 56 78110138142124101 78 50 25 17 29 48 72106141154141116 9326 320KB 739144195715499999999999999 129 231349 1799999999999999
 69 45 34 43 59 76100129144134110 85 59 31 11 11 25 46 7411214214813311226 321KB 8 6144204314999999999999999 2 1 341430  899999999999999
 92 71 54 53 65 80 96117136138119 93 69 44 19  6  9 24 45 7611013413512326 322KB 835140213313799999999999999 235 511516  599999999999999
108 94 80 72 76 88100112125133124103 79 57 36 17  8 12 25 45 7310211912126 323KB 9 0133223612299999999999999 3 9 7216 9  899999999999999
114107100 94 93 99107114120124121108 89 69 52 35 21 14 17 27 44 66 8810326 324KB 915124999999999999999999999 339 921712 1499999999999999
108108109109109111116119120119115107 95 80 66 53 40 28 21 22 29 41 57 7526 325KB 7471209999999999999999999991826 21999999999999999999999
 90 99107113119122123124122118111104 97 88 78 69 59 48 37 29 26 29 37 4926 326KB 65212499999999999999999999920 0 26999999999999999999999
 65 82 97110119126128127122116109101 95 91 88 83 76 67 56 45 34 28 28 3326 327KB 6 61289999999999999999999992132 27999999999999999999999
 45 61 82102116124128127121112103 97 92 89 91 94 93 85 75 64 51 37 28 2826 328KB 6211281521 949999999999999913 8 892231 2799999999999999
 34 45 64 89111122125124118106 94 88 86 84 87 97106105 94 82 70 53 36 2826 329KB 61812516241079999999999999913 3 842312 2899999999999999
 30 38 51 75103122125122116103 86 74 73 76 79 90108119114101 88 72 51 3426 330KB 5471251711119999999999999991136 722345 3099999999999999
 31 37 46 63 92119129124114102 83 63 56 61 68 78 99122130120105 90 71 4826 331KB 6 11291754130999999999999991158 56999999999999999999999
 35 38 47 59 81112132131117102 84 60 43 43 53 64 82111134136122106 89 6726 4 1KB 624134183413899999999999999 016 351229 4199999999999999
 47 42 50 61 76102129137124106 87 64 40 29 36 48 65 91123141135119104 8526 4 2KB 650137191414199999999999999 046 4213 3 2999999999999999
 64 51 54 65 77 95120137132112 91 70 45 26 23 33 48 70102131140130115 9926 4 3KB 715138195414099999999999999 115 511339 2299999999999999
 81 65 62 70 82 95113131134119 97 76 53 31 19 22 34 52 7911013113312210926 4 4KB 738135203413499999999999999 143 611416 1999999999999999
 95 80 72 76 87 98111125131122103 81 61 41 25 20 26 39 59 8711312612311526 4 5KB 757132211812699999999999999 2 8 721453 2099999999999999
104 93 85 84 92101111120127122107 87 68 51 34 25 24 31 45 66 9111011711526 4 6KB 810127221011799999999999999 231 831533 2399999999999999
109103 96 94 97105112118122120108 91 75 60 46 34 29 30 37 51 70 9010310826 4 7KB 815122233810999999999999999 253 931618 2899999999999999
109107105103104108113117118116108 95 80 67 56 46 38 35 36 43 55 70 85 9626 4 8KB 8 1118999999999999999999999 3131031710 3599999999999999
102106109111111113115116115112106 96 85 74 65 57 50 43 41 42 47 55 67 8026 4 9KB 7 11169999999999999999999991811 41999999999999999999999
 90 99107114117118118117114109103 96 88 79 73 67 61 55 49 46 46 48 54 6426 410KB 5 81189999999999999999999991947 46999999999999999999999
 76 88101112120123121118113106 99 94 89 84 80 77 73 67 60 54 50 47 47 5226 411KB 5 31239999999999999999999992128 46999999999999999999999
 62 75 91106119124124119112103 94 89 87 85 86 87 86 81 73 65 58 50 46 4726 412KB 5221251514 87999999999999991320 852221 4599999999999999
 53 64 80 99115124125120111 98 87 81 80 82 87 94 99 97 89 79 69 58 48 4526 413KB 5331251614100999999999999991141 802255 4599999999999999
 48 57 70 90112124125119109 94 78 68 68 73 81 94109116109 96 84 70 55 4526 414KB 5341261657116999999999999991128 672322 4499999999999999
 46 54 64 82106126130121108 92 71 54 50 57 68 85108128131119103 87 69 5126 415KB 5421301739133999999999999991145 502352 4599999999999999
 45 52 63 77100125137128111 92 69 44 30 34 48 66 93126146143126108 88 6626 416KB 6 11371821148999999999999991214 29999999999999999999999
 50 51 63 76 93120141140120 96 72 44 18 11 22 41 67104142158149129110 8826 417KB 62714419 415899999999999999 024 481249 1199999999999999
 65 55 63 77 92112137148134107 80 52 20 -1 -1 15 39 7211615116114813011026 418KB 655148195016199999999999999 059 551329 -399999999999999
 88 70 68 80 94108129146144121 91 64 34  5-10 -5 13 40 7812115115514312726 419KB 725148203915699999999999999 135 661413-1099999999999999
110 92 81 85 97109122137144132106 78 51 23  0 -9 -2 16 43 8111914114313526 420KB 755144213614599999999999999 213 8115 1 -999999999999999
124112100 97103113121129135133116 92 68 45 22  4 -2  5 21 47 8011012813126 421KB 820136224813199999999999999 251 971556 -299999999999999
127122117112112117122125126125118102 83 64 46 29 15 10 15 29 50 75 9911426 422KB 815127999999999999999999999 3301111658 1099999999999999
120122123123122122124124122117112104 93 79 66 53 40 28 23 26 35 50 70 8926 423KB 226123 63812599999999999999 41912218 7 2399999999999999
105114120125128128126123118111104 99 95 89 81 73 63 52 42 36 36 42 52 6726 424KB 4221289999999999999999999991928 35999999999999999999999
 84101113122127129126121114106 98 92 90 90 90 87 81 73 64 54 47 45 48 5626 425KB 4571299999999999999999999992052 44999999999999999999999
 68 85103116123126125119108 98 90 85 82 85 92 97 96 90 83 74 64 55 52 5626 426KB 5121261520 979999999999999912 4 822152 5299999999999999
 62 74 92110121123121116105 90 80 75 74 76 85 98106105 98 92 83 70 61 6126 427KB 44812316171079999999999999912 4 742234 6099999999999999
 65 71 84103120125120112102 86 70 62 62 65 73 90109117113105 99 87 74 6726 428KB 45212517 4117999999999999991123 6123 8 6799999999999999
 70 75 82 96116128124113101 85 65 50 47 52 60 76101121126119111103 89 7626 429KB 5131281746126999999999999991142 472340 7399999999999999
 74 80 86 94111128130118102 86 66 44 34 37 46 61 85114132132124115103 8826 430KB 5381321828134999999999999991212 34999999999999999999999
 79 82 90 97108125134127108 89 69 46 28 24 31 45 67 9812713913512511410026 5 1KB 6 313419 913999999999999999 012 791246 2399999999999999
 87 84 91100109122134133117 95 75 52 30 18 19 31 49 7811113514113412411126 5 2KB 627136195014199999999999999 042 841322 1799999999999999
 97 89 92101110120131135124104 82 60 38 20 14 20 35 58 9012113813913112026 5 3KB 648135203314099999999999999 112 891358 1499999999999999
107 96 94101110119128133128112 90 69 48 29 17 16 25 43 6910012513513412626 5 4KB 7 6133211913699999999999999 141 931436 1599999999999999
115105 99101109117125130128116 98 78 59 41 27 20 22 33 52 7810512312912826 5 5KB 721130221213099999999999999 211 991515 1999999999999999
121113107105109116121125125118103 86 69 54 40 30 26 30 42 60 8310511812426 5 6KB 729126232112499999999999999 2451051558 2699999999999999
123120115112112115119120119115106 92 78 65 53 43 36 34 39 50 66 8510211426 5 7KB 713120999999999999999999999 3281111644 3499999999999999
119121121119117117117117114110104 96 85 74 65 56 48 43 43 47 56 69 8510026 5 8KB 1261219999999999999999999991733 42999999999999999999999
111118122124123120117114110105100 95 89 82 75 68 62 55 51 51 54 61 72 8526 5 9KB 3 91249999999999999999999991831 50999999999999999999999
 99111119125127124118112106100 94 91 90 88 85 80 75 69 63 59 58 60 66 7526 510KB 3531279999999999999999999991945 58999999999999999999999
 88102114123126125119111101 93 87 85 86 89 92 93 89 83 77 71 66 64 66 7226 511KB 4141271435 93999999999999991112 852059 6499999999999999
 81 94108120126124118109 96 83 76 74 77 83 93103105100 93 86 78 71 69 7226 512KB 4161261547105999999999999991051 742150 6899999999999999
 79 88102118127126118107 92 75 62 58 62 71 85104118120113104 95 84 74 7426 513KB 4211281638121999999999999991052 582233 7399999999999999
 80 88 98114129132122107 90 70 49 39 41 51 67 91118135135125115102 87 7826 514KB 4411331726137999999999999991116 382313 7799999999999999
 81 89 98110128139132113 93 71 45 24 18 26 43 67101135151147135122106 8926 515KB 5 91391813151999999999999991150 172354 8299999999999999
 82 89100110124141145128102 77 51 22  2  2 16 38 7111314816115414112610726 516KB 54114619 1161999999999999991231 -1999999999999999999999
 91 90 99110122137150144120 91 63 33  3-12 -8 10 37 7712315516315514212626 517KB 615150195116499999999999999 035 881315-1399999999999999
107 96 99110121132146151138110 80 51 20 -6-17-10 11 41 8412815516015214026 518KB 651151204416099999999999999 116 9514 3-1799999999999999
125110103109120129138147145128100 72 44 16 -6-13 -4 17 48 8812614815114526 519KB 726148214115299999999999999 1591031454-1399999999999999
135124114112118126132137140134116 92 68 44 20  2 -2  7 26 55 8912113814126 520KB 8 1140224514199999999999999 2441111548 -399999999999999
137132125119119123127128128128121106 87 68 50 30 16 13 21 38 61 8911412926 521KB 829128999999999999999999999 3361181644 1399999999999999
133132131127123121122121118115114110 99 86 73 59 44 33 31 37 49 67 9011026 522KB 0111339999999999999999999991743 31999999999999999999999
122127129130127122118115110104102102101 95 88 80 70 59 51 49 53 62 75 9226 523KB 2411309999999999999999999991846 49999999999999999999999
109120125128127123116109102 95 90 89 93 96 96 93 88 81 74 68 66 68 75 8426 524KB 3241281330 96999999999999991037 891955 6699999999999999
 97111121125125122115105 95 86 80 78 80 88 96100 99 96 93 87 82 80 82 8726 525KB 32612515171009999999999999911 2 782057 8099999999999999
 94104116123124119113103 90 78 70 67 68 75 88100107107105103 99 94 92 9526 526KB 3321241628107999999999999991113 672145 9299999999999999
 99103112122125120111101 89 73 61 56 57 63 75 9310911511511511210710110226 527KB 3521251725116999999999999991113 56222610199999999999999
105108112120127124114101 88 72 55 46 45 50 61 8110412012512412211711010626 528KB 41712718 9125999999999999991132 4423 510699999999999999
109113115120127129120105 90 74 55 39 34 38 48 66 9111713113313112611811126 529KB 44312918471339999999999999912 2 34234210999999999999999
109113118122127132128114 95 78 59 40 27 26 34 50 7510512914013913312511526 530KB 5 91321923140999999999999991236 25999999999999999999999
109111117123128133134124105 85 65 45 28 19 23 36 58 8811813914514113212126 531KB 534135195914599999999999999 0171091312 1999999999999999
111108113121128134136131116 96 75 54 34 20 17 24 42 6810012814414513812726 6 1KB 559136203614699999999999999 0521081349 1699999999999999
116108109116124131136135125107 86 65 45 28 18 19 30 51 8011113414414213326 6 2KB 625137211514499999999999999 1261071425 1799999999999999
122112108111119127132134130117 98 77 58 40 26 21 26 40 62 9011713514013626 6 3KB 653134215814199999999999999 2 310815 2 2199999999999999
128119112110115122127129129122107 88 71 54 40 29 28 35 50 72 9712013413626 6 4KB 721130224613699999999999999 2441101540 2799999999999999
132126119114113117121123123120112 98 82 67 54 43 36 37 46 61 8010312213126 6 5KB 731123234213399999999999999 3361131619 3599999999999999
132130126121116114116116115114112104 92 79 68 58 49 45 49 58 71 8810712226 6 6KB 638116999999999999999999999 4481141659 4599999999999999
129131130126120114111109107105105104 99 90 80 72 64 58 56 61 69 80 9511126 6 7KB 0541319999999999999999999991743 56999999999999999999999
123129130128124116108102 99 96 95 98100 98 93 86 80 74 69 69 73 81 9010226 6 8KB 14913012 710099999999999999 937 951834 6899999999999999
116125129128124117107 96 88 85 84 87 93100103100 95 91 86 82 81 85 9210026 6 9KB 210129135610399999999999999 946 841937 8199999999999999
110121128129123115105 92 79 71 69 72 79 92105112112108104 99 94 93 9710326 610KB 233129152511399999999999999 950 692046 9299999999999999
109117127131127116104 90 73 58 51 53 61 74 9411412512512211811110410210626 611KB 3 31311634126999999999999991014 51214810299999999999999
112117125133135124108 91 72 52 36 32 38 51 7210012613914013613012011110826 612KB 3371351733140999999999999991051 32224410899999999999999
114120125133141137121 99 78 55 31 16 15 25 44 7210813915215214613712411326 613KB 4171411825153999999999999991134 13233411299999999999999
112119126133142147139117 91 66 39 13 -1  1 16 41 7611815016215915113912426 614KB 5 01471913162999999999999991221 -2999999999999999999999
113115124132140149152139114 85 57 27  1-12 -6 13 42 8312815816616115013626 615KB 546153195816699999999999999 02111313 9-1299999999999999
121113117127136144153154137109 80 51 20 -6-15 -5 16 49 9213416016415614526 616KB 634155204316599999999999999 1 61131357-1599999999999999
131117112119130137145153151132104 76 48 19 -4 -9  3 25 5810013815715714926 617KB 723154212815999999999999999 1511121445 -999999999999999
139126115113121129134141148144125 99 75 50 24  6  6 18 39 6910713815114826 618KB 814148221415199999999999999 2381121533  499999999999999
141133122114114120124127132138132116 96 77 56 35 23 25 37 55 8111213514326 619KB 9 713823 314399999999999999 3291131620 2399999999999999
140135128119113112114114115120125120108 94 81 65 51 44 48 57 72 9411713226 620KB10 4125235513699999999999999 43511117 6 4499999999999999
136134130124116109106104102102107111109102 95 87 77 69 67 70 78 8910512026 621KB1112111999999999999999999999 8241011751 6799999999999999
130131129125119111103 96 91 88 89 95100102101 99 96 91 88 88 91 9610411426 622KB 046131125910299999999999999 916 881834 8799999999999999
123128128124119112102 92 84 78 76 79 86 9410010410510610610510610811211626 623KB 126129171010699999999999999 957 76191310599999999999999
121125127125119111102 91 80 71 66 66 72 82 9410411011411711811811912112326 624KB 1551279999999999999999999991027 66999999999999999999999
124126127126120112102 91 78 66 58 56 59 68 82 9911212012412712812712712826 625KB 2131271949128999999999999991053 56214212699999999999999
129129129128124116104 92 79 66 54 47 48 56 69 8810812313013313413213012926 626KB 0231291947134999999999999991122 47224712999999999999999
131132132131129123111 97 83 68 53 42 38 43 56 75 9812113514013913613212826 627KB 1171321922140999999999999991155 38233412799999999999999
128131133134133130121107 90 74 57 42 32 32 42 60 8411113414514514013412726 628KB 2441341933146999999999999991230 31999999999999999999999
123125130134136135131120102 83 65 47 32 25 30 45 67 9612514415014513712726 629KB 421136195715099999999999999 01112313 5 2599999999999999
120118123131136138138132116 96 76 56 38 24 23 33 52 7911013715115014213126 630KB 530139202515299999999999999 0441171339 2299999999999999
120113115123132137141140130111 89 68 48 30 22 26 40 62 9212314515214613626 7 1KB 625141205515299999999999999 1181131411 2199999999999999
124113109115124132138142139124103 81 61 42 28 25 34 51 7510513414914814026 7 2KB 713142212715099999999999999 1541091443 2499999999999999
130118109108116124130136140134116 94 75 57 40 31 34 46 64 8811714014814326 7 3KB 8 014022 114899999999999999 2341071514 3099999999999999
135126115107109115121126132135126107 88 72 56 43 40 47 60 7810112714314426 7 4KB 847135223714599999999999999 3201071547 3999999999999999
138131122111105107111115120126128118101 86 73 60 52 53 63 75 9211313314226 7 5KB 938128231414299999999999999 4151051622 5199999999999999
140134127117107101101103106112119120112 99 88 79 70 66 70 80 9110512213626 7 6KB1037121235214099999999999999 52710017 0 6699999999999999
139135128120110 99 93 91 92 95103112115110102 95 90 85 83 88 9610611712826 7 7KB1151115999999999999999999999 7 0 911743 8399999999999999
136136129121112100 88 80 78 79 85 9510611311310910710410110110511211812526 7 8KB 028137132811399999999999999 8 3 78183610199999999999999
132136133123112101 88 74 65 63 66 74 8710311512012112112011811711912412826 7 9KB 1 413617 112199999999999999 853 63195011799999999999999
131135136130118104 90 74 59 50 48 53 64 8110212013013413613513112812813126 710KB 14113618 913699999999999999 944 48211912899999999999999
134135138137129114 97 80 62 44 33 32 40 55 7810512914314814814513813213226 711KB 2251381837149999999999999991037 32223813199999999999999
134137139141141131114 93 72 50 30 18 18 29 49 7811214115515815614913813026 712KB 3271421854158999999999999991128 16233312999999999999999
130134139142147147137115 90 66 40 17  4  7 23 48 8312315316516315714613226 713KB 4371481917165999999999999991216  3999999999999999999999
123125133140146153155142116 89 61 32  6 -4  4 23 52 9213516316916215213726 714KB 541156194816999999999999999 01712313 2 -499999999999999
121115121132140149160162144116 87 58 26  1 -4  8 30 6210614716816615514326 715KB 637163202116999999999999999 0581151345 -599999999999999
126111108118129138150163162141112 85 56 25  5  6 21 43 7712115516615814626 716KB 728166205616699999999999999 1391071427  399999999999999
133115103104115125134149161156133108 83 56 30 18 24 40 62 9513315715814826 717KB 815162213316099999999999999 22210115 7 1899999999999999
137123107 98102111117127142151143123103 84 62 44 40 48 62 8311214015314926 718KB 9 215122 915399999999999999 3 9 981545 3999999999999999
138128115102 96 99104108118132136128114101 87 72 63 65 73 8510312514214626 719KB 951137224414699999999999999 4 3 961620 6399999999999999
139130121109 98 94 94 95 99108118121116108102 95 88 86 90 9710711913314026 720KB1047121231414099999999999999 525 931647 8699999999999999
138130123114104 94 89 86 85 89 9710510910810810710610510811211712313013526 721KB1219109233213699999999999999 745 85164810599999999999999
135130123116107 98 89 82 77 76 80 88 9610210711211611912212512813113413526 722KB2315135999999999999999999999 844 76999999999999999999999
135131124117109100 91 81 74 69 68 73 81 9110211212012613113413713813913826 723KB2213139999999999999999999999 936 68999999999999999999999
137132126120112103 93 83 73 65 60 61 68 79 9210712113113614014214214114026 724KB20391429999999999999999999991021 60999999999999999999999
139136130124117109 98 87 76 65 56 52 56 66 80 9811713214114414414414113926 725KB195814499999999999999999999911 3 52999999999999999999999
138137134129124118107 94 81 69 57 47 45 52 66 8510813014414814714413913426 726KB19101489999999999999999999991141 45234813399999999999999
133135136134131127120106 90 76 61 47 38 41 52 70 9412114315115014513813026 727KB 1461361918152999999999999991217 38999999999999999999999
126128133135136136133121104 86 69 51 37 33 40 56 7810813615315414813912826 728KB 447136193715599999999999999 0101261249 3299999999999999
119118125132137141143137120 99 80 60 41 30 32 45 64 9212515015715214212926 729KB 555143195815799999999999999 0361171319 2999999999999999
116109114124133140148149137115 93 72 50 33 29 38 54 7711014215815614613326 730KB 639150202115999999999999999 1 51091346 2899999999999999
118105103112124133144154151132108 85 64 43 31 35 49 68 9512915415915013826 731KB 720155204616099999999999999 1381021413 3199999999999999
123107 96100111122133148156147124100 79 58 41 38 48 64 8511414415915514226 8 1KB 8 1156211315999999999999999 215 961441 3799999999999999
129113 97 91 98108119133148152138116 95 77 59 48 53 66 8210313115215714626 8 2KB 844153214315799999999999999 256 911512 4899999999999999
133120104 90 87 94103114130144144129110 94 80 67 64 72 8510012014115314926 8 3KB 931146221415499999999999999 343 871545 6399999999999999
137124110 95 84 82 88 96107124136134122109 99 89 83 84 9410511713214514926 8 4KB1025137224614999999999999999 440 821620 8299999999999999
140127114101 88 78 75 79 87 9911512612612011310910410210611412213013814426 8 5KB1133127231514499999999999999 547 75165510299999999999999
142131118106 93 80 70 67 70 77 8910411612212212212212212212513013513814026 8 6KB2336141999999999999999999999 658 67999999999999999999999
140135124111 99 86 73 62 58 59 66 78 9411012112813313713913813914114114126 8 7KB2150141999999999999999999999 811 57999999999999999999999
139137131120108 95 81 66 54 47 48 54 68 8710712513714615015014814514414226 8 8KB1834151999999999999999999999 927 47999999999999999999999
140139136132122109 94 77 60 45 36 36 44 60 8311013414915615815514914213926 8 9KB18521589999999999999999999991031 35999999999999999999999
139139139139138130114 94 75 54 35 24 25 37 57 8511914616016216015214113226 810KB18501629999999999999999999991122 23233713099999999999999
131135137140146149139119 96 73 48 25 14 20 35 59 9413316016616215514212626 811KB 44814918571669999999999999912 6 14999999999999999999999
118122130136144157161147122 96 70 40 16 11 22 40 6911015016916715714412626 812KB 546162191917099999999999999 0 81171245 1099999999999999
108104114125135150168170150122 95 66 34 15 17 32 53 8613016417116114713026 813KB 635172194717299999999999999 0431041323 1399999999999999
108 93 95108120134156174170145118 93 62 34 23 32 48 7110714817016615013426 814KB 720175201817199999999999999 122 911359 2399999999999999
115 93 83 90103116134158171161137113 90 63 43 42 54 70 9412815916715513826 815KB 8 3171204816799999999999999 2 2 831433 4099999999999999
122101 83 79 88 99111132154160146127109 90 70 61 66 79 9411614416015614126 816KB 846160211816199999999999999 244 7915 4 6199999999999999
126110 92 79 79 85 94107127143144132119107 94 84 84 9210311613415015314326 817KB 931145214315499999999999999 331 771530 8399999999999999
129115101 87 78 78 82 8910311912912812111511010510310811612413314214714226 818KB1022130215914799999999999999 429 78154510399999999999999
130118107 95 84 78 77 79 85 9710911511711611711711812212813313814114314026 819KB2156143999999999999999999999 552 77999999999999999999999
131120110101 91 82 77 74 75 80 90 9910611211812312813213714114314414313926 820KB2059144999999999999999999999 719 74999999999999999999999
132122113105 97 88 80 74 70 70 75 83 9310311312413313914314614714614314026 821KB1958147999999999999999999999 834 70999999999999999999999
134125117110103 95 86 78 71 66 65 70 79 9010411913314214714914914614213926 822KB1938149999999999999999999999 942 64999999999999999999999
135129121116111104 94 84 75 66 59 59 65 77 9211013014415015114914614013526 823KB18511519999999999999999999991036 58999999999999999999999
133131126122119115105 93 82 71 59 52 54 63 78 9712114115215315014513713026 824KB18381539999999999999999999991119 52235012899999999999999
128129129127127126119105 91 78 64 51 46 52 65 8310813515215515114413412326 825KB 1211291849156999999999999991155 46999999999999999999999
119122126129133137134121104 88 72 54 43 44 54 70 9512514915815414513311826 826KB 51413719 415899999999999999 0 01191224 4299999999999999
109111119126133144148139120101 82 62 45 40 48 62 8311314416015814813411726 827KB 554148191916199999999999999 0201081248 4099999999999999
101 97105117128142156157140117 95 74 51 40 44 57 7410113516016315213711926 828KB 632159193816499999999999999 046 971312 4099999999999999
 99 86 89102116132153166159135111 89 65 46 44 55 72 9312415516715814112326 829KB 71016720 016799999999999999 117 851338 4299999999999999
102 81 74 84 99115138162170154129106 83 61 50 57 72 9011414416616514712826 830KB 749170202616899999999999999 151 7414 6 5099999999999999
108 85 68 68 81 96115142164165146123103 83 66 64 76 9211013315716615413326 831KB 832168205316699999999999999 231 661438 6399999999999999
114 94 73 61 64 77 92115142159155137120104 89 81 85 9811212714616015714026 9 1KB 918160212116199999999999999 315 601510 8199999999999999
120102 83 65 58 62 73 8811113514714313112111110310210912013014015015314426 9 2KB1012148214715499999999999999 4 6 57154310199999999999999
126108 92 76 62 56 59 68 8310312313413312912612312212312913614114514714326 9 3KB1126135215814799999999999999 5 7 5616 912299999999999999
131115101 87 73 61 55 56 63 76 9311012212713113513813914114414614614314026 9 4KB2016147999999999999999999999 620 55999999999999999999999
133123110 98 87 74 62 54 53 57 66 81 9811412713714515015215215114814413826 9 5KB1815152999999999999999999999 745 52999999999999999999999
133128121111101 89 76 63 52 48 49 58 72 9211213114515415815815314714213726 9 6KB1822158999999999999999999999 915 47999999999999999999999
133129128125119107 93 78 63 49 41 42 52 68 9111814015415915915514513613126 9 7KB18331609999999999999999999991021 40999999999999999999999
129128129133136130115 98 80 61 43 35 39 50 69 9813015216015915414312811826 9 8KB 353136181416099999999999999 11712811 7 3523301179999999
118122125132144150140121101 81 56 36 32 40 55 7811214616216115314212510726 9 9KB 4531501820163999999999999991146 32235310199999999999999
101107115123140158162146124103 78 50 34 36 49 65 9413316216715614212510226 910KB 5411631841168999999999999991220 33999999999999999999999
 86 87 98110125150170168147124101 74 48 39 48 63 8211615317116314512810626 911KB 62517319 817199999999999999 026 841254 3999999999999999
 81 70 78 92106129159175166143121 98 71 52 53 66 8110413816616915213211126 912KB 7 7176193617199999999999999 1 2 701326 5099999999999999
 86 65 62 73 88106135163171157136117 95 73 65 73 8710312715516815813711726 913KB 74817220 316899999999999999 140 611356 6599999999999999
 95 72 57 60 72 86108138159160145129113 96 84 85 9610912414416015914212226 914KB 830162202716299999999999999 220 561423 8299999999999999
102 82 64 57 61 72 8711113614914513412411310310010711812813915215514412526 915KB 914149204415599999999999999 3 2 56144510099999999999999
108 91 74 62 59 64 74 8911112913613312712211711511812613414014714914212826 916KB10 5136204914999999999999999 349 59145711599999999999999
112 97 84 72 64 63 67 75 9010711912412512512512612813413914314514514012826 917KB2027146999999999999999999999 445 63999999999999999999999
115102 92 82 73 68 66 68 76 8710011011712312813213614014414614514313812926 918KB1918146999999999999999999999 556 66999999999999999999999
117107 98 91 83 75 70 68 69 74 83 9410411412513514114514714714514113512826 919KB1845148999999999999999999999 719 68999999999999999999999
120111104 99 93 85 78 72 68 67 70 79 9010211713214314814914814513913212626 920KB18 3149999999999999999999999 852 67999999999999999999999
121114109106103 96 88 80 73 66 63 67 76 8810512414015015214914413612812226 921KB174915299999999999999999999910 0 63999999999999999999999
119116114113113108 99 89 80 70 62 59 65 76 9111213414915315014413412311526 922KB17591539999999999999999999991048 59235411499999999999999
114114115119123122113102 90 78 65 57 58 67 8010012614615415114413211810726 923KB 4251231810154999999999999991122 57234510499999999999999
104108113120129135130116102 88 72 59 55 61 72 90116142155153144131114 9726 924KB 5 31351819156999999999999991148 552359 9199999999999999
 91 95104114130145148135117101 83 64 54 58 69 84107137157158146132113 9126 925KB 5401491832160999999999999991210 54999999999999999999999
 76 78 89102121145161156137117 97 75 58 57 67 81100129156165152134114 9026 926KB 617161185016599999999999999 023 751234 5599999999999999
 67 59 69 85104131160171158136114 92 70 59 66 82 98121151169162140118 9426 927KB 655171191416999999999999999 053 5913 3 5999999999999999
 67 47 48 63 82108142171174155133112 89 71 69 83 9911714116516915112410026 928KB 736176194017199999999999999 128 451334 6799999999999999
 74 48 35 42 59 81113150172168149130111 92 81 8710311813415516815913410826 929KB 82017320 816899999999999999 2 7 3514 8 8199999999999999
 84 59 37 31 40 58 82116149164158143129114102 9910912213414615915914311826 930KB 9 9164203416199999999999999 251 301442 9899999999999999
 94 73 51 35 32 41 58 821131391501461381301231171201281371441501521451272610 1KB10 9150205115299999999999999 342 31151411799999999999999
105 86 68 51 39 37 44 58 791041261361371361351341341381431461461451401302610 2KB1142137193514799999999999999 442 36153213499999999999999
115 98 84 70 56 46 42 47 57 74 931121241321371431461471481491461411351282610 3KB1842149999999999999999999999 556 42999999999999999999999
119109 98 88 77 64 54 48 49 55 67 841021181321421501531531501451381311242610 4KB1725154999999999999999999999 722 47999999999999999999999
119115111104 95 85 72 60 52 49 53 63 79 991191361471531541501421331251192610 5KB1743155999999999999999999999 853 49999999999999999999999
115114117118114104 93 79 65 54 49 53 63 801031271441511521491391261151102610 6KB 246119174415299999999999999 034114 958 4999999999999999
108109115125130124112 99 84 67 54 52 58 68 87114139151150145136120104 962610 7KB 357130172415299999999999999 0231081042 512320 959999999
 96100106121137142133118104 87 67 55 58 66 78101130151154145134118 97 802610 8KB 4471431737155999999999999991118 552338 7899999999999999
 78 85 93107131151152138123107 86 66 61 68 78 93119148159150134118 97 732610 9KB 5321541759159999999999999991150 60999999999999999999999
 61 66 77 90114143161156139124106 84 69 71 82 93111139160158141121100 74261010KB 614161182616299999999999999 0 9 611221 6899999999999999
 52 48 58 72 92123154165154138123103 84 77 85 97110131154163149126104 81261011KB 656165185216399999999999999 044 471252 7799999999999999
 55 40 42 55 72 99133159162149135119101 89 91102114127146160155134110 88261012KB 737163191616199999999999999 120 391321 8899999999999999
 64 43 35 42 56 77108139156154142130116103 99107118129141153154140117 95261013KB 820157193615699999999999999 158 351348 9999999999999999
 74 53 38 37 45 61 85114139149144136126115109112122131140147150141122101261014KB 9 6149194715099999999999999 237 36141110999999999999999
 82 64 49 41 42 51 68 91116134139136131125120120125133139144145139125107261015KB10 2139194414599999999999999 319 40143011999999999999999
 90 74 61 50 46 49 58 74 94113125130131129128127130135139141140135124110261016KB1141131191614199999999999999 4 6 46144012799999999999999
 96 83 72 63 56 53 56 64 77 93108118125129132134135137139139136131123112261017KB1825139999999999999999999999 5 1 53999999999999999999999
100 90 82 75 67 62 60 61 67 77 90103114123132137140141140138133126119111261018KB1653141999999999999999999999 6 6 60999999999999999999999
103 96 90 85 79 73 68 65 65 68 76 87100113126137143144142137130122114108261019KB1643144999999999999999999999 736 64999999999999999999999
104 99 97 95 91 85 78 73 68 66 68 76 87101117132142146143137128117109103261020KB1659146999999999999999999999 9 6 66999999999999999999999
101100101103102 97 90 83 76 69 67 70 78 90107125139145143136125112101 96261021KB 317103171314599999999999999 05010010 1 672342 959999999
 95 97103110114111103 95 86 76 69 68 74 84 98118136144143135123107 92 84261022KB 4 71141718145999999999999991035 682326 8399999999999999
 84 89 98111124127120109 99 86 74 69 73 81 93111133146145135121104 83 69261023KB 44512717231479999999999999911 1 692335 6799999999999999
 68 75 86103125140139127114100 84 72 72 81 92107129148151138121102 78 56261024KB 5241421739152999999999999991128 712359 4899999999999999
 48 55 68 87115143156148132117 99 81 73 80 92105124147158148127104 79 51261025KB 6 315618 2158999999999999991159 73999999999999999999999
 32 31 45 64 92129159166153136118 97 80 79 92106121142160160139111 85 56261026KB 645166182916399999999999999 031 291232 7899999999999999
 28 14 21 39 64101142168169153136117 97 86 91106120136155165153124 95 66261027KB 729171185816599999999999999 1 8 1413 8 8599999999999999
 36 12  5 16 37 67109149168165150135117101 97107121134147160159139109 80261028KB 817169192816299999999999999 149  51345 9699999999999999
 53 25  6  4 17 39 72112146160156145133120111112122134142151155146123 96261029KB 911161195415599999999999999 236  3142311099999999999999
 70 46 23  9 10 22 44 74109137148146140133127123126134141144145142130110261030KB101614820 314599999999999999 328  815 212399999999999999
 87 67 48 30 19 19 30 49 74102125136138137136135134136139140137133127116261031KB12 0138183814099999999999999 428 18154913499999999999999
101 85 70 56 41 32 31 39 52 72 941141271331371401411401381361311241181142611 1KB1542141999999999999999999999 535 30999999999999999999999
107 98 88 78 67 54 45 43 47 56 71 901081231321391431421381321251171091052611 2KB1623143999999999999999999999 651 43999999999999999999999
104104101 95 88 78 67 58 53 55 61 73 90109125135140141137128118108100 952611 3KB1644141999999999999999999999 815 532334 9499999999999999
 95100106108104 97 89 79 68 63 63 69 79 95115130137137134125112 98 88 842611 4KB 249108163113899999999999999 922 622340 8399999999999999
 84 89101113117113106 99 88 76 71 73 79 89105124137137131122109 91 76 702611 5KB 35511716301389999999999999910 8 712317 7099999999999999
 71 75 87107122126121114106 94 82 80 84 91100118135140132120107 88 68 562611 6KB 4451261649141999999999999991044 802329 5499999999999999
 55 61 72 92117133134127120110 96 87 89 96102114131143139124107 89 66 462611 7KB 5301351714144999999999999991117 872357 4099999999999999
 40 45 55 73101129142139132123111 97 93 99107114127142146132112 92 70 462611 8KB 6141431741146999999999999991150 93999999999999999999999
 30 30 39 55 80114140148142133123108 98100108117126139147141120 97 75 512611 9KB 65614818 614799999999999999 031 281222 9799999999999999
 30 20 25 39 61 92126147149142131119106102108117126136145145130106 83 60261110KB 739150182914799999999999999 1 7 20125410199999999999999
 37 21 17 26 44 71104134148147138127114106107116126134142144135115 92 69261111KB 822149184614499999999999999 144 17132410599999999999999
 48 29 19 20 32 53 82113136144141132122113109114123132138141136121101 79261112KB 9 8144185714199999999999999 222 18135410999999999999999
 59 41 28 22 27 41 63 91117133138135128120115115121128134136133123107 88261113KB 95913819 013699999999999999 3 2 22142511499999999999999
 70 54 40 31 30 36 51 71 95116128132130126121119121125129130127121110 95261114KB11 2132184713099999999999999 343 2915 411999999999999999
 79 66 54 44 38 39 46 59 77 96113123127128127125124124125125121116108 98261115KB1250128181212599999999999999 426 38161612499999999999999
 86 75 66 58 51 47 48 55 65 80 96111120126129130129126123120115109103 98261116KB1451130999999999999999999999 513 47999999999999999999999
 91 83 76 70 64 58 56 57 62 71 83 97110120127132132128123116109102 96 93261117KB1535133999999999999999999999 6 4 56999999999999999999999
 91 88 84 81 76 71 67 65 65 69 76 87100113123130132130123113103 95 88 85261118KB16 0132999999999999999999999 710 652312 8599999999999999
 86 89 91 91 88 84 79 75 72 72 76 83 93106118127131128122111 97 85 78 75261119KB 222 9116 513199999999999999 827 7223 4 7599999999999999
 77 84 93100101 98 94 88 82 78 79 83 90100114126131128119108 92 76 64 61261120KB 34210116 413199999999999999 923 782258 6199999999999999
 64 72 87103114114109103 96 88 83 86 92 99110124133131120106 89 69 51 43261121KB 43111516181349999999999999910 7 8323 9 4399999999999999
 46 55 71 95118129127120113102 91 87 93101109122135139127109 89 67 42 26261122KB 5161301644140999999999999991048 872337 2399999999999999
 24 33 49 75108135144139130119104 92 92101110120135145141120 95 71 44 17261123KB 6 11441715146999999999999991129 90999999999999999999999
  4  8 23 47 82122149154147136121104 94 98109120132146151137110 81 53 23261124KB 647155174915199999999999999 014  41210 9499999999999999
 -3-11 -2 19 49 92134158159150136120103 98106118129141153151130 99 69 38261125KB 734161182515499999999999999 056-111251 9899999999999999
  8-14-18 -5 19 55100140159158147134118105104114126136146152144120 89 59261126KB 82316019 315399999999999999 141-19133310399999999999999
 29  1-17-17 -2 25 61105139154151142130117109111121131138144145134109 81261127KB 915154194114699999999999999 229-19141710899999999999999
 54 28  3-11 -8  8 33 67105134145142135127119114117125130133135133121100261128KB1011145201913599999999999999 320-1215 611499999999999999
 76 55 33 13  3  6 21 42 72103126135134131127121118119122122121121119109261129KB1116135182912399999999999999 413  216 911799999999999999
 93 76 60 43 28 20 24 35 53 76101120127128128126121117115113109105105105261130KB1315128999999999999999999999 5 8 20999999999999999999999
 99 89 79 68 56 45 40 43 51 63 82101116123125126124118111105 98 92 89 912612 1KB1448126999999999999999999999 6 6 4022 6 8999999999999999
 94 94 90 85 79 71 63 59 61 66 75 89104116122123122118109 99 89 81 76 752612 2KB 027 9415 112399999999999999 712 592239 7499999999999999
 80 87 93 94 92 90 85 80 77 77 81 87 97108118122120115108 96 82 71 64 612612 3KB 249 9415 712299999999999999 821 7623 3 6199999999999999
 64 73 86 96100101101 98 94 90 91 94 98105114121121114106 95 80 64 53 492612 4KB 512101152812299999999999999 919 902315 4999999999999999
 50 57 72 91104109111111109103100102105107112120123118106 94 79 61 45 372612 5KB 65011115541239999999999999910 71002329 3699999999999999
 37 43 56 77100114118120119114108106109112114119125123112 96 81 63 43 292612 6KB 71912016221259999999999999910491062355 2599999999999999
 25 29 40 61 88112124127126122115109109113117120125128120104 86 67 47 272612 7KB 7 21271650128999999999999991128108999999999999999999999
 16 16 26 44 71101124133133128121112107110116121126130128115 95 74 53 322612 8KB 722134171913099999999999999 027 1512 610799999999999999
 15  8 13 28 52 84115134139134125115107105111119125130131124107 85 63 412612 9KB 752139174613199999999999999 1 2  8124110599999999999999
 21  7  5 15 36 64 97125139138130119109102104113122128131129118 97 74 52261210KB 826140181413199999999999999 138  4131610299999999999999
 31 13  4  8 23 47 77109131139134124113104101106116123128129123108 86 64261211KB 9 2139184212999999999999999 214  4135110199999999999999
 44 25 11  8 16 34 58 88116132134128118109102102109117122124122114 97 76261212KB 94013519 912499999999999999 248  7143010199999999999999
 56 39 24 15 16 27 46 70 97119129129122115107103104110115117117113102 85261213KB1022130193111799999999999999 323 14151510399999999999999
 67 52 38 27 23 28 40 57 79102119125124119114108104105108108107107102 92261214KB11 9125184310899999999999999 356 23161510499999999999999
 77 63 52 42 34 34 42 53 68 87106119122121118113107103101100 98 96 96 93261215KB12 3122999999999999999999999 430 33999999999999999999999
 84 73 63 56 49 45 48 56 66 78 94109118119119116110103 96 92 88 85 85 87261216KB12571192319 8799999999999999 5 6 452130 8599999999999999
 86 81 74 68 64 60 59 62 69 77 88101112117118115111103 93 84 78 74 73 76261217KB1332118999999999999999999999 545 582151 7399999999999999
 81 84 83 80 77 75 73 72 76 82 89 97106114117115110102 91 79 68 61 59 61261218KB 114 84135911799999999999999 636 7222 5 5999999999999999
 68 79 87 91 91 90 89 87 85 88 93 98104111117117111101 90 75 60 48 43 44261219KB 322 91142911899999999999999 752 852218 4399999999999999
 50 64 81 96103105105103 99 96 97102106110117121117105 91 75 57 38 27 24261220KB 52910515 412199999999999999 911 962246 2499999999999999
 29 42 63 88108118120119114107102103108112117123125117100 80 60 38 17  6261221KB 6 412015461269999999999999910181012324  599999999999999
  7 17 36 66 98123133133129121110104106112117123130130117 95 70 46 19 -3261222KB 6331341632132999999999999991114103999999999999999999999
-13 -8  8 35 72111136144142134122108102106115122130137135117 90 62 33  3261223KB 7 7144172113899999999999999 0 7-1312 210299999999999999
-20-26-16  5 39 82123147150144132117103 99107118126136143138116 85 54 23261224KB 744151181214399999999999999 052-271247 9999999999999999
 -8-30-32-18  8 46 92132151150140127110 98 98108119128138145137111 80 49261225KB 82315219 414599999999999999 137-341330 9699999999999999
 17-13-31-28-11 17 56102137149143132119103 94 97109118126136142131104 75261226KB 9 3149195414299999999999999 222-321414 9399999999999999
 46 17-10-22-15  3 31 68109136141134124111 98 92 97106112119129132119 95261227KB 945142204513399999999999999 3 6-2215 2 9299999999999999
 71 47 22  1 -4  5 22 47 80114132132124116106 94 90 94 99102108116118106261228KB1028133213711999999999999999 350 -51556 9099999999999999
 87 70 52 33 20 19 28 43 64 91115125122116110101 91 87 88 88 89 94101101261229KB1112125223510299999999999999 433 181817 8799999999999999
 93 82 71 61 49 43 45 53 64 80 99114118115110104 96 87 81 77 74 74 78 85261230KB11561182351 8799999999999999 513 432037 7499999999999999
 86 84 80 77 73 69 68 71 77 85 95106113113109104 97 88 78 70 63 59 59 63261231KB1233114999999999999999999999 543 682133 5899999999999999
