 22 55102154198224230216190160133118117132160194222233222189141 85 35  026 1 1KG 54623017 12339999999999999911321152354-1199999999999999
-11  4 43100161212241245229198161130112112129162201233244229190134 73 1726 1 2KG 6412471756244999999999999991230109999999999999999999999
-19-27 -6 41105174227254254231194153119102106129168211245254232186125 5926 1 3KG 728257184725499999999999999 047-28131810199999999999999
  3-31-33 -5 49119190241262253224183139106 9410413317622225525722817711326 1 4KG 810262193526099999999999999 134-3614 2 9499999999999999
 47 -6-33-27  8 68140208251260243208165123 94 8910513918523125825221616226 1 5KG 848261202026099999999999999 219-351444 8899999999999999
100 38 -8-24 -9 33 94165224253250225188145107 86 8811014719323425223719726 1 6KG 92325621 225299999999999999 3 0-241524 8499999999999999
145 88 35  1 -4 20 66126188233247233203166126 94 82 9111615319622923621426 1 7KG 956247214423799999999999999 338 -616 3 8299999999999999
175129 81 40 19 26 56101155206234234212181146111 87 82 9612215619221521326 1 8KG1028237222521899999999999999 414 181643 8299999999999999
190156119 81 53 46 61 93134179214227216192162130101 84 8510012415418219626 1 9KG1059227231019699999999999999 448 451726 8399999999999999
190170145117 90 74 77 95124158191213214198175148120 96 85 8810112114616726 110KG1133216999999999999999999999 523 731816 8499999999999999
176171159142123106 99105122145171193204200185164140114 94 85 86 9611313426 111KG 0 6176121220499999999999999 6 2 991922 8499999999999999
151161162158149136125122126138155173188194190178159136112 92 81 79 8610126 112KG 14316313 419499999999999999 6551222045 7999999999999999
121140155164167162152143137137143154169181187186177159135109 87 72 67 7326 113KG 350167142418899999999999999 8341372159 6799999999999999
 89112137159175181177167154143137139149163177187190181160133103 76 57 5126 114KG 5 318115451909999999999999910171372256 5199999999999999
 59 81110143172192197190174156139129131143161180195198186161127 91 60 3926 115KG 55319716451989999999999999911211292342 3499999999999999
 35 50 79117158191209209195173148127118124142166191207208190157115 73 3926 116KG 63121117332109999999999999912 7118999999999999999999999
 20 23 47 86133179211223215192162133113108121147178207222216188145 96 5126 117KG 7 4223181422299999999999999 022 19124410899999999999999
 18  6 19 53103156202229231212180145115 99103125159196225234217178127 7326 118KG 735233185223499999999999999 059  61318 9899999999999999
 28  1 -1 24 70127184225241230200161124 97 8910313517521524023921016110426 119KG 8 3241192824399999999999999 133 -41351 8999999999999999
 50  9 -8  3 40 95157211242243219181139103 83 8510914819323224923519413926 120KG 83124620 324999999999999999 2 6 -81423 8199999999999999
 81 30 -2 -6 19 66126188234250235201158116 84 73 8611916320924324822117326 121KG 859250204025099999999999999 238 -81457 7399999999999999
117 63 20  0  9 45 98159215247246218178135 95 70 69 9112917521924423720126 122KG 927250211724699999999999999 310 -11532 6699999999999999
152100 53 20 14 35 77131188232248231196155113 78 61 69 9813718222123621926 123KG 957248215823699999999999999 343 1316 9 6199999999999999
181136 92 54 34 39 68111160208238237211174135 95 66 57 7210214018121321926 124KG1028242224322099999999999999 417 321650 5799999999999999
199165130 95 67 58 72102139180216232220191156120 84 60 57 7310013517119726 125KG11 3232233620199999999999999 454 581737 5699999999999999
199183160134109 90 88103128158189213218203176146112 79 59 57 69 9212215426 126KG1143219999999999999999999999 536 861836 5699999999999999
177183176164148130117117128144164186202204191171144112 80 60 53 59 7510226 127KG 051183123520599999999999999 63011520 0 5399999999999999
133159173179177168154142138140147159176191195190175151118 84 58 43 41 5326 128KG 318179135719599999999999999 8 71382140 4099999999999999
 79114147174191197191176160147139139148164183196199188163127 87 51 27 1926 129KG 45819715441999999999999999910331382257 1999999999999999
 30 59101146184210218210190165142127124134156183206215205176133 84 38  726 130KG 55921817 12159999999999999911451232355 -399999999999999
 -3 11 47 99156203231236221192158127108107124154192223235221185133 74 2226 131KG 6442371759235999999999999991234105999999999999999999999
-12-19  2 48111175225249245220182139105 89 94120161207242251230184124 5926 2 1KG 721250184825299999999999999 045-201315 8899999999999999
  5-25-24  7 63134201246259243207161115 83 74 8812417322425725822617310826 2 2KG 754259193126299999999999999 128-281352 7399999999999999
 43 -6-27-14 28 91165227259256227184134 89 65 66 9113418923926425221115426 2 3KG 824262201026499999999999999 2 6-271427 6299999999999999
 90 31 -8-14 11 61128197247260241203155106 68 54 6710014920424625723318726 2 4KG 851261204725899999999999999 241-1615 0 5499999999999999
132 74 26  3 13 48102167224254248216173126 82 55 54 7611516421324223820626 2 5KG 918256212324599999999999999 312  31532 5199999999999999
162113 66 33 27 49 91144199239247224186144101 66 51 61 9012917421222621226 2 6KG 944248215822799999999999999 341 2616 4 5199999999999999
179141102 68 51 60 90131177218237228196158120 83 59 57 7410313917720220326 2 7KG10 9238223420699999999999999 4 9 511637 5599999999999999
185158129101 81 78 96126161197221223202171137104 76 62 67 8611214217018426 2 8KG1035225231518499999999999999 436 771713 6299999999999999
180165146127110101108127152178201210202180153125 98 78 71 78 9311413715626 2 9KG11 1210999999999999999999999 5 41011757 7199999999999999
164161155146135126125133147163180192193182165145122101 86 81 83 9210712426 210KG 013164113319499999999999999 53712419 7 8099999999999999
139148154156155150146145148154162172178177171161147128108 93 84 79 82 9326 211KG 314157122317899999999999999 6341452110 7999999999999999
109126142157168171167162156151148151158165169171168156137115 95 77 66 6626 212KG 45217115 017199999999999999 9581482231 6599999999999999
 77 97121147171185188181170155141135137147159172182181168144116 87 62 4726 213KG 54418816291839999999999999911131342325 4699999999999999
 48 65 93128163192205202187166142124118126143165186200197177145106 69 3926 214KG 6182051722201999999999999991156118999999999999999999999
 27 35 62101146188215221207181150121104104121148180208220210179135 87 4526 215KG 64622118 422099999999999999 0 7 27123010299999999999999
 17 12 31 70122175216235228201164126 97 85 95124163203232237214170117 6326 216KG 712235184123899999999999999 043 1013 2 8599999999999999
 21  0  7 39 91152208242246223183138 98 73 72 94135183228252244208153 9426 217KG 737248191625399999999999999 116 -11333 6999999999999999
 40  3 -6 15 61123188238258243205157108 69 54 6610115120624926324019213226 218KG 8 3258195226399999999999999 147 -714 4 5499999999999999
 72 23 -3  3 38 94161223259259227179126 77 45 42 6711317022726226122517126 219KG 828264202826699999999999999 219 -51436 4099999999999999
112 57 17  6 27 72132197248265244200148 95 51 30 40 7612818723926224620326 220KG 85526521 526299999999999999 250  51510 3099999999999999
151 98 52 25 30 61110168225258254219170118 69 33 25 47 8814119723924822426 221KG 923261214425099999999999999 322 231545 2499999999999999
182138 94 59 47 64100146196238252231189142 95 53 27 30 58 9914819622622526 222KG 953252222723099999999999999 354 471623 2599999999999999
200167133100 78 79101134172210235232204164124 83 48 32 42 6810314518420426 223KG1025238231720599999999999999 429 7517 6 3299999999999999
199181160138116106113133157183208219209182150117 83 55 45 52 71 9813116226 224KG11 1219999999999999999999999 5 610518 1 4599999999999999
178179173164152139134140152165180194199189171149123 94 69 57 57 65 8411026 225KG 032180114919999999999999999 5551341932 5699999999999999
137157169176178172163157154154157165175181180174161139111 84 64 52 51 6326 226KG 344178132518299999999999999 8411542136 5099999999999999
 87117147172190197193181167153142138144157173185189181160128 92 60 38 3126 227KG 5 619715541899999999999999910531382254 3199999999999999
 42 69108150187211218208188161136119115125148176201212204177137 90 48 2026 228KG 55421817 62129999999999999911471152350 1299999999999999
 12 28 64115168210233232213180142110 93 94114149191223235222186135 79 3126 3 1KG 6292351758235999999999999991226 91999999999999999999999
  3  2 26 74136195236249236203158114 81 70 81114161212246252228182123 6226 3 2KG 658249184125399999999999999 033 -113 0 7099999999999999
 15 -5  4 41 99167225256253225180128 82 56 55 7912318023426225622016610426 3 3KG 724258191926499999999999999 111 -61331 5299999999999999
 46  7  0 23 70136203251263242200148 95 54 39 52 8814120225126624620114526 3 4KG 749263195426699999999999999 144 -114 1 3999999999999999
 85 35 11 19 55110176234263254217168113 64 35 34 6010616422125725622417726 3 5KG 814264202826199999999999999 214 101430 3199999999999999
123 71 35 29 51 95152211253258230184133 82 42 27 42 7812818423225023519726 3 6KG 83926121 025099999999999999 243 271459 2799999999999999
153106 67 47 57 90137189235254238198150101 58 32 33 58 9914919823023220726 3 7KG 9 2254213223599999999999999 3 9 471528 2999999999999999
172134 98 73 70 92128172214241239208165120 79 47 35 48 7912016420121720726 3 8KG 92624422 521799999999999999 335 681557 3599999999999999
182153124 99 89 99125159194222230213178139101 68 48 49 68 9813416919219626 3 9KG 949231224019799999999999999 4 1 891628 4699999999999999
183164144124111112127151177201214209185154123 93 70 60 67 8511013716217526 310KG1013215232417699999999999999 42610917 3 6099999999999999
174166156144133129135148164181194197185165143119 97 81 77 82 9411013014726 311KG1041198999999999999999999999 4551291752 7799999999999999
155158159158154148148152158164173179177168157143126109 96 89 88 9110111626 312KG 214159111917999999999999999 5351471953 8899999999999999
130142154164170169165161157154153157162163163161154140123106 93 82 78 8526 313KG 416170131416399999999999999 9351532152 7899999999999999
100119140162180187185176164150138135140150161171177172156132107 84 66 6026 314KG 51118816 51779999999999999910501352254 6099999999999999
 69 90119152182202205195176152130116116128148171191199190166133 97 65 4526 315KG 54320617 11999999999999999911311142337 4199999999999999
 42 59 91133175209224217194162129103 92101124158192217222204168123 79 4326 316KG 61022417432239999999999999912 3 92999999999999999999999
 26 32 61106159207236238217179136 97 73 71 92130177219243239208160106 5726 317KG 635241182224599999999999999 014 251234 6999999999999999
 23 15 34 77134194239256240202152102 63 46 58 93145202247264246202146 8726 318KG 7 0256185826499999999999999 048 1513 5 4699999999999999
 39 14 18 51105170229264261227175118 65 31 28 5410316522826927224118912926 319KG 726267193627699999999999999 121 121337 2599999999999999
 72 30 17 36 80140206257273250201142 81 32  9 20 5911818724827826722617226 320KG 753274201327999999999999999 154 171411  999999999999999
115 64 34 35 65115177236271265225169108 50  9  0 24 7213620525727325020726 321KG 822274205227399999999999999 227 301446 -199999999999999
158108 67 50 64101151206253267243194138 80 29  0  4 37 8815121225225422726 322KG 852267213325799999999999999 3 1 501522 -299999999999999
189148108 80 77 99135179223252248213165114 64 23  6 19 5410115720723322726 323KG 923255221723499999999999999 336 7516 2  699999999999999
204176146117102108131161194225237221186145103 61 30 23 38 6810815319120726 324KG 957237231120799999999999999 4121011647 2299999999999999
202188172152134127136153172194212214196169138105 72 49 44 55 7510413916726 325KG1036215999999999999999999999 4531271746 4499999999999999
181184182176164153150153159168180190191180165145120 92 72 62 62 72 9211926 326KG 056184113119299999999999999 5551501928 6199999999999999
145164178187188180170162155150151158168175177174162141115 90 71 60 61 7626 327KG 335188135717799999999999999 9231502124 5999999999999999
102132161186201203194178159141129127136152172187193184163132 98 68 50 4826 328KG 44320415561939999999999999910421272237 4799999999999999
 64 94133173203219217200173142117102103119148180206215205178138 95 59 3826 329KG 52422016592159999999999999911271012329 3699999999999999
 39 60 99149195226235222193154115 86 76 85113155198228235218182134 84 4626 330KG 55423517472369999999999999912 3 76999999999999999999999
 30 39 70119175222245241215173125 82 58 56 78119172221248247220175121 7026 331KG 620247182625199999999999999 010 301234 5499999999999999
 38 31 51 92149207246255234194143 90 52 37 48 8313519524226024621015910426 4 1KG 64525619 226099999999999999 044 3013 3 3799999999999999
 59 38 44 75125185236260249213163107 58 28 28 53 9915921825726023519114026 4 2KG 710261193626399999999999999 116 371332 2499999999999999
 90 55 48 67108162218255259230182127 73 32 17 31 6912318523726024921517026 4 3KG 73526220 926099999999999999 145 4714 0 1799999999999999
123 81 61 68 99144196241259242199147 93 46 18 19 47 9214920724525122819226 4 4KG 8 0259204025399999999999999 214 601428 1599999999999999
150110 81 76 95132177221250247214166115 67 30 18 33 6911817321924023220526 4 5KG 825253211224199999999999999 241 741456 1899999999999999
171135104 90 98125161201233243223183136 90 51 28 30 55 9414118721922520926 4 6KG 850243214422699999999999999 3 9 891525 2699999999999999
184155127108106122150183213230224195155114 77 48 38 50 7811515519020720426 4 7KG 915231221920899999999999999 3361041556 3899999999999999
188169147128119126144168192212216200170137104 75 56 56 71 9612715818219026 4 8KG 94221723 119099999999999999 4 41191631 5499999999999999
185175162148136135144158174190200196178155130104 83 72 74 8610512815216826 4 9KG1014200999999999999999999999 4371341716 7199999999999999
173174171165156149149153160169179183178166151134114 96 88 87 9210312114026 410KG 030174105818399999999999999 5291481836 8699999999999999
155165173178175168160155151150155162168168166159146128110 97 89 86 9310926 411KG 3 8178124016899999999999999 8441502048 8699999999999999
129150169185192188177163149137132136147160171178176163142119 97 81 74 8126 412KG 4 919215221789999999999999910 213222 1 7499999999999999
100127157185204209199178154130112108118138162185199198180152119 88 67 6026 413KG 44820916262019999999999999910481082252 6099999999999999
 72 99136176209226222200167130100 83 85105138176209225219193154112 75 5226 414KG 5192271714226999999999999991124 812334 4999999999999999
 51 71109157204236244226188142 97 64 53 66100148198237250235197149100 6226 415KG 5472451757250999999999999991158 53999999999999999999999
 43 51 81130186234258251216165108 59 30 29 56104165224262267241195141 9026 416KG 616260183826999999999999999 013 431232 2699999999999999
 54 44 61102158216259269244194133 72 24  3 15 5511618624827927323818713226 417KG 646270191928199999999999999 051 4313 8  399999999999999
 83 55 55 82130188243274266224165100 39 -3-12 12 6313220626328426722717726 418KG 71827620 028499999999999999 129 511346-1399999999999999
126 83 65 76109158214260274249198136 72 16-16-14 21 7714821926627425121326 419KG 751275204327699999999999999 2 7 651425-2099999999999999
169123 91 83102137183232263261225171113 54  6-15 -2 36 9316022125625523226 420KG 826267212825999999999999999 245 8315 6-1599999999999999
200163126104106127159199236254239200151 99 48 10  0 17 5410516421323623226 421KG 9 3254221823799999999999999 3251021551 -199999999999999
214190161134122128146172202228234215181141 97 55 27 22 38 6911215919721326 422KG 944235232221499999999999999 4 81221642 2199999999999999
212202186165146139143155172194210212196171141106 72 50 45 56 7811214917926 423KG1033213999999999999999999999 5 31391746 4599999999999999
195200198188172157149147151161176189192186172151123 94 73 64 67 8110713826 424KG 111200114919399999999999999 6481471917 6499999999999999
166186198201194180163149139136141155170182186181166142115 91 75 71 8010226 425KG 25020114 118699999999999999 8541362050 7099999999999999
132163189205210202183160137120114119136159181195197184160129 99 78 70 7826 426KG 35121015361989999999999999910 411422 0 7099999999999999
101134171202219219205178145115 95 89100124158190210213199171134 99 76 6926 427KG 4332211640214999999999999991052 892253 6999999999999999
 80108147189220232224199162121 87 69 69 88124168207228227207173131 95 7326 428KG 5 62321728230999999999999991129 672336 6999999999999999
 71 88123169211238240219183137 91 59 47 57 88134186226243234207167123 8826 429KG 53524218 92439999999999999912 2 47999999999999999999999
 72 79105146194233249237203157106 61 35 34 57 9915420824325123319915511326 430KG 6 3249184525199999999999999 012 721232 3299999999999999
 84 78 94127173220249250223178126 74 35 21 33 6711917822925425022318514226 5 1KG 631253191925699999999999999 046 7713 2 2199999999999999
104 85 89114154200239254238199148 94 47 19 18 43 8714520324425624020816926 5 2KG 659254195325699999999999999 118 831332 1599999999999999
128 99 91106138180222249248217170118 67 28 13 26 6211217022124924722419026 5 3KG 727253202525299999999999999 149 9114 2 1399999999999999
153119100104127162202236248231191142 92 48 21 20 43 8513819123024323120526 5 4KG 755248205824399999999999999 220 991433 1799999999999999
173140115108121148183217239236208165119 74 39 25 35 6610915920322923021326 5 5KG 824241213223299999999999999 25010815 4 2599999999999999
188159133118121139166197223232217185144102 65 41 38 55 8812917220521921326 5 6KG 85423222 921999999999999999 3211171538 3699999999999999
197175151132126135153177202218217197165130 94 65 51 55 7510514217720020626 5 7KG 927220225420699999999999999 3541261615 5099999999999999
200186169150138136145160179198207200180154124 95 73 65 72 8911514717519226 5 8KG10 6207235719699999999999999 43613617 1 6599999999999999
196193183169154144143148158173187193187172151127103 85 78 83 9711914617026 5 9KG1059193999999999999999999999 53914318 2 7899999999999999
186194194187174159147141141147160174182181173158137115 97 88 88 9811814326 510KG 134195122618399999999999999 7321401928 8799999999999999
169188200203195178158140128124130144163178186185173152127105 91 87 9511526 511KG 247203142318799999999999999 8581242051 8799999999999999
144174198213215202178149123105 99109130158184201204192167137109 89 83 9226 512KG 337216154320599999999999999 953 992155 8399999999999999
116150186215230226203168129 95 74 72 89121161198222227210180143108 86 8026 513KG 4172311642228999999999999991038 712249 7999999999999999
 93122163205235245231195148100 62 42 47 74119172218246247225187144106 8326 514KG 4542451733250999999999999991119 412337 7899999999999999
 80 99135181226254254227179122 68 28 14 28 6712418724026626223319014410426 515KG 53125818202689999999999999912 1 14999999999999999999999
 83 86111152202246267255215157 94 37  0 -7 17 6713420425727926723418914226 516KG 6 826719 727999999999999999 023 811243 -899999999999999
104 88 97127172222261272247197135 70 14-18-16 17 7414621826728126422918526 517KG 647272195428199999999999999 1 8 881327-2199999999999999
140107 97112144189237268267233179116 52  0-23-14 25 8515822626727325422026 518KG 728272204127499999999999999 152 971412-2499999999999999
179138112109127160202244266255217163103 43 -1-17 -1 39 9816722725825924026 519KG 811267213026299999999999999 2371071459-1799999999999999
210173139120121140170209243256239201152 97 45  8  0 17 5611117322224424226 520KG 856256222324699999999999999 3241181548 -199999999999999
226200169141127131147174206233240222189147 99 55 26 22 39 7412217421323026 521KG 945241232123199999999999999 4151271641 2199999999999999
228215193166143133135147169196218222208181147108 71 49 46 61 9013117420526 522KG1042223999999999999999999999 5171321739 4599999999999999
218218208189165144133132140158181200206198180153121 91 72 68 7910313717326 523KG 027220115420699999999999999 6371311844 6899999999999999
200213214206188164141127122126142164184195195184164136110 91 86 9311314326 524KG 137215132819699999999999999 8 21221955 8699999999999999
175200214216206185158132113105109125149175192199193176151124105 9810412226 525KG 23821615 119999999999999999 91210521 3 9899999999999999
150181207220219205179147116 95 86 9211214217419720820418716113311310511126 526KG 32722116132089999999999999910 6 8622 410599999999999999
130159191217228221200167130 96 74 68 7910614318120922021419416613611510926 527KG 4 822817 8220999999999999991050 68225610999999999999999
117140171205228234219189150107 72 54 54 7310915419722423222119616413411526 528KG 4452341752232999999999999991128 51234011199999999999999
112125152187220238235211173127 83 50 38 48 7712117221523924022219215812826 529KG 52124018322429999999999999912 3 38999999999999999999999
113116135167203233244230196151102 59 33 30 50 8914019323224824021618314826 530KG 55624419 824899999999999999 0201121237 2899999999999999
122113123149184220243243218176127 78 40 23 31 6110816321324525023420517026 531KG 630246194325199999999999999 0571131311 2299999999999999
137117116134165202234248236201154104 58 27 21 40 7813118522924924522219026 6 1KG 7 3248201725099999999999999 1311141345 2099999999999999
156128116124148182217242245222181132 83 43 23 28 5610015420423824623320726 6 2KG 736247205124799999999999999 2 51161419 2299999999999999
174143123120135163197228244235205160112 68 37 27 42 7612317421723923821926 6 3KG 810244212524199999999999999 2381191453 2799999999999999
191161135123128147176208233239221185142 97 59 38 38 60 9714419022323422626 6 4KG 84523922 123499999999999999 3121221528 3599999999999999
205178151131126136157185213230227204168127 88 58 46 54 8011716120122422726 6 5KG 922232224022899999999999999 35012616 5 4699999999999999
215194169146131130142162188212222214189156120 86 64 58 71 9813417420622226 6 6KG10 4222232322399999999999999 4331291646 5899999999999999
221208188164142130131142161184205212202180151120 92 74 73 8811314718220926 6 7KG1056212999999999999999999999 5271291733 7299999999999999
221217204184160138126125134152175195203196179155127102 88 8810112415518726 6 8KG 01422112 120399999999999999 6331241830 8699999999999999
21122121820418215513011511212013816418719919918716614111610110011013116126 6 9KG 112222132620199999999999999 7451111937 9999999999999999
192215226222205178145115 96 9110012215218320320920218315713111310811613626 610KG 213226145820999999999999999 853 91205210899999999999999
166198223233228206171131 95 72 66 7710514418421322622120117214312211312026 611KG 3 9234161322699999999999999 951 6622 411399999999999999
140171206233243233204161113 71 45 40 56 9214119022824524021718515212611626 612KG 4 12431716246999999999999991045 3923 711699999999999999
122145179216244253237199148 94 47 19 17 39 8414220024326225522919315612826 613KG 4512531812262999999999999991136 14999999999999999999999
117125150188228256261238193135 75 25 -2  0 29 8214821225727326323419515526 614KG 54026319 427399999999999999 0 41171227 -599999999999999
126117128157198240267266236185122 59  9-15 -9 27 8615722326627826423219126 615KG 628270195427899999999999999 0561171317-1799999999999999
151124118133164207249273266231176112 48  0-19 -7 33 9616823327027625722426 616KG 717275204127799999999999999 14611714 6-2099999999999999
183144121119137171215255274261222167104 43  0-13  5 4811118123926826724626 617KG 8 6274212627199999999999999 2341171455-1399999999999999
212172137118121141176219256268251210158 99 45 10  3 25 6913019524326125426 618KG 855268221026299999999999999 3221171542  299999999999999
231199161130117123144178218249256235198151 99 53 27 28 52 9515120624225126 619KG 944257225225199999999999999 4101171628 2499999999999999
240216185151125116123144175211236238219186147104 68 51 57 8212116921323826 620KG1035240233424199999999999999 5 11161713 5099999999999999
239226203174143121114121140168199219219204179148114 87 78 8711014418421726 621KG1131222999999999999999999999 5561141759 7899999999999999
23222921519316513611611011613315818520220419517815412810910411313316119226 622KG 019233124020599999999999999 658110185010499999999999999
21622622220818515712911010310712214617118919719418316514412912513214817126 623KG 1 9226141319799999999999999 8 7103195112599999999999999
196215223218203179149121101 92 9611113616318519820019317715814413814215626 624KG 2 5223154420199999999999999 913 9221 513899999999999999
176198215223217199172140110 89 79 8410213016218920721120418816815114314626 625KG 3 42231651212999999999999991010 79221714399999999999999
158178201219225217196164129 96 73 66 74 9813216920122022421319317115114226 626KG 3582251742224999999999999991058 66231514199999999999999
145160182207225230217190153114 79 58 54 6910014118421823423321719216614526 627KG 4472311824236999999999999991141 53999999999999999999999
137144163189216234234215181139 96 61 43 47 7011015720223424523621418415626 628KG 53123719 224599999999999999 0 21371221 4299999999999999
136133145170201229243236209168121 77 45 34 46 7912617722224725023320417126 629KG 612244193625199999999999999 0421321258 3499999999999999
143128132152182216242250234197150100 58 33 31 53 9514719923925524722218926 630KG 65025020 925599999999999999 1191281334 2899999999999999
156132124135162197231252251224181130 81 43 27 36 6811617122125125523820726 7 1KG 727255204025799999999999999 15312414 9 2799999999999999
172141123124143175212244257245209161109 64 35 29 49 8914219623825624922326 7 2KG 8 2257211125799999999999999 2271211442 2899999999999999
190156129119128153188225251254231190140 92 54 35 41 7011516821825025523726 7 3KG 838256214125699999999999999 3 11191516 3499999999999999
207173141120118134163199233252245214170124 81 51 44 60 9514219323525424726 7 4KG 915252221225499999999999999 3371161549 4399999999999999
223191158129114119139169205234245230196155114 79 58 61 8412216721324425126 7 5KG 955245224525199999999999999 4161141624 5699999999999999
235208177145119110119141171205230234215184148114 85 74 8311014618722524626 7 6KG1040235232224799999999999999 45911017 2 7499999999999999
243223196165133110105116138167199220222205180151122100 9510713216420023026 7 7KG1134224999999999999999999999 5481041747 9499999999999999
242235214187155123102 9710712815718820921320318516213812011712814917520526 7 8KG 0 5242124321499999999999999 646 97184111699999999999999
229237229209182148114 92 86 9311214217520021120919817915714113614315717926 7 9KG 057237141921299999999999999 756 86195313699999999999999
206227235228210180142106 80 69 73 9312616319621622321719917715914914915926 710KG 2 323516 122399999999999999 913 69213014799999999999999
178204226237234214181139 97 65 49 51 7211015519722724023621819316915214726 711KG 3162381715241999999999999991023 47225514799999999999999
155175202229245244223184136 87 48 27 29 54 9815320524225825323120117014826 712KG 4262471815259999999999999991125 25999999999999999999999
140148171204237258257232187132 75 31  8 12 43 9415821725827326423620016326 713KG 52726019 527399999999999999 0 01401221  699999999999999
138131142171210249272269238187125 63 16 -6  3 4010017023327328226623219026 714KG 623274194928299999999999999 0531301312 -699999999999999
150125121139173219261284276238181115 52  6-10  6 5011518925028328225821926 715KG 714285202928699999999999999 1401201359-1099999999999999
174134113115138178228271290274230171105 45  6 -2 22 7214021126528527324226 716KG 8 229021 528599999999999999 2241111443 -399999999999999
200155119104113142185236275285262216158 97 45 16 19 5010316923327227725626 717KG 847286213927999999999999999 3 61041524 1399999999999999
221179137107100115147191239270270242198147 94 53 37 50 8613819824827026226 718KG 930274221127199999999999999 347 9916 1 3799999999999999
235200159122100100120152194235256248219182139 98 70 67 8812417122025426026 719KG1012256224226199999999999999 427 971636 6599999999999999
242214180143112 98104125155192224235224200171139110 9510112415719623124926 720KG1057235231525099999999999999 510 981711 9599999999999999
24422319616513210810110912715418520721320518916914612812313315318020923126 721KG1150214235123899999999999999 556101174812299999999999999
23822820818315512710910411012514817319119719518817516014914815617119021026 722KG1311197999999999999999999999 653104183514799999999999999
22422521619917715112711010410711913816017819019619418717616716516817719026 723KG 036226152119699999999999999 811104195716599999999999999
205214217211197176151127108 98 9810912815117419320520720019017917116817326 724KG 147217164220799999999999999 931 97215016899999999999999
184198209215213200178151123101 87 86 9812115018020521922121219718016716126 725KG 3182161737222999999999999991035 8423 216199999999999999
166178195211222221206179147114 87 72 73 9012015719422223523221719517215526 726KG 4262231817236999999999999991125 70235115099999999999999
150159177200221234230209176137 98 69 56 64 8912817321424124823621318415826 727KG 51923518512489999999999999912 8 56999999999999999999999
142142157182212237247237207165120 78 51 45 62 9714519523625625323220016726 728KG 6 2247192125899999999999999 0301401246 4499999999999999
141130138162195229254258237197148 98 58 37 41 6911517022225726525021918126 729KG 641259195026699999999999999 1 51301320 3599999999999999
147124122140172212248268261229180125 76 41 31 48 8814220024827126523719926 730KG 716269201727299999999999999 1371201353 3199999999999999
159127112120147187231265275255212157103 58 34 36 6611517423126827525421826 731KG 751275204327799999999999999 2 91121424 3199999999999999
175136109105123159204247275272239190136 86 49 37 54 9414820725727926823626 8 1KG 82527821 927999999999999999 2411041454 3799999999999999
194151115 97103131171218258275259219169119 76 51 54 8212718223627227625126 8 2KG 9 1275213727899999999999999 315 961525 4999999999999999
212170130 99 91106140182227261266240198154112 78 66 8011516121125427426226 8 3KG 93926822 627499999999999999 350 901557 6699999999999999
229190149112 89 90112146188229253249221185148114 91 9111214718823026026526 8 4KG1020255223926699999999999999 428 861632 8899999999999999
243208171133100 85 9211514818622223923020718015312711412014317220523725526 8 5KG11 9239231525699999999999999 510 84171011399999999999999
249224193160124 96 85 9311314217620722121620218516614714014816518721123326 8 6KG1211221999999999999999999999 6 2 85175714099999999999999
243234214187157123 97 86 8910412815918820521020819918517116516717618820626 8 7KG 0 124314 521099999999999999 712 8519 916499999999999999
223231227213191162128100 83 78 8610713917119721422121920719218017417418026 8 8KG 1 8231161622299999999999999 852 78213617399999999999999
195212225230223204173135100 74 61 64 8512016119822624124022620518416816126 8 9KG 2542301725242999999999999991019 6023 616199999999999999
166183206229242241221185140 95 59 39 42 6710916121024626225723620617515226 810KG 4252441815262999999999999991124 38999999999999999999999
143151174207240261261237193138 83 41 20 26 5811017323026727826523419415626 811KG 529264185527899999999999999 0 21431217 1999999999999999
131125140172216258282278245193130 69 25  8 22 6312519525428628626122017326 812KG 622284193029099999999999999 04712513 3  899999999999999
132110111135177229276297285243183117 56 16  8 32 8315222427729528124519726 813KG 7 829720 229599999999999999 1261071344  799999999999999
147108 93104137187244289302279230168103 48 19 24 5811518625229129226422026 814KG 750302203129699999999999999 2 4 931421 1799999999999999
170121 89 85105146200257293293261210152 93 50 36 53 9515422027329227623826 815KG 830298205929299999999999999 240 831456 3599999999999999
192142100 79 85114158213262285272236189138 91 63 64 9213719324828127925026 816KG 9 8285212728599999999999999 315 781527 6099999999999999
209164120 87 78 94127171220257265245211172132 99 8710113317522326127425626 817KG 945266215327499999999999999 349 781557 8799999999999999
221182142105 84 8610714018022024324021919216313411611713716820423825925526 818KG1023245222026199999999999999 424 82162611499999999999999
230197162128101 90 9912014918221022221620018316314513914716719221823924526 819KG11 6222224824599999999999999 5 1 90165613999999999999999
23220818015212410610211112715017619520119919218317216316217118520121822826 820KG12 6201232022999999999999999 546101173116199999999999999
22621319517415112911511211612714416317818719219519218618118118318919820726 821KG15 1195999999999999999999999 655112183718099999999999999
21221020319317715713812411511211813214916618319820620620119518818318218626 822KG 011212163220799999999999999 851112214218199999999999999
19320020420520018616614512510910010411813916419021222222121319918417116726 823KG 2492051724223999999999999991012100225416799999999999999
173183196209217214197172144116 93 84 9010913917320723123923221419216915426 824KG 41421717582399999999999999911 7 83233815199999999999999
152163182204224234227204171133 98 73 67 8011015019423125125023320517414826 825KG 5 72341827253999999999999991149 67999999999999999999999
136141161190221245252236202159114 76 55 57 8112317322225626625222218514926 826KG 549252185326699999999999999 0121351225 5399999999999999
125120136168207244266264236191139 90 55 43 57 9514720525227627124220115726 827KG 625269191827899999999999999 0431191257 4399999999999999
122105111140182229267282266225171115 68 42 43 7112118124027828526222017226 828KG 659282194228799999999999999 1131041328 3899999999999999
127 97 90110150201252286288257206149 94 55 40 57 9815521827029328024119226 829KG 73329120 729399999999999999 144 891358 4099999999999999
141 98 77 84117166222272295281239185129 81 53 54 8313219325229029226121326 830KG 8 8295203329699999999999999 215 761428 4999999999999999
160111 76 67 87129183240282291264217166117 79 64 8011816922627429327523226 831KG 84429221 029399999999999999 247 661459 6499999999999999
182132 87 62 66 97142197249280275242198155115 89 8811415420224928128124926 9 1KG 921282212928699999999999999 322 601531 8599999999999999
203156110 74 60 7410815320424826625222118615312311012014918422325827325826 9 2KG10 226622 027399999999999999 358 6016 411099999999999999
222180139 99 71 67 8511715720123424322920718416114113715217620323125225526 9 3KG1050244223625799999999999999 440 65164213699999999999999
234202168133100 79 78 9411915118621222021320319117616516517619020722423726 9 4KG1154220232123899999999999999 531 76172816399999999999999
234217194169140110 92 88 9511013516518920220821020619618718418619019720926 9 5KG1455210999999999999999999999 648 8719 118499999999999999
218220213201182155126103 89 85 9311414317219721622622621620319018017517826 9 6KG 039220162722799999999999999 852 85221017599999999999999
190204216222219202174139107 81 68 72 9312716720423324724422820518116115226 9 7KG 3112221720248999999999999991018 68231115299999999999999
157174200225242242224189145101 66 49 54 8112517622425626625522919315913526 9 8KG 4322441758266999999999999991117 48235312799999999999999
127139167205243266265239195141 88 49 34 46 8213719925027827825421516912926 9 9KG 52826818302819999999999999912 4 34999999999999999999999
106106128169220265287279244190129 73 37 30 52 9916322927629227723918913826 910KG 614288185829299999999999999 0301031244 2999999999999999
 99 83 94128180239285300281236177114 61 34 40 7312919826029529226121215726 911KG 655300192629899999999999999 1 4 831320 3399999999999999
106 74 70 93138198258297300269219159100 58 45 6410716723428429927723317926 912KG 734303195229999999999999999 137 681353 4599999999999999
124 79 59 68103155217272297286248197143 94 66 69 9914720626229328624919926 913KG 810298201829599999999999999 2 9 581424 6399999999999999
146 96 62 56 78120175233276285262222177132 96 8510213818623827728626021526 914KG 845286204428799999999999999 241 551453 8599999999999999
166118 77 58 66 9614119324126726223520016312910811213717421625527526422826 915KG 91926921 927699999999999999 311 57152110799999999999999
184140100 71 66 8411715920423824923621118415713512914216920123425725823526 916KG 953249213426199999999999999 343 65154812899999999999999
199161124 94 78 8310413517020422522621319517715914915216919121423524423426 917KG1031228215924499999999999999 415 77161614899999999999999
209178148120 99 9310112014417219520620519819018017016717318519921422522426 918KG1121207222722699999999999999 453 92164816799999999999999
21119117014812611210911512614316317918819219519418918418318618919520320726 919KG142319523 820799999999999999 548109174318399999999999999
20419618617315613912712011812213414916417819120220620319819218618118118626 920KG1559206999999999999999999999 755118212718099999999999999
19019319519318517015213612111111011913615618020221822221620418917416416326 921KG 218195165022299999999999999 936109223316299999999999999
170181194205209202183159134110 95 9410713116119422323723522119917315214226 922KG 3532091722238999999999999991035 92231214199999999999999
146161183206225229216189156121 92 77 8110313817921924725424021318014712526 923KG 4462301749254999999999999991117 76234412099999999999999
121135162196228248247224186142101 72 63 7711115820824926826123319315011626 924KG 5272511813269999999999999991153 63999999999999999999999
 99105132173218255270258222174123 80 57 59 8613318924227628025521216211526 925KG 6 3270183728299999999999999 013 981225 5499999999999999
 84 78 98139192244280284258211156103 65 52 6810816422527329327723518112526 926KG 63928719 229399999999999999 043 771257 5299999999999999
 80 58 66101154216270297287248194138 89 60 60 8913920025829529425920514526 927KG 714298192929999999999999999 114 571329 5699999999999999
 89 51 42 64112174239288301278231177125 83 67 8112017423328230027822917026 928KG 750302195630099999999999999 146 4114 1 6799999999999999
111 60 33 38 73127193255293292260213164119 89 8711215420625829128925119726 929KG 828298202629599999999999999 220 311435 8499999999999999
140 85 43 28 46 8714320626028427223819815812310611514518422926828426522126 930KG 9 8285205728499999999999999 257 2815 910599999999999999
169118 71 40 36 611031552102522642482201901601361301451732052382642642372610 1KG 951264213226899999999999999 336 34154512999999999999999
195152110 71 49 53 771131572032332382262091901691541551701892112342472402610 2KG1042239221124799999999999999 420 48162615399999999999999
214182149114 83 68 71 891151501852092162132081981841751751821912032172252610 3KG12 321623 422599999999999999 516 67172517499999999999999
218202182158129103 87 84 911081351651882032122162112001901831791791841952610 4KG1458216999999999999999999999 646 84203817899999999999999
204207204195177150123101 88 85 951181481782042222302262121941761621561602610 5KG 05820716 823099999999999999 845 8422 515599999999999999
174193209218215199171137105 82 73 811061421822172402462362131831551341282610 6KG 31921916522479999999999999910 3 73225512899999999999999
137161192221239238218184141100 71 62 731051512002392602582362011591241042610 7KG 4282411725262999999999999991057 62233310199999999999999
103122158202241261257230186135 90 61 57 77118172226263274259223176127 912610 8KG 5192621753274999999999999991141 56999999999999999999999
 76 86117166221263278265229178124 79 57 62 92143203255281277246198142 932610 9KG 6 2278182028399999999999999 0 7 761219 5699999999999999
 62 58 80124183242280286263219165111 74 63 80119175235277287265220164107261010KG 641288184728899999999999999 038 571252 6399999999999999
 62 43 53 87141205261289282249202149102 77 79107153209261288278239186129261011KG 717290191328999999999999999 1 9 431324 7499999999999999
 76 41 36 60105164227273286267229183136100 88104139187239276283255206151261012KG 751286194028599999999999999 140 351354 8899999999999999
 97 53 33 43 78128188243274272245207166128106108133171216257277263223173261013KG 82527720 627799999999999999 210 33142410399999999999999
121 75 44 39 61101153207249264250222188154127119132161198235261262235192261014KG 858264203326699999999999999 240 37145311999999999999999
145100 64 47 55 84125173217243245227202175150134137156184214241252239206261015KG 932247205925299999999999999 311 47152113399999999999999
166126 90 66 61 77106144183215229223208189169153148156175197219234233213261016KG1010229212623699999999999999 343 60155214799999999999999
183150119 92 78 80 97123153184204210206196184171162162171184198213219211261017KG1057210215921999999999999999 420 77162816199999999999999
193170146121102 94 98111130153176190196197195188179174173176181190198200261018KG1254197224420099999999999999 5 8 94173417399999999999999
194183169151132117109109114127146164179190199202198189182175170169174181261019KG1454202999999999999999999999 634108204016899999999999999
185186184177163146129117109109119136157177196211215208195180164152149155261020KG 051186155121599999999999999 833108215014999999999999999
167179190196193178157135115101 98109131158188213228228214191165142127126261021KG 312197162923099999999999999 943 98223212599999999999999
139161185206216211191163132105 88 88105135172209236246235209174138111 99261022KG 4122171658246999999999999991032 8623 6 9999999999999999
106131165201229239227198160122 91 77 83109149195236259257232191144103 77261023KG 4582391725261999999999999991113 762338 7299999999999999
 73 93132180225255259237198152108 79 71 87124174225263275256215161107 65261024KG 5392611753275999999999999991150 70999999999999999999999
 46 55 90142202252278271238191140 97 73 74101147203254283278242187125 69261025KG 618279182228599999999999999 011 461226 7099999999999999
 32 24 47 95159225275291273232181130 91 75 88124175232276290267217154 90261026KG 657291185229199999999999999 045 2313 2 7599999999999999
 37  8 13 49108178246288292265221170123 92 88110151203255287284246188123261027KG 737295192529199999999999999 121  61339 8699999999999999
 62 15 -2 15 60123195257288282250208163123102107135176224267285266219161261028KG 81829020 028599999999999999 159 -2141710199999999999999
100 44  7  1 27 75138205257276263233198160129118130158195236267270242195261029KG 9 2276203727399999999999999 240 -1145711899999999999999
142 88 40 13 16 44 90147206246256242219191162140136150174204235255249219261030KG 950256211825699999999999999 324 11154013599999999999999
178134 88 49 30 36 62101150197227234225210190168153152163179200223235226261031KG104923422 623599999999999999 414 29163215199999999999999
202171136 98 67 52 56 751061451842092172162091951771641611631721862032132611 1KG1219218231421399999999999999 515 52175816199999999999999
209195175148116 89 74 72 821051381711962102162132011841681571521541651812611 2KG1413216999999999999999999999 638 71201715199999999999999
195201198187165137109 89 81 851021311651932142242212071851611421301291412611 3KG 111201152022499999999999999 813 80213312899999999999999
163185203209203184155123 98 83 841011311682022262352282071761431171031042611 4KG 3 320916 523599999999999999 928 82222410199999999999999
122152186213225220199166129 99 83 84104139181219241245229197156116 87 762611 5KG 4132261640246999999999999991025 8123 5 7699999999999999
 84112153196229242233207168128 96 82 89114155201238255247219176127 85 592611 6KG 5 62421711255999999999999991111 822340 5499999999999999
 55 74112164213246254239206163122 93 85 99132178225256261240199148 96 552611 7KG 5492551740262999999999999991151 85999999999999999999999
 37 44 75124182233260260237198154114 92 94116155203246266256221171116 652611 8KG 628263181026699999999999999 013 361226 9099999999999999
 32 25 45 87144205250267256226185142109 97108138181227260265240195140 852611 9KG 7 4267184026799999999999999 044 2413 0 9799999999999999
 41 19 26 57108168225260265245210170131107106127162204244264253216165110261110KG 73926719 926499999999999999 115 18133210499999999999999
 60 26 18 37 78133192240261254227192155124111121147184223252257232188136261111KG 813261193925899999999999999 147 1714 411199999999999999
 86 44 22 27 57102157210244252236208175144123121138167202234250241207162261112KG 84725320 925099999999999999 218 21143511999999999999999
113 69 38 29 45 80126177218239237217191162138127134154183213235239219183261113KG 921241204024099999999999999 251 2915 712799999999999999
140 98 63 43 45 66102145188218228219201178155139136147167191214227221197261114KG 959228211222799999999999999 325 41154113599999999999999
163126 91 65 55 63 87120157191211214205190172154144145155172191208213202261115KG1042215215021399999999999999 4 2 55162414399999999999999
180151121 93 75 71 81102131162188202204198187171157150150156168183195197261116KG1141204224019799999999999999 445 70172714999999999999999
187170148124101 88 85 94111135162184197201198189175160150146148156169180261117KG13 6201999999999999999999999 541 85191514699999999999999
184181170154133113100 95100114136161183198206205194177158142132130138153261118KG 0 0184142420699999999999999 7 0 95204213099999999999999
169180184180166146125108 99100113135163188207217213197172145123109107119261119KG 2 0184151621799999999999999 824 98213810699999999999999
141165186198197182159133111 98 98112138170201223230220194159123 94 79 82261120KG 326199155623099999999999999 931 962221 7899999999999999
102135171201218217198168136109 94 95114146184219240241220182135 92 60 49261121KG 4252201632243999999999999991026 9323 1 4999999999999999
 60 92137185223241235210173135105 91 96121159203239256245211161106 57 27261122KG 51524217 8256999999999999991114 902340 2199999999999999
 22 44 89146204246260248216173132101 90102133177224257265242195135 74 25261123KG 6 12601745266999999999999991159 90999999999999999999999
 -1  4 37 93160223264273253215170128100 94113149196242270266231175110 47261124KG 646273182327399999999999999 021 -21243 9399999999999999
  0-19 -4 39103175239274275250210165124101103126166213256275259215154 88261125KG 73127919 427599999999999999 1 3-191326 9999999999999999
 27-15-25 -2 47115188247274268241202159123107114141180225262271246197137261126KG 817276194627299999999999999 147-26141010699999999999999
 73 17-18-20  8 60127197247266255228192154124114126152190230259259230182261127KG 9 5266203126399999999999999 234-23145611499999999999999
126 67 17 -9 -5 25 75138200241252240216184151127122134159192226248242213261128KG 954252211924999999999999999 322-11154512299999999999999
170121 70 28  9 16 45 90146199230236226205178150131127137157186215230224261129KG1047237221323199999999999999 412  8164212799999999999999
199164123 80 46 32 40 65104152195219224215198174149132127133148172197211261130KG1146224231721299999999999999 5 7 32175312799999999999999
207190164131 96 68 57 63 831161561912112162101951721471281201211331541782612 1KG1252216999999999999999999999 6 8 57192011999999999999999
193196187169144114 91 79 82 981261601902092142091931681411181061041141352612 2KG 041196135921499999999999999 717 79204110399999999999999
161181192191180158132109 97 97109133164193211217210190161129102 86 83 952612 3KG 226193145721799999999999999 830 952143 8399999999999999
119150178196201192172146122107105117140170199218221210184149111 81 65 642612 4KG 352201154422299999999999999 9391052232 6299999999999999
 80111150184207213204182153128112110123148180210226225206172131 89 59 452612 5KG 45421316252289999999999999910371092314 4499999999999999
 50 74113158198221225211185154127112113129158193221233224196155108 65 372612 6KG 54222617 42339999999999999911261102351 2999999999999999
 29 43 77124175215234232213182148121110116138171207232237217180133 84 432612 7KG 62323617412389999999999999912 8110999999999999999999999
 20 22 46 89143195231243233207172138115110123151187221240234205160109 602612 8KG 7 0243181724199999999999999 026 18124510999999999999999
 24 11 23 58108165215242244226194158126109113133166203233242225187137 852612 9KG 734246185224299999999999999 1 0 11132010899999999999999
 39 12 10 34 77132188229246238212178143117108120147183218240238210165113261210KG 8 8246192624299999999999999 134  8135410899999999999999
 63 25  9 19 51100156206237242224195160129111112131162198228240226190142261211KG 841243195924099999999999999 2 8  9142710999999999999999
 92 47 19 14 34 74125177218237231208177145120111120144176208231232209169261212KG 914237203323499999999999999 241 1315 011199999999999999
121 75 39 22 28 55 98148194224230216191161133116115129154185213226218189261213KG 94723121 822699999999999999 314 21153511399999999999999
148105 65 39 32 47 79121167204223220202177150127116119136160188210215200261214KG1021224214721699999999999999 349 32161511599999999999999
170133 95 64 47 48 68101141180209218209191167142123116122137160184201201261215KG1058218223220399999999999999 425 4517 211699999999999999
184157125 94 70 60 67 89119155188209212201183160137119113118132152174189261216KG1141213232819099999999999999 5 5 6018 011399999999999999
188174152127102 83 77 85105133164192208208197179156131112104107120140162261217KG1231210999999999999999999999 553 77191110499999999999999
178181173158137115 98 93100116141169194208208197178150121 99 88 89102124261218KG 044182133120999999999999999 654 932025 8799999999999999
151173183182171153131113106109122145172197211212200175142107 80 65 65 81261219KG 224184143421399999999999999 8101062129 6399999999999999
110144174193198190171146125113113124146175202219219203171130 88 56 38 40261220KG 353199153322199999999999999 9331122225 3799999999999999
 61 98142183210219210187158132116113124148181211229228205165116 67 29 11261221KG 45921916262319999999999999910441122317 1099999999999999
 16 45 91146196228238226199165134114110124152189223242236206157100 45  4261222KG 5552381717243999999999999991142109999999999999999999999
-13 -2 34 91155211246253236204165130109107125158200236253242204148 84 24261223KG 64625318 725499999999999999 0 7-13123510599999999999999
-17-31-13 32 96167226258260238201159122103105128166211249262244199137 70261224KG 733263185626299999999999999 056-31132310199999999999999
  9-31-38-14 37107181238265260232192149113 98105132174221257265240190126261225KG 819266194426699999999999999 144-401410 9899999999999999
 59  0-34-35 -4 51123195246263251220179136105 94107137180227259260229178261226KG 9 2263203226399999999999999 231-381456 9499999999999999
116 52  0-26-19 16 73143208248255236204164124 97 93109140183226252246213261227KG 943256211925499999999999999 317-271542 9299999999999999
165109 52  9 -7  7 44 99162217244241219187149113 92 93110141181219237226261228KG102224622 823799999999999999 4 1 -71629 9099999999999999
195153106 60 28 21 39 75125179220234224201171136105 90 92109137173204216261229KG11 1234225921699999999999999 445 201719 8999999999999999
205179147110 74 53 54 73105147190217221208187159127100 88 91105129159184261230KG1141222235419399999999999999 528 511817 8799999999999999
193186169146119 94 82 87105132165196212210197176149118 94 83 84 95116143261231KG1223213999999999999999999999 611 821925 8299999999999999
