  5 20 44 74101118125126123116106102105110116122125120104 82 58 31  5-1426 1 1KK 65412616 01259999999999999911 31022345-1999999999999999
-18 -7 14 44 80112130135134127115103 99104112119127131124104 78 50 19-1026 1 2KK 7131361658131999999999999991154 99999999999999999999999
-29-29-13 14 50 90123139140135124108 96 94103113123133137128104 74 43 1026 1 3KK 737141175413899999999999999 030-311236 9399999999999999
-21-36-31-11 20 59101132142139129115 98 87 90102114125137141127100 69 3726 1 4KK 8 7142184614199999999999999 114-371317 8799999999999999
  3-25-35-24 -1 32 72112136140132120105 88 81 89102113126137138121 93 6326 1 5KK 840140193414099999999999999 157-351357 8199999999999999
 33  2-21-24 -9 16 48 86120135132122110 95 81 79 88100110122132129110 8426 1 6KK 915136202013399999999999999 237-251439 7899999999999999
 58 32  6 -8 -4 13 36 66 99123129122113101 87 77 78 87 95103114121114 9626 1 7KK 95112921 412199999999999999 315 -81524 7699999999999999
 75 56 35 18 13 22 37 57 82107121121113104 93 82 75 77 82 87 93102105 9826 1 8KK1025123215010599999999999999 350 131617 7599999999999999
 84 70 57 44 36 38 48 61 77 96111117112105 97 87 78 73 72 73 76 81 88 8926 1 9KK10571172242 8999999999999999 420 361737 7299999999999999
 84 76 69 63 58 57 63 72 82 93105111111105 98 90 81 73 67 64 63 64 69 7426 110KK1123112999999999999999999999 436 5720 4 6399999999999999
 76 75 74 73 73 74 78 84 91 97104109109105 99 91 83 75 66 59 53 51 53 5826 111KK 0 5 76113611099999999999999 342 7321 6 5199999999999999
 64 69 73 78 82 86 90 95 99103107109109106100 93 85 76 67 57 48 42 40 4326 112KK11301099999999999999999999992154 40999999999999999999999
 50 59 69 78 86 93 98103106108109110110107103 96 89 80 69 58 46 37 30 3026 113KK11191109999999999999999999992234 29999999999999999999999
 36 47 60 74 87 97104108110111110110109109106101 95 86 75 62 48 35 25 1926 114KK 8511119999999999999999999992312 19999999999999999999999
 22 32 47 65 84 99109113114112109107106107108105101 95 85 70 54 39 24 1326 115KK 74411413321089999999999999911381062347  999999999999999
 10 17 32 52 75 96111118117113108103100103106108108105 97 83 65 46 27 1126 116KK 7231181513108999999999999991156100999999999999999999999
  2  4 17 37 62 89110121121116108 99 93 95101108112113110 98 79 58 36 1526 117KK 733122165611399999999999999 020  11218 9399999999999999
 -1 -6  2 21 46 76104121125120110 98 88 86 92102111118120114 96 73 49 2426 118KK 750125175412099999999999999 051 -61243 8599999999999999
  2-10 -8  7 30 60 92118127124114100 86 78 81 93105116125126114 91 64 3826 119KK 8 9127183912799999999999999 120-111313 7799999999999999
 12 -8-13 -3 18 44 77109127127118105 89 75 71 80 95108120130127109 82 5526 120KK 831129192213199999999999999 149-131346 7199999999999999
 28  4-10 -7  9 32 62 95121129122110 95 78 66 68 80 95108122130123100 7226 121KK 85712920 413199999999999999 219-111424 6599999999999999
 47 22  2 -4  7 26 50 80110127126114101 85 69 61 66 79 92106120125113 8926 122KK 925129204912599999999999999 250 -415 6 6199999999999999
 65 44 23 10 12 27 46 69 96118126118105 91 76 62 57 63 74 8610011311510126 123KK 955126213711699999999999999 323  91554 5799999999999999
 81 63 46 32 27 34 49 67 87107120120108 95 81 67 55 51 57 66 77 9010110226 124KK1026122223310399999999999999 357 271651 5199999999999999
 92 78 66 56 49 49 58 72 85100112117111 98 85 72 59 48 44 47 54 65 78 8826 125KK10561172346 9199999999999999 430 4818 0 4499999999999999
 91 86 79 75 71 70 73 81 91100107112111102 89 77 64 51 40 35 36 42 51 6426 126KK1123113999999999999999999999 457 701919 3599999999999999
 76 83 85 86 88 89 91 93 99104108110110106 96 83 71 58 45 32 24 23 28 3826 127KK11351109999999999999999999992040 23999999999999999999999
 52 68 80 89 96102106107108109110110109107103 94 82 68 54 38 23 12  9 1426 128KK10301109999999999999999999992154  9999999999999999999999
 25 43 64 83 98109116118117113110109108107106104 97 85 69 52 32 13 -1 -526 129KK 7 51189999999999999999999992252 -5999999999999999999999
  1 16 39 66 92110120125124117109103103105107109110105 91 71 50 26  2-1426 130KK 72012515501109999999999999911311032340-1899999999999999
-17 -6 13 41 74105122128127121109 97 93 96102108116121115 97 73 47 19 -926 131KK 71912817 5121999999999999991155 93999999999999999999999
-25-23 -8 16 50 89119131130124112 94 81 82 91101111125132123 99 72 43 1026 2 1KK 72013218 013299999999999999 022-271227 8099999999999999
-19-30-22 -2 27 66106130134126114 97 77 67 74 87100116133139124 96 68 3726 2 2KK 739134184713999999999999999 1 1-3013 2 6799999999999999
  3-22-25-11 13 45 86121135129117101 80 62 59 70 85100120138137117 89 6226 2 3KK 8 6135193014099999999999999 138-261339 5899999999999999
 31  0-15-10  8 33 67105130132120105 87 65 52 55 69 83100121134127105 8026 2 4KK 835134201113499999999999999 212-161417 5199999999999999
 55 28  7  2 14 33 57 89118130123108 92 73 55 48 55 67 80 98116122111 9126 2 5KK 9 3130205112299999999999999 244  11458 4899999999999999
 72 52 32 22 26 40 58 81106123123110 95 80 63 50 48 55 64 77 92105106 9526 2 6KK 929125213210799999999999999 312 221541 4799999999999999
 80 67 54 44 44 53 67 82 99114119111 97 84 70 56 48 48 53 60 71 84 91 9026 2 7KK 9501192217 9299999999999999 333 431631 4799999999999999
 82 74 68 63 62 67 78 89100110115111 99 86 74 62 52 47 46 49 55 64 73 7826 2 8KK10 31152320 7999999999999999 340 611737 4699999999999999
 78 76 74 74 76 80 88 96104110112110101 89 78 67 58 50 45 43 44 48 56 6426 2 9KK10 4112999999999999999999999 237 741910 4399999999999999
 69 72 76 81 85 90 96103108111112109102 92 81 72 64 55 47 42 38 38 41 4826 210KK 9501129999999999999999999992043 38999999999999999999999
 56 64 72 82 91 97103107111112111108103 95 86 78 71 62 53 44 38 32 30 3426 211KK 8471129999999999999999999992155 30999999999999999999999
 42 52 64 78 92102108111112112109106103 98 91 85 79 72 62 51 41 32 24 2226 212KK 8131139999999999999999999992248 22999999999999999999999
 27 38 53 70 88103112114114111106101 99 98 95 91 88 84 74 61 48 35 23 1426 213KK 7191149999999999999999999992329 13999999999999999999999
 15 24 38 58 80101114117115110103 95 93 95 96 97 97 96 89 75 59 43 26 1126 214KK 7 11171614 97999999999999991158 93999999999999999999999
  5 10 24 44 69 95114120118111101 89 84 86 93 98104108106 93 74 55 34 1326 215KK 7 8120171610999999999999999 0 2  512 8 8499999999999999
  0  0 11 30 56 86112123121113101 85 74 74 83 94104115121113 93 70 47 2226 216KK 719124175812199999999999999 030 -21228 7399999999999999
  0 -7  1 18 42 74106125126117103 85 67 60 68 82 97113128131115 89 63 3626 217KK 732127183713299999999999999 056 -71255 6099999999999999
  9 -7 -5 10 32 61 97124131122107 89 66 50 51 65 83101123138134110 83 5526 218KK 750132191713999999999999999 123 -91327 4899999999999999
 27  2 -6  5 26 51 84117134129113 94 71 48 37 45 63 83106130141129103 7626 219KK 814135195814199999999999999 152 -614 4 3799999999999999
 49 22  5  7 24 46 73105130134120100 79 55 34 30 42 60 82107130135119 9426 220KK 840136204213699999999999999 223  41444 2999999999999999
 71 48 28 20 29 48 69 94120133125106 85 63 41 26 26 39 57 7910412212210726 221KK 9 8133213012599999999999999 255 201528 2499999999999999
 88 71 54 43 43 56 73 90109125126112 91 71 52 33 22 24 36 52 73 9510810726 222KK 934127222511099999999999999 328 411619 2299999999999999
 97 86 76 68 65 70 81 94106116121114 97 78 61 45 30 22 23 32 46 63 81 9226 223KK 9561212343 9599999999999999 357 651721 2199999999999999
 94 91 88 87 86 88 93101108113115112101 86 70 56 43 30 23 22 27 38 52 6726 224KK 959115999999999999999999999 4 2 861837 2199999999999999
 78 85 90 95100104107110113114113109103 93 80 68 56 44 32 23 19 21 28 3926 225KK 8541149999999999999999999992011 19999999999999999999999
 54 69 83 94105113117118117115112108102 97 90 82 72 61 48 35 22 14 13 1826 226KK 6581189999999999999999999992142 12999999999999999999999
 30 47 67 87103114121123120114108104101 98 96 95 90 81 67 52 36 19  7  426 227KK 6541239999999999999999999992243  4999999999999999999999
 11 25 46 72 97114122124121112101 95 94 94 96101106103 90 73 55 34 12 -226 228KK 7 31241613106999999999999991149 942328 -399999999999999
 -1  9 27 53 85111123124121112 96 83 80 85 90 98111120114 97 77 55 28  326 3 1KK 64312417 9120999999999999991145 80999999999999999999999
 -7 -1 13 35 68103124127121112 95 75 64 68 78 89105124132121 99 77 51 2026 3 2KK 641128175513299999999999999 0 5 -71211 6499999999999999
 -2 -5  6 24 52 89121132125113 97 75 54 50 60 74 91114135138121 97 73 4426 3 3KK 7 0132183714099999999999999 039 -61244 4999999999999999
 14  0  5 21 42 74111133132118101 79 54 38 41 56 73 95122140135114 91 6726 3 4KK 725135191714199999999999999 112 -11318 3799999999999999
 38 15 11 23 41 65 98127136124105 85 60 38 30 39 55 74100126136125105 8426 3 5KK 751136195613699999999999999 142 101354 3099999999999999
 61 37 25 30 46 65 89117133128110 90 68 45 28 28 39 56 77103123125112 9526 3 6KK 816134203512799999999999999 210 251431 2699999999999999
 77 59 45 43 54 70 88109126128114 94 74 54 35 26 30 42 58 80102114111 9926 3 7KK 837129211611499999999999999 235 4215 9 2699999999999999
 87 75 63 59 65 78 91106119124116 98 79 61 44 31 28 34 44 60 80 96102 9826 3 8KK 85212422 110299999999999999 254 591549 2899999999999999
 91 84 78 74 77 86 96107116120115101 84 68 53 40 32 32 37 47 61 76 87 9026 3 9KK 9 112023 6 9099999999999999 3 5 741634 3199999999999999
 89 88 86 86 88 94102109114116113102 88 73 61 50 41 36 36 39 47 58 70 7826 310KK 9 0116999999999999999999999 254 861731 3599999999999999
 82 86 90 94 97101106111114114111103 91 79 68 59 51 43 39 38 40 45 53 6326 311KK 8311149999999999999999999991850 38999999999999999999999
 71 79 87 96103107110113113111107102 94 84 75 69 62 54 47 42 39 38 40 4726 312KK 7391149999999999999999999992055 38999999999999999999999
 57 68 80 94105112114115113109104 99 94 88 82 77 73 67 58 50 43 36 33 3526 313KK 6511159999999999999999999992211 33999999999999999999999
 43 54 69 86103114118117114107100 94 92 90 87 86 85 81 71 61 50 39 30 2626 314KK 6141189999999999999999999992258 26999999999999999999999
 31 41 56 76 98114120119114105 94 87 86 87 90 93 97 96 88 75 61 47 32 2226 315KK 6201211624 97999999999999991146 862330 2199999999999999
 22 30 44 65 90112122122115104 89 77 75 79 86 95105112107 92 76 58 38 2126 316KK 62512317 7112999999999999991146 742357 1599999999999999
 15 21 35 54 81109125125117105 87 68 59 64 75 88105122126114 95 74 52 2826 317KK 63112617461279999999999999912 5 59999999999999999999999
 13 15 27 45 71103127132122107 87 63 45 44 57 74 95120138137118 94 70 4326 318KK 644132182514099999999999999 023 121232 4299999999999999
 19 12 22 40 63 94125138130112 91 65 38 25 33 52 74103134149140116 92 6526 319KK 7 413919 614999999999999999 051 1213 5 2599999999999999
 37 19 21 37 58 84117140140121 97 71 41 16 12 26 49 77112143151136113 8926 320KK 729143194815299999999999999 122 171342 1199999999999999
 62 38 29 39 58 79106133144131106 79 51 21  3  5 23 48 8011614214412810826 321KK 756144203414699999999999999 156 291422  299999999999999
 87 65 49 49 62 80100123139136116 89 63 35 10 -1  5 23 48 8111313213111826 322KK 823141212513499999999999999 230 4615 7 -199999999999999
104 89 75 67 73 86100115129133122 99 74 51 27  9  2  9 25 49 7710311711726 323KK 848134222711899999999999999 3 4 671557  299999999999999
110103 96 90 89 96106115122126121106 85 64 46 28 14  9 14 28 47 69 8910126 324KK 9 2126999999999999999999999 335 891658  999999999999999
105105106106106108113117120119116107 93 77 62 48 34 23 18 20 29 43 59 7526 325KK 8231209999999999999999999991812 18999999999999999999999
 88 97105111116119120121120116111104 96 87 76 66 55 44 33 26 24 28 37 5026 326KK 6561219999999999999999999991946 24999999999999999999999
 66 82 96109118124125123118113107100 95 91 88 83 75 65 54 42 31 25 27 3426 327KK 5511259999999999999999999992120 25999999999999999999999
 46 63 83102115123126124116107 99 94 91 90 93 96 93 85 74 62 47 33 25 2626 328KK 6 712615 9 96999999999999991243 902221 2499999999999999
 34 47 68 92111121124122114101 89 83 83 85 90101108105 94 81 67 48 31 2426 329KK 6 71241614108999999999999991136 8323 4 2499999999999999
 28 38 55 79106122124120113 98 80 69 69 74 82 95113121114100 86 68 45 2926 330KK 54312417 1121999999999999991128 682338 2699999999999999
 27 35 48 68 97121128122112 98 77 57 51 58 68 83105126130119103 87 65 4226 331KK 5541281744131999999999999991152 51999999999999999999999
 30 35 46 62 87116133129115 99 78 53 37 39 51 66 88116136134119103 84 6026 4 1KK 616133182513799999999999999 010 301224 3699999999999999
 41 38 47 61 81108132136122103 83 57 33 24 32 48 69 98127140132116100 7926 4 2KK 64113719 514099999999999999 041 371257 2499999999999999
 57 46 51 64 80101126138130110 88 64 37 19 18 31 50 76107132137126111 9426 4 3KK 7 5138194413899999999999999 110 461332 1699999999999999
 75 60 58 68 82 99119135134117 94 71 46 23 13 19 34 56 8511413113011910526 4 4KK 727137202513299999999999999 137 5714 7 1399999999999999
 90 75 68 73 86 99115129133122100 78 55 33 17 15 23 40 64 9211512412111126 4 5KK 74613421 812499999999999999 2 2 681442 1499999999999999
100 89 81 81 90101113124129123106 85 64 44 27 19 20 31 48 71 9511111511226 4 6KK 759129215911599999999999999 225 801519 1899999999999999
106 99 92 91 95104112120125121108 90 72 55 40 28 24 28 38 55 75 9310310726 4 7KK 8 9125232210799999999999999 246 9016 0 2499999999999999
107105102100102107113118120118109 95 79 65 52 41 34 32 36 45 59 74 87 9626 4 8KK 8 8120999999999999999999999 3 51001648 3299999999999999
101105107108109111114116116113107 97 85 73 64 55 47 41 40 43 49 59 71 8226 4 9KK 7291169999999999999999999991747 40999999999999999999999
 91 99107113116116116116113109104 97 89 80 73 67 60 53 48 46 47 50 57 6726 410KK 5411169999999999999999999991912 46999999999999999999999
 78 90102112119121119116111105 99 94 90 86 82 78 74 67 59 54 49 47 49 5526 411KK 45512199999999999999999999921 7 47999999999999999999999
 66 79 94108119124122117109101 93 89 88 88 89 90 88 81 73 64 56 49 46 4826 412KK 5131241458 90999999999999991236 8822 6 4699999999999999
 56 68 84103117124123118108 95 85 80 81 85 91 98102 98 89 78 67 55 46 4426 413KK 52312516 2102999999999999991116 802242 4499999999999999
 50 60 76 96116126125118106 90 74 66 68 75 85100113117109 96 82 67 51 4226 414KK 5241261647117999999999999991116 652313 4299999999999999
 45 55 69 89113129130120106 88 66 49 47 57 71 90114131131118102 84 64 4626 415KK 5321311729133999999999999991137 462345 4299999999999999
 42 51 65 83107131138127110 89 63 37 25 32 49 71100131147141124106 84 6026 416KK 55113818121479999999999999912 7 25999999999999999999999
 45 48 62 79101127144139119 94 67 36 11  7 21 44 74112145156145127107 8326 417KK 616145185615699999999999999 019 441242  699999999999999
 60 51 61 77 96120143149132105 76 45 12 -7 -5 15 42 8012215215714512710726 418KK 645150194215899999999999999 054 511322 -999999999999999
 83 65 65 78 94113135150144119 89 59 26 -3-16 -8 14 45 8512615015114012526 419KK 715151203315399999999999999 132 6314 5-1699999999999999
107 88 78 83 96111127142146131104 75 46 16 -8-15 -4 18 49 8812214014113326 420KK 744147213114299999999999999 210 781452-1599999999999999
122109 98 94101112123133139134116 91 65 40 15 -2 -6  4 25 53 8511212712926 421KK 8 9139224812999999999999999 249 941545 -699999999999999
126121115110110115122127130129119102 82 61 42 23 10  7 15 32 54 7910011426 422KK 818130999999999999999999999 3321091645  799999999999999
120122123122120120122123123120115106 94 79 65 50 36 25 22 27 38 54 73 9126 423KK 2 4123 71312499999999999999 4361201754 2299999999999999
105115121126127126123120117112107102 98 91 82 72 62 50 40 35 37 44 55 7026 424KK 3581279999999999999999999991915 35999999999999999999999
 87103115123128128124118111104 98 95 94 94 94 89 82 73 63 53 46 45 49 5826 425KK 4381289999999999999999999992041 45999999999999999999999
 72 89106118125126124116105 95 88 85 85 90 97101 98 91 83 74 62 54 52 5626 426KK 45512615 6101999999999999991130 852144 5299999999999999
 65 79 97114123125121114101 86 76 73 75 80 91104110106 99 92 81 68 60 6026 427KK 44012516 61109999999999999911 7 732228 5999999999999999
 65 75 89109123126121112100 82 65 59 61 67 79 97114119113106 98 85 71 6526 428KK 4441271653119999999999999991110 5923 3 6599999999999999
 68 76 86103122130125113100 82 60 46 44 52 64 83107124126119111101 85 7326 429KK 5 31301737127999999999999991135 432336 7199999999999999
 72 78 87100118132132119102 84 61 39 30 35 47 66 92119132131123113100 8426 430KK 52713418201339999999999999912 5 30999999999999999999999
 76 80 89100115131137127108 88 65 40 23 20 30 48 73104129138133124112 9626 5 1KK 55313719 113899999999999999 0 8 761239 1999999999999999
 84 82 90100113128138134117 95 72 47 24 13 17 31 54 8511613513913212210826 5 2KK 616139194313999999999999999 039 811313 1299999999999999
 93 86 90100112125136138125104 80 56 32 14 10 19 38 65 9712413713712911726 5 3KK 638139202613899999999999999 1 8 861347 1099999999999999
104 93 92 99110122132137130112 90 66 43 23 12 14 26 47 7610512613413212426 5 4KK 658137211213499999999999999 138 911423 1199999999999999
113102 97100108118128134131118 99 77 56 36 22 16 21 36 58 8510912412912626 5 5KK 71513422 512999999999999999 2 8 9715 0 1699999999999999
120112105104108116123129128120105 87 68 51 36 26 24 32 47 67 9010811912326 5 6KK 730129231312499999999999999 2411041540 2499999999999999
122119114111111115120123123119109 94 79 64 51 40 34 34 42 56 73 9110511526 5 7KK 733124999999999999999999999 3241101625 3399999999999999
120121121119116116118119117114108 99 87 75 65 55 47 43 44 52 62 76 9010326 5 8KK 112121 7 111999999999999999 4371161713 4399999999999999
113119123124123120117115112108104 99 93 85 77 69 62 55 52 53 59 67 78 9126 5 9KK 2571249999999999999999999991810 52999999999999999999999
103114121126127123118112107102 98 95 94 92 88 82 76 69 63 60 60 64 71 8126 510KK 3411279999999999999999999991923 60999999999999999999999
 94107118125127125118109100 93 89 88 90 94 97 96 91 84 77 71 66 65 69 7626 511KK 4 11271417 97999999999999991045 882042 6599999999999999
 86100114124128125118107 94 82 76 76 80 89 99107107101 94 86 77 70 69 7426 512KK 4 21281533108999999999999991028 752139 6999999999999999
 83 94109123130127118106 89 71 59 58 64 75 91109121120113104 94 82 73 7426 513KK 4 91301627122999999999999991039 572225 7299999999999999
 82 92105121134134122106 88 66 45 36 40 53 73 98123136134124113100 84 7626 514KK 42913617161379999999999999911 7 3523 8 7699999999999999
 80 90102118135143133113 92 67 39 18 14 26 46 74109138150144134120103 8526 515KK 45714318 5150999999999999991142 142350 8099999999999999
 80 88101114132147147128102 75 45 15 -3 -1 16 43 7912015015815114012410326 516KK 5301491855158999999999999991223 -5999999999999999999999
 88 88 98112127144154145120 90 59 26 -4-17-10 12 44 8612815516115314112426 517KK 6 4154194816199999999999999 032 8613 7-1799999999999999
104 93 97109123138151154138110 79 46 13-13-22-11 14 49 9213115415715013926 518KK 640155204215899999999999999 114 931354-2299999999999999
123107101107119131143152148128100 70 40  9-12-17 -4 21 55 9512914715014426 519KK 716152214115099999999999999 1581011445-1799999999999999
135123112110116126134142145137118 92 66 40 14 -3 -5  8 31 62 9512313814126 520KK 752145224814199999999999999 2451091537 -699999999999999
138132125118117121127131133133125108 88 67 46 26 13 12 24 43 67 9411713026 521KK 827134999999999999999999999 3401161632 1199999999999999
134133131126121119121122121121120114102 87 72 57 41 31 32 40 54 73 9511326 522KK 021134 7 112299999999999999 4571191729 3099999999999999
124129131130126120116113110107107108105 99 90 80 69 58 50 50 56 66 80 9726 523KK 2201319999999999999999999991831 49999999999999999999999
113123128129128122114107100 96 93 95 99101 99 95 89 81 73 68 67 71 78 8926 524KK 3 412913 71019999999999999910 6 931941 6799999999999999
103116124127126122114103 92 84 81 81 86 94101103101 97 93 87 82 81 84 9026 525KK 3121281456103999999999999991026 802046 8199999999999999
 99110121127126121113102 87 75 68 68 72 81 94105109108106104 99 93 93 9626 526KK 3201271613109999999999999991037 672138 9299999999999999
102109118127128122112101 86 69 57 54 58 67 81 9911211611611511210610110226 527KK 3401291717116999999999999991054 54222210199999999999999
106111118126131127115102 87 68 51 42 44 52 66 8710812112412412211610910526 528KK 4 413118 8124999999999999991120 4223 210599999999999999
108113119126133133122106 89 71 50 35 31 37 51 71 9711913013213012511710926 529KK 4301341846132999999999999991151 31234010799999999999999
108112119126133137131115 96 76 54 34 23 24 35 55 8110913013813713212311426 530KK 4571371921139999999999999991225 22999999999999999999999
108109116124132138137126107 85 62 40 22 16 22 39 64 9412113814313913011926 531KK 524139195614399999999999999 01610713 0 1699999999999999
110107112121130138141134118 97 73 50 29 16 14 25 47 7610613014314313612526 6 1KK 552141203314499999999999999 0501071336 1399999999999999
114107108115125135140139128109 86 63 41 23 15 18 34 58 8711513514314013226 6 2KK 621141211114399999999999999 1251061411 1499999999999999
121111107111120129137139133119 99 77 55 36 22 19 27 45 70 9712113614013626 6 3KK 651139215314099999999999999 2 11071448 1999999999999999
127118111110115124131134133125110 90 70 52 36 27 28 39 57 8010412413513626 6 4KK 721135223913699999999999999 2411101525 2699999999999999
132126119113113118124127128125116101 83 67 52 40 35 39 51 68 8810912513226 6 5KK 748128233313399999999999999 32911316 3 3599999999999999
133130126120115115118120120120117108 94 80 68 56 47 46 52 64 78 9511312526 6 6KK 755120999999999999999999999 4331141643 4599999999999999
131131130126119114112112111111111109103 92 82 72 63 58 58 65 75 8710211726 6 7KK 0371319999999999999999999991726 57999999999999999999999
127131131128123115108103101100101104105102 94 87 80 73 69 71 77 86 9710926 6 8KK 127131114910599999999999999 9 61001816 6999999999999999
121129131129124116105 95 89 86 87 92 99105105101 96 90 85 82 83 89 9710626 6 9KK 152131133610699999999999999 912 861919 8299999999999999
116126132131124115103 89 77 70 70 75 85 97109113112107103 98 94 94 9910626 610KK 21713215 711399999999999999 930 702032 9399999999999999
114124132135129117103 87 70 55 50 54 64 8010011712512412111711010310210726 611KK 24813516221259999999999999910 1 50213910299999999999999
115122131139137125108 90 69 48 33 30 39 55 7810512813813813412811810910826 612KK 3231391727138999999999999991041 30223810799999999999999
114122130139145139121 99 76 50 26 11 13 26 49 8011413915014914413512211226 613KK 4 31451824151999999999999991125 10233111099999999999999
111119128138147151140117 91 63 34  7 -6 -1 18 47 8412315015915715013712126 614KK 4471511913159999999999999991212 -6999999999999999999999
111113123134145154155140114 84 53 21 -6-16 -7 16 50 9113115716415914913426 615KK 534157195816499999999999999 01911113 0-1699999999999999
118110115127138150159157138109 78 46 13-12-18 -5 21 56 9913715916215614526 616KK 623160204316399999999999999 1 61101348-1999999999999999
129115110118130141151158154134105 74 43 12 -9-11  4 31 6610614015615614926 617KK 713159212815899999999999999 1511101436-1399999999999999
138125113111119130139148153147126100 73 45 18  2  4 20 45 7711214015014826 618KK 8 4153221415199999999999999 2381101523  199999999999999
142133121112112119126132139143136118 96 74 51 30 20 25 40 61 8811813814326 619KK 85714323 114399999999999999 32911016 8 2099999999999999
141136128118110110114117121127130124110 94 79 62 47 43 49 61 7810012213526 620KK 953130235013899999999999999 4301091653 4399999999999999
138135131123114107105104104108114117113105 95 86 75 67 67 72 82 9511112526 621KK1058117999999999999999999999 7221041735 6699999999999999
133133130126118108100 95 92 91 95101105106103 99 95 90 88 89 9310010912026 622KK 035134123110699999999999999 841 911812 8799999999999999
128131130126119110100 90 82 78 79 83 91 9910310510510510510510711011512126 623KK 110132999999999999999999999 926 78999999999999999999999
126130131127120111100 88 77 69 66 68 76 86 9710611111411711811912012212526 624KK 13713199999999999999999999910 1 66999999999999999999999
128130131129123113102 89 75 63 56 56 61 72 8710111311912412712812712712826 625KK 1561311953128999999999999991033 55213312799999999999999
131132133132127118105 92 77 62 50 45 48 58 74 9211012312913313313212912926 626KK 2 713319491339999999999999911 6 45224512899999999999999
130133135135132125113 98 82 65 49 38 36 44 59 8010212113313813813513112726 627KK 2381351928138999999999999991141 36233212699999999999999
127130134137137133124108 90 72 53 37 29 31 44 65 8911413314314313913212526 628KK 3351371933144999999999999991216 28999999999999999999999
122124130136139139134122103 82 62 42 27 23 31 49 7310112714314814413612626 629KK 434140195514899999999999999 0 91221251 2399999999999999
118117122131138142142135118 96 74 52 32 21 22 35 58 8511513814914814012926 630KK 529143202215099999999999999 0431161325 1999999999999999
119112114124134141145144132112 88 65 43 26 19 26 44 69 9812714615014413426 7 1KK 618146205115099999999999999 1161121358 1999999999999999
123112109115126136143147142127104 80 58 37 24 24 36 57 8211213614914713926 7 2KK 7 4147212114999999999999999 1501091430 2299999999999999
129117108109117128136143145137118 95 73 53 35 28 34 50 71 9612314214814326 7 3KK 749145215414899999999999999 22810715 2 2899999999999999
134124113107109118126133139140129109 88 70 52 40 39 49 66 8610913214414426 7 4KK 835141222714699999999999999 3121061535 3799999999999999
138130120110105108115120127133132120102 85 70 57 50 54 66 8210012013714326 7 5KK 92513423 214399999999999999 4 31051610 5099999999999999
140133125115105101103107112119125123113 99 87 76 68 65 72 84 9811312914026 7 6KK1023125233714299999999999999 5 61011646 6599999999999999
141135127118108 97 92 92 96101109116117110101 94 87 83 83 9010111212313426 7 7KK1134118999999999999999999999 624 921726 8299999999999999
140137129120110 98 86 80 79 82 9010011011411210810510210010110711612313126 7 8KK 01114013 711499999999999999 737 79181410099999999999999
137139134123111 99 85 72 64 64 68 78 9210611511811911911811711712112613226 7 9KK 045139165911999999999999999 835 63192911699999999999999
136140139131118103 88 72 56 48 47 54 68 8610612012813213413312912712913326 710KK 122140181213499999999999999 930 4621 612799999999999999
136140142140130114 97 78 58 40 30 31 41 59 8310912914014514614313613113126 711KK 2 91421843146999999999999991025 30223113099999999999999
134139143146143132114 92 70 46 25 14 17 31 54 8411614015215615314613612826 712KK 31214619 1156999999999999991118 13232912799999999999999
128134141146151150137115 89 63 35 11  0  7 26 54 8912615216216115514312926 713KK 42415219211629999999999999912 7  0999999999999999999999
121124133142151159158143116 87 57 25  0 -8  3 27 59 9913816116616015013526 714KK 529160194816699999999999999 0141201253 -899999999999999
119112119132143155166164145116 85 52 19 -5 -7  9 35 7011214916616415414126 715KK 627167202016799999999999999 0561121336 -999999999999999
124108106117131143158169165142112 82 49 17  0  4 22 49 8512615616415714626 716KK 718170205316499999999999999 1371051418 -199999999999999
131112100102115127140156166158134107 80 50 24 14 23 42 6810313815815814826 717KK 8 5166212816099999999999999 220 991458 1499999999999999
136121104 96101111122135150156145124102 80 56 39 37 48 66 9011914415414826 718KK 85215622 215499999999999999 3 5 961535 3699999999999999
138127112 99 94 98105114126138140130114 99 83 68 60 64 75 9011013114614726 719KK 940141223414899999999999999 356 9416 8 6099999999999999
139130119106 95 92 93 97104114123124117108100 92 85 84 9110011212513814326 720KK103312523 114399999999999999 5 4 921633 8499999999999999
139131122112101 92 87 86 88 9310210911110910710510410410711412112813514026 721KK1150111231614099999999999999 657 86163010399999999999999
138132124115105 95 86 80 77 78 84 92 9910410711111411712112513013413813926 722KK2311140999999999999999999999 817 77999999999999999999999
138133126118108 98 88 79 72 68 69 76 85 9410311211912513013413713914114126 723KK2251141999999999999999999999 915 68999999999999999999999
140135129122113103 92 81 71 63 59 62 70 82 9510812012913513914114214114126 724KK204914299999999999999999999910 4 59999999999999999999999
140138133127120110 98 86 74 62 54 52 57 69 8310011813113914214314314013826 725KK20 61439999999999999999999991048 51999999999999999999999
138138136132127120109 94 80 66 53 45 45 55 70 8911013014214614514213813326 726KK19151469999999999999999999991127 44234213299999999999999
132135137136134131122107 90 74 57 43 37 42 56 75 9912314214914814313712926 727KK 21413719171509999999999999912 4 37999999999999999999999
125127133138139140136123104 85 66 47 33 32 42 61 8411213815115214613712626 728KK 446140193415399999999999999 0 51251237 3199999999999999
118118125134141146147139121 99 77 56 36 27 32 48 70 9912915015615014012826 729KK 546148195415699999999999999 03111613 7 2799999999999999
114109114126136146153153139116 92 68 45 29 27 39 59 8511614415715414413126 730KK 629155201615899999999999999 1 01091335 2699999999999999
116103103114127139151159154133108 83 59 37 28 35 52 7410313415515814913626 731KK 710159203915999999999999999 13210114 3 2899999999999999
121104 96101114127141155160148124100 76 53 36 36 49 69 9212214915915414126 8 1KK 75016021 415999999999999999 2 7 951432 3499999999999999
127110 95 91 99112126141155155139115 94 73 54 45 52 68 8811113815615714526 8 2KK 833157213215899999999999999 247 9015 3 4599999999999999
132117100 88 87 96108121137149146129109 92 76 63 62 73 8910712814715614926 8 3KK 91915022 215699999999999999 332 861535 6199999999999999
136122107 92 82 82 90101115130139135122108 96 86 80 84 9510912413915015026 8 4KK1011139223115299999999999999 425 8116 9 8099999999999999
140125112 98 84 76 76 82 9210512012812611811110610210110611612713614414826 8 5KK1117128225714899999999999999 528 75164010099999999999999
143130116103 90 77 69 67 72 81 9410811812112011912012012112613213814214526 8 6KK13 1121231514599999999999999 640 67154211999999999999999
143136123110 97 84 70 61 58 61 69 83 9811112012613113513713713914214414426 8 7KK2253144999999999999999999999 755 58999999999999999999999
143140132121107 94 79 64 52 47 49 57 72 9110912413514314814814614414314326 8 8KK1838149999999999999999999999 913 47999999999999999999999
143142139134123109 93 75 57 42 34 36 47 65 8811213314715415615314714013826 8 9KK18541569999999999999999999991020 3423 213899999999999999
139141142143141131114 94 73 51 31 22 26 40 62 9012114515716015815013813026 810KK 3 01431856160999999999999991112 22233012899999999999999
129135140146152153141119 95 70 43 20 12 20 39 6510013515816416015313912326 811KK 4361531858164999999999999991157 12999999999999999999999
115120130140151163165148122 95 66 34 11  8 22 45 7611615116716515514212326 812KK 535166191616899999999999999 0 41151238  799999999999999
105102113127141159174172150122 93 60 28 10 15 33 58 9413516416915914612826 813KK 625176194317099999999999999 0401011316  999999999999999
105 90 94109124142165179171146118 89 56 28 19 30 51 7811515217016414913326 814KK 710179201217099999999999999 118 891352 1999999999999999
112 90 81 90105122143166175161137112 85 56 38 39 54 7410213616216615413726 815KK 753175204116799999999999999 157 811426 3699999999999999
119 98 80 77 88102119141160162147126106 84 64 57 65 80 9912415016215614126 816KK 83616421 816299999999999999 239 761456 5799999999999999
125107 88 76 77 86 98115135147145132118104 90 80 82 9310612214015415514326 817KK 920148213215699999999999999 323 751521 8099999999999999
128113 97 83 76 77 84 9410912413212912111410710110110711712713814815114426 818KK10 9132214715199999999999999 414 75153510099999999999999
131117104 91 81 76 77 81 9010211311811711611511511612112813514114614814326 819KK1120118214714899999999999999 521 76145511599999999999999
132120109 98 88 80 75 74 77 84 9410310811211712212613113614214514714714326 820KK2126147999999999999999999999 648 74999999999999999999999
134124114105 96 86 79 73 71 72 78 87 9610511412313113714214614814714514226 821KK2015148999999999999999999999 812 71999999999999999999999
136128119112104 95 85 77 70 66 66 73 82 9310612013314114514814814614314026 822KK1942148999999999999999999999 926 65999999999999999999999
137131124119114105 94 84 74 65 60 61 68 80 9511313114314814914814513913526 823KK19 01499999999999999999999991023 59999999999999999999999
134132129126123118107 94 81 69 58 53 56 67 8210212414215115214914313512926 824KK183715299999999999999999999911 7 52233912899999999999999
128130131131132131122107 92 77 61 49 47 55 69 8911413715215415014313212226 825KK 4121321845155999999999999991143 46235211999999999999999
119123129133139142138124106 88 69 51 42 45 58 7610213015115715314413111726 826KK 5 41421859157999999999999991212 41999999999999999999999
108111121130140150153142122101 80 58 41 39 49 66 9012014816015714713311526 827KK 544153191316099999999999999 0131081238 3899999999999999
100 97107121134150162159141117 94 69 47 37 44 60 8111014216216215113611726 828KK 622163193016499999999999999 039 9613 4 3799999999999999
 96 85 90105122141161171160136111 86 60 42 41 56 7610113216016815714012126 829KK 659171195216899999999999999 1 9 841330 3999999999999999
 99 79 74 86104123147168172154129104 80 56 47 55 74 9612215216916414612626 830KK 739173201617099999999999999 144 7314 0 4799999999999999
105 81 66 68 83102125151169165145122101 79 62 62 76 9511614116316815413226 831KK 821170204316999999999999999 222 651431 6099999999999999
112 90 68 59 65 80 99124149161154136118102 86 78 8410011713515316415813926 9 1KK 9 716121 916499999999999999 3 5 5915 4 7899999999999999
118 99 78 61 56 63 77 9611914014814213011910910110010912213414615615714426 9 2KK10 0148213315899999999999999 354 561535 9999999999999999
125106 89 72 59 55 61 73 9011012713413212812412112012313013914515015214626 9 3KK1111134214415299999999999999 452 55155812099999999999999
132115 99 85 71 60 55 58 68 81 9811312212713013313613814114514814914814426 9 4KK2053149999999999999999999999 6 4 55999999999999999999999
136124111 98 86 73 61 55 55 60 71 8610111512613614414915115115014914614226 9 5KK1824151999999999999999999999 730 54999999999999999999999
137131123113102 90 76 62 52 49 52 62 77 9511413114515315715615214614213826 9 6KK1818157999999999999999999999 9 2 49999999999999999999999
136133132129121109 95 78 62 48 41 44 55 72 9512014115415915815314313413026 9 7KK18291599999999999999999999991011 41232213099999999999999
130131134139140133117 99 80 58 41 34 40 54 7510313315315915815314112611726 9 8KK 3411411816160999999999999991059 34232111699999999999999
118123130140152154143123102 79 52 34 31 42 59 8511914916216015314112210426 9 9KK 4421551816163999999999999991139 302348 9999999999999999
 99107118131149165166148125102 74 46 31 35 50 71102139163166155142123 9926 910KK 5311681836167999999999999991214 30999999999999999999999
 83 86 99115134159176170148124 99 69 43 36 47 65 9012515817116214512710226 911KK 61517719 117199999999999999 021 821248 3699999999999999
 78 68 78 95114140167179166143120 94 65 48 51 66 8611314616916915213110926 912KK 657179192817299999999999999 057 681320 4799999999999999
 83 62 61 74 92115145169173157136115 90 69 62 72 8910913516117015813711526 913KK 738174195317099999999999999 134 591350 6299999999999999
 92 68 55 59 74 93118146163160145128110 92 80 83 9611213015116516014212126 914KK 820164201616599999999999999 213 541417 8099999999999999
100 78 60 54 62 75 95119142151145134122110100 9810611913214615815814512626 915KK 9 3151203316099999999999999 252 541439 9799999999999999
107 88 70 59 58 65 78 9611713313713312712111511311712613614515215414512926 916KK 952137204015499999999999999 335 57145011399999999999999
112 96 81 69 62 63 69 80 9611212212612512512412412713414014615015014413126 917KK1118126203315099999999999999 424 62142812499999999999999
117103 91 80 71 67 67 72 81 9310511311812312813213513914414714814614113226 918KK1952148999999999999999999999 527 66999999999999999999999
120109100 91 82 75 71 70 72 79 88 9810711712613514114414714814614313813126 919KK1854148999999999999999999999 651 70999999999999999999999
123114108102 94 86 79 74 70 70 75 83 9410612013314314814914814513913312926 920KK18 4149999999999999999999999 834 70999999999999999999999
124118114111107 99 90 81 74 68 66 71 80 9310912714215015114914413612812426 921KK1744152999999999999999999999 948 66999999999999999999999
122120119119118113102 92 81 71 63 62 69 81 9711813815015315014313312211626 922KK17531539999999999999999999991037 62233211599999999999999
116118121125129127117104 91 78 65 58 61 71 8610813114915515214313111610626 923KK 41412918 3155999999999999991111 58233410599999999999999
106111118127137141134119104 88 70 57 56 64 78 98124147157154144130112 9626 924KK 4531411811157999999999999991138 552351 9199999999999999
 91 98109122138152151138119101 80 61 53 59 72 90116144160159147131111 8826 925KK 52915418231619999999999999912 2 53999999999999999999999
 75 79 93109130153165158138117 95 71 55 55 68 86109138162166153134113 8626 926KK 6 7165184116799999999999999 015 751228 5399999999999999
 64 59 71 90113141167173159136114 89 66 56 66 83104130158172163141117 9126 927KK 64617419 417299999999999999 046 581258 5699999999999999
 62 45 48 65 89118152175174155133110 86 67 67 83102124150171171151124 9826 928KK 727178193017499999999999999 120 431330 6599999999999999
 70 43 33 42 63 90123157174167149129109 89 79 8610312214216317216013410726 929KK 811174195717299999999999999 159 3314 3 7999999999999999
 81 54 33 29 42 63 91125154165157142128112 99 9810812413815316516214411826 930KK 9 0165202216699999999999999 242 281437 9799999999999999
 93 69 47 32 32 44 64 911211431501461371291211161191291391491561571471282610 1KK 959150204015899999999999999 331 30151011699999999999999
106 85 66 48 37 38 47 64 871111281361371361351341341371431481501501451332610 2KK1137137202015099999999999999 429 36153313399999999999999
117 99 84 69 55 46 44 51 63 80 991141251321381431461471481491481441391322610 3KK19 6149999999999999999999999 541 44999999999999999999999
123112101 89 77 65 54 50 52 60 73 891051201331431501531521491451391331282610 4KK1712154999999999999999999999 7 9 50999999999999999999999
124120115108 98 87 74 61 53 52 57 68 841031221381491541541491411321261212610 5KK1732155999999999999999999999 843 52999999999999999999999
120121124124118108 95 81 65 54 51 56 68 851081311461521531481371241141112610 6KK 233124173615399999999999999 0 6120 950 5123151109999999
111115123133136128116102 85 66 53 52 60 73 94120143153152146135118101 952610 7KK 3461361720153999999999999991036 5123 7 9599999999999999
 97104114130145147136121105 85 64 54 57 68 84109137154155146134117 94 792610 8KK 4371481730157999999999999991112 542331 7699999999999999
 78 87 99117141157155140124106 83 63 59 68 81100128153161151135118 94 702610 9KK 5221581751161999999999999991145 59999999999999999999999
 59 66 80 98124152165157141124104 80 66 69 82 97120147164159141121 98 71261010KK 6 4165181716599999999999999 0 3 591217 6599999999999999
 50 47 59 77102134160166154138121100 80 75 84 99116139160165150127104 77261011KK 646167184216699999999999999 037 461248 7599999999999999
 51 37 42 58 79109142162162149134117 98 86 89102117134154164156135110 86261012KK 72716419 616499999999999999 113 371317 8599999999999999
 60 39 33 43 61 86117145158153142128113100 97106119133148159158141118 94261013KK 810158192516099999999999999 150 331344 9799999999999999
 70 48 35 36 48 67 93122143149144135124113108111121133144153155144124102261014KK 856149193815599999999999999 227 3414 710899999999999999
 81 61 45 39 43 55 75 99122136139136130123118119125134142148150143128109261015KK 951139194415099999999999999 3 5 39142611899999999999999
 90 73 58 48 46 51 63 81101118128131131129127127130135140144144140129114261016KK1123131193814599999999999999 348 46143712699999999999999
 98 85 72 62 55 55 59 70 84 99112121126130132133135137140141139135127116261017KK1858141999999999999999999999 439 54999999999999999999999
104 94 84 76 68 63 62 66 73 84 96107117126133138140141140138135129123116261018KK1650141999999999999999999999 541 62999999999999999999999
108101 95 89 82 75 70 68 69 74 82 93105117129139144144141137131124118113261019KK1634144999999999999999999999 7 8 68999999999999999999999
109105103100 95 88 81 75 71 70 73 81 93107122136144146143136128118111107261020KK1650146999999999999999999999 850 70999999999999999999999
106107108109107101 93 85 78 72 70 74 83 97113130143147144136125112102 98261021KK 25910917 314799999999999999 0 3106 948 702314 989999999
 99103110117120115107 97 87 77 70 71 78 89106125141147144136122106 91 85261022KK 35312017 7147999999999999991025 702310 8599999999999999
 87 94105119130131123111 99 86 73 70 75 85100120139150146136121101 81 68261023KK 4341321713150999999999999991053 692325 6799999999999999
 69 79 93113134145141129115 99 82 71 72 82 96114137153153140122101 75 53261024KK 5131451729155999999999999991122 702350 4799999999999999
 47 57 73 96125150158149133117 97 78 71 79 94110132154162149127103 76 47261025KK 5531581752162999999999999991154 71999999999999999999999
 29 31 48 71103138163166152135116 94 78 78 91108127150166162139111 83 51261026KK 636167181916799999999999999 023 281228 7599999999999999
 23 12 21 43 73111150170167153135115 94 83 90106124143162168153125 94 63261027KK 721171184816999999999999999 1 0 1213 5 8399999999999999
 31  7  3 18 43 77118154168163149133115 99 95106122138154166162139109 79261028KK 8 9169191816799999999999999 141  21342 9599999999999999
 49 20  2  3 20 46 82120149160155144132118109111122135147157160148124 96261029KK 9 4160194516099999999999999 227  1142110899999999999999
 69 43 20  7 10 26 51 83116139148146140133125122125134142148151147133112261030KK101214820 215199999999999999 318  615 312299999999999999
 89 67 46 28 18 21 35 56 82107127136138138137134133135139141141138132120261031KK1215138192114299999999999999 416 18155813399999999999999
104 87 71 55 41 32 33 43 59 78 991171281341381411411381371361331281241192611 1KK1520141999999999999999999999 522 32999999999999999999999
112103 92 80 67 55 46 45 51 61 76 941111251341411431421361301241181131112611 2KK16 7143999999999999999999999 639 45999999999999999999999
111110106 99 91 80 68 59 55 58 65 78 95113128137142141136126116107101 992611 3KK1630142999999999999999999999 8 6 5523 1 9999999999999999
102107113113108101 91 79 69 64 65 72 84101120134139139134124109 96 88 862611 4KK 234114162314099999999999999 915 632254 8699999999999999
 88 97109120122117109100 88 76 71 74 82 94111130140139132122107 88 74 702611 5KK 34312216231409999999999999910 3 712256 7099999999999999
 73 81 96115128129123116106 92 81 79 85 93106125140143134121106 85 64 542611 6KK 4341301640143999999999999991041 792318 5399999999999999
 55 64 79101125137135129121109 94 85 88 96106120138147141125107 87 62 432611 7KK 52013817 4147999999999999991115 852349 3899999999999999
 38 46 60 82110135144140132122108 94 91 97107119134148148133112 91 66 412611 8KK 6 41441730150999999999999991148 90999999999999999999999
 27 29 41 61 90121143147141133120105 96 97107118131145151142121 97 73 472611 9KK 648148175615199999999999999 023 261220 9599999999999999
 26 18 25 43 69101131147148140130116103 99106117129141150147131107 82 56261110KK 731149181915199999999999999 058 181251 9999999999999999
 32 17 16 28 50 79112137147145136124112104105114126137146148137117 92 68261111KK 815148183914999999999999999 134 15132210399999999999999
 44 25 16 20 36 60 90119138143139130120111108113122133142145139124102 79261112KK 9 0143185614599999999999999 210 16135110899999999999999
 57 38 24 21 29 47 71 98121134137133126118113114120128136140137127110 90261113KK 95113819 814099999999999999 247 21142311399999999999999
 70 53 38 30 30 40 57 79102119129131129124120118120125130133132125114 98261114KK1052131191213399999999999999 327 2915 111899999999999999
 82 67 53 43 38 41 51 66 84102116124127127126124123124126127125120113103261115KK1232128185012799999999999999 4 9 3816 612399999999999999
 90 78 68 58 51 48 52 61 73 87101113122126129130128125123121118113108103261116KK1438130999999999999999999999 454 48999999999999999999999
 95 87 79 72 65 60 58 62 68 77 89102113122128132131127122116111105101 98261117KK1523132999999999999999999999 545 58999999999999999999999
 96 93 89 84 79 73 68 67 69 74 81 92105116125131132129121112103 96 91 90261118KK1547132999999999999999999999 650 672248 9099999999999999
 92 95 96 95 91 86 81 76 74 75 80 87 98110122130132128120109 95 85 79 79261119KK 159 96155213299999999999999 811 742236 7899999999999999
 83 91100105104100 95 89 82 79 80 86 94106119129132128119106 89 73 63 62261120KK 324105155213399999999999999 913 792237 6299999999999999
 68 79 94109117116110104 95 86 82 86 93103116129136132120105 86 64 47 42261121KK 41811716 71369999999999999910 1 822256 4299999999999999
 47 60 79103123131127120111 99 88 86 92102113128140141128108 87 62 37 22261122KK 5 51311632142999999999999991044 852327 2099999999999999
 22 35 55 83115138143138129116100 89 90 99111125140149141120 94 68 38 12261123KK 55214317 4149999999999999991125 88999999999999999999999
  0  7 27 55 91128150152145133117100 91 96108121137151153137110 80 49 16261124KK 639153173815499999999999999 0 5  012 7 9199999999999999
 -8-14 -2 23 58100138156156147134116 99 95103117132146157152130 99 67 33261125KK 728158181515799999999999999 047-151249 9499999999999999
  1-20-20 -3 25 64107142157155145131114101101111126139151156146120 89 57261126KK 819158185315699999999999999 132-231332 9999999999999999
 24 -5-21-18  1 32 70110140152149140128114106108119131141149149136110 81261127KK 912152193215099999999999999 220-22141710599999999999999
 52 23 -2-13 -8 12 40 75110134143140134125116111114123131136140137124101261128KK10 9143201414099999999999999 310-1415 711199999999999999
 77 53 29  9  1  8 25 49 78107127134133130125118114116121124125126123112261129KK111613421 312699999999999999 4 2  116 911499999999999999
 95 77 59 41 25 20 26 40 58 81104120127128127124118114112112111110111110261130KK1312128222111199999999999999 457 20204811099999999999999
103 92 81 68 55 44 40 45 54 68 86104117123125125122115107102 97 94 94 972612 1KK1431126999999999999999999999 555 402134 9399999999999999
100 98 93 87 79 70 63 60 62 69 79 92107117123124121116106 95 86 80 77 792612 2KK 012100144912499999999999999 7 1 6022 5 7799999999999999
 86 93 97 97 94 90 85 80 77 78 82 90100111120123120115105 92 78 68 63 632612 3KK 224 97145712399999999999999 814 762227 6299999999999999
 69 80 92100103102101 98 93 89 90 94100108117123121114105 92 75 59 50 482612 4KK 420103151612399999999999999 916 892246 4799999999999999
 52 62 79 96106110111111107101 98100104109116123125118106 92 76 56 40 342612 5KK 62911115421259999999999999910 6 982311 3499999999999999
 36 46 62 84103114118119118112105103106111116123127124112 96 78 58 38 242612 6KK 7 311916101289999999999999910491032341 2199999999999999
 22 29 45 67 93114123126124120112105105110116122128130121104 84 64 41 222612 7KK 7 21261640130999999999999991129105999999999999999999999
 12 15 28 49 77105124131130125117108103106113121128132129115 95 72 49 262612 8KK 719131171013299999999999999 015 1112 610399999999999999
  9  5 13 32 59 90117132135130122111102101107117126132133125107 84 60 362612 9KK 747135174113499999999999999 050  4124110099999999999999
 15  2  3 18 41 71102126136135126115105 98101110121129134131119 98 73 48261210KK 820137181213499999999999999 125  11315 9899999999999999
 26  8  1  8 27 53 83112130136130120109100 97103114124130132125109 87 62261211KK 855136184313299999999999999 2 0  11349 9799999999999999
 40 20  7  6 18 39 66 94117130131124114105 98 99107117124127126116 98 76261212KK 933132191412899999999999999 235  51425 9899999999999999
 54 35 20 12 17 31 52 76101120127125119111104100102109116120121117105 87261213KK1013128194412199999999999999 3 9 1215 710099999999999999
 68 50 35 24 22 30 45 64 85106119123121116110104101104108111112111106 94261214KK1058123201511299999999999999 342 2116 110199999999999999
 78 63 50 39 33 35 45 58 75 93109118120118115109103100100101101101101 96261215KK1147120201610199999999999999 416 32171910099999999999999
 86 74 64 55 47 45 49 59 71 84 99111117118116113106 99 94 92 90 89 90 91261216KK123611823 4 9199999999999999 452 4521 2 8999999999999999
 89 83 75 68 63 58 58 64 72 82 92104113117116113107 99 89 82 77 75 76 80261217KK1312117999999999999999999999 531 582120 7599999999999999
 85 87 84 80 77 74 72 72 77 84 91100109115117113107 98 87 74 65 60 60 64261218KK 054 87134111799999999999999 622 712133 5999999999999999
 73 83 90 91 90 89 87 85 84 88 93100106114118116108 98 86 71 55 44 41 44261219KK 254 91141311899999999999999 740 842156 4199999999999999
 54 68 85 97102103103100 96 93 95100106112119121115103 88 71 51 33 22 22261220KK 5 3103145012199999999999999 9 4 932230 2199999999999999
 30 46 68 92108116117116111103 98100105111118125125115 97 77 55 31 10  1261221KK 5591171533126999999999999991013 982311  199999999999999
  5 19 42 72102121129129125116105 99101109116125132130115 92 67 40 12-10261222KK 6311301620133999999999999991111 992356-1899999999999999
-18 -9 11 42 79113134140137129116102 97102112122132139134115 88 58 26 -5261223KK 7 514017111399999999999999912 0 97999999999999999999999
-27-30-17 10 46 87123143146139127111 97 94102115127139145137114 83 50 16261224KK 74214618 314599999999999999 041-311245 9399999999999999
-16-36-35-17 14 53 97131147145135122104 92 92103118130142147136110 77 44261225KK 820147185414799999999999999 127-381329 9099999999999999
 10-21-36-31 -9 23 63105135144139128114 97 88 92105118129141144131103 72261226KK 9 0144194514499999999999999 212-371413 8799999999999999
 41 10-17-27-16  6 36 74111134137130120106 92 86 92103113123133135120 95261227KK 941138203613699999999999999 257-271459 8699999999999999
 69 42 16 -4 -8  5 25 52 85115129128121112100 88 85 90 97104112121120107261228KK1023130212812299999999999999 341 -91552 8599999999999999
 87 68 48 28 16 17 29 46 68 94115122119113106 95 85 82 84 87 91 98105104261229KK11 5122222510699999999999999 423 1517 1 8299999999999999
 94 82 70 57 45 40 44 54 67 83101114116112107 99 90 81 76 74 73 76 82 88261230KK11461162339 9099999999999999 5 2 401944 7399999999999999
 88 85 80 75 70 66 66 71 78 87 97107112111106100 92 83 73 65 60 58 60 67261231KK1218113999999999999999999999 531 652058 5899999999999999
