 29 55 84112131138135125111 99 93 97107120133143145133109 78 44 13 -9-1426 1 1KM 5 513815381469999999999999910 7 932249-1599999999999999
 -3 20 52 88122143150144131114 98 91 95108123138150150136107 72 34  0-2226 1 2KM 55915016341529999999999999911 7 912340-2799999999999999
-26-10 19 56 96132153156146129109 92 86 93109127144156155136104 65 24-1026 1 3KM 6431571726158999999999999991156 86999999999999999999999
-30-29 -9 24 65107141158156142121 99 83 81 92111131149160156133 97 57 1726 1 4KM 723159181616199999999999999 027-331240 8099999999999999
-16-31-24  1 37 78119148158150132110 88 75 78 93113133151159151125 88 4926 1 5KM 8 015819 215999999999999999 111-311321 7499999999999999
 12-15-23-10 18 54 93129150152139119 97 78 70 77 94114133148152140112 7826 1 6KM 836154194715399999999999999 152-2314 2 7099999999999999
 43 12 -7 -7 11 40 74108136148142126106 85 70 67 77 94112128140139124 9926 1 7KM 9 9148203014199999999999999 230 -91443 6799999999999999
 69 41 18  9 16 36 64 93120138141130113 94 76 66 67 77 9210712012712310926 1 8KM 940142211312799999999999999 3 5  91526 6599999999999999
 87 65 44 31 29 41 62 86109128136132119102 84 70 63 66 75 86 9810811210826 1 9KM101013622 211299999999999999 336 281614 6399999999999999
 96 81 65 53 48 52 66 84102119129131123109 93 78 67 61 63 69 78 87 95 9826 110KM103813123 7 9899999999999999 4 4 471713 6199999999999999
 96 89 80 72 66 66 73 85 99113123127124115102 87 74 63 58 57 61 68 76 8326 111KM11 7127999999999999999999999 430 651834 5799999999999999
 89 91 89 86 83 81 83 89 98108117123124119110 98 84 70 59 51 49 51 57 6626 112KM 1 1 91114312499999999999999 5 0 8120 4 4999999999999999
 76 86 92 96 96 95 94 95 98104110116120121117108 96 81 66 52 42 38 40 4826 113KM 346 96123712199999999999999 6 7 942112 3899999999999999
 60 75 89100106108106103101101104109115119121117109 95 77 59 42 30 26 3026 114KM 457108135012199999999999999 83410122 3 2699999999999999
 42 59 79 97111118118113106100 98100106114121124120110 93 71 49 30 18 1526 115KM 53011914591249999999999999910 3 982245 1599999999999999
 23 41 64 88109123128123114103 94 92 96106117126129124110 88 62 36 16  526 116KM 5581281556129999999999999991052 922321  499999999999999
  7 21 45 73101122133133123108 94 86 86 95109124134136127107 79 49 21  226 117KM 6251351644136999999999999991128 852355 -499999999999999
 -4  4 26 55 87116135140132116 98 84 78 83 98116132142141126100 67 34  726 118KM 65214017271439999999999999912 0 78999999999999999999999
 -9 -8  8 36 69103130143140126106 86 73 72 84104124140148142120 88 53 2026 119KM 71814418 714899999999999999 028-111233 7199999999999999
 -5-14 -5 19 52 87120141146134115 92 73 64 70 88110131146150138110 75 3926 120KM 744146184715199999999999999 059-1413 6 6499999999999999
  9-10-11  7 37 71105134147142124101 79 62 59 71 93115135148147128 97 6226 121KM 812147192715099999999999999 131-131341 5899999999999999
 29  4 -7  2 26 57 91122142146133111 87 66 54 57 73 96117135145138116 8426 122KM 84014720 814599999999999999 2 3 -71419 5399999999999999
 53 25  7  6 22 49 79109133144139120 97 74 55 48 56 74 9511513113612610326 123KM 9 9145205313699999999999999 235  41459 4899999999999999
 76 50 29 20 26 46 72 99122138140128107 84 63 48 45 54 72 9110912112411426 124KM 938141214312499999999999999 3 8 201544 4499999999999999
 95 73 54 42 39 50 70 92113129137132116 95 73 55 43 42 50 66 82 9710911126 125KM10 8137224811299999999999999 341 391638 4199999999999999
105 92 77 66 60 62 73 90107121130132124107 87 67 50 39 37 43 55 69 84 9526 126KM1040132999999999999999999999 417 601746 3799999999999999
101101 95 88 83 80 83 92103115123127126118103 84 65 48 35 30 32 41 54 6926 127KM 022102111912899999999999999 459 801912 2999999999999999
 84 96103104103100 98 99102108115120124123117104 87 67 47 30 20 18 25 3926 128KM 253104122612499999999999999 628 982041 1799999999999999
 57 78 97110117118115110106104106111116122125122111 93 70 45 22  7  2  926 129KM 44511814 412599999999999999 8581042153  299999999999999
 26 50 77103122131131124114104 97 98105114124131131120 99 71 41 13 -7-1226 130KM 5291321532132999999999999991023 972249-1399999999999999
 -2 20 50 84115136142138125109 94 86 89100114129141142129102 69 34  1-1926 131KM 6 21421638143999999999999991112 862336-2399999999999999
-22 -6 22 58 96129147148137118 96 79 73 82 98118137151151133101 63 24 -926 2 1KM 6321501731153999999999999991152 73999999999999999999999
-27-22  0 33 72113143154147128104 80 63 64 79100123145158154130 94 54 1526 2 2KM 7 2154181715999999999999999 018-281229 6199999999999999
-15-25-13 15 51 92130152153137114 87 63 52 59 79103128150159148120 83 4526 2 3KM 731155185915999999999999999 055-2513 5 5299999999999999
  9-13-13  7 38 75113143154144123 96 69 49 46 59 82107131150153136106 7126 2 4KM 759154193915499999999999999 130-161340 4599999999999999
 37  9 -2  8 33 64 99130149148130105 78 54 41 45 63 85109130143139119 9126 2 5KM 826151201714499999999999999 2 1 -21415 4199999999999999
 61 35 18 18 35 61 90119140146135113 87 63 45 40 49 67 8710812413012210226 2 6KM 850146205513099999999999999 229 161450 3999999999999999
 79 57 40 34 43 63 87111131141136119 96 73 53 42 42 53 69 8710311411510526 2 7KM 911141213511699999999999999 253 341527 4099999999999999
 90 73 59 52 55 68 87107124134134123104 83 64 49 43 46 56 69 83 9410110026 2 8KM 930136222310299999999999999 314 5216 8 4399999999999999
 93 84 74 68 68 76 89105118128130124110 93 75 60 50 46 49 56 65 75 84 8926 2 9KM 9481302343 9099999999999999 330 6817 2 4699999999999999
 90 88 85 82 82 85 93103113120124122114101 87 73 61 52 48 48 51 57 65 7426 210KM1011124999999999999999999999 339 811827 4799999999999999
 81 86 90 92 94 96 99103108113116117114107 98 87 75 63 53 46 43 43 47 5626 211KM10481179999999999999999999992029 42999999999999999999999
 67 78 89 97103106106106106106107109111110107100 91 79 65 51 40 33 32 3826 212KM12191119999999999999999999992144 32999999999999999999999
 50 65 82 97109115115111106101 98 99103108111111107 97 81 62 44 30 21 2126 213KM 5281161429112999999999999991017 982230 2099999999999999
 31 49 70 91110122124119109 99 91 88 93102111118121115101 79 55 33 16  826 214KM 5451251551121999999999999991049 8823 5  899999999999999
 14 30 54 81106125132128116100 86 78 80 91106119129131121100 72 44 18  226 215KM 6 41321642132999999999999991117 772337 -299999999999999
  0 13 37 66 97124138137124106 85 70 66 76 94113131142140123 94 61 29  326 216KM 6251391724143999999999999991145 66999999999999999999999
 -8 -1 21 51 85117140145134114 90 67 54 59 76 99123143152144118 84 48 1526 217KM 64714618 315299999999999999 0 7 -81215 5499999999999999
 -7 -9  7 36 70106137151144124 98 70 48 43 56 80107133153157140109 72 3626 218KM 710151184315899999999999999 037-111247 4299999999999999
  6 -8  0 25 58 93127150152135108 78 50 33 36 57 85114140157154131 97 6126 219KM 735154192315999999999999999 1 8 -81321 3299999999999999
 28  5  2 19 49 82115143155145119 89 58 33 24 35 60 89118143154145119 8726 220KM 8 115520 415499999999999999 139  11357 2499999999999999
 55 29 15 22 45 75105133150149130101 70 41 23 21 37 63 9111813814413210726 221KM 827153204814499999999999999 211 151435 1999999999999999
 80 55 38 35 48 72 98123141148137113 83 55 31 19 23 40 64 8911212812911826 222KM 853148213713199999999999999 242 341517 1899999999999999
 98 79 63 55 59 75 96116132141138122 97 71 47 29 21 26 41 61 8210011311426 223KM 917142223911599999999999999 312 5516 6 2199999999999999
107 95 84 77 76 83 96112125133134126110 88 66 46 32 26 29 39 54 70 86 9726 224KM 940134999999999999999999999 340 751711 2599999999999999
102101 98 95 94 95101110118124126124117103 87 69 52 39 30 28 33 43 56 7126 225KM 02010210 412699999999999999 4 2 941845 2899999999999999
 85 96103107109109110110112115116117116113105 93 78 61 45 31 23 22 29 4326 226KM11 71179999999999999999999992035 22999999999999999999999
 60 80 98111119122120115109105104106109113116114105 90 69 48 28 14 10 1826 227KM 459122141011699999999999999 9491042149 1099999999999999
 34 57 83107124132130122110 98 90 90 96106116125127118 99 73 46 20  3  026 228KM 5181321544128999999999999991030 892240 -199999999999999
 12 34 62 94121138140131116 97 80 73 78 91107124138141128103 72 39 10 -626 3 1KM 53914016411429999999999999911 3 732321 -799999999999999
 -3 15 42 76111138148141124102 77 60 58 71 90112135151150131101 66 30  126 3 2KM 6 21481728153999999999999991136 572357 -899999999999999
 -8  3 27 59 96131151150134110 81 55 43 49 69 93120146159152127 93 56 2126 3 3KM 62715318 91599999999999999912 9 43999999999999999999999
 -1 -1 18 47 82118147156143119 90 59 37 33 47 72100129153160145116 82 4726 3 4KM 652156184816099999999999999 030 -41241 3299999999999999
 18  6 17 41 72107138155151129 99 68 39 25 30 51 78107136154152132103 7126 3 5KM 717156192515699999999999999 1 0  61313 2499999999999999
 41 22 22 41 68 98128150153137109 78 48 26 21 34 58 86114138147139117 9026 3 6KM 73915420 114799999999999999 128 201345 2199999999999999
 63 42 35 45 68 94120142151142118 88 58 34 21 25 43 66 9211713313512310226 3 7KM 8 0151203613699999999999999 153 351416 2199999999999999
 80 61 50 54 70 92115135146142124 98 70 45 28 24 33 52 73 9611512412110826 3 8KM 818146211312499999999999999 216 501447 2499999999999999
 92 77 66 65 75 92111128139139128107 82 58 40 30 32 43 59 77 9510711110726 3 9KM 835141215611199999999999999 237 641522 2999999999999999
 98 88 79 76 81 93108121131134127112 92 72 54 42 37 40 50 62 76 88 9710026 310KM 852134225910099999999999999 255 7616 4 3799999999999999
 98 94 90 88 90 96106115122126124115101 85 70 57 48 44 46 52 60 70 79 8726 311KM 9 9126999999999999999999999 3 7 8817 6 4499999999999999
 92 94 96 97 99102106111114116116113105 95 84 74 63 55 50 48 49 53 61 7126 312KM 92811799999999999999999999919 2 48999999999999999999999
 81 89 97104108109109109108107107107106102 97 90 81 70 59 50 44 41 44 5326 313KM 52110999999999999999999999921 1 41999999999999999999999
 66 80 94107115117115110104 98 96 97101105106105100 89 74 58 44 34 31 3626 314KM 45311814111069999999999999910 7 962155 3199999999999999
 49 67 87106120126123114103 91 84 84 91101110117118110 94 73 52 34 22 2226 315KM 5 71261539118999999999999991028 832232 2099999999999999
 33 53 76101122133132121105 88 73 69 76 90106121131131117 94 68 42 21 1226 316KM 5231341629133999999999999991052 6923 4 1299999999999999
 19 38 63 92120139142131112 88 66 54 57 72 93116136146141120 90 59 30 1126 317KM 5421431711147999999999999991119 532335  799999999999999
  9 24 50 81113140151143122 94 66 43 36 49 73100128151158145117 84 50 2126 318KM 6 31511752159999999999999991149 36999999999999999999999
  7 15 39 69103135155154134104 71 40 22 25 46 76109141163164143111 76 4226 319KM 627158183216699999999999999 0 7  71222 2099999999999999
 18 14 31 60 92125152162147118 83 47 18  7 20 48 82118150167161136104 7026 320KM 653162191416899999999999999 040 131257  799999999999999
 40 25 31 54 84115143161157132 97 60 26  3  2 21 52 88124153163152126 9726 321KM 720162195716399999999999999 113 241334 -199999999999999
 68 46 41 54 79107133153159144113 77 42 13 -2  4 27 57 9112414715213911726 322KM 747160204315299999999999999 146 401413 -399999999999999
 93 72 60 63 79102124143153148126 95 62 32  9  2 11 33 61 9111813413612526 323KM 812154213613799999999999999 219 591456  299999999999999
109 93 81 77 85101118134144145133110 82 55 31 15 12 21 39 61 8510611812126 324KM 836146224312199999999999999 250 771546 1199999999999999
115107 99 94 95103115125133136132119100 78 57 39 26 23 28 41 57 75 9210426 325KM 857136999999999999999999999 320 941653 2399999999999999
110111110108107109113118122125124119110 97 82 66 51 39 32 32 38 50 64 8026 326KM 051111 91612599999999999999 3541071831 3199999999999999
 95106113117118117115113112111112112111109103 93 79 64 49 37 31 33 42 5726 327KM 3521189999999999999999999992016 31999999999999999999999
 75 93110121126125119111103 97 96 99104110115115107 92 73 54 37 27 27 3826 328KM 416126143011599999999999999 944 962126 2599999999999999
 55 77101121132133126114 99 85 78 81 89101114126128119100 78 53 32 22 2526 329KM 4351341543129999999999999991012 782214 2199999999999999
 40 62 88115135141134120100 79 64 61 70 85104124139140126104 77 49 27 2026 330KM 4561411634141999999999999991041 602252 2099999999999999
 30 50 76105132147144129106 80 56 44 48 65 86111136150146128101 71 43 2526 331KM 5191481717151999999999999991112 432327 2399999999999999
 26 42 67 95125148152139115 87 57 34 30 43 66 93122148157147124 95 64 3926 4 1KM 5431531757157999999999999991143 292358 2999999999999999
 29 39 61 87117143156149126 96 63 34 19 24 45 72103134155157141116 86 5826 4 2KM 6 81571835159999999999999991214 18999999999999999999999
 40 41 58 82109136155155136107 74 41 18 12 26 51 82114143156151131105 7826 4 3KM 631158191115799999999999999 028 381245 1299999999999999
 56 48 58 79104129150157145118 85 52 24 10 14 34 62 93124146151140119 9526 4 4KM 653157194615199999999999999 055 481315  999999999999999
 73 60 62 78100123143154149127 97 65 36 15 11 23 46 7410312914314112710826 4 5KM 713154202214499999999999999 121 591345 1199999999999999
 88 73 70 79 97117135148148134108 78 50 27 16 19 35 58 8410912713412811526 4 6KM 732150205913499999999999999 146 691416 1599999999999999
100 86 79 83 95112128140144136117 91 65 42 27 23 31 47 67 8910912112311726 4 7KM 752144214212399999999999999 211 791449 2399999999999999
107 97 90 89 96108120131137134121102 80 59 43 33 33 42 56 72 8910411111226 4 8KM 812137224111399999999999999 236 881530 3299999999999999
109104 99 97 99106114122127127121108 92 75 60 49 43 43 50 60 72 85 9610326 4 9KM 833128999999999999999999999 3 3 971624 4299999999999999
106107107106105107110114117118116111101 89 77 66 57 51 50 53 59 68 79 9126 410KM 057107 85711899999999999999 3451051746 4999999999999999
100106111113113111109108107107108107105100 94 85 75 64 56 51 50 55 63 7626 411KM 3181139999999999999999999991938 50999999999999999999999
 90102113120121118111104 98 94 95 99103106107104 95 82 69 56 48 45 50 6126 412KM 345121134310799999999999999 923 942054 4599999999999999
 77 95112124129126116104 91 81 79 84 94105114119117105 88 70 53 41 39 4826 413KM 4 5129151311999999999999999 948 792142 3999999999999999
 65 85107126137136125107 88 70 61 64 77 94112127135130113 91 68 47 35 3826 414KM 42513816 6135999999999999991015 612221 3499999999999999
 53 74 99124142147136116 90 65 45 41 52 74 98123144150140117 91 64 42 3326 415KM 4471471652151999999999999991046 402258 3399999999999999
 43 64 89117142156150128 99 67 38 21 25 46 74106138160162146119 89 60 4026 416KM 5131561737164999999999999991119 202335 3799999999999999
 38 55 80108136158162144113 78 41 12  2 15 44 79116151170167146118 87 5926 417KM 5411631821172999999999999991155  2999999999999999999999
 45 51 72 99127153167159132 94 55 18 -6 -8 13 46 85125159174165143115 8526 418KM 61116719 617499999999999999 012 441233-1099999999999999
 62 56 69 92118143163167148114 75 35  2-15 -9 16 51 9113116016915813611126 419KM 641168195316999999999999999 049 561314-1699999999999999
 86 71 72 88110133153164158133 97 59 23 -4-13 -2 23 57 9513015315714712926 420KM 712164204415899999999999999 126 691357-1399999999999999
109 91 84 90105124141154157144118 84 51 21  1 -4  8 32 62 9512414114413626 421KM 742158214214499999999999999 2 4 841445 -499999999999999
123109 99 97104117131142148145130106 78 51 27 13 10 21 40 65 9111412813126 422KM 812148225413199999999999999 243 961540 1099999999999999
127120113107107112121129134136131118100 79 58 40 28 25 32 46 65 8610411726 423KM 846136999999999999999999999 3321071648 2499999999999999
123124121117114112113116119122122120112101 86 70 54 42 37 40 49 64 82 9926 424KM 037124 94312299999999999999 5 51121810 3799999999999999
113122126125121115109105104105108111113112107 96 82 67 54 45 44 52 65 8126 425KM 218126122211399999999999999 8 11041936 4499999999999999
 99115126131128120110 99 90 87 89 95104112118117108 93 77 61 50 48 55 6926 426KM 3 5131142111899999999999999 9 4 872044 4799999999999999
 87106124135135128115 98 82 71 70 76 88102117127127117101 82 64 52 51 6126 427KM 335136152912899999999999999 940 692134 5099999999999999
 77 97118135142137122103 81 62 52 56 68 85106126138136123105 84 64 54 5726 428KM 4 21421620138999999999999991013 522215 5499999999999999
 71 90111132146146132111 85 60 41 37 47 66 89115137147141125105 82 64 5826 429KM 42814817 5147999999999999991045 362251 5899999999999999
 67 85105127146153143121 94 65 38 24 28 45 69 98127148152142124101 79 6526 430KM 4551531745153999999999999991117 242325 6499999999999999
 66 80100121142155152133105 74 43 21 15 27 50 78110139155154139119 96 7726 5 1KM 5211561824156999999999999991148 152357 6999999999999999
 70 78 95116136153157144118 86 53 25 10 13 32 59 91123148157150133112 9026 5 2KM 54615819 0157999999999999991219  9999999999999999999999
 77 78 91110130148157152130100 67 36 14  8 19 41 7110413415215414312410426 5 3KM 610158193715599999999999999 027 751250  799999999999999
 87 81 88104123141154154140113 82 50 24 11 13 29 54 8411513914914613311526 5 4KM 634156201315099999999999999 057 811322  999999999999999
 98 87 88 99116133147152145125 97 67 40 21 15 22 41 66 9512113814213612326 5 5KM 658152205214299999999999999 126 861356 1599999999999999
108 96 92 97109124138146145132110 84 58 36 24 23 34 53 7710112213313412726 5 6KM 724147213513499999999999999 157 921432 2299999999999999
116105 98 98105116128137140134119 98 75 54 38 31 34 46 63 8410411912612626 5 7KM 752140222812799999999999999 231 971513 3199999999999999
121113106103104110119126131130123108 91 72 56 45 40 44 55 70 8710311512226 5 8KM 823132233912399999999999999 31510216 3 4099999999999999
122119115110106107110115120122120114103 89 75 62 52 48 51 60 73 8810211426 5 9KM 9 9122999999999999999999999 42510617 3 4899999999999999
121123122118112107104104106109112113110104 93 81 69 60 55 56 63 75 8910426 510KM 1 4123104711399999999999999 6271041817 5599999999999999
117125128126119110101 94 91 93 98105110113110103 91 78 66 59 59 65 78 9426 511KM 2 512813 411399999999999999 8 6 911936 5899999999999999
110124133135128116102 87 77 74 78 89101113121122115101 85 71 62 60 68 8326 512KM 243135143812399999999999999 854 742041 6099999999999999
101119134143140127107 87 67 55 54 65 82102121135137127111 92 75 63 63 7426 513KM 315143154113899999999999999 932 532133 6199999999999999
 92112132147151141119 93 66 43 31 37 55 80107133150151139119 98 77 65 6826 514KM 3481511635153999999999999991011 312220 6499999999999999
 83104125145158156136107 74 42 18 11 23 49 80115146164162147125101 79 6926 515KM 4221591725165999999999999991050 1023 5 6999999999999999
 76 95117139158166155127 91 53 19 -3 -4 16 47 84124157173168151127102 8226 516KM 4571661814173999999999999991132 -62348 7699999999999999
 76 87108130151167168149115 75 35  2-16-10 14 49 9013116317516815012610226 517KM 53317019 4175999999999999991216-17999999999999999999999
 86 86100120141160171164139102 62 23 -7-19 -9 17 54 9513616317216314512326 518KM 611171195617299999999999999 031 8413 2-1999999999999999
103 92 95110129148164168156128 92 53 18 -7-14 -2 25 6110013615816315513826 519KM 649169204816499999999999999 115 911350-1499999999999999
120104 98104118135150160160146118 85 51 21  1 -3 10 36 6810213215015314526 520KM 730162214415499999999999999 2 0 981442 -399999999999999
132118107103109121134145152149135111 82 54 30 14 13 25 47 7510412814214426 521KM 815152224214499999999999999 2501031536 1299999999999999
138128117108106110119128136140137125107 84 62 42 30 30 40 59 8210512413526 522KM 911140234513899999999999999 3511061633 2899999999999999
138133125116108104105110117123127126119106 90 72 56 47 46 54 70 8810712326 523KM1028127999999999999999999999 5111041734 4599999999999999
133135131123113103 97 95 98103109116119118110 97 83 70 61 60 67 80 9611226 524KM 048135121211999999999999999 652 951839 5999999999999999
126135136131120108 95 85 81 83 89 98109117120116106 94 82 73 71 77 8910426 525KM 141137135412099999999999999 811 811944 7199999999999999
119132139138129115 98 82 70 65 69 79 92107120126123114103 91 82 80 87 9926 526KM 223140151012699999999999999 9 1 652042 7999999999999999
113127139144138124106 85 66 53 51 59 73 91111127134131121109 96 87 87 9526 527KM 25914416 913499999999999999 941 512132 8599999999999999
108122136146147135116 93 69 49 38 41 54 73 96120137142137126112 98 90 9226 528KM 3321481658142999999999999991018 382216 9099999999999999
103117132145151146128104 77 52 33 27 35 54 78106131147149141127111 97 9226 529KM 4 41521741150999999999999991053 272256 9299999999999999
 98111126141152153141118 90 61 35 21 21 36 59 88118143154152141124107 9526 530KM 4351551820155999999999999991127 192333 9499999999999999
 95104119136150157151132105 74 45 23 14 22 41 6910113115115815113611810226 531KM 5 615718571589999999999999912 1 14999999999999999999999
 94 99111128144156157145121 90 59 32 15 14 27 51 8111414115515614612911126 6 1KM 537158193315799999999999999 0 8 941235 1299999999999999
 98 96104119136151158153135108 77 47 24 14 18 36 63 9412414615515113712026 6 2KM 6 815820 815599999999999999 042 951311 1399999999999999
105 96 99110126142154156145123 95 65 38 21 17 27 48 7610613214715114312926 6 3KM 640156204515199999999999999 116 961346 1799999999999999
113101 97103117132145152149135111 83 56 35 24 25 39 61 8811513514614513526 6 4KM 714153212314699999999999999 152 971423 2399999999999999
122109100100108121134144147140124100 75 53 36 30 36 52 74 9812113614213926 6 5KM 75114722 514299999999999999 232 9915 2 3099999999999999
129117107101102110121132138138130114 93 72 54 42 39 48 64 8510612513714026 6 6KM 834139224914099999999999999 3191001543 3999999999999999
135125115105100101108117125130130123108 91 73 59 50 50 60 76 9511312813726 6 7KM 930131233713999999999999999 4181001629 4999999999999999
138133123112102 96 96101108116122123119108 94 79 67 60 62 71 8610311913226 6 8KM1049124999999999999999999999 531 951722 6099999999999999
140139132120107 95 86 84 88 96106115121121114102 89 78 72 73 81 9511112626 6 9KM 027140122912299999999999999 649 841825 7199999999999999
137143141131116 99 83 71 68 72 83 97112123128124114102 90 83 82 8910311826 610KM 11514414 412899999999999999 755 671938 8199999999999999
132144148143129108 87 66 52 48 56 72 91112129139137128115102 92 89 9611026 611KM 2 2148152113999999999999999 850 482047 8999999999999999
125140151154145125 99 72 48 31 29 41 62 88115139152151141126111 98 9410226 612KM 248154162515399999999999999 939 282148 9499999999999999
117133148159160146120 89 57 28 11 12 28 55 87121149163162151134115101 9826 613KM 3341611723165999999999999991028  92244 9899999999999999
107123140156166164145114 78 42 12 -4  0 21 52 9012815917216915613611610226 614KM 4211671817173999999999999991118 -52335 9999999999999999
101112129147164172166142108 69 30  0-13 -6 19 54 9513516517617115513411426 615KM 5 817319 71779999999999999912 8-13999999999999999999999
101103116134153169175165139102 61 23 -5-15 -4 23 6010214116817516715012926 616KM 556175195517699999999999999 0241001258-1599999999999999
109100104119138156171174161133 96 57 21 -4-10  4 33 7011014516717015914226 617KM 645175204117199999999999999 1111001347-1099999999999999
121105 98105121139156168169154126 91 55 24  4  3 19 48 8211814816316215026 618KM 735170212416499999999999999 158 981434  199999999999999
132114101 97105120136151160159144118 88 58 32 18 21 39 65 9512514815715326 619KM 82616222 715799999999999999 246 971520 1899999999999999
140124108 97 96103116129141149147133112 88 64 45 37 43 60 8310813214715126 620KM 920150224815199999999999999 338 9516 4 3799999999999999
144132117103 93 92 98108119129136135124109 90 73 60 57 65 8010011913714626 621KM1021137232914799999999999999 437 921647 5799999999999999
146138125111 98 89 87 90 98107117124125119109 96 85 77 77 84 9811312814026 622KM1139125999999999999999999999 549 861732 7699999999999999
145142133120105 92 82 78 80 86 96107116120119113105 97 93 9310011012313426 623KM 010145131812199999999999999 7 8 781825 9299999999999999
142144140130115 99 84 73 67 69 76 8710011312112412111510910510511011912926 624KM 054144145512499999999999999 816 67193310499999999999999
137144145139126109 91 74 62 56 59 68 8310011612713213012511811311111512326 625KM 141145161113299999999999999 910 56204711199999999999999
132141146146137122103 82 63 50 45 51 64 8310412413714113813112211511311726 626KM 22814717 414199999999999999 955 45215011299999999999999
125135144149147136117 94 71 50 38 37 47 65 8811313414714914313312111311126 627KM 3141491745150999999999999991036 36224111199999999999999
117128139149153148133110 84 58 38 29 32 47 70 9812514615515414412911610826 628KM 3591531820156999999999999991115 28232310899999999999999
109118132145155156147127101 72 46 28 23 31 52 8011013715516015313912210926 629KM 4411571853160999999999999991152 22999999999999999999999
104109122138152160158144119 89 59 35 20 21 36 61 9212314816116014813011326 630KM 521161192416299999999999999 0 01041228 1999999999999999
102101111127145158163157137109 77 48 26 18 25 45 7410613615616215513912126 7 1KM 6 0163195516299999999999999 03410013 3 1899999999999999
105 97101116134150162163151127 97 65 39 22 20 34 59 8912014616015914712926 7 2KM 638164202616299999999999999 1 9 971336 1999999999999999
111 98 95104121139154162159142115 85 56 34 24 29 48 7510513315316015313826 7 3KM 717163205716099999999999999 144 951410 2499999999999999
120103 93 95107124141153158151131104 76 51 35 32 43 66 9212014315715714526 7 4KM 757158212915899999999999999 222 931443 3199999999999999
128111 97 90 95109125139149151141121 96 72 53 42 45 61 8410913215015615126 7 5KM 84215222 215699999999999999 3 4 901518 4299999999999999
137120103 91 87 94107121134142143132114 93 74 60 55 62 7910112214115315426 7 6KM 933144223615599999999999999 352 871554 5599999999999999
144129112 96 85 82 88100114126134135127112 96 82 72 72 81 9711513314615326 7 7KM1037136231315399999999999999 447 821636 7199999999999999
150139122104 88 77 74 79 90103116126130126117105 95 89 89 9711112613914926 7 8KM12 0130235715299999999999999 552 741727 8899999999999999
152148135117 98 80 67 62 66 77 9110712113013112611811010510411012013214326 7 9KM1341131999999999999999999999 7 4 62183810499999999999999
150153147133113 92 72 56 48 51 62 79 9911813314013913312611811511712513526 710KM 050153151914099999999999999 814 4820 911599999999999999
145153155149134112 87 62 42 32 34 47 68 9411914015215314713712711911912526 711KM 153155163715399999999999999 920 31213311899999999999999
136147156161155138112 82 53 29 16 19 35 61 9212415016416515614312811711626 712KM 2591611734166999999999999991019 16224011599999999999999
123136150162168162142112 78 44 16  3  8 28 59 9613216117417216014212311126 713KM 4 31681820175999999999999991114  2233310999999999999999
110121137154169176169145111 72 35  6 -6  3 28 6310414317018017315613511426 714KM 5 317619 11809999999999999912 4 -6999999999999999999999
102105120139159176183172145107 67 29  1 -7  7 36 7411515417718016814712326 715KM 557183193918199999999999999 0191011251 -799999999999999
103 94101119141162180185170140102 62 26  3  1 20 51 8913016317917415713426 716KM 647185201517999999999999999 1 2 941334 -199999999999999
110 92 88100120142163179180162131 95 59 28 12 18 41 7210814416817516414426 717KM 735182204917599999999999999 144 871414 1299999999999999
121 98 84 85 99119140159172169150121 90 59 37 30 42 66 9512615416916615126 718KM 821173212017099999999999999 226 831450 3099999999999999
130108 89 80 85 99117135151160154136112 88 65 52 54 69 9111714115916415526 719KM 9 7160215016499999999999999 3 9 801524 5199999999999999
138118 98 83 79 85 97112127140145139125108 90 77 72 79 9411413315015915626 720KM 957145221815999999999999999 355 791554 7299999999999999
144127109 92 81 78 83 93105118128131127119108 98 92 9310211513014315215426 721KM1058131224515599999999999999 449 781623 9199999999999999
148135119103 89 79 76 79 87 9610711712212211911411010811111812813814615026 722KM1234122231515099999999999999 557 76165310899999999999999
149141129115100 86 77 72 73 79 88 9911011812312412412212112312813314014526 723KM15 5124999999999999999999999 720 72174712199999999999999
147145138127113 98 84 73 66 65 70 80 9410812012913413413213012912913313726 724KM 0 1147163613599999999999999 839 6520 912999999999999999
142145143138127113 96 79 66 57 56 63 76 9411212814014414313813212712612826 725KM 113145171314599999999999999 939 56215112699999999999999
135141146146141129112 91 72 56 47 48 58 77 9912113915115314713812812111926 726KM 2351461743153999999999999991027 46224211999999999999999
125134144150151145130108 84 61 44 37 42 58 8210813315216015614513211911226 727KM 34215218101609999999999999911 6 37231811299999999999999
114124137149157158148127101 73 49 33 30 42 64 9212214716216415413812110826 728KM 4341591836165999999999999991142 30235010499999999999999
104112127144158166163147120 90 60 37 25 29 48 7510713816016916314712710826 729KM 51816619 2169999999999999991214 24999999999999999999999
 97 99113133151166172164141110 77 47 27 22 35 60 9212515417016915613511326 730KM 557172192717299999999999999 021 971245 2299999999999999
 95 90 99118140159173174159130 97 64 37 24 28 49 7811114316617416414412126 731KM 636175195317499999999999999 053 891315 2399999999999999
 99 85 86101123145164175170149118 85 55 34 29 42 68 9913115817317015313026 8 1KM 714176201917499999999999999 126 831346 2899999999999999
106 86 78 85105127149166172162137106 77 52 39 43 63 9112014816817316113926 8 2KM 754172204617399999999999999 2 1 781416 3899999999999999
115 92 76 74 86107129149163165150126 99 74 57 52 63 8611313815917016614826 8 3KM 837166211417199999999999999 239 731448 5299999999999999
125101 81 70 72 87106127144155154140118 97 79 69 72 8710913115116416715626 8 4KM 924156214116799999999999999 321 691520 6999999999999999
136113 91 74 66 71 84102120136145143132117102 91 88 9410912714415716315926 8 5KM1022146221016399999999999999 4 9 661554 8899999999999999
146125104 85 70 64 67 79 9411012413413513012111310810811412613915015715826 8 6KM1141136224515999999999999999 5 8 64163310799999999999999
152139120101 82 68 60 61 69 82 9711312513213313112812512512813514314915326 8 7KM1344133233915499999999999999 625 59174112499999999999999
154149138121102 83 66 55 51 56 67 8410312113414214414313913513413514014526 8 8KM16 3144999999999999999999999 754 5120 113499999999999999
150153151143128107 85 63 46 38 41 53 73 9712214215415815514713813112913226 8 9KM 113153165815899999999999999 916 38215012899999999999999
140149156159153137113 85 58 36 24 27 43 68 9812915416716816014713112011726 810KM 2531591734169999999999999991018 24224511799999999999999
125137151163170165146117 83 51 24 12 18 40 7110614216817817315813811810526 811KM 4 817018 61789999999999999911 9 12232710499999999999999
106119137156173182175151116 79 42 15  6 19 46 8112015718018216914812310126 812KM 5 61821837184999999999999991153  6999999999999999999999
 90 97116139162183191179149112 72 34 11 10 29 61 9813917218617915913310526 813KM 55619119 818699999999999999 0 6 901233  799999999999999
 84 79 93116142168188192174142104 65 32 16 24 49 8212015718218516914311526 814KM 641193193718699999999999999 043 7913 9 1699999999999999
 87 71 74 93118145171188185163131 95 61 36 31 47 7510714217118417515312526 815KM 72418920 518499999999999999 120 701343 3099999999999999
 97 73 65 74 95120146169180171149119 89 63 49 55 7510213115917717716013526 816KM 8 5180203017999999999999999 157 651413 4999999999999999
108 82 66 65 78 98121144162166155134111 88 72 70 8210312715016817416414326 817KM 846166205317499999999999999 234 631440 6999999999999999
118 94 74 65 69 82101120138150150139124107 94 88 9310712614516016816414926 818KM 929151211216899999999999999 312 6515 3 8899999999999999
128106 86 72 68 74 8610011612913713512811911010510611412714115316116115226 819KM1021137213016299999999999999 354 68152210499999999999999
136118100 84 75 73 77 86 9710911912512612412111811812213013914715315515126 820KM1145126215015599999999999999 447 73153411899999999999999
141128113 99 87 79 76 77 82 9010011011812312612812913113413814214514714726 821KM2225148999999999999999999999 6 8 76999999999999999999999
143135125114102 90 81 75 73 75 82 9310411612613413914013913813713713814026 822KM1657140235714199999999999999 8 2 73205413799999999999999
141139135129119106 92 80 70 65 66 75 8810412113514514914714213613012813026 823KM17 3149999999999999999999999 921 6522 412899999999999999
135139141141136124108 90 73 61 54 58 71 8911013114815615514713712711911826 824KM 2201421722157999999999999991010 54223611899999999999999
125134143149150143127105 83 63 49 45 54 73 9712214516016315514212611310726 825KM 3401501743164999999999999991047 4523 310799999999999999
112124138151159159147125 98 72 50 38 40 57 82110139161170164149130110 9826 826KM 42916118 5170999999999999991119 372330 9699999999999999
 98110128147162171165146117 87 58 37 32 44 67 97129158174173158136112 9226 827KM 5101711826176999999999999991148 312359 8499999999999999
 84 93112135157174179166139107 74 46 30 35 55 85117150174180168145118 9226 828KM 5481791848181999999999999991217 30999999999999999999999
 75 75 92117143167183181161129 95 62 39 33 47 75106140169184177156127 9826 829KM 625185191218499999999999999 029 731246 3299999999999999
 73 63 72 96124151175187177151118 85 56 40 45 68 9813016018118416613810726 830KM 7 4187193618599999999999999 1 1 631316 4099999999999999
 78 58 56 73100129157178183167139108 79 58 53 66 9312215017418417414911926 831KM 74418420 218499999999999999 135 541347 5299999999999999
 88 63 50 56 77104132158174173155129103 81 69 73 9211714216417817715913126 9 1KM 827176202718099999999999999 212 491417 6899999999999999
101 74 54 48 59 80105131152164160143123105 91 87 9711613715617017416514326 9 2KM 914164205117499999999999999 252 481448 8799999999999999
116 90 67 53 51 62 8110312414215014613612311210610811913515016116716515226 9 3KM1011150211416799999999999999 338 50151710699999999999999
131107 85 67 56 55 64 78 9511312813613713312812512412713514515415915915426 9 4KM1138137213816099999999999999 437 54154612499999999999999
143126107 89 73 62 58 61 70 84 9911412613413713913913913914214614915015026 9 5KM2232151999999999999999999999 6 2 58999999999999999999999
147140129114 98 81 66 57 54 59 71 8710512313714715115114714213913713814126 9 6KM1624151999999999999999999999 750 5421 913799999999999999
144147146139126108 87 67 51 44 47 60 8010412814815916215714713612612212526 9 7KM 118147164616299999999999999 913 4422 112299999999999999
133143152157153139116 89 63 42 33 38 56 8111014016217116715513812010710626 9 8KM 3 915717101719999999999999910 9 33223610599999999999999
115130146162171167147119 87 56 33 26 37 60 90124156175177165145121 99 8826 9 9KM 4131721735178999999999999991053 252311 8799999999999999
 93109130153174184175150117 82 48 27 27 45 73107144173184176155128 99 7726 910KM 5 318418 1184999999999999991131 242345 7199999999999999
 72 85108134162185191176146111 74 43 29 38 62 94129164186185166138106 7626 911KM 54719118271889999999999999912 6 29999999999999999999999
 59 63 83110140170190190169138103 68 44 41 58 86118152180189176149117 8426 912KM 628193185318999999999999999 019 581238 3999999999999999
 58 49 62 86116147175189181157127 95 67 54 61 84112142170186182159128 9526 913KM 7 8189191818799999999999999 053 4913 8 5399999999999999
 65 47 48 66 93122151174180167143117 91 73 71 8611013616117918216613810726 914KM 747180193918399999999999999 126 451336 6999999999999999
 77 54 45 54 74100127152167166151131110 92 85 9311113315417117716914711926 915KM 825168195817799999999999999 159 4514 0 8599999999999999
 91 66 52 51 63 8310612914715515013812310910010211413114916317116715212926 916KM 9 5155201517199999999999999 232 49142110099999999999999
104 81 64 56 60 73 9010912613814213712912011311211913114415516216215313626 917KM 952142203016399999999999999 3 8 56143911299999999999999
116 96 79 68 65 69 79 9210611912813012912612312212513214014815315515014026 918KM11 6130204615599999999999999 352 65145012299999999999999
125110 95 83 75 73 75 81 9010011111912412713013113313513914214414514413926 919KM21 0145999999999999999999999 458 73999999999999999999999
131121111101 91 82 78 76 78 83 9210311412413213814114113913813613413413426 920KM1626141999999999999999999999 658 76999999999999999999999
133129125118108 97 86 77 72 71 76 8710111613014214814814313713012412212526 921KM1628149999999999999999999999 842 70215412299999999999999
129132134133127115 99 84 71 63 62 71 8610512414215315615013912711511011226 922KM 213134164415699999999999999 935 61221510999999999999999
120129138144144134117 97 77 61 53 57 71 92116139157163158144127110 98 9626 923KM 32814517 1163999999999999991012 532237 9599999999999999
105120136150157154138115 90 67 51 47 58 79105133157170167152131108 88 8026 924KM 4141581720170999999999999991044 4723 3 8099999999999999
 87104125146164170160137109 80 56 43 48 68 94124153173177163139111 84 6626 925KM 4541701740178999999999999991113 432331 6499999999999999
 66 82107134160178178161132101 70 48 44 58 84114146172184174150119 87 5926 926KM 53218118 2184999999999999991143 43999999999999999999999
 48 58 83113145173188181156125 92 63 48 53 76106137166186185163130 95 6226 927KM 611188182718899999999999999 0 1 481215 4799999999999999
 39 37 57 87121155182190177149117 86 63 57 72 99128157181189175145108 7226 928KM 652191185318999999999999999 034 351247 5799999999999999
 42 27 34 60 93128161184185167140112 86 71 75 95122148172186182159124 8826 929KM 734187192018799999999999999 110 261319 7099999999999999
 54 30 24 38 65 98131161177174156133110 92 86 9711814116217718116814010626 930KM 818178194518299999999999999 148 231352 8699999999999999
 73 45 28 29 45 711001301541641601451281131041051181361541671741691511242610 1KM 9 916520 917499999999999999 229 26142310399999999999999
 95 67 46 35 38 52 74 991231411491471381291211191231341471571641641551382610 2KM1012149203116499999999999999 318 34145511999999999999999
115 92 71 54 46 47 57 73 921111271361381371341321321351411481521531511432610 3KM12 0138205315399999999999999 422 45153213299999999999999
131115 97 81 66 56 53 58 68 831001161281371411431421401391391391391401392610 4KM1510143221414099999999999999 552 53185913999999999999999
137132122109 93 77 64 56 55 62 75 921111291421501511471411331261231241282610 5KM1545151999999999999999999999 736 54211512399999999999999
133138139135122105 85 67 54 50 56 71 921151371531591551461321171071041102610 6KM 14813916 615999999999999999 852 50214610499999999999999
120132145152148134113 89 66 49 46 56 75100127151165164153136115 95 85 882610 7KM 312152162916699999999999999 944 452217 8499999999999999
100117137155165159140115 87 62 46 47 63 86114144166173163144119 92 71 662610 8KM 4 71651653173999999999999991025 452249 6599999999999999
 76 95119146168175164141113 83 58 48 56 77104134162178174154127 96 67 502610 9KM 45417517181799999999999999911 1 482321 4999999999999999
 53 71 97126156177179163138108 78 58 56 72 97125154177181166138106 72 46261010KM 5361811744182999999999999991135 542354 3799999999999999
 37 49 73103135166182177157131101 75 64 71 92118145170183175150117 82 51261011KM 61618318 81839999999999999912 6 63999999999999999999999
 31 32 52 80112145172180170148122 96 78 76 91114139162179179161130 95 62261012KM 654180183118299999999999999 026 291235 7499999999999999
 36 27 37 60 90122153171172158137114 94 85 92111133155172178167141108 76261013KM 732174185317899999999999999 058 2613 3 8599999999999999
 47 30 31 46 71100130154165160146127109 97 97110129148164173168149121 90261014KM 810165191217399999999999999 129 281329 9599999999999999
 62 42 34 40 58 82109134150154147135120109105111125141155165165153131105261015KM 849155193116699999999999999 2 1 34135310599999999999999
 79 57 44 43 53 70 91113132142143137127118113115123135147155158152137116261016KM 935143195015899999999999999 236 42141711399999999999999
 94 74 59 52 54 63 78 95112125132133130125122121124131139145148146138124261017KM1039133201014899999999999999 317 52144412099999999999999
108 91 77 67 62 64 71 81 94107118125128129129128128130132135137137134127261018KM13 8129202713799999999999999 413 62153212899999999999999
117106 94 84 75 70 70 73 80 90102113122129134135134131129127126125125124261019KM1459135999999999999999999999 536 69999999999999999999999
121117110102 92 82 74 71 71 77 87100114126136141141136129121115111112116261020KM1527142999999999999999999999 723 70211911199999999999999
120123123119110 98 85 74 68 67 74 87104121136146149143132119106 97 96102261021KM 136123154614999999999999999 835 662139 9699999999999999
112122130134130117101 85 70 62 64 75 93113133150156152138120100 85 78 83261022KM 3 013416 515699999999999999 921 6222 3 7899999999999999
 96113130143147139122102 81 65 58 65 83105128150163162147125100 76 61 61261023KM 351147162516499999999999999 959 582230 5999999999999999
 74 96120143159160146124 99 76 60 59 73 95121146166172160135105 74 49 39261024KM 4341611649172999999999999991034 5723 1 3999999999999999
 48 71100130158173169149123 96 72 60 66 86112139164178173150116 81 47 25261025KM 5171741716179999999999999991110 592334 2199999999999999
 23 42 72106142171182172149121 92 71 66 79104131157178183166133 95 56 23261026KM 5591821744183999999999999991145 65999999999999999999999
  7 15 41 76115153179184170145117 91 75 78 97122148171184178152114 73 36261027KM 643185181418599999999999999 010  71222 7499999999999999
  8  0 15 45 82122158179179163139114 93 85 94115138160177182166135 96 57261028KM 729182184518299999999999999 049  01258 8599999999999999
 23  3  2 21 51 87125157172169154134114100 98111130150166176172151119 83261029KM 818173191617699999999999999 132  01336 9799999999999999
 49 21  7 11 30 58 91124149160157145130117109112124139154164167158137108261030KM 913160194716799999999999999 218  6141510999999999999999
 77 50 28 18 23 39 63 91118138147146138130122119122131141150154153144126261031KM1020147202015599999999999999 312 1815 111999999999999999
103 79 58 41 32 35 48 66 881101271371391371321281251261301341381401391332611 1KM1152139211014099999999999999 416 32162012599999999999999
121105 88 70 55 46 46 54 68 851041211331381391361311251211201211221251272611 2KM1339139232812899999999999999 533 4519 512099999999999999
127122113 99 83 68 57 53 58 69 851031211351421431381291181091031021061132611 3KM1435143999999999999999999999 658 53203810299999999999999
121127129123111 95 78 65 58 61 72 89108128143149146135121104 90 83 84 922611 4KM 14412915 814999999999999999 812 582118 8299999999999999
105120133138133120103 84 69 62 66 80 98119139152154144127106 84 68 63 692611 5KM 3 2138153715599999999999999 9 7 622153 6399999999999999
 84103124142148142127107 87 71 66 74 91111133152161154137113 86 61 46 472611 6KM 35914816 516199999999999999 951 662226 4599999999999999
 61 81106133152156147129108 87 73 73 86105126148163164148123 94 63 39 302611 7KM 4461571632165999999999999991029 712259 3099999999999999
 39 59 85115144161161148128106 85 76 83 99120141160168159136105 72 42 232611 8KM 52916317 01689999999999999911 5 762332 2099999999999999
 22 37 63 94127154166161145124101 85 83 95114135155168167148119 85 51 252611 9KM 6 91661726170999999999999991138 82999999999999999999999
 14 21 43 72106138161166156138117 97 87 92108128148163169158132 99 65 34261110KM 648166175116999999999999999 0 5 141210 8799999999999999
 15 13 27 53 84118147162161148129109 95 93103120140156166162144114 81 49261111KM 725163181616799999999999999 037 121241 9299999999999999
 25 14 19 38 65 97128150158152138120104 97100113131148160162150127 97 66261112KM 8 3158184116299999999999999 110 131311 9699999999999999
 39 22 19 30 51 78107132147150142128113103101109122138151156152136111 83261113KM 84215019 615799999999999999 143 18134110199999999999999
 57 37 27 29 42 63 88113132141140132121111105107116128140147148139121 98261114KM 924142193314999999999999999 219 26141510599999999999999
 75 54 40 35 40 54 73 95115128134133126118112109112120128136139136126110261115KM101513420 313999999999999999 259 35145710999999999999999
 90 72 56 47 45 51 64 80 98114125129129124119114112114118123127127124115261116KM1119130204112799999999999999 344 4416 511299999999999999
103 88 74 62 55 54 60 71 85 99113123128129126121116111110110112115116115261117KM123912922 811699999999999999 439 5418 811099999999999999
110102 91 80 70 63 61 66 75 87101115125131132129121112104 99 97 99103107261118KM1343133999999999999999999999 546 6120 1 9799999999999999
111111107 99 88 78 70 66 69 78 91106120132138137129117103 90 81 80 84 93261119KM 035112142213899999999999999 7 3 662045 7999999999999999
104113119117109 97 85 74 69 72 82 97114129141145139124106 86 69 60 61 72261120KM 220119145314599999999999999 812 692120 5999999999999999
 88106122131130120106 90 77 71 75 88106124141151150136114 88 63 44 38 46261121KM 325132152415399999999999999 9 7 712155 3799999999999999
 64 87112134146143130112 94 79 73 81 97117137153160151128 98 67 38 19 18261122KM 418146155716099999999999999 955 732232 1699999999999999
 34 60 91123148159153137117 95 79 77 89108130150164165147116 80 44 13 -1261123KM 5 71591632167999999999999991040 762312 -299999999999999
  5 28 60 97134161169159141118 95 81 83 99120142161172164138102 61 23 -5261124KM 55516917 8172999999999999991123 802354-1599999999999999
-15 -2 26 63104143168172160140116 95 85 91110131153169174159127 87 46  8261125KM 64317317461749999999999999912 6 85999999999999999999999
-16-20 -2 29 69111148169170156136113 96 91101119140159172170150116 76 36261126KM 732171182517399999999999999 039-211249 9099999999999999
  2-18-16  4 36 75115148164162149130111 98 97108126145160168161139105 68261127KM 82216519 616899999999999999 126-201333 9599999999999999
 32  3-11 -7 14 45 81117144156152140124109100102113129144155158149128 98261128KM 914156195115899999999999999 216-12142110099999999999999
 65 35 12  2  8 27 55 86116138147143133120109102104113125136143145137118261129KM10 9147204214599999999999999 3 8  2151710299999999999999
 94 68 44 25 18 24 42 65 91115133139136128118108102102108115123129131125261130KM11 7139215013199999999999999 4 2 18162710199999999999999
112 94 74 55 41 36 42 56 75 96116130135132125115105 97 94 961011071131182612 1KM12 8135232411899999999999999 458 3618 2 9499999999999999
117110 98 84 69 57 53 57 69 84102118130134132123112 99 88 81 80 84 911002612 2KM13 5134999999999999999999999 6 0 531940 8099999999999999
109114113105 94 82 72 67 70 80 94109123133136131120105 89 74 65 63 69 792612 3KM 117114135313699999999999999 7 8 672042 6399999999999999
 92106116118114104 94 84 78 80 89102116129138139130114 95 75 57 47 48 562612 4KM 249119143414099999999999999 814 782127 4699999999999999
 71 90109122127122113102 91 85 88 98111124137143140126105 81 58 39 31 362612 5KM 357127151114499999999999999 911 8522 6 3199999999999999
 50 70 94117132135130119106 94 89 94105118132144147137118 92 65 40 23 202612 6KM 450135154614799999999999999 959 892242 1999999999999999
 30 49 75103127141142134120105 93 91 99112127141149147131107 77 48 23 112612 7KM 5341431620150999999999999991043 902318 1099999999999999
 14 30 55 85115138148145133117101 91 93104119135148152143122 93 61 31 102612 8KM 6141491653152999999999999991122 912353  499999999999999
  4 14 35 65 98128147151144128110 95 90 96110127142152151136110 77 45 182612 9KM 6501521725153999999999999991158 90999999999999999999999
  3  3 19 45 78111137151149137120102 90 90100117134148153146125 95 62 32261210KM 725152175715399999999999999 028  11232 8999999999999999
 10  1  8 29 59 92122143149143128110 95 88 93106124140150150137112 81 49261211KM 759149182915299999999999999 1 2  113 6 8899999999999999
 23  7  5 18 43 73104129144144134118101 90 89 97112129142147142124 97 67261212KM 83314619 214799999999999999 136  41340 8899999999999999
 40 19 10 14 32 58 86113133141137124109 96 89 91102117130139140131111 84261213KM 9 7141193614199999999999999 210  91417 8999999999999999
 58 35 20 17 27 47 72 98120133136129116103 93 89 93104117127132130118 98261214KM 944136201413299999999999999 244 171459 8999999999999999
 75 53 36 27 29 42 62 85106123132131122111100 91 89 93102112119122118107261215KM102213321 112299999999999999 320 261551 8999999999999999
 90 71 54 41 37 42 57 75 95113125130127118107 96 88 85 88 95102109112109261216KM11 413022 811299999999999999 358 371657 8599999999999999
100 87 72 60 51 49 56 70 87103118127130125115103 91 82 77 78 83 90 98103261217KM1149130234310599999999999999 442 491818 7799999999999999
104100 91 80 70 63 63 69 81 95110122130130124112 98 83 70 63 62 68 78 88261218KM1238131999999999999999999999 537 621933 6299999999999999
 99105105100 91 82 76 74 79 89102115126133133124108 90 70 54 44 44 52 66261219KM 133106132813499999999999999 649 742032 4399999999999999
 82 99111116113105 96 87 83 86 95108121132138136123103 79 55 34 23 25 37261220KM 3 2116141813999999999999999 810 832123 2299999999999999
 57 80104122130127118107 95 88 90 99113127139145140122 96 67 37 14  3  7261221KM 41213015 714599999999999999 920 872211  299999999999999
 25 51 81112134143140129114 99 90 91102118133147152143120 89 54 20 -6-15261222KM 5101431556152999999999999991020 8923 0-1599999999999999
 -6 17 49 86122146154148134115 98 88 92106123141155158146118 81 41  5-21261223KM 6 11541645159999999999999991113 882349-2899999999999999
-28-14 14 52 93131155160151133112 94 86 92109129148161162145113 73 31 -6261224KM 64916117351649999999999999912 2 86999999999999999999999
-30-33-15 18 58102139160161148128105 88 83 93112133152165163142107 65 24261225KM 734162182416699999999999999 037-341248 8399999999999999
-12-31-29 -7 27 68111144159156140118 97 82 81 94114135153163158134 99 59261226KM 816160191316399999999999999 124-331334 8099999999999999
 21-10-24-17  7 42 81119146154146129108 89 78 80 94113132148155147124 91261227KM 85715420 215599999999999999 210-251420 7799999999999999
 56 23 -2 -9  2 27 59 94125144146135118 99 82 74 79 92109125138142133112261228KM 937148205314399999999999999 254-1015 8 7499999999999999
 84 56 30 13 12 26 49 77106129140137125108 91 77 71 76 87100113124127119261229KM1016141214812799999999999999 335 1016 1 7199999999999999
102 81 60 42 33 36 50 71 93115130135129116100 85 72 68 70 78 88 99108111261230KM1054135225611199999999999999 415 3317 5 6799999999999999
106 96 82 69 58 55 61 74 91108122130130122109 94 78 67 61 61 66 74 84 93261231KM1129131999999999999999999999 452 551826 6099999999999999
