 47 78108131145147140126112102 99104116131145151147130102 68 33  6 -8 -626 1 1KN 44314715 915299999999999999 954 992222 -999999999999999
 12 43 79114141156157147131114101 97103117135150157151130 98 59 21 -7-2026 1 2KN 53715816 3157999999999999991054 972312-2099999999999999
-14  8 44 84122149163161147127108 95 93102120140156162153129 92 50 11-1626 1 3KN 6231641655162999999999999991141 93999999999999999999999
-25-15 12 51 93130156165158141118 99 88 90103123145161164152124 84 42  526 1 4KN 7 4165174416499999999999999 0 0-251224 8799999999999999
-18-23 -8 23 64105139158162150129106 89 82 87104126147161161145115 75 3526 1 5KN 742162183116399999999999999 044-2413 4 8299999999999999
  3-14-12  7 41 81118145157154138115 94 80 77 86105127146156153134104 6726 1 6KN 816158191615799999999999999 125-161343 7699999999999999
 32  7 -2  6 29 62 99129148153143124101 83 73 74 86104125140147140121 9226 1 7KN 84715320 014799999999999999 2 3 -21424 7299999999999999
 61 34 18 16 29 54 85115137148145130110 90 75 68 72 8510211913113312510826 1 8KN 916148204513499999999999999 238 1515 7 6899999999999999
 84 60 42 34 38 54 78104127141143135119 99 81 69 66 70 82 9611011811911226 1 9KN 943144213712099999999999999 3 9 341555 6699999999999999
 98 81 65 55 53 61 78 98118133140137126109 91 76 66 63 67 76 88 9910610826 110KN1011140224710899999999999999 340 531654 6399999999999999
103 95 84 75 71 73 82 96112125134136130118102 86 72 63 59 61 68 78 88 9626 111KN1043136999999999999999999999 412 7118 6 5999999999999999
101101 98 93 89 87 90 97107118126131131125114 99 83 69 58 53 53 59 68 8026 112KN 037101112613299999999999999 455 871926 5299999999999999
 91100105107105103101101104110118124128128123112 97 80 64 51 43 43 49 6126 113KN 254107122812999999999999999 6221002035 4299999999999999
 76 92106115118117113108105105109115122127128123112 95 75 56 40 32 32 4126 114KN 414118134312899999999999999 8291052129 3199999999999999
 57 78 98115126129125118109103102105113122130131126112 91 67 44 27 20 2326 115KN 456129144713299999999999999 9481012212 1999999999999999
 37 59 85109127136136128116104 97 96103114127135137128109 83 55 30 14  926 116KN 5281371538137999999999999991035 962250  999999999999999
 18 39 67 96122138144138124108 95 89 93104120134143141127103 72 40 15  226 117KN 55714416211449999999999999911 9 892325  099999999999999
  3 19 46 79111134147146133115 97 85 83 92109128144150143123 92 57 25  226 118KN 62514817 0150999999999999991140 832358 -699999999999999
 -6  3 27 60 95125145150142124102 85 77 80 95116137152153140114 78 41 1126 119KN 6521501738154999999999999991211 76999999999999999999999
 -6 -6 11 41 77112139152149133110 88 73 70 81101125145156152133101 63 2826 120KN 719152181515699999999999999 030 -81242 7099999999999999
  3 -7  1 25 60 97129149153142120 95 74 64 67 83107131149155146122 88 5126 121KN 745153185415599999999999999 1 2 -71316 6499999999999999
 20  2  1 17 46 82116142153148130105 80 63 58 66 86111134149150136110 7626 122KN 812153193515199999999999999 134 -11352 5899999999999999
 44 20 10 17 38 69103132149151139116 90 67 54 54 66 87112132143140125 9926 123KN 839152202014499999999999999 2 6 101432 5299999999999999
 70 44 29 26 39 62 92121141150144127102 77 58 48 51 65 8510812513312911526 124KN 9 6150211113399999999999999 239 261516 4899999999999999
 94 71 53 45 48 63 85110132144145135115 91 68 51 44 48 61 79 9911412111926 125KN 935146221712199999999999999 313 4516 9 4499999999999999
109 94 79 69 66 72 85104122136142138126106 84 63 48 40 43 53 69 8610111026 126KN10 8142235411299999999999999 351 661716 4099999999999999
112109102 94 88 87 92102114126134137132120103 82 62 46 36 35 41 54 71 8826 127KN1051137999999999999999999999 439 871839 3499999999999999
101111115114111107105106110116124130132129120105 85 63 43 29 23 26 38 5726 128KN 21811512 113299999999999999 61310520 9 2399999999999999
 78 98114125128126121115110109112118125131132126111 90 64 39 20  9 11 2426 129KN 4 6128133913299999999999999 8481092123  899999999999999
 46 74101123137142138128116107102104113124135139135119 94 63 32  8 -4 -226 130KN 5 014215 31399999999999999910101022221 -599999999999999
 15 43 76109134149151142126109 96 92 97110127142149144125 95 58 23 -3-1526 131KN 53915116 7149999999999999991058 922310-1599999999999999
 -9 13 47 86121146157153137116 95 83 81 92111133151158150126 91 50 13-1226 2 1KN 61315717 0158999999999999991137 802353-1999999999999999
-19 -7 22 61101135155159147125100 79 70 74 91115140158162150121 82 41  626 2 2KN 6431601746163999999999999991212 69999999999999999999999
-14-14  5 39 80119147159154135108 82 64 60 71 93120146161160143111 71 3226 2 3KN 712160182916399999999999999 031-161246 6099999999999999
  4 -7  1 27 63103136155157143117 89 65 53 56 72 97125147157152130 97 6026 2 4KN 73715819 915899999999999999 1 5 -71320 5299999999999999
 29 10  8 24 54 90124147156148126 98 71 53 47 56 76102127144148138115 8426 2 5KN 8 0156194814999999999999999 135  71353 4799999999999999
 54 32 23 31 52 82114139152150134108 81 58 46 46 59 8010412413613512210126 2 6KN 821153202713799999999999999 2 3 231427 4499999999999999
 76 54 42 43 56 79107131146149138117 92 68 51 44 49 63 8310311812412110926 2 7KN 84115021 912499999999999999 227 4115 4 4499999999999999
 91 74 61 58 65 81102124139145140124103 80 60 49 46 53 66 82 9810811210826 2 8KN 9 114522 111299999999999999 250 581546 4699999999999999
100 89 79 74 77 86101117131138137128112 93 74 59 51 49 55 65 78 89 9710126 2 9KN 923139232510299999999999999 311 741639 4999999999999999
101 97 93 90 89 94102112122130131127118104 88 73 61 53 51 54 60 69 79 8826 210KN 950132999999999999999999999 331 891757 5199999999999999
 95100102102102103106110115120123123119112102 90 76 64 54 49 48 52 59 7026 211KN10331239999999999999999999991941 47999999999999999999999
 83 95104111114114113111110110112115117117113106 94 79 64 50 41 37 41 5126 212KN 434114123111799999999999999 81111021 2 3799999999999999
 66 83101114122125121115108103102104110116120119112 98 80 59 41 29 25 3126 213KN 452125142112099999999999999 9511022154 2599999999999999
 46 67 91112127133131122110 99 93 93100111122128128118 99 75 49 28 15 1426 214KN 5141331525129999999999999991028 922233 1399999999999999
 26 48 76104126139140131115 99 86 82 87100117132139136120 95 64 35 13  426 215KN 5361411612140999999999999991056 8223 8  399999999999999
  9 29 58 91120140147140123102 83 72 74 86106128144149140118 86 50 20  126 216KN 5591471653149999999999999991124 712340 -399999999999999
 -2 12 40 75110138151149133109 84 66 60 69 89116140155155140110 73 36  826 217KN 6221521732157999999999999991153 60999999999999999999999
 -4  2 24 59 97130151156143119 90 64 51 52 69 96126150161156134 99 60 2526 218KN 645156181216299999999999999 011 -51223 4999999999999999
  4  0 15 45 83120147159152130 99 69 46 39 49 72104134156162151124 87 5026 219KN 7 8159185216299999999999999 042 -11256 3999999999999999
 22  9 14 37 71108139157158141112 78 49 33 33 49 77110139156157141112 7826 220KN 732160193315899999999999999 112  91330 3199999999999999
 47 28 24 37 63 97129151159149125 92 59 35 25 31 52 8111213714914612910326 221KN 756159201815099999999999999 143 2314 7 2599999999999999
 75 52 42 46 63 90119143155152135107 75 46 28 23 33 55 8311012913813311826 222KN 81915621 813899999999999999 214 421448 2399999999999999
 98 78 65 62 71 89111133147150140120 92 64 41 27 26 36 56 7910111712312126 223KN 844150221212499999999999999 244 621537 2599999999999999
111 99 88 82 84 94108124137143140128108 85 61 43 31 30 37 52 70 8810211026 224KN 910143235711299999999999999 315 821640 2999999999999999
112110106102101103110118127133134129119104 86 66 50 38 33 35 44 57 73 8826 225KN 945134999999999999999999999 3501011812 3299999999999999
101110115117117116115116118120122124123118108 94 77 59 42 31 27 31 43 5926 226KN 31911711 712499999999999999 6 511520 0 2799999999999999
 79 98114125130129124118112108108111117122123118106 88 65 43 26 17 19 3126 227KN 420130134612399999999999999 9311072120 1699999999999999
 52 78104125137140135124110 99 93 95103116128134131118 95 67 38 16  6  926 228KN 4511411515134999999999999991017 932215  599999999999999
 27 54 86116138148145133114 95 81 78 85100120138147143125 97 62 30  7 -126 3 1KN 5181481614147999999999999991051 772259 -199999999999999
  8 32 66101131150153143121 96 75 64 65 80103129149157149126 92 54 22  226 3 2KN 54415417 1157999999999999991122 632335 -199999999999999
  0 17 47 85121147157151131103 75 55 50 59 82111139157161148119 82 44 1626 3 3KN 6 81581743162999999999999991153 50999999999999999999999
  5 11 35 70108139157157141112 81 54 40 42 60 88120147161159139107 70 3826 3 4KN 630159182216299999999999999 0 8  41222 3999999999999999
 18 16 31 61 97131153160148123 90 59 37 31 42 66 97128150158150126 94 6126 3 5KN 651160185915899999999999999 038 141252 3199999999999999
 37 28 35 57 89122147159153132101 68 41 28 30 47 75106133149150137112 8326 3 6KN 711159193515299999999999999 1 4 281321 2799999999999999
 58 44 44 59 84114140155155139112 79 50 31 25 35 56 8411213314213812210026 3 7KN 729157201114299999999999999 129 421351 2599999999999999
 77 61 56 64 83108132149153143121 92 63 40 28 30 44 66 9111412813112511026 3 8KN 748154205013299999999999999 152 561422 2799999999999999
 92 77 70 73 85104125141148143128104 77 53 37 32 38 53 73 9311011911911326 3 9KN 8 7148213512099999999999999 214 701457 3299999999999999
102 91 84 83 90102118132140139130112 91 69 52 42 40 47 59 75 9010210810926 310KN 827141224110999999999999999 236 821540 4099999999999999
106100 96 94 96103113123130132127117102 85 69 56 49 48 52 61 72 83 92 9926 311KN 848132999999999999999999999 256 941642 4799999999999999
103105105105105107111115119122121116109 98 86 74 63 56 52 52 56 63 73 8426 312KN 9131229999999999999999999991827 51999999999999999999999
 94103110113115114113111110110111111111108102 93 82 70 58 49 45 47 54 6526 313KN 4 611511 211199999999999999 8321102016 4599999999999999
 80 96110120124123118110104100 99102107112114111102 88 71 55 41 34 36 4626 314KN 417124135711499999999999999 939 992119 3499999999999999
 63 85105122131132125113100 90 86 89 98110120125122110 91 68 46 29 23 2926 315KN 43613315 91259999999999999910 6 8622 2 2399999999999999
 45 70 96120136141135120101 84 74 73 83100119133138132114 88 59 34 18 1626 316KN 4561411559138999999999999991031 722238 1599999999999999
 29 53 84114137149145130106 82 64 57 64 83108131147150138114 81 48 23 1226 317KN 5171491642151999999999999991058 572311 1199999999999999
 17 38 69104134152155141115 85 58 43 44 60 88119145160158140108 72 39 1826 318KN 5391561724161999999999999991128 422344 1399999999999999
 13 27 55 91126152161153128 94 60 36 27 36 61 96131157167160136101 64 3526 319KN 6 116118 6167999999999999991159 27999999999999999999999
 21 25 46 79116146163161141108 69 36 17 16 34 67105140163168156128 93 6126 320KN 625164184816999999999999999 017 201232 1499999999999999
 39 33 45 71104137159165152123 85 47 18  6 13 38 73112144162163147120 8926 321KN 649165193216599999999999999 049 3313 8  699999999999999
 63 50 52 69 96126151163158137103 64 30  8  3 16 44 7911514115415213611226 322KN 714163202015599999999999999 122 491346  399999999999999
 89 72 67 74 93117141156158145119 85 50 23  8  8 23 50 8211113214213812626 323KN 738159211314299999999999999 154 661428  699999999999999
109 93 85 85 95112131145152147130104 74 46 25 15 17 31 54 7910311912712626 324KN 8 4152222412899999999999999 226 841518 1499999999999999
119110102100103111122134141141133118 96 73 51 35 26 27 37 53 72 9010511426 325KN 832142999999999999999999999 3 01001624 2699999999999999
119118116113112114117122127129128122112 97 80 63 48 38 34 38 48 62 78 9426 326KN 024119 91012999999999999999 35611218 0 3499999999999999
108117123124123120117114113113115117117113105 93 77 61 46 37 34 40 53 7026 327KN 258124113211799999999999999 8121131948 3499999999999999
 90109123131133128120110102 97 97103111118121118107 90 69 49 34 29 34 4826 328KN 34313314 312199999999999999 925 9621 3 2999999999999999
 70 95117133140138127111 95 83 79 83 95111125133131118 97 71 47 30 24 3226 329KN 412141151913499999999999999 959 792154 2499999999999999
 52 79107131145146136117 94 75 63 63 75 95118136145141124 98 68 42 26 2526 330KN 4371471612145999999999999991029 622234 2499999999999999
 39 64 95124145153145126 99 72 53 46 54 74101128147154146123 93 62 38 2726 331KN 5 01531657154999999999999991059 4623 9 2799999999999999
 33 54 84116142156154136108 76 50 35 36 52 79111139156158144117 85 56 3826 4 1KN 5221571736159999999999999991127 332340 3499999999999999
 35 49 75107136155159146119 85 53 30 23 33 57 90123148160156136107 77 5426 4 2KN 5431591814161999999999999991155 23999999999999999999999
 44 50 70 99129151161153130 97 61 33 18 20 38 68102133153159148126 97 7226 4 3KN 6 3161185015999999999999999 0 8 441223 1799999999999999
 57 55 69 93121145159157139109 73 41 19 13 24 48 81114140153152137114 9026 4 4KN 623160192515499999999999999 035 541251 1399999999999999
 71 65 71 89114138154158146121 87 54 28 15 17 34 61 9312114114814112510426 4 5KN 64415820 014899999999999999 1 1 651320 1499999999999999
 86 76 76 88107129147154148129101 69 41 23 18 26 47 7410112413713813011526 4 6KN 7 5154203813999999999999999 126 741351 1799999999999999
 99 87 83 89103121137147147134112 85 58 36 25 26 38 58 8210512112912711926 4 7KN 727148212212999999999999999 152 831426 2499999999999999
108 98 92 93101114128138141134119 98 75 54 39 33 37 49 66 8510211411911826 4 8KN 750141222112099999999999999 220 9215 6 3399999999999999
113107101100103110119127131130122108 90 72 57 46 42 46 55 69 83 9610611226 4 9KN 816131999999999999999999999 25210016 1 4299999999999999
114113110108107109112116120121118112102 89 76 64 55 50 51 56 66 78 9010126 410KN 0 3114 85012199999999999999 3531071722 5099999999999999
110116118117115111109107108109110110108103 95 84 72 61 53 50 52 60 72 8726 411KN 214118104111199999999999999 72010719 5 5099999999999999
102114123126124118109101 96 95 97103108112111105 94 79 64 52 45 46 55 7126 412KN 3 4126132211299999999999999 850 952022 4599999999999999
 90109125134134127114 99 87 80 81 88101113122124117102 83 63 47 39 42 5526 413KN 333135144312499999999999999 924 792115 3999999999999999
 76100123138144138122101 81 66 62 68 84105124136138128108 83 59 41 35 4226 414KN 358144153913999999999999999 954 622158 3599999999999999
 61 88116139151149134109 81 57 44 45 60 85114138151151136110 81 55 38 3726 415KN 4221521628153999999999999991025 432237 3699999999999999
 50 75106135154159147121 88 55 32 24 33 58 91125152164159140110 78 53 4126 416KN 4471591714164999999999999991058 242315 4199999999999999
 45 65 94126152164159137102 63 29 10  9 28 60100137162171163139107 77 5626 417KN 51316418 0171999999999999991132  72352 5099999999999999
 50 61 84115144164167151120 79 39  8 -5  2 28 66108145167172160135105 7926 418KN 54116818461739999999999999912 9 -5999999999999999999999
 64 65 80105134157168162138101 58 20 -5-11  3 33 7311414716616715312910426 419KN 6 9168193516899999999999999 029 631248-1199999999999999
 84 76 82 99123147163165151122 83 43 11 -8 -8 10 41 7911614315715714412426 420KN 638166202715999999999999999 1 6 761331-1099999999999999
105 92 90 98115135152160155137107 72 37 11 -1  2 19 48 8211213514614513526 421KN 710160212514799999999999999 144 891418 -299999999999999
121109101102110124138148151142124 98 68 40 20 11 14 30 54 8110512413413526 422KN 744151223813599999999999999 2261011513 1199999999999999
129121114109110116124133138138130115 95 72 50 34 26 27 38 56 77 9811412526 423KN 827139999999999999999999999 3221091620 2599999999999999
129128124118114112113116121124125121112 98 82 64 49 39 38 44 57 74 9210926 424KN 014129 94112599999999999999 5 81121744 3799999999999999
122129131127121113107103102105110115117115107 94 78 62 50 44 47 57 73 9226 425KN 14513112 411799999999999999 7371021913 4499999999999999
111126134135129118106 94 87 85 90 99110119122118106 89 71 56 48 49 59 7726 426KN 238135135712299999999999999 844 852024 4799999999999999
 98119134141138127110 91 76 68 69 78 94112126132128115 96 75 59 50 53 6626 427KN 31314115 913299999999999999 925 672117 5099999999999999
 86110131144146137118 95 72 56 51 57 73 96118135142136120 98 76 60 54 6026 428KN 34214716 314299999999999999 959 5122 0 5499999999999999
 77101125143151146129103 75 51 38 38 51 75103129145149140121 97 75 61 6026 429KN 4 71521648150999999999999991030 362236 5999999999999999
 71 92118140154154140115 83 53 32 24 32 54 83115140154153140118 93 74 6526 430KN 43215617291559999999999999911 0 242310 6599999999999999
 70 86110134152158149127 95 61 33 18 18 34 62 96127149158153135112 89 7526 5 1KN 45515818 6158999999999999991128 162341 7299999999999999
 72 83103127148159156138108 73 41 18 11 19 43 75109138155158148128105 8626 5 2KN 5181591842159999999999999991157 11999999999999999999999
 78 82 97119140155158147122 88 53 25 10 11 27 55 89121145156153139119 9926 5 3KN 542159191815699999999999999 011 781227  899999999999999
 86 84 93111132149157152133103 69 38 17 10 18 39 6910112914615214412911026 5 4KN 6 8157195315299999999999999 041 841258 1099999999999999
 95 89 92104122140152152140117 87 55 30 16 15 29 53 8211013214314413412026 5 5KN 634154203114599999999999999 111 881331 1499999999999999
105 95 93100114130143148143127102 74 47 28 20 25 41 64 9111413013713512626 5 6KN 7 2148211313899999999999999 142 9314 8 2099999999999999
113103 97 99107120132140140132114 91 66 45 32 29 36 52 73 9511412713112826 5 7KN 73314122 413199999999999999 217 971449 2899999999999999
120111104101104111120129133130121105 85 65 48 39 38 45 60 78 9711312312726 5 8KN 810133231012799999999999999 3 21011537 3799999999999999
125120113107104105109116121123121113100 85 68 55 47 46 52 64 80 9711212226 5 9KN 9 3123999999999999999999999 4141041639 4599999999999999
127127122115108103101102106111115115111102 90 76 63 54 52 56 66 81 9811426 510KN 025127103811599999999999999 6 41011754 5299999999999999
125131131125116105 95 90 89 93101109115115110100 86 71 60 55 58 68 8410226 511KN 128132123911699999999999999 735 891910 5599999999999999
120133139136126111 94 80 73 73 81 94108120125122112 96 78 65 58 60 71 8926 512KN 21213914 912599999999999999 828 722016 5799999999999999
111130143146139122 99 77 60 52 56 70 91113130139136124105 84 68 60 64 7826 513KN 248146151613999999999999999 910 522112 6099999999999999
 99123142153151136111 81 54 36 31 41 64 93122143153149134111 88 71 65 7126 514KN 321154161315399999999999999 948 3122 1 6599999999999999
 88112137155160151128 94 59 29 13 14 32 62 98132156165159141116 92 76 7226 515KN 35316017 6165999999999999991028 112247 7199999999999999
 81102127150164163146114 75 37  8 -5  2 27 64105141165172164143118 95 8126 516KN 42716617571729999999999999911 8 -52331 7999999999999999
 81 94116141161169161136 99 57 18 -8-15 -2 28 69111147168174163142117 9826 517KN 5 21691848174999999999999991151-15999999999999999999999
 88 92107129151167169155125 85 42  7-14-17  1 33 7511614816716915813811626 518KN 538170194017099999999999999 015 881237-1899999999999999
101 95101117138157167164145114 74 35  4-13-11  8 41 8011714616116115013326 519KN 618167203216399999999999999 058 951325-1499999999999999
115104101109124141156161155135105 69 35  9 -4  0 20 50 8411714015215214226 520KN 7 0161212815499999999999999 1451011416 -499999999999999
128114106105112124138149152145126 99 69 40 19 10 15 32 59 8811513514514426 521KN 749152222614599999999999999 2361041510 1099999999999999
136124113106105110119130138140134120 98 74 51 34 27 31 46 68 9211513113926 522KN 848140232714099999999999999 34010516 8 2699999999999999
139132122111103100103109117125128126116101 82 63 49 43 46 58 76 9711613026 523KN10 7128999999999999999999999 5 41001710 4399999999999999
137137130119107 97 92 91 95103112119121117106 92 76 64 57 59 69 8410312026 524KN 026138115112199999999999999 636 911817 5799999999999999
133139137129115100 87 79 76 81 91103114121121114102 88 76 69 70 78 9311026 525KN 117139133112299999999999999 749 761924 6899999999999999
126138142138126108 89 73 63 61 68 82 99115125128123111 97 85 78 78 8710226 526KN 159142145112899999999999999 842 612025 7799999999999999
119135144145136119 97 75 57 48 49 60 79101120133137131118103 90 83 85 9526 527KN 236146155213799999999999999 923 472118 8399999999999999
111129143150146131109 82 58 41 34 41 58 82108130143145136122105 92 87 9226 528KN 3 9150164114599999999999999 959 3422 4 8799999999999999
104121139150152142122 94 65 41 27 26 39 62 91119140151150138121104 93 9126 529KN 3401531723152999999999999991033 252244 9099999999999999
 98113132147155151135108 77 47 26 17 23 43 71103131150157151136118102 9326 530KN 41115518 11579999999999999911 5 172321 9299999999999999
 95106123141154156146123 93 60 32 15 13 26 52 84116141156157147130112 9826 531KN 4421571837158999999999999991138 122355 9499999999999999
 94100114133149157153137109 76 44 21 10 15 34 64 9712714815715414012210526 6 1KN 5131571912158999999999999991211 10999999999999999999999
 96 96106123141154157147125 94 61 33 15 11 22 46 7710913515115514613111326 6 2KN 545157194615599999999999999 028 941245 1099999999999999
100 95100113130146155152137112 80 50 26 14 16 33 59 9011814015014913712126 6 3KN 618155202115199999999999999 1 0 951320 1399999999999999
106 97 96104119135148152144126 99 69 42 24 18 26 45 7210112514214714212926 6 4KN 653152205814799999999999999 134 951356 1899999999999999
114102 96 98108123136145145135115 89 62 40 27 26 37 58 8411013014214313626 6 5KN 730146213814499999999999999 213 961434 2599999999999999
123110100 96100110122134139137125106 82 59 42 33 36 49 70 9411713314114026 6 6KN 814140222214299999999999999 259 961516 3399999999999999
131119106 97 94 98107118127132129118101 81 62 48 43 48 61 8110312213614126 6 7KN 9 813223 914199999999999999 357 9416 2 4399999999999999
138129116103 94 89 92 99109119124123116102 86 70 59 55 60 72 9011012713926 6 8KN1023125235814399999999999999 5 8 891657 5599999999999999
143138127113 98 86 79 80 88 99110119123119109 95 81 71 67 71 82 9811613226 6 9KN1159123999999999999999999999 622 7918 1 6799999999999999
143145139125107 88 73 64 65 73 88104118127128121109 95 83 78 80 9010612326 610KN 047145133512899999999999999 728 631913 7899999999999999
139148149139121 98 74 56 46 47 59 78101121135140135123108 95 87 88 9711326 611KN 134149145714099999999999999 824 452025 8699999999999999
130146154152138115 86 58 36 26 29 46 72101128146153148135118103 94 9410326 612KN 21915516 515399999999999999 915 252130 9399999999999999
120138154160154136107 72 40 17  7 15 37 69104135156164159144125108 98 9926 613KN 3 416017 51649999999999999910 4  72227 9799999999999999
110127147161165156132 98 59 24  0 -7  5 32 6910814216417116514812711010126 614KN 3501661759171999999999999991053 -7231910099999999999999
103115134154167169155127 89 47 12-10-14  1 32 7311414816917416514612510926 615KN 4361701850174999999999999991142-15999999999999999999999
101105120140159171170152121 81 39  5-14-15  4 37 7911915116917116014112026 616KN 524172193817299999999999999 0 81011231-1799999999999999
105101107123144162171167148115 75 35  4-11 -8 13 47 8712515316616515213226 617KN 614171202416899999999999999 0551011320-1299999999999999
114101 99108124144160167161140109 71 36 10 -1  5 27 61 9713015316115714226 618KN 7 416721 716299999999999999 142 9914 8 -199999999999999
123107 97 97106122140154159151132103 70 41 21 14 23 46 7610813515115514826 619KN 756159214815599999999999999 231 951454 1499999999999999
132115100 92 93102117132144147141124 99 73 50 36 34 45 66 9211913914914926 620KN 852148222715199999999999999 324 911539 3399999999999999
139124107 94 87 88 96108122132135130117 99 79 62 53 55 66 8510712714214726 621KN 95613523 614799999999999999 424 861623 5399999999999999
144133117101 88 81 81 87 98110120125123115102 88 77 72 74 8510111813314326 622KN1116125234714699999999999999 532 801710 7199999999999999
145140128112 95 82 73 72 77 87 99111118121117109100 91 88 91 9911212513726 623KN1253121999999999999999999999 644 7118 6 8899999999999999
144144137124106 89 73 64 61 66 77 9210611812412411911110410010210811813026 624KN 031145143012599999999999999 749 61191610099999999999999
140145144135120100 80 63 53 51 57 71 8910712213113312912111310710711212226 625KN 119145154513399999999999999 844 51203310799999999999999
133142147144133114 92 70 52 42 42 52 70 9211413114114213612611610910811426 626KN 2 8147163914399999999999999 930 40213910899999999999999
124136145149144129107 82 58 40 32 35 50 73 9912414115014813912611410710726 627KN 2561491721150999999999999991011 31222910699999999999999
115127141150151143124 98 69 44 28 24 33 53 8111013515115615013712210910426 628KN 3391521756156999999999999991049 2423 910499999999999999
107118133147155153139116 86 56 32 19 20 35 61 9212214515715714713011410326 629KN 4201551829159999999999999991125 18234310099999999999999
101108123140153158152133105 72 42 21 14 22 43 7310513415316015413912110526 630KN 45815819 01609999999999999912 0 14999999999999999999999
 97100112129147159160148124 92 59 31 15 14 28 54 8711914415815814712911026 7 1KN 535161193116099999999999999 016 971234 1299999999999999
 97 94101117136153161157140112 78 47 23 14 19 40 6910213215215915313711826 7 2KN 61116120 115999999999999999 048 9413 7 1499999999999999
101 91 93105123142156160151129 99 66 38 21 18 31 55 8611814315615714512726 7 3KN 649160203115899999999999999 122 911341 1799999999999999
107 93 88 93108127144155154141117 88 58 35 25 29 46 7310413115015715113626 7 4KN 72815621 115799999999999999 158 881414 2499999999999999
116 98 87 85 93109127143150147131108 80 56 39 35 44 64 9111914215515514526 7 5KN 811151213315699999999999999 239 841449 3599999999999999
127107 90 81 82 92107125138143138124102 79 60 49 50 62 8310813214815515126 7 6KN 9 214322 615599999999999999 326 801526 4899999999999999
137118 99 83 75 77 87102118130136132120103 85 71 64 68 8110012114015115326 7 7KN10 5136224315499999999999999 420 7516 9 6499999999999999
146131111 91 76 68 69 78 93109122129129122109 96 86 82 86 9711313014415226 7 8KN1128130232715399999999999999 523 6717 1 8299999999999999
151142126105 84 67 58 57 66 80 98114126131129121112103 9910110912113414626 7 9KN1311131999999999999999999999 633 561813 9999999999999999
152150141123101 78 58 45 43 51 67 8710812613714013612811911211111512413626 710KN 021152145314099999999999999 745 43194611199999999999999
147153152142123 98 71 47 31 27 35 53 7910612914515215014112912011511612426 711KN 124154161215299999999999999 851 27211611499999999999999
137149157157146125 96 64 36 17 12 21 43 7410713615516416014913412011311426 712KN 230158171216499999999999999 952 11222411299999999999999
123138153163164151127 93 57 25  4 -1 12 39 7411214416517216615013111610826 713KN 33216518 0172999999999999991047 -1231610799999999999999
110122140159170170156127 89 49 15 -5 -8  9 40 8012015217117516414512310726 714KN 4301721843175999999999999991137 -9999999999999999999999
100106122144164176174157125 84 43  9 -8 -6 14 49 9113116017517215713411226 715KN 524177192217699999999999999 0 21001225-1099999999999999
 97 94103123147167178174153119 78 38  9 -4  3 28 6510614216617316514512026 716KN 615179195717399999999999999 044 9313 8 -499999999999999
 99 87 88101123148167175168145111 72 38 15  9 22 49 8612315216816715313026 717KN 7 3175202917099999999999999 126 861349  999999999999999
106 88 80 85100123146162167157134103 69 42 28 29 46 7410813815916515814026 718KN 751167205816599999999999999 2 7 801426 2699999999999999
116 94 79 75 83 99120140153155144123 97 71 53 46 53 72 9912714916115914726 719KN 839155212516299999999999999 251 751459 4699999999999999
126104 85 74 73 81 97115131141141132115 95 78 68 68 78 9712014015415815126 720KN 931142215115899999999999999 337 721530 6799999999999999
136116 96 80 71 71 79 93108121129129123112 99 90 86 8910011613314715315226 721KN1035130222015499999999999999 429 7016 2 8699999999999999
142127108 91 77 70 69 76 87 9911111912212011510810410310711612713914714926 722KN12 7122225614999999999999999 532 69164010399999999999999
146136121105 88 75 67 66 70 79 9110311312112312312011711611912413113814326 723KN1416124235014599999999999999 647 65174911699999999999999
145141133119103 87 73 63 59 62 71 84 9911412513213313112712412312412813426 724KN1553133999999999999999999999 8 3 59195812399999999999999
140142140133120103 84 67 55 50 54 65 8210112013414214313913212412012012426 725KN 1 9142164114399999999999999 9 6 50213211999999999999999
131139144143135120100 78 58 45 41 47 62 8410812914415114914112911911311426 726KN 224144171515199999999999999 955 41222311399999999999999
121132143149148137119 94 68 47 34 33 44 65 9211914115415715013612111010626 727KN 3221501744157999999999999991036 32225910699999999999999
111122137150156152137113 84 55 34 24 28 46 7310413215316115814512711010026 728KN 4 91561812162999999999999991112 242329 9999999999999999
100110127145159162154133103 70 41 23 19 30 55 87120146162164153134113 9826 729KN 4501631838165999999999999991146 182359 9299999999999999
 92 98114135155166166151124 90 56 29 17 20 39 70105137159167161143120 9926 730KN 52816819 3167999999999999991217 16999999999999999999999
 87 87 99120144162170164143112 76 44 23 18 29 55 9012415216716715212910426 731KN 6 5171192816999999999999999 029 851248 1799999999999999
 86 79 85103127151167170158132 98 64 37 23 27 46 7711214316417016013911326 8 1KN 642171195317099999999999999 1 1 791318 2399999999999999
 89 75 74 86108133155167165148120 87 57 37 32 44 6810013215716916614912426 8 2KN 721168201717099999999999999 135 721348 3299999999999999
 97 77 67 71 87111136155162156137110 81 58 46 49 65 9212214916516815713626 8 3KN 8 4162204316999999999999999 212 671419 4699999999999999
109 84 67 62 70 88112134150154146128105 82 67 62 70 8911413915816616214626 8 4KN 85115421 916699999999999999 253 621452 6299999999999999
122 97 75 61 59 69 86108128141144138123106 91 82 83 9311013114916016215326 8 5KN 949144213916299999999999999 340 591527 8199999999999999
135112 89 69 58 57 65 8110011713013513212411410510110311212514015115715526 8 6KN11 9135221715899999999999999 438 56161010199999999999999
145129108 86 68 56 53 58 71 8810511912913213112612211912012413214114815226 8 7KN1311132231415299999999999999 552 53171911999999999999999
151143128109 88 68 53 46 47 57 73 9211112713714214113713212912813113614326 8 8KN1519142999999999999999999999 721 45194012899999999999999
148150146134115 92 69 49 36 34 42 59 8310813114615415414813812912412412926 8 9KN 049150162715599999999999999 844 33213112399999999999999
139149155154143123 96 67 41 24 19 29 50 8011113915816616215113612211411426 810KN 224156171116699999999999999 949 19222811399999999999999
123137153164165153130 97 62 32 12  9 22 49 8512115116917316414612510810126 811KN 3361661747173999999999999991043  8231110099999999999999
104119140160174175160132 94 55 23  5  5 24 57 97135163177174157133109 9326 812KN 4341761819177999999999999991129  32349 8899999999999999
 88 98119144168182180162129 88 48 18  5 12 37 74115150173179167144116 9226 813KN 5251831849179999999999999991210  4999999999999999999999
 78 79 95121150173185179156120 80 43 19 14 28 58 97135164178174154126 9726 814KN 611185191617899999999999999 025 771246 1399999999999999
 76 68 75 96125153174181171146110 73 44 29 32 52 8512115317317616213710726 815KN 655181194117799999999999999 1 1 681320 2899999999999999
 80 64 63 75 99128154170172158132101 71 51 46 56 8111214316517416714711826 816KN 73717320 317499999999999999 136 611349 4599999999999999
 90 68 59 63 79103129150161158144120 95 75 65 68 8310813515717016815413026 817KN 820161202417199999999999999 212 581416 6499999999999999
102 78 62 58 66 83105127142148144131113 96 85 83 9110813015016316615713926 818KN 9 4148204416699999999999999 250 581441 8299999999999999
115 91 72 62 62 71 86105121132136132123112102 9810211212714215516015614426 819KN 95813621 616099999999999999 332 6115 4 9899999999999999
126106 87 73 66 67 74 8710011312212612512111611311311812613614615115214626 820KN1121126213215299999999999999 423 65152711399999999999999
134119103 88 76 70 69 74 83 9310411312012412612512512612813213714114314226 821KN2214143999999999999999999999 536 69999999999999999999999
138130118105 92 80 72 68 69 75 84 9610912112913413613513313113013113313526 822KN16 5136999999999999999999999 716 6820 113099999999999999
136136131122110 95 81 69 62 60 66 77 9311112713814414514013312612212212526 823KN 011137163114599999999999999 841 60213812199999999999999
131136139137129114 96 77 61 51 50 58 75 9611913815015314913812611611211326 824KN 2 7139165515399999999999999 936 49221411199999999999999
121132142148145134114 91 67 49 40 42 56 7910613215115915714613011410310226 825KN 3131481718160999999999999991017 39224210199999999999999
109123139152158152135109 80 54 36 31 40 62 91122147163165155136115 98 9126 826KN 4 01581740166999999999999991051 3123 9 9199999999999999
 95109130150164166154131 99 67 40 27 29 46 75109140162171164145120 97 8226 827KN 44016718 2171999999999999991122 262336 8099999999999999
 81 93115140162173170152122 86 53 31 25 35 61 95131159173172155128100 7826 828KN 5181741824175999999999999991152 24999999999999999999999
 69 76 95123151172179169144110 73 44 29 32 51 83119152173177165139108 8026 829KN 555179184617899999999999999 0 5 691221 2899999999999999
 62 60 75101132160177178162133 98 65 42 36 48 74108142168179173151119 8726 830KN 63418019 817999999999999999 036 591251 3699999999999999
 62 51 57 78108140165177172153122 90 63 50 52 70 99132160177177161133 9926 831KN 714177193117999999999999999 1 9 511320 4999999999999999
 69 49 45 58 82114143164171163142114 88 70 65 74 9612415117117716814511426 9 1KN 757171195417799999999999999 144 451350 6599999999999999
 82 57 43 45 61 86116141157160151133111 93 83 85 9811914216217216915412926 9 2KN 844161201917299999999999999 223 421421 8299999999999999
 99 72 52 44 48 64 8711213314614814112811410410110611913515216316615814126 9 3KN 943148204516699999999999999 3 8 43145210199999999999999
118 93 70 54 48 52 65 8310412113213713512912311811912413214315215715614826 9 4KN1111137211915799999999999999 4 6 48152911899999999999999
134115 94 75 60 53 53 61 74 9010612013013513613513313313413714114514714726 9 5KN1355136222514799999999999999 528 52165613399999999999999
142133120103 84 68 55 50 52 61 76 9411312914014614714413913413113113313826 9 6KN1541147999999999999999999999 714 50203913099999999999999
142144141131115 94 72 54 42 40 48 65 8911313515115815714813712511811612126 9 7KN 057144161915899999999999999 842 40214311699999999999999
132143152153145126101 73 48 32 29 40 62 9112214716316715914412510910010226 9 8KN 239154164916799999999999999 944 29222110099999999999999
113131150163166156133102 68 40 24 24 40 68103137161173170154130106 89 8326 9 9KN 3441671716174999999999999991031 222255 8399999999999999
 91110136160175177162134 97 61 34 21 27 50 84122154174177164140110 85 7026 910KN 4361781742178999999999999991111 212328 6899999999999999
 71 86113143169183181161128 90 55 32 27 41 70107143169180173151119 88 6526 911KN 52218418 6180999999999999991146 27999999999999999999999
 56 64 87119151176185178153119 82 53 38 42 63 95132162179179161131 97 6726 912KN 6 4185182918199999999999999 0 1 561218 3799999999999999
 50 49 65 93127157177181168142108 77 57 52 64 90122153174180169143109 7626 913KN 644182185018099999999999999 032 471247 5299999999999999
 52 43 50 71102134160173171155129101 78 67 72 89116145168178172152122 8826 914KN 723174191017899999999999999 1 4 431314 6799999999999999
 61 44 43 56 80110138157164158141119 98 85 83 9311313816017217215813310326 915KN 8 2164192917499999999999999 135 421338 8299999999999999
 74 53 45 49 66 90115137150153145130114101 9610011413215116416816014111626 916KN 843153194916899999999999999 2 8 4414 2 9699999999999999
 89 67 53 51 59 75 9611613214014113412411410810911612914315516015714512726 917KN 93114120 916099999999999999 245 50142410899999999999999
105 84 68 60 60 68 81 9711212413013112812311911812112813614515015014413326 918KN1043131203115199999999999999 329 59144711899999999999999
118101 86 74 68 68 73 82 9310511412212612812812812812913213613914013913426 919KN2058140999999999999999999999 433 67999999999999999999999
126116104 92 82 75 71 72 77 86 9610811812713313613613413213012812812913026 920KN1531136231513099999999999999 616 71203612899999999999999
129126120111100 88 77 69 66 69 77 9110612213514314514213512712011711712126 921KN1553145999999999999999999999 8 0 66212511699999999999999
127132133129120105 88 73 61 57 61 73 9111213214615215014112811510610310826 922KN 149133161415399999999999999 9 2 57215010399999999999999
118130140144139126106 84 64 51 48 57 75100125146158159150133113 98 90 9326 923KN 257144163516099999999999999 945 482215 9099999999999999
105122140152155146127101 74 53 42 44 60 86116143161167159140116 93 78 7626 924KN 3451561655167999999999999991019 412241 7599999999999999
 87107132153165165150124 93 64 44 38 48 72104136161173169151123 94 71 6126 925KN 4261671716174999999999999991051 3823 9 6099999999999999
 66 86115144167176170148117 83 55 41 43 62 92126157175177162134100 69 5026 926KN 5 61761737179999999999999991122 392338 4699999999999999
 47 62 91125157177182169142108 75 53 46 57 82115149173182173147111 75 4726 927KN 54618218 0182999999999999991153 46999999999999999999999
 34 41 64 99136166183182164134100 73 58 59 77106139167182180160127 88 5326 928KN 626184182318399999999999999 010 341224 5699999999999999
 30 26 40 70107143170181175155126 97 76 70 79100129157177182169142105 6726 929KN 7 9182184718299999999999999 044 251256 7099999999999999
 37 22 25 45 77113146167174165145120 99 87 87100122147168178173154123 8826 930KN 754174191217899999999999999 120 211328 8599999999999999
 55 32 23 31 52 831151421581621531371191061011061201391571691711601391092610 1KN 846162193917299999999999999 2 1 2314 010199999999999999
 78 52 35 30 39 59 841111321451481431331231161161221331461571621591471272610 2KN 95114920 816299999999999999 250 30143511599999999999999
103 78 58 44 40 47 61 811021191321381381351311281281321371441491501471382610 3KN1132138204715099999999999999 352 40152712899999999999999
123106 87 69 56 50 51 60 74 911071221331391411401371341321321331351371372610 4KN14 5141223913899999999999999 520 49184013299999999999999
134127115100 83 67 56 51 54 65 811001191351451491471401321241181171201272610 5KN15 8149999999999999999999999 7 6 51204611799999999999999
134138137129114 94 74 57 48 48 59 77101124144155156149136120107 99 991082610 6KN 121139154115799999999999999 828 472128 9899999999999999
122137148150143125101 76 55 43 45 59 82110137156164159144123102 86 79 852610 7KN 24715116 816499999999999999 924 4222 2 7999999999999999
101123144159162152131102 73 51 42 47 67 95126152167168155131103 79 64 632610 8KN 34516316331709999999999999910 8 422234 6299999999999999
 77101129155170171156130 98 69 50 46 58 83115145167174165142111 80 57 472610 9KN 4331721657174999999999999991045 4623 5 4799999999999999
 54 76107139165177173154125 93 67 54 57 76105137163176173154123 88 57 39261010KN 5161781720177999999999999991118 532335 3699999999999999
 37 53 82117149172179170147117 88 68 63 74 98128156174177164136100 64 39261011KN 5571791741178999999999999991149 63999999999999999999999
 29 36 59 92128157174176162137109 86 75 78 95120148169177170147113 77 46261012KN 63517718 317799999999999999 0 5 291217 7499999999999999
 28 27 42 70104137161172167150127104 88 85 95115139161174172156127 92 59261013KN 712172182417599999999999999 035 261245 8599999999999999
 36 27 33 53 83115142160164156139118102 95 98112132152167170160138107 76261014KN 750164184617099999999999999 1 5 271311 9499999999999999
 49 34 32 44 66 94122143154153144129114105103111126143157164160144120 92261015KN 82915519 916499999999999999 137 31133810399999999999999
 66 47 39 42 56 78102123138144142134123114110113122134146154155146129107261016KN 914145193315599999999999999 212 3914 711099999999999999
 84 65 52 48 54 67 85104120131135134129123118117121127136143145142133118261017KN101513520 014599999999999999 254 48144311799999999999999
101 83 69 60 58 63 73 87101114123129130129126124123124127131134134131124261018KN1157130203513499999999999999 349 58155512399999999999999
113101 88 77 69 65 67 74 84 96108119127132134132129125122120121122123123261019KN1354134223512399999999999999 510 65192412099999999999999
121115107 96 85 75 68 67 70 79 92107121133139140137129120112108107110116261020KN1443141999999999999999999999 648 67203910799999999999999
121124123116105 91 77 67 63 66 77 93112129142148146136122108 97 92 94103261021KN 112125151214899999999999999 8 4 632111 9199999999999999
115127134134126111 93 75 62 58 64 79100123143154156146129108 89 77 75 84261022KN 231135153715699999999999999 856 582139 7499999999999999
101120138147146134114 91 70 57 56 67 88114139157164157139112 86 65 56 61261023KN 32514816 016499999999999999 937 5522 8 5699999999999999
 79105131152161157140114 88 66 56 59 76103132156169168151122 89 60 41 39261024KN 4111611624171999999999999991015 552238 3899999999999999
 53 80114145166172163141112 84 65 59 69 92122151171176164137100 63 34 22261025KN 4551721649176999999999999991051 592311 2199999999999999
 28 51 86125157176179165139108 83 68 69 85112142167179175153117 76 38 14261026KN 5381801715180999999999999991127 662346  899999999999999
  9 24 55 95135166181179162134106 85 76 83103131158176180166136 96 54 20261027KN 62318217431819999999999999912 2 76999999999999999999999
  3  5 26 61103141168179174155129106 91 89100121147168179174153118 78 39261028KN 7 9179181317999999999999999 024  11239 8899999999999999
 11  0  8 33 69108142164171164147126108100102116135156171174163138104 66261029KN 759171184417499999999999999 1 5  01316 9999999999999999
 33 12  6 17 41 74109137155160154140125113109114127143157165163150126 95261030KN 855160191916699999999999999 151  6135710999999999999999
 63 37 21 18 28 49 77105129144149145136126119118122131142150154150138118261031KN10 214920 215499999999999999 244 17144811899999999999999
 94 69 48 34 31 39 55 771001201341401401361301241221231271321381401381302611 1KN112914121 614099999999999999 348 31161512299999999999999
117 99 80 62 49 44 47 59 76 951141291381411391331261191161151171221271292611 2KN13 2141231512999999999999999 5 6 44184211599999999999999
128121109 93 76 62 54 53 61 75 94113130141145142133122110101 98 991071162611 3KN14 4145999999999999999999999 634 522010 9799999999999999
126131130121106 88 72 60 57 63 78 97119137148150143129111 94 82 78 83 952611 4KN 120132144415099999999999999 751 572058 7899999999999999
112128139140132116 96 77 64 61 68 85107129147155153139118 94 74 61 60 712611 5KN 242141151515699999999999999 850 612135 5999999999999999
 90114135148150141122100 80 67 66 77 97121143158161150129101 73 52 43 482611 6KN 341151154316199999999999999 936 6522 9 4399999999999999
 66 92121144158158145124100 81 71 74 89112137156165160141112 80 51 34 312611 7KN 43015916 9165999999999999991016 712241 3099999999999999
 43 68100131155165161145121 98 82 77 85104128151165166153126 92 58 32 212611 8KN 5131651634168999999999999991052 772312 2099999999999999
 26 46 77112143163168160140116 96 84 85 98120144162169161139106 70 39 192611 9KN 5531681659169999999999999991125 832342 1599999999999999
 15 29 55 90125152166167154132110 94 89 96113135155167166150121 86 51 25261110KN 6301681725168999999999999991156 89999999999999999999999
 13 18 38 69103135157165160144124105 95 95107126146161166157134102 67 37261111KN 7 6166175116699999999999999 013 131227 9499999999999999
 18 15 26 51 82115141157160150134116102 98103117136152161159144117 85 54261112KN 742160181816299999999999999 045 141257 9899999999999999
 31 19 22 38 64 95123143153151140124110102102111126141153156148129102 73261113KN 819153184715699999999999999 118 18132810199999999999999
 47 30 25 33 51 76103126141146141131118108104107117130142148147135115 91261114KN 9 0146191814999999999999999 154 2514 310499999999999999
 66 46 35 35 45 63 85108126136139134125115109107111119129137139135123105261115KN 948139195414099999999999999 233 33144710799999999999999
 85 65 50 43 45 55 72 91109124132134130123116111109111117123128129124115261116KN1047134204312999999999999999 319 43155510999999999999999
100 84 69 57 52 54 63 77 94110123131133131125117111107106108113117119117261117KN115713322 911999999999999999 414 52174210699999999999999
112102 89 76 66 60 61 68 80 96111125133136134126116106 98 95 95100107113261118KN13 1136999999999999999999999 524 601919 9499999999999999
116115108 98 85 74 67 66 71 83 99116130140142137125110 95 83 78 80 88100261119KN 014116134814299999999999999 640 652014 7899999999999999
112121124119109 94 81 71 69 74 87105124139148147136118 97 77 63 58 65 79261120KN 152124142514999999999999999 750 692055 5899999999999999
 99118132137132119102 86 74 71 78 94115135150156149131105 77 54 40 39 52261121KN 3 1137145815699999999999999 847 712132 3899999999999999
 75103128145151144128108 89 77 75 85104127148160160146120 86 54 29 18 24261122KN 357151153016299999999999999 937 7422 9 1899999999999999
 45 76111140158163153134111 91 80 81 95117141160168161138104 65 30  7  1261123KN 44816316 3168999999999999991023 792248  199999999999999
 14 43 81120151169170158136111 92 84 90106130153169171156126 86 45 10 -9261124KN 53617216381729999999999999911 7 842329-1199999999999999
 -9 11 46 88128158174172157134111 95 90 99118142163174169148113 70 29 -3261125KN 6251751715174999999999999991149 90999999999999999999999
-17-11 13 51 94133161173169152130110 97 97109128150167173163138101 59 20261126KN 714173175417399999999999999 013-171232 9699999999999999
 -7-16 -7 20 58 99134158167161145125109100103116134153166167155128 92 53261127KN 8 4167183616899999999999999 1 0-16131610099999999999999
 19 -3 -8  3 30 66102133153159152138121108103107119135150159158144119 86261128KN 856159192316099999999999999 149 -914 410399999999999999
 53 25  8  5 17 42 73105130146150144131118107103107117129141148146134113261129KN 950150201814899999999999999 240  415 210399999999999999
 86 59 36 23 21 33 54 81107128140143137127115105101102109118128134133125261130KN1047143212813499999999999999 335 20161610099999999999999
110 90 68 50 40 39 49 66 88110127137139134124112101 94 92 961031121201232612 1KN114514023 512399999999999999 434 381749 9299999999999999
121111 97 81 66 57 56 63 77 95114129138139133121107 93 83 79 80 87 981092612 2KN1240139999999999999999999999 539 551914 7899999999999999
118120116107 94 81 72 70 75 87103119133140140132117 99 82 69 62 64 73 882612 3KN 056120132814199999999999999 649 692017 6299999999999999
104117125125117106 93 83 80 84 95110126139144141129110 88 67 52 46 50 642612 4KN 22912614 914599999999999999 758 8021 5 4699999999999999
 84105122133134127114101 91 87 91103118134145148140123 99 73 50 36 33 422612 5KN 339135144714899999999999999 858 872145 3299999999999999
 61 86111131142143134119104 94 91 97110127142151149136113 85 56 33 22 242612 6KN 432144152215199999999999999 950 912221 2199999999999999
 39 64 94122142151148136119104 94 94102118135149154147128100 68 39 19 132612 7KN 5151511556154999999999999991033 932255 1399999999999999
 22 43 74106133151156149133115100 93 96109126144154154141116 84 50 24  92612 8KN 5531561629156999999999999991111 932328  799999999999999
  9 25 53 86119144157156145126108 96 93101116135150157150131101 67 35 132612 9KN 62815817 2157999999999999991146 93999999999999999999999
  4 12 34 66100130150157152136117101 93 95107125142154155143118 85 51 23261210KN 7 2157173415699999999999999 0 1  41218 9299999999999999
  7  6 20 47 80112138153154143125107 95 91 98113132147155150132104 70 39261211KN 73415518 715599999999999999 034  41249 9199999999999999
 16  7 12 32 61 94123143151146132115 99 91 93103120137148151140119 89 58261212KN 8 7151184115199999999999999 1 7  71321 9099999999999999
 31 15 12 23 46 76106130144146137122106 94 90 95107123138145142129105 77261213KN 840146191614599999999999999 141 111357 9099999999999999
 49 29 19 22 37 62 90115134142140129114100 91 90 97109123134138132117 94261214KN 915143195513899999999999999 216 181438 8999999999999999
 69 47 32 27 35 52 76101123136140134122108 96 89 89 96107118127128121107261215KN 953140204212999999999999999 252 271529 8899999999999999
 87 67 49 39 39 49 67 89110127137137130118104 92 85 85 91100110117119114261216KN1034138214611999999999999999 331 381634 8499999999999999
102 87 71 58 51 53 63 80 99117131137136127114100 87 79 76 81 89 99108112261217KN1119138231711399999999999999 417 511749 7699999999999999
111104 93 80 70 65 67 75 90106122133138136126111 93 78 67 63 66 76 89101261218KN12 9138999999999999999999999 515 6419 2 6399999999999999
111114112104 93 84 78 78 85 97112126137141137124105 84 64 51 45 50 62 80261219KN 1 5114125914199999999999999 628 7720 3 4599999999999999
 99114123124118108 97 89 87 91102117131142145138122 98 72 47 31 26 33 50261220KN 239125135014599999999999999 750 872056 2699999999999999
 74100122135138133121107 96 92 95106122137148150140118 89 57 29 11  7 18261221KN 351138143915099999999999999 9 4 922145  699999999999999
 42 73105131147151144129113100 94 98111128145155155140113 78 41 10 -8 -9261222KN 44915215271579999999999999910 5 942234-1099999999999999
  7 37 75112141158161151133114 99 94100115135153162159140107 67 27 -5-21261223KN 5411611615163999999999999991058 942322-2399999999999999
-19  3 38 80119149165164151131110 96 93102120141159167160137100 57 16-15261224KN 62916617 3167999999999999991145 93999999999999999999999
-28-21  5 43 87126154166163146124104 92 92104124146163169158132 93 49  9261225KN 714167175216999999999999999 010-281230 9099999999999999
-18-27-16 13 53 96132156164156137115 96 87 90105126148163165152124 86 44261226KN 757164184116699999999999999 057-271315 8799999999999999
  9-13-18 -3 28 67106137155157146126105 89 83 88104125144157157143115 80261227KN 838158193115999999999999999 143-1814 1 8399999999999999
 44 14 -2 -1 17 46 82116140152149134114 95 82 79 85101119136146145131107261228KN 917152202414799999999999999 227 -31450 7899999999999999
 77 48 26 16 21 40 67 98124141146139124105 87 76 74 81 94110124132131120261229KN 953146212213399999999999999 310 161545 7499999999999999
101 78 57 42 38 46 63 87111130140140131115 97 81 72 69 74 85 98110118118261230KN1029141223411999999999999999 351 381649 6999999999999999
111 98 83 69 61 61 70 85104122134139135124108 91 75 65 61 64 73 84 96105261231KN11 3139999999999999999999999 430 6018 3 6199999999999999
