 12 29 68120173216241245230202168138120120137167202229238225191141 82 3026 1 1KO 6432461756238999999999999991232118999999999999999999999
 -4-11 11 58120183232259263245210169133112112132169209239248232192133 6826 1 2KO 739264185224999999999999999 045-12133110999999999999999
 11-24-28  1 5812919724827427324820615912110110513217622125225823618812326 1 3KO 828277194325999999999999999 137-301420 9999999999999999
 53 -5-36-34  4 68145214261281273240193143106 9110213718623326026123217926 1 4KO 912281203126499999999999999 225-3915 6 9199999999999999
109 39-14-38-27 19 89166230269279262223173125 93 8510414619724126225522126 1 5KO 952279211626399999999999999 311-391548 8599999999999999
164 95 31-14-27 -6 46117188241268268243199150108 84 8511115620624225424126 1 6KO1029271215925499999999999999 354-271628 8199999999999999
203147 84 30 -2 -4 26 82148208246260249217173128 95 81 9012116520823423826 1 7KO11 2260224124099999999999999 433 -717 7 8099999999999999
220182131 78 38 21 30 66119176220243244225191149112 88 82 9813016920221926 1 8KO1132247232422099999999999999 510 201746 8299999999999999
217197162121 82 56 51 68105151194223233225201167131102 86 8710513416618926 1 9KO12 1233999999999999999999999 545 501827 8499999999999999
200195178150120 94 81 84105137173202218219205180150120 98 87 9110813215626 110KO 012200123122099999999999999 619 801914 8799999999999999
173181179167148129114108115133158183201208204189167140115 97 88 9110412326 111KO 11518213 820999999999999999 6591082013 8899999999999999
142159168171166156144135131136149165182194198194180161137113 95 85 85 9426 112KO 24917114 019899999999999999 7551312129 8499999999999999
110130149165174175171162153147147152163175186192190179160136111 89 76 7326 113KO 445176151619299999999999999 9321462246 7299999999999999
 81 99123149171185191187177163152146147155169183192193183163134104 77 6026 114KO 6 419116361949999999999999911221452345 5699999999999999
 56 68 92124157185203208200184164146136137148167186200202189163128 90 5926 115KO 6522081738203999999999999991227135999999999999999999999
 41 41 59 92133174205221221206182155133123128147173198213212193158114 7026 116KO 729223182721599999999999999 031 38131012399999999999999
 37 22 29 58102152196226236227203170138117112125153186215227219190145 9326 117KO 8 123619 722899999999999999 111 21134611299999999999999
 46 15  7 26 6712217722024324422419015111810210612916720623323822018012526 118KO 831246194523999999999999999 147  7141910199999999999999
 68 22 -2  2 34 87149205242254243211169127 99 9110614118622624724221216226 119KO 9 0254202024899999999999999 222 -41451 9099999999999999
101 43  3-10  7 53116180231257256232191143104 83 8611315720624225423819726 120KO 929260205525499999999999999 256-101523 8199999999999999
139 76 23 -6 -6 25 82150210250262248213164117 84 72 8712517522325025122526 121KO 957262213125499999999999999 329-101557 7299999999999999
177117 57 14 -3 11 54117183234259257231187137 94 69 69 9413919023124924026 122KO102526122 925099999999999999 4 3 -31631 6699999999999999
207157 99 49 18 14 40 90152209246256242207160112 76 61 7010315019823023926 123KO1054257225123999999999999999 437 1217 8 6199999999999999
224189141 91 53 35 42 75126181224246244221182136 93 65 58 7411015519622026 124KO1124248233922599999999999999 513 341749 5899999999999999
223207175135 96 70 62 76110155198227237226199160118 83 61 59 7711115018426 125KO1158237999999999999999999999 551 621836 5799999999999999
203206194169139112 96 94109138172202220222209182147111 80 61 59 7510313626 126KO 040207123822399999999999999 636 931936 5899999999999999
165185193188174155137125124134153175195207208196174145112 82 62 55 64 8626 127KO 2 6193133420999999999999999 7381232055 5599999999999999
114144170186192189178164152145146154167182195200194178152119 86 59 44 4526 128KO 4 619215 120099999999999999 9231442226 4399999999999999
 62 91126162189206211203188169153143143153169188201203191165128 87 50 2626 129KO 55121116412049999999999999911301422344 2099999999999999
 21 37 71117163202227234225202173147129126137161190212220209179133 81 3426 130KO 6552341757220999999999999991243125999999999999999999999
  4 -3 18 61118176222249253236203164129108107127162201231240226187131 6926 131KO 741254185424099999999999999 044 -4133310599999999999999
 15-17-19 10 65133198245267263235191143105 86 9312417121825025623418612126 2 1KO 820269194325899999999999999 134-221414 8699999999999999
 52 -3-31-24 17 83158223264276260220167115 80 70 8813118723726526323217526 2 2KO 855277202726899999999999999 219-321452 6999999999999999
103 35-14-31-12 41115190247275273244193136 88 61 62 9314620525126925821726 2 3KO 92627821 727099999999999999 259-311528 5899999999999999
155 84 23-13-16 16 78153220262274257216160105 65 51 6510716522025526224026 2 4KO 954274214426399999999999999 335-1916 1 5199999999999999
194132 69 22  1 14 57122190241264259229181126 80 53 52 7812618122624824426 2 5KO1019266222024999999999999999 4 8  11632 4999999999999999
215168113 63 33 29 54104164217249254234196146 99 64 51 62 9614419022223126 2 6KO1042255225623199999999999999 438 2717 3 5199999999999999
219188146102 69 55 65 99147195230243233204163119 82 60 59 7811415519020826 2 7KO11 3243233321199999999999999 5 6 551734 5699999999999999
209194166133104 86 85104138177210228226207176138102 76 65 72 9412615718026 2 8KO1125229999999999999999999999 532 8318 8 6599999999999999
190187174153132116110117137165191209214205184155124 98 80 76 8410312714826 2 9KO 017190115021499999999999999 5591101851 7599999999999999
164171171164153142135135143158175190198196186168146123103 89 85 9010211826 210KO 125172122219899999999999999 6331341957 8599999999999999
134148158164165163160156155158164172178182181175164148130112 97 87 86 9126 211KO 353165132418299999999999999 7451552145 8599999999999999
102118136154168178181178172165160157158163169174176171159140118 97 80 7126 212KO 6 218115461769999999999999911141572320 7199999999999999
 73 86107134161183197199193179163149141142151165179187186172147117 86 6226 213KO 6462001721188999999999999991225141999999999999999999999
 51 55 75106144179205217214198174149130123129148172194206202181146105 6626 214KO 716218181520799999999999999 015 5013 112399999999999999
 38 29 42 73118166205229233219190156125107107124155190217226214182135 8426 215KO 743234185622699999999999999 056 29133110599999999999999
 40 15 14 39 86142196234249240212171129 98 87 9813017321524124221817311526 216KO 8 8249193324599999999999999 131 1114 1 8799999999999999
 57 15 -2 10 51111176229257259235192141 97 72 72 9814519824125924921215526 217KO 83326220 926099999999999999 2 5 -21430 6999999999999999
 90 32 -3 -7 21 77147213256271256217162107 67 52 6610816622426126924619826 218KO 859271204527099999999999999 238 -915 1 5299999999999999
133 66 15 -7  4 47114187244273270240187126 73 42 40 7012519024427126723426 219KO 925276212127399999999999999 311 -81533 3799999999999999
178111 51 12  4 29 84155221264275256212152 91 46 27 40 8314520925426925526 220KO 95127522 026999999999999999 344  316 6 2799999999999999
215158 96 48 23 30 67126192244268262230178117 64 30 24 49 9916221725025526 221KO1018269224125799999999999999 418 221641 2399999999999999
235194143 93 59 49 66108164216250257238199146 92 49 27 32 6311416921323526 222KO1046258232823799999999999999 452 491720 2699999999999999
234214178138102 83 83105145189224241236211171124 80 48 35 45 7612016319626 223KO1115242999999999999999999999 528 8018 4 3599999999999999
212211196171144123113119139168197217222212188154116 82 58 48 57 8111314626 224KO 026214115022399999999999999 61011319 1 4899999999999999
172188193187175161149144147158174190199201193176152124 96 73 61 61 74 9626 225KO 155193124020199999999999999 7 91442027 5999999999999999
122148169184191191184175166161161164171179184185179164142115 87 66 55 5726 226KO 427192143818699999999999999 9381602220 5499999999999999
 72 98130162188206212207193176158146143149162178191195186164131 94 60 3926 227KO 6 321216501959999999999999911531432343 3499999999999999
 34 50 82124168205228233223199168140121117130155185209219210182139 89 4526 228KO 65023418 3219999999999999991244117999999999999999999999
 18 14 36 79134188229250248226188146111 92 95120160202233243228190135 7526 3 1KO 726252185424399999999999999 039 121322 9199999999999999
 26  0  3 36 93158216254265251214164114 79 68 8312317622625626023518512026 3 2KO 756265193726299999999999999 123 -31356 6899999999999999
 56  9 -8  7 54122192245271268238187129 80 52 53 8313719924827126422816926 3 3KO 824274201627299999999999999 2 2 -81429 4999999999999999
100 39  2 -2 28 88160226266276256211151 92 51 36 52 9716022226327425521026 3 4KO 849276205227599999999999999 238 -41459 3699999999999999
146 81 31  9 20 64131200252274265229174112 60 32 33 6412118623926726523626 3 5KO 913275212626999999999999999 310  81529 2899999999999999
185123 68 34 29 56109175231264266240193134 78 39 27 43 8814820624525824526 3 6KO 934269215925899999999999999 340 271556 2799999999999999
209159106 67 50 61 99154209248260244206154 99 55 32 35 6511517121624024026 3 7KO 955260223124399999999999999 4 7 501623 3099999999999999
219182138100 77 76 99141189229248242214171121 76 46 38 54 9113918421422526 3 8KO101624923 422599999999999999 433 731650 3899999999999999
217194161128105 96107135173209231234216183141 99 67 51 54 7711315218420226 3 9KO1037235234220599999999999999 457 961720 5099999999999999
205194174150130119121137163191212220212190158123 93 72 66 74 9612515317326 310KO1059220999999999999999999999 5231181756 6599999999999999
184184177164152142139145159177193201200189170145120 99 86 82 9010512414226 311KO 034185112420299999999999999 5521391849 8299999999999999
156166170170167163160159162168175181183181174161146129114101 95 9510111226 312KO 22817112 118399999999999999 6481592027 9499999999999999
125140154167176181181177171166163162163165169170167159145128111 96 87 8626 313KO 53018114501709999999999999911 51622239 8699999999999999
 94109131155177193200197187172157146141145155168179183178161137110 85 6926 314KO 61420016581839999999999999912 51412345 6599999999999999
 66 77101134169198215218207185159135121120133155180200206196172136 98 6526 315KO 6412191755206999999999999991234119999999999999999999999
 47 48 69106152195225237229204169133106 95104131168204227229210173124 7626 316KO 7 6237183723199999999999999 027 4413 2 9599999999999999
 41 27 38 73126182227251251228187139 97 73 73 9814119223325324621516410526 317KO 730254191525499999999999999 1 4 271330 7099999999999999
 53 21 17 42 93157217257269252212156101 60 46 6010316222126127325421014826 318KO 754269195227399999999999999 138 1514 0 4699999999999999
 84 34 11 20 61125195251278273239182117 61 28 27 5911818824928228225219726 319KO 820280203128699999999999999 213 101432 2399999999999999
130 67 26 15 39 93164231274284261211144 77 26  6 21 6914021326829027924026 320KO 847284211029099999999999999 248 1515 5  699999999999999
181115 60 31 35 71132201256281274236176106 43  5 -1 28 8716223027328426626 321KO 915283215128599999999999999 324 291540 -399999999999999
223165107 66 51 66109170228266273251204141 75 24 -1  6 4510817823426526726 322KO 944274223626999999999999999 4 0 511618 -399999999999999
245204154110 83 80102146198240259252221172114 59 21  8 23 6512418122424426 323KO1014260232524699999999999999 437 781658  899999999999999
243223189153123108113137173210235240226194150101 60 33 27 45 8212817220326 324KO1046241999999999999999999999 5171081745 2699999999999999
219218205184161144136142160184205217216201175141105 74 54 50 62 8812115326 325KO 029220112421899999999999999 6 41361846 4999999999999999
178194201198189177166159160167178188194194186170148123 97 77 67 70 8310526 326KO 2 9201122819599999999999999 7241592018 6799999999999999
131157179195202202195183171162157158164172180184180168147120 95 75 66 7026 327KO 42720315 21849999999999999910191572212 6699999999999999
 87114146177202217219208189167147134132141159179195200192169137101 71 5426 328KO 53921916552009999999999999911401312328 5299999999999999
 54 74108149190220235232212182148119104107126158191216225214184142 96 5926 329KO 6202361757225999999999999991222103999999999999999999999
 40 44 71116168213242250235203159117 87 77 90124169212240246227188136 8426 330KO 651250184424699999999999999 020 391256 7799999999999999
 46 31 45 83139196239260255226179127 82 57 58 8513419023626025822918012126 331KO 718261192426299999999999999 1 1 311328 5499999999999999
 69 37 33 59110172227261267246202145 89 50 36 52 9515621525727225822016326 4 1KO 74326820 127299999999999999 138 311358 3699999999999999
104 58 37 47 86145207253271260223168106 55 27 28 6011718323827027224820126 4 2KO 8 7271203527599999999999999 212 371427 2499999999999999
143 90 56 49 73122183237267267239189128 70 30 17 36 8214620925427226222826 4 3KO 83027021 827299999999999999 243 481455 1799999999999999
178125 83 63 72107161216255266249208151 91 43 18 23 5611217522825826324326 4 4KO 853266214026499999999999999 313 631522 1799999999999999
204156113 85 81102144195237258251221172115 64 30 21 41 8414219723625224526 4 5KO 916259221125299999999999999 341 791549 2199999999999999
219181141110 97105134176218244247228189139 89 50 31 37 6611316520723223626 4 6KO 939249224423799999999999999 4 8 961617 3099999999999999
223196163134116115131162198226236227200160115 76 51 44 59 9213517620521826 4 7KO10 3236232221999999999999999 4351131648 4499999999999999
216202179155137130136155181206220220204176140105 77 62 64 8211214617419326 4 8KO1029222999999999999999999999 5 51301724 6199999999999999
201198187172157148146154169187200205199184160133107 88 79 83 9812014416426 4 9KO 012201105920599999999999999 5421461814 7999999999999999
178186187182175168162160164171179185187183172156138119104 95 9510311613326 410KO 137187114818799999999999999 6501601933 9499999999999999
151167179187189187180172165161160163167172175173165152136118104 96 9610426 411KO 35918914 717599999999999999 9401602129 9599999999999999
120141164184199205201190173157145139142152166179186184171150126102 87 8226 412KO 5 720516161869999999999999911 91392251 8299999999999999
 91112141174202219222211189161135118114124146172196209207189159124 92 7126 413KO 54322317212109999999999999911471132343 6699999999999999
 67 81113154195226240234211174135102 86 90113150191222236229202161115 7626 414KO 61224118 9236999999999999991219 85999999999999999999999
 55 57 82125178224252256236197146 98 65 55 7211216521725226224520715510226 415KO 640258185226299999999999999 026 531252 5599999999999999
 62 45 56 94149208253272261225170109 57 29 31 6412218924627828025420514526 416KO 7 8272193428399999999999999 1 6 451325 2699999999999999
 89 53 45 68117180239275279253202135 68 20  2 19 6814021427029528825319726 417KO 739282201629699999999999999 146 4414 1  299999999999999
135 82 54 56 89147211262285274234171 98 33 -7-12 19 8216123528330028524426 418KO 81028521 130099999999999999 226 511439-1499999999999999
187128 84 66 78118177236274281257207138 67 10-18-11 3110117924528429227326 419KO 843282214729399999999999999 3 7 651519-2099999999999999
231177127 94 85105148202249272266233179112 48  3-14  2 5011918924327227426 420KO 918273223627699999999999999 348 8516 1-1499999999999999
254216171133110110132172216248258244208156 98 45 11  3 24 7113118823025126 421KO 955258233225499999999999999 4321071647  299999999999999
252235205172144130133153185216235237221188144 97 56 31 28 48 8713417821126 422KO1037238999999999999999999999 5201291739 2699999999999999
229231220200177158147149163184203215215202178145109 77 56 53 66 9412916426 423KO 040232113021799999999999999 6201461843 5299999999999999
192210218214203186169158154159170183194197193179156129101 81 72 77 9512126 424KO 210218125819799999999999999 75215420 8 7299999999999999
151180201214217209193174157146143149162176189194190175151123 98 82 80 9126 425KO 34421715 519499999999999999 9481432142 7999999999999999
114145177204221225215195169144126119126144168191205207194169137106 84 7726 426KO 44722516382089999999999999910591192254 7799999999999999
 88114149186216233233216187152120 99 94108136171203223225210180142105 8126 427KO 5302351739227999999999999991144 942347 7599999999999999
 75 90122164205234245236208168125 90 71 74 99139184221241240219181138 9926 428KO 6 22451827244999999999999991221 70999999999999999999999
 77 77 99139187227250251229189140 93 60 50 6510315420524225724821817512826 429KO 63125319 825799999999999999 031 741254 5099999999999999
 92 76 85117164213247259246211161106 61 37 39 6811817722825926524721016226 430KO 658259194526699999999999999 1 9 761325 3499999999999999
117 88 82101142192236260258231184127 73 36 24 41 8314320324826926523819526 5 1KO 725262202027099999999999999 144 811355 2499999999999999
147109 89 95124170218252262245206152 93 46 21 23 5510817122626127025622226 5 2KO 752262205327099999999999999 218 881424 1899999999999999
177134105 97113150197238258253224176119 65 29 18 35 7813719724126426224026 5 3KO 819260212626699999999999999 250 971454 1899999999999999
202160126108111136177218247254236198146 91 47 24 27 5710616421424725724726 5 4KO 846255215925799999999999999 3211061524 2299999999999999
219183148124116129160198231247241214171120 73 41 31 45 8213318322224324426 5 5KO 914247223424699999999999999 3521161555 3199999999999999
228200169142128130149179211232237222191148103 66 46 46 6810615219322123226 5 6KO 944238231323399999999999999 4241271630 4399999999999999
228211186162144137144164190213225221202171133 97 70 58 65 8912416219321326 5 7KO1017226999999999999999999999 45913717 9 5899999999999999
220214199180162150147155172192206212205186159128100 80 74 8210413416418926 5 8KO 0 0220105721299999999999999 5451471756 7499999999999999
205210206195181166156153158170183194198192178157133110 94 88 9411113516126 5 9KO 1 3210115719899999999999999 6511531859 8899999999999999
183200208207199186170157150150158169180188188181166145124106 97 9911113226 510KO 225209133618999999999999999 8271492021 9699999999999999
157182202214215207190169149136132138153171186195194182161137114 99 9710726 511KO 338216152319699999999999999 9511322143 9699999999999999
129158189213227227212187157129110106117140169196213215202177146117 96 9126 512KO 42922916392169999999999999910471062249 9199999999999999
103129166203231243236212175134 99 78 78 98134177215237239223191151115 9126 513KO 5 92431737241999999999999991130 762343 8599999999999999
 86102136180222250257240203153102 62 45 53 8613719323926326223919915211126 514KO 5462571828265999999999999991211 44999999999999999999999
 87 85108150200244267264235185124 67 27 16 35 8314821326228427924920215026 515KO 623269191728699999999999999 033 831252 1599999999999999
108 86 90120168222262277263222162 93 34 -2 -4 27 8816323228029828725220026 516KO 7 027720 629899999999999999 121 841334 -799999999999999
147107 90101136189241274279255205137 66  9-19-12 30 9917824628930128624726 517KO 740281205630299999999999999 2 8 901419-2199999999999999
196145110 99115155207253277273241185115 47 -3-23 -8 4111318925128729527726 518KO 821279214729699999999999999 255 9915 5-2399999999999999
238190145117111131171219257272261225168101 39 -2-15  6 5712719624927828226 519KO 9 5272224028399999999999999 3431101552-1599999999999999
263227184147125124146183223252260245209156 96 43 10  4 27 7613819624026326 520KO 951261233526699999999999999 4321221643  399999999999999
265247216181150133135155186218240244229196150100 57 31 29 51 9414519322926 521KO1043245999999999999999999999 5251321736 2699999999999999
247248234208179153139140156181206223227215189152112 77 56 55 7410815018926 522KO 033250114422799999999999999 6261381834 5399999999999999
219234236225203177154140138149168190206212206189161128 99 81 78 9211915326 523KO 13723713 321299999999999999 7371371940 7799999999999999
187213228230220199174150133128135152173192204205194173146120101 9610612826 524KO 241231143820699999999999999 8551282052 9699999999999999
15718821222722921719516613911911211813516018520321120518716213511610811526 525KO 33823016 52119999999999999910 411222 210899999999999999
135164194218232230214187153122100 9210112415518721122221719917314412311426 526KO 4252331713222999999999999991058 9223 311499999999999999
121142173204228238231208173134100 78 74 8912116019822423522920717714612426 527KO 5 523818 7235999999999999991142 73235511799999999999999
117127152186218239243227196154110 76 58 62 8712717421524124823620917514326 528KO 5412431852248999999999999991220 57999999999999999999999
122119135165201232248243218178130 84 53 44 58 9414319423425525523720416726 529KO 616248193125899999999999999 0401181255 4399999999999999
136120123145181218245252237202154103 60 37 37 6311016521625126425723119426 530KO 64925220 726599999999999999 1211191328 3499999999999999
157129120131160199234253250225182129 78 41 28 41 7813218923526226725021826 531KO 722254204226899999999999999 15812014 1 2899999999999999
180145125124143178216246255242207158104 57 30 28 53 9915721024926626123826 6 1KO 756255211626799999999999999 2331221435 2699999999999999
202165136124132158196231252251228186134 83 44 28 37 7212418022725526224926 6 2KO 829254215026399999999999999 3 712415 8 2799999999999999
221185153132128144175211240251241210165113 68 39 34 53 9514719823625525326 6 3KO 9 2251222525799999999999999 3411271543 3399999999999999
234204171145132136157189221242244226191145 98 61 43 47 7411816821123924926 6 4KO 93724623 224999999999999999 4161311619 4199999999999999
241219190161141135145169199224237232210173131 91 63 53 65 9613918321823826 6 5KO1014238234224299999999999999 4541351658 5399999999999999
241230207180156141139151174201221228219195162124 91 71 68 8411515519322126 6 6KO1057228999999999999999999999 5381381740 6799999999999999
235234221199174152139139152173196212217208187158126 99 84 8410113016619826 6 7KO 027237115221799999999999999 6311371829 8299999999999999
222233230216194169147134133144164186203210204188163136112 98 9911414117226 6 8KO 11823413 521099999999999999 7341321928 9799999999999999
20222423423021519016313812211913015017519620920919817615112711211012314726 6 9KO 214234143321199999999999999 842118203810999999999999999
176206228238233214185152122102 9710913416519521622321519516814212311812726 610KO 311238155722399999999999999 945 97215211799999999999999
150180212235245237213177136 99 76 72 8712016120123024223621518515413012126 611KO 4 424517 9242999999999999991043 7123 212199999999999999
129152185220245254241210166116 73 47 45 6710916221224826325723319816113326 612KO 4542541811264999999999999991135 43999999999999999999999
122130155193231257262244205152 94 46 20 22 5210416822626628227424620616426 613KO 54426319 928299999999999999 0 61221226 1799999999999999
133121131160202242268269245198136 73 22 -2  5 4310517724028129528425220726 614KO 63327220 329599999999999999 1 41211317 -499999999999999
163131120133167212254276273243189122 55  5-16 -3 4311218725129030228725126 615KO 722278205530299999999999999 15812014 7-1699999999999999
203158128120137175222262281273238180110 44 -3-19  0 5112419925829330028126 616KO 812282214530199999999999999 2491191458-1999999999999999
242194151124121142183230267281268229170101 39 -1-11 14 6813920926228929126 617KO 9 2281223329399999999999999 3391191547-1299999999999999
268229183143122123147189233265274258218161 98 43 10  8 36 9115721826128126 618KO 952274231928299999999999999 4271191635  599999999999999
276251212170137120126152192231256261244206154100 55 31 35 6611717522525726 619KO1043262999999999999999999999 5161191723 2999999999999999
268259233196159131120128154190222242244228195152108 74 58 67 9714219022826 620KO 0 3268113724699999999999999 6 51191810 5899999999999999
250255242216183150127119128152182209225228215189155121 97 88 9912616320026 621KO 045255123922999999999999999 6581191858 8899999999999999
22824224222820217214312211612414517019421021520718916413912111612614817726 622KO 129244135421599999999999999 756116195111699999999999999
20522623523221719216313511611011613415818220020920719517715714213714516226 623KO 215236152021099999999999999 859110205413799999999999999
185207224231226210185155127107 9910612314917619821221520619017215715015426 624KO 3 623116442159999999999999910 3 9922 815099999999999999
168188209225231224206178145115 94 87 9411514517820522222621820118116315426 625KO 4 023117502279999999999999911 0 87232015499999999999999
156169189212228233224202169133100 79 73 8511315018821923623922820718216226 626KO 4532331841240999999999999991148 73999999999999999999999
151154169193218235238224196157116 82 63 62 8211816220423625124923220517626 627KO 541239192225299999999999999 0181511231 6099999999999999
154145152173201228244242222186141 97 63 49 57 8613118022425226225222819626 628KO 625245195926299999999999999 1 514513 9 4899999999999999
165144140153181214241252243215171121 76 47 40 58 9714920224326526624821726 629KO 7 5252203326899999999999999 1441401346 3999999999999999
181151136139160194229253258240202152100 57 35 39 6811617322425927226323726 630KO 74325921 527299999999999999 2211351422 3399999999999999
201165139131143172210244262257230185130 79 43 31 46 8514019824326927125426 7 1KO 818263213727399999999999999 2551301457 3199999999999999
221182149130130151187226255265250214164109 63 36 35 6210916722125827226526 7 2KO 85326522 827399999999999999 3281271532 3299999999999999
239201164136125134163202239261260237195143 92 54 39 49 8513819424026626926 7 3KO 929263223927099999999999999 4 212516 6 3899999999999999
252220182148126124141175214245258250220177127 83 55 50 7111316621725226726 7 4KO10 6258231126799999999999999 4381221641 4999999999999999
261237202165135120125148183220244250236205162118 83 65 70 9714119123225726 7 5KO1047251234526399999999999999 5171201718 6499999999999999
262249220185150125116126152187219238239223193156119 92 83 9412416620824026 7 6KO1135241999999999999999999999 6 01161758 8399999999999999
25625423620517013811711112315018321122823021619115913011010511814718321726 7 7KO 022257123623199999999999999 649111184610599999999999999
24225124522519416012910810411614117220121922521619717214813212813916219226 7 8KO 1 6251135322599999999999999 746103194512899999999999999
219239246239218187152120 98 9110212615818921422622521219217015314615216926 7 9KO 159246152422799999999999999 853 9121 214699999999999999
193217236244237217185147111 84 74 8210614218021323424023221419117015815726 710KO 3 324416542409999999999999910 4 74223315699999999999999
168189214236247242221186143100 67 52 58 8512817621924826025423420717916026 711KO 4132471810260999999999999991112 51235515399999999999999
153162184213240255252229189138 87 47 28 36 6811917722926528027324921417926 712KO 5212561910280999999999999991214 28999999999999999999999
154144154180216249268265238191132 73 28  8 18 5711718524428229628525421226 713KO 62226920 229699999999999999 1 01441310  799999999999999
171142133146180223262282276244190123 58 11 -7  9 5712620026029730528824926 714KO 718283204930699999999999999 15413214 2 -799999999999999
200156127122142184234275293283245184112 46  2-10 13 6914421927530530527926 715KO 8 9293213130999999999999999 2421211450-1199999999999999
234182138113115143192245284297281238174102 40  3  0 32 9416923928630529526 716KO 857297221030599999999999999 3271111536 -399999999999999
262212160121104114150202253286292270224161 94 42 16 23 6312719725528929526 717KO 943293224529699999999999999 4 91041618 1599999999999999
276237187140109100118159210254278277252207149 94 55 41 5810216222226428326 718KO1029281231728499999999999999 4501001657 4199999999999999
278252210164125102103126167212247262257231191143102 77 75 9814219323826426 719KO1114263234627199999999999999 5301001734 7399999999999999
27025622618614611610210913517220823324223521318014611810511213817521424326 720KO12 3242999999999999999999999 611102181010599999999999999
25625323420316813611410611614017019721622321720117915614013514516819622326 721KO 01625713 322399999999999999 655106184913599999999999999
24024423521518815813211511112013916218420120920820018617216216116918520426 722KO 050244142521099999999999999 749110193916099999999999999
22123123222320518115613211711111713115117219120420920720019018117818118926 723KO 135232161520999999999999999 85811121 217899999999999999
20121322222421720318115613211410610812114116618920821922121520419118318026 724KO 2452241743221999999999999991017105225718099999999999999
183193206218223220206184156128105 94 9511013516719722123523622621019217726 725KO 4102231836237999999999999991124 93999999999999999999999
170174186204221231228212185151117 90 78 8210313717721323925124723120718226 726KO 520231191425199999999999999 0101701215 7799999999999999
164158166185210232243238216180138 99 71 62 7410514819523425826425122619426 727KO 612243194726499999999999999 0561581256 6299999999999999
166149148164192224248256244213168119 77 52 51 7411616921925727326924621126 728KO 654257201727499999999999999 1321461333 4899999999999999
175147135143170207243265266243202148 95 56 39 49 8413819624627628226523126 729KO 732268204528299999999999999 2 513514 8 3899999999999999
190152129126146183227262278268234183124 72 40 35 5810616822727028828025226 730KO 8 7278211228899999999999999 2361251441 3399999999999999
209164130115124156202247277282261218160101 55 34 42 7913720225528629026926 731KO 841284213929299999999999999 3 81151514 3399999999999999
230182139112108129171221264284278247196137 83 48 40 6211017323427629228226 8 1KO 91628522 529299999999999999 3391061546 4099999999999999
250203155117100107139187237272282266228176120 76 54 59 9314720825828628726 8 2KO 952282223229099999999999999 412 991619 5399999999999999
265224175130101 94112151202246271272250210160113 81 72 8812818223527128326 8 3KO103127523 128399999999999999 447 941652 7299999999999999
272242198151113 92 94119162208245262257233196154118 98 9912216220924927126 8 4KO1116262233227499999999999999 525 901728 9699999999999999
272253219176134103 90 9812516520623524724222119116013512413015318822425126 8 5KO1211247999999999999999999999 6 9 90181012399999999999999
262256234201162127101 9110012515919321923123021819717615915215817620122526 8 6KO 0 9262132523399999999999999 7 2 9119 415299999999999999
243249241222193160127103 91 9611514417420121922722421319818417617618520026 8 7KO 058249151122799999999999999 812 91202817599999999999999
216230237234220197166133105 87 84 9612115318721523323923522220619118218126 8 8KO 21423817 523999999999999999 941 83223518099999999999999
189203219233238230210178139103 75 64 72 9813618021924726025824221819317426 8 9KO 35623818192619999999999999911 6 64999999999999999999999
166172190215238252249227190142 94 57 41 48 8012818423426828227625221718226 810KO 520253191028399999999999999 0 51661212 4099999999999999
156146155182219252272269243197138 80 37 19 32 7213319925529029928424920326 811KO 624274195230099999999999999 1 014613 6 1999999999999999
160132126144182231272293286252196127 63 20  7 28 8015122427930730727923226 812KO 716294202831199999999999999 1451251353  699999999999999
179133108111140191247290307293250186113 49 11  8 4110318125129831530126126 813KO 8 330721 231599999999999999 2261061436  599999999999999
206149107 91104146206264302311288238170 98 43 17 26 7013921527630830928226 814KO 846312213231299999999999999 3 4 911515 1599999999999999
233174121 88 83109160222275304302272219152 90 48 36 5811118024629030529126 815KO 92730722 030599999999999999 340 811551 3699999999999999
253199143 99 79 86122177235277293283249197139 92 66 6810115621726729128926 816KO10 7293222529499999999999999 415 781625 6399999999999999
263219167119 88 80 99140192239268274258224179135104 9410814519624327328026 817KO1046275224828099999999999999 448 801656 9499999999999999
265232187142106 88 9111615720023425125023320417014112512714818322225226626 818KO1126253231126699999999999999 521 86172512399999999999999
260237203164129105 9610713316719922123122821419317215615115918020723224826 819KO1214231233725099999999999999 557 96175515199999999999999
24923721418415312811210912114216718920521221220519418317617518319821522826 820KO1325213999999999999999999999 641109183417499999999999999
23423121920017715413512212012714115817518920020620720419919519319520120826 821KO 011234154520799999999999999 745120195419399999999999999
21421821721019818216314413012312313014316118019821121922021520719919419226 822KO 118218173922199999999999999 929122225919299999999999999
19420020721221320719317315013011510911412915318120722723723622521019318126 823KO 33721318252379999999999999911 3109999999999999999999999
175179190205219226221204178147118 98 90 9912215619322524725424522620017726 824KO 5 7226185625499999999999999 0 61751159 9099999999999999
161158169190215235244235211175134 98 76 73 9112617121525026726524521418026 825KO 6 0244192326899999999999999 0421571239 7299999999999999
153140146168201234257261243208161112 75 57 64 9414219724427428126623319126 826KO 641262194828199999999999999 1121401314 5699999999999999
153128124142178221259277272242195138 87 53 46 6611217123027429228425420926 827KO 716278201229399999999999999 1411231346 4599999999999999
161123107115148197247282291273232174113 65 41 47 8314220826429629927523126 828KO 751292203630199999999999999 2101061418 3999999999999999
176127 97 92116163221271298296266213150 91 52 41 6311318024629130629225426 829KO 82530121 130699999999999999 239 911449 4199999999999999
198141 97 77 87126184245289305290250192129 78 52 56 9215122027530430227326 830KO 9 0305212630799999999999999 310 771521 5099999999999999
223162108 74 68 92142206263296300276230172116 78 66 8412919125129130228526 831KO 937302215230299999999999999 342 671554 6699999999999999
244188130 85 63 70105161222269291285256211160116 92 9312016822426929128726 9 1KO1016292221929399999999999999 416 621628 8999999999999999
259213158108 73 63 8012117522826327526523719815812811712615720024327127826 9 2KO11 1275224927999999999999999 453 6317 311799999999999999
264231187139 99 75 72 9313217922024625424522319516815014715918521824626026 9 3KO1156254232326199999999999999 536 70174414699999999999999
258240210172134103 85 8510313417020222423323021920318717717518320021923426 9 4KO1316233999999999999999999999 631 82184117499999999999999
241238224201173143116 98 9410312415117820221822622622021020019419319820626 9 5KO 011242153122799999999999999 749 93203719399999999999999
215223225220208187160132108 94 9310412715618721523424324223121519918618126 9 6KO 153225172124499999999999999 936 9123 718199999999999999
185196210224231226209180144110 84 73 8010514318522425226526124321518716526 9 7KO 4 923118152659999999999999911 6 73999999999999999999999
156162181209235252251231195148101 66 51 61 9414319824627628427124120116226 9 8KO 528254185328599999999999999 0 815612 7 5199999999999999
136129143177219256277274247200141 85 47 35 53 9816022327229729526922417326 9 9KO 624279192629999999999999999 0491281254 3499999999999999
129105107135183237280299289252194127 68 33 30 6011818925429630929225119426 910KO 710299195630999999999999999 1261031336 2799999999999999
138 97 81 96139200260300311292245179110 57 32 41 8515222528231030727522126 911KO 751312202331299999999999999 2 1 811414 3199999999999999
158103 71 69 98154221279311311281227160 97 55 45 6812219225830031029024426 912KO 831315204931099999999999999 234 661449 4499999999999999
183122 76 57 70113176242290309298261205143 93 66 7110616623128130329526026 913KO 9 8309211330499999999999999 3 6 571522 6499999999999999
207146 93 61 57 84136200256289296276236183133 99 8910715020625828829126826 914KO 944297213629399999999999999 337 551552 8899999999999999
225170116 76 60 7110716121725927827425021116913311511914518923526928026826 915KO1019279215828099999999999999 4 7 60162011499999999999999
236190140 98 74 71 9313318222425125924922519316314313815118021724826426126 916KO1055259222026599999999999999 436 69164713799999999999999
240205163124 96 84 9111615319122023623722620718616916016317920322824524826 917KO1136238224324999999999999999 5 8 83171615999999999999999
23721418315012210510011113416218820721721721120019018117918419621222523026 918KO1236218231123199999999999999 547100175217999999999999999
22821619717415113212011812514115917619020020620720520119719519620020621026 919KO1451207999999999999999999999 643117191219599999999999999
21120920319217816214713412812813514516017619220521421821621020219519118926 920KO 0 121117 921899999999999999 826127225718999999999999999
19119520020220019217816014212711911912914717119621723123522821519718117126 921KO 3 42021752235999999999999991028118234616899999999999999
16817518820321421721019116513811510110211714417821223825124823220717915726 922KO 4482181820251999999999999991129100999999999999999999999
147150167192218235238224196160123 94 82 8911515419923826226725222218515126 923KO 541239184426799999999999999 01514612 9 8199999999999999
129125140171209242259256232192144101 73 67 8612617823026728227324219915226 924KO 62026119 728299999999999999 0421241244 6699999999999999
117101110141187235270281266230178123 79 57 64 9715121226329129126521916426 925KO 656281193029599999999999999 1 91011317 5699999999999999
114 83 80105153212264294295268219158101 63 53 7412218724929230428724418426 926KO 731298195530499999999999999 137 781349 5399999999999999
123 76 57 69111174240290309298259202138 86 59 62 9715722428030730226821126 927KO 8 7310202030999999999999999 2 7 571423 5699999999999999
144 84 47 42 70127199265305313291244183124 82 67 8413019425729830828623826 928KO 845314204730899999999999999 239 401458 6799999999999999
174107 55 31 40 83149222279308305276226169119 90 8911616722727730029325926 929KO 924310211630299999999999999 313 301533 8699999999999999
205140 80 40 29 5110216923528029728825621016212610911815019924828128826926 930KO10 7297214628999999999999999 350 29161010999999999999999
229174116 67 40 40 691201812342672772652372011661421361491802192532702662610 1KO1056277221827199999999999999 430 37164913599999999999999
242203155108 71 54 59 881321812212452522442252011781641631751982242432502610 2KO1157252225725099999999999999 516 53173716299999999999999
242220188151115 87 74 781001331691992212312312232101961861831882002132232610 3KO1329232235822799999999999999 616 73185218399999999999999
227222209188162134109 94 911021231491772012192292312252132001901851851912610 4KO1542231999999999999999999999 741 90212218499999999999999
200208213212201183157130107 93 931061301611932202392462402242021811661602610 5KO 21721417 224699999999999999 932 9223 216099999999999999
165180199217227224207178142109 86 79 901181571992342572622492231891581372610 6KO 4182271747262999999999999991054 79234913199999999999999
131143170203233250248227190145102 73 65 821191682182562752722472071631252610 7KO 5262521820277999999999999991149 65999999999999999999999
104106130171217255273268239191137 90 61 60 861341922452792872702311791272610 8KO 616274184928899999999999999 0261021234 5799999999999999
 90 76 90129184239278291277238183124 78 57 661041622242722942882552021422610 9KO 659291191629599999999999999 1 0 761313 5699999999999999
 90 60 59 88141206262295299275228167111 73 63 85133196254290297274227165261010KO 738301194229899999999999999 133 561349 6399999999999999
104 59 42 56100164230280303296262210151102 77 81114169230277296285247191261011KO 81530420 729699999999999999 2 4 421422 7599999999999999
127 72 40 38 67123190251289299282242189138102 91107149205256286287261213261012KO 851299203229099999999999999 234 351454 9199999999999999
152 94 51 35 48 90151215263287285260219171132110112139184233269281266229261013KO 925289205628199999999999999 3 3 35152510899999999999999
177120 72 45 44 70119178231265275264236198160134125138170212249268265239261014KO 958275212127099999999999999 332 41155412599999999999999
197146 98 64 52 63 97146196235256257241214183157143145164195227250255241261015KO1033259214625699999999999999 4 2 52162314299999999999999
211169126 90 70 68 87123165203229240236220199178162157165184208229239235261016KO1113240221324099999999999999 434 66165515799999999999999
217187153120 95 84 89110140172199216222218207194181173172179194209219222261017KO12 6222224522299999999999999 512 84173817199999999999999
214198174148125109102108124146168187201208209205198191184182185191198202261018KO1338209234120399999999999999 6 3102185818299999999999999
203199188173156139125117118127141157175191203210212209201191182177176179261019KO1549212999999999999999999999 724117214417699999999999999
184190193191183170154137124118120130147168191210222226219205187170158155261020KO 2 9193165022699999999999999 917117225615599999999999999
160171186199204201187166142121108107119142172203227240238223198170146132261021KO 4 82041724241999999999999991035106233113099999999999999
131145168195216226220200170137109 94 95115148188225250256244216178140113261022KO 5 82261751257999999999999991125 92999999999999999999999
102112139177215242249237207167125 94 81 90120165213252271266239195145102261023KO 553250181827299999999999999 0 110212 5 8199999999999999
 77 77101145197243269270247206156110 80 74 95137192243277283263220162105261024KO 633272184428499999999999999 031 741243 7399999999999999
 63 46 60102162224271291283250199143 97 73 78110163223271293284248190123261025KO 712292191329499999999999999 1 3 461321 7199999999999999
 64 29 25 55112185251294305287245187131 90 76 91134193252290297273223155261026KO 752306194329899999999999999 136 221359 7699999999999999
 85 31  6 16 61131208271305308282234176124 92 88113162221271296288252192261027KO 834310201629799999999999999 213  51439 8699999999999999
121 55 10 -3 20 75151225280304299269221168125103108139189242279289270226261028KO 919306205028999999999999999 251 -3152010299999999999999
164 96 38  5  3 35 94166232275292282252209165133121131164208250273272247261029KO10 7292212727699999999999999 333  016 312199999999999999
201143 84 37 14 20 55111174227261272262237202169146140153181216245257250261030KO11 127222 925899999999999999 418 13165014099999999999999
224183134 86 49 33 42 74121172214241250244226202178161157166187210229236261031KO12 625023 023699999999999999 510 33174915699999999999999
229208176137100 71 57 63 871241631972212332332232061871721651681791942082611 1KO1330235999999999999999999999 612 57191316599999999999999
215213202180152121 95 80 79 941201521832082252312272131941751611561601712611 2KO 02021615 423199999999999999 731 7821 415699999999999999
186199207206194172144116 96 88 941141441762062282372342171931661451331342611 3KO 223208161323899999999999999 9 4 88222413299999999999999
148169193211219212192162130103 89 921111431802142382472382141811461181052611 4KO 4 421917 0247999999999999991021 88231510499999999999999
109130163197224237231208173135103 87 91114152194231253255236202158117 872611 5KO 5122371736256999999999999991119 862356 7899999999999999
 78 91123167211242255245217175132 99 86 95125169215250264255225179128 842611 6KO 6 425518 72649999999999999912 6 86999999999999999999999
 58 58 83128182230261268252216169125 96 88106144193238265268246203148 942611 7KO 648268183627099999999999999 031 551248 8899999999999999
 54 37 49 88144203250275274249207159117 95 971231692182572722612261731142611 8KO 72727719 527299999999999999 1 5 371325 9399999999999999
 62 31 28 54105168226267281271239193146112 991111461952402672692441981402611 9KO 8 4281193327299999999999999 137 2614 1 9999999999999999
 82 39 20 31 71130194246275279259222176136111109131172218254268256220167261110KO 83928020 226899999999999999 2 8 20143510799999999999999
108 57 26 22 47 96157216257274268241202161129116125154195235259259235192261111KO 913275203026299999999999999 238 2015 711699999999999999
137 83 43 25 34 70123182230259265250221184150129126143176213243254242210261112KO 94726521 025499999999999999 3 9 25153912599999999999999
164112 68 39 35 55 96149199235252249230201170145134140161193223241241222261113KO1022253213024399999999999999 342 33161113499999999999999
186141 97 63 47 52 79120167206231240232212187163147143153175201222231223261114KO11 024022 323199999999999999 416 46164714399999999999999
200166127 92 68 61 72100138176205222226217200180163152152162180199213215261115KO1145226224321699999999999999 454 61173215199999999999999
205183154123 97 80 78 91116147177200213215208195180166157156164176189198261116KO1243216233820099999999999999 539 77183615599999999999999
199191174152128107 95 93104125150174195208212208197183168157152155163174261117KO1359212999999999999999999999 637 9220 715299999999999999
184188186176159140121107104110126148172194209216213202184164147137136145261118KO 110189151321699999999999999 753103213313599999999999999
159174187191187173154133115107110124147174200218226221204178149126112112261119KO 3 219116 622699999999999999 915107223011199999999999999
126148174196207205191167140117105106122149182213233238226198162124 95 82261120KO 42220816472389999999999999910241032312 8299999999999999
 88111146184214230227208177143114 99102123158197231250247224184136 91 60261121KO 5212311723251999999999999991120 982351 5199999999999999
 51 67104153203239254247220182141109 94102130172217251263250214162104 54261122KO 61025417592639999999999999912 9 94999999999999999999999
 26 25 54105168225263275261227181136103 93107142191237267270245197134 70261123KO 657275183627299999999999999 031 221256 9399999999999999
 20 -2  8 50114186247282288268228177130101 96116158210255277270234176106261124KO 744290191527899999999999999 112 -31342 9499999999999999
 40 -6-20  1 54128203262292293267223171127102103130176227266279262219155261125KO 831296195627999999999999999 154-201428 9999999999999999
 83 19-20-25  5 65142216268292288259214165126107114144191238269273250202261126KO 920294203927599999999999999 239-27151510799999999999999
136 67 10-21-19 17 80155221266284276247204160128115125157201241263261234261127KO1011284212526599999999999999 326-2416 411599999999999999
186124 62 13-10 -2 36 96163220257270260233195158131123135165202234250245261128KO11 4270221525199999999999999 416-11165512399999999999999
218174120 67 27 10 21 57111168215244253244220188156135128139164195221232261129KO1159253231223399999999999999 5 7 10175212899999999999999
227205168124 80 48 36 46 78123169208231239231210183155135128136156181202261130KO1258239999999999999999999999 6 3 36185812899999999999999
214212197169134 99 73 63 71 961321702012222292232041791521311221251401622612 1KO 02321514 122999999999999999 7 4 62201412199999999999999
183198202195177150121 97 86 901101391711992182252182001731441211081081212612 2KO 15520215 222599999999999999 814 86212810699999999999999
143168188201201189166140117104104119144174201219225217195164131104 88 882612 3KO 332202155522599999999999999 9281022231 8699999999999999
103129160188207212203181155130114112125150180207225228215187150113 82 672612 4KO 45121216412299999999999999910371112321 6599999999999999
 69 90124162197219225215192162135118116130157189217232229209174131 89 592612 5KO 5522251722233999999999999991136115999999999999999999999
 47 57 86129174212234237223195162133117118137168202228238228199156107 642612 6KO 64123818 023899999999999999 0 4 47122611599999999999999
 38 33 52 92143193230248245224191155127114121146181216238240221183133 822612 7KO 722249183624299999999999999 041 3213 911499999999999999
 41 22 27 581081642132462562462181801441191131271581972292452372081611072612 8KO 759256191124599999999999999 117 21134811399999999999999
 57 23 14 31 731301872322562582382041651321131161381752132402462281891372612 9KO 834260194524699999999999999 151 13142411299999999999999
 82 37 12 15 45 95155208245259251224187149121112123153192227245240213167261210KO 9 7259201924699999999999999 224 10145711299999999999999
112 60 23 11 26 65121178225251255237206168135116116135170207235243228193261211KO 939256205224399999999999999 258 11153011399999999999999
143 89 45 19 18 44 90146198234249243220186151125115124149185217236234211261212KO1012250212523899999999999999 331 1516 311599999999999999
171121 73 38 23 34 67116168211237242228201169139121119133162194220230220261213KO104524222 023099999999999999 4 5 23163811799999999999999
191150105 65 40 36 55 93140185218234231213185156132120123141169197215217261214KO1120235223821899999999999999 440 35171811999999999999999
202173135 96 66 50 55 78116159196220227219200173147128120126144169192204261215KO1158227232520699999999999999 518 4918 512099999999999999
203188161128 97 74 66 75100135171201218221210190165141123117123140162181261216KO1242221999999999999999999999 6 0 6619 111799999999999999
192192179158131106 89 84 94117147178202216216205185159134115107112128149261217KO 027194133321899999999999999 650 8420 710799999999999999
169183187180164143121106101108128154181203215215203181152124101 91 94110261218KO 152187143121799999999999999 7541002115 9099999999999999
134160181192191179160139121113117132156182205219218204177143108 81 67 71261219KO 326193152922099999999999999 9111132218 6699999999999999
 90121156186205209200180155133119119133156185211226224206173131 88 55 39261220KO 44721016262279999999999999910311182314 3999999999999999
 45 71112158199224232221198167139120117130157190220236232208166115 64 26261221KO 5542321719237999999999999991141117999999999999999999999
 11 21 57109166215245253240211173139117113128160199232247239208158 97 39261222KO 651253181124899999999999999 0 6 11124211299999999999999
 -1-14  3 48112179233264270252216173134110108128166210245258245206147 79261223KO 74427119 125899999999999999 056-15133610699999999999999
 17-23-32 -7 47120193248278279256214166125103104130174222256266247201136261224KO 833282195026699999999999999 146-33142610099999999999999
 63  0-37-40 -7 55133207259284280251204154115 96103135183232263268243193261225KO 921286203927099999999999999 235-431514 9599999999999999
124 51 -8-39-35  4 71150219265282272237189140105 92105141191237263262234261226KO10 6282212826799999999999999 324-4216 1 9299999999999999
181113 45 -7-30-18 26 94167228264273256219171127 97 90108147195236255250261227KO1050273221725699999999999999 411-301647 8999999999999999
219168106 47  6 -8 10 56120184232257257236198153115 92 91112150193226239261228KO113126023 824099999999999999 457 -81734 8899999999999999
231202157105 58 28 23 45 90145195230244238214178139107 90 92114148183209261229KO1211245999999999999999999999 541 221823 8899999999999999
219211188151111 77 57 59 82120164201224230219195162128102 89 92111140168261230KO 0 4219125123099999999999999 626 551917 8899999999999999
189199194178152124100 89 94115145178203217217204180150120 96 85 88103127261231KO 112199133021999999999999999 712 892018 8499999999999999
