 86 99106110109108109112118126134139139132118 97 72 45 23  9  4 11 26 4726 1 1KP 321110112914099999999999999 5161081954  499999999999999
 69 89104112115114111111113119128137143143136121 97 68 39 15  1 -3  6 2426 1 2KP 4 3115123614499999999999999 6421112046 -399999999999999
 48 73 94109116116113108107109116126138146147139121 95 64 34 10 -3 -4  826 1 3KP 432117134014899999999999999 7561072133 -599999999999999
 29 56 81101113116113107101 99102111123137146147138118 90 59 29  7 -3  126 1 4KP 459116143814899999999999999 857 992215 -399999999999999
 16 41 67 91108115114107 98 91 89 93104119134144144133112 83 53 26  9  426 1 5KP 523116153114599999999999999 951 892253  499999999999999
 12 31 56 82102114116110 99 88 80 79 85 98115129138136124102 75 48 27 1626 1 6KP 5451161621138999999999999991041 782327 1499999999999999
 16 29 50 75 97112118115104 90 77 70 70 78 92109122128125112 92 68 47 3226 1 7KP 6 611817 9128999999999999991129 692357 2799999999999999
 27 33 49 71 93111120120111 97 81 68 62 64 73 87102113117112100 83 64 4926 1 8KP 6291211758117999999999999991218 62999999999999999999999
 41 42 52 69 90109121125119107 90 74 62 57 59 68 81 93102105100 90 77 6526 1 9KP 653125185110599999999999999 024 401310 5799999999999999
 56 54 59 71 88106120127125116101 84 69 58 54 56 64 75 85 92 94 91 84 7726 110KP 7201271954 9499999999999999 049 5314 8 5499999999999999
 70 66 68 76 88103117126129124112 97 80 66 57 52 53 59 68 76 83 86 86 8426 111KP 7501292128 8699999999999999 111 661515 5299999999999999
 81 79 79 82 90101112123128128121109 94 79 65 55 49 49 53 60 69 76 82 8526 112KP 825129999999999999999999999 128 781633 4999999999999999
 87 88 89 90 94100108117125128126119107 93 78 64 52 45 43 47 54 63 73 8226 113KP 9 81289999999999999999999991749 43999999999999999999999
 89 94 97 98 99101106112119124127125118107 93 77 60 47 39 36 40 49 61 7426 114KP10 61279999999999999999999991853 36999999999999999999999
 86 95102104105104104107112118124127126120108 92 73 55 40 31 29 35 46 6226 115KP 329105111812799999999999999 5201041943 2999999999999999
 78 92103108109107104103105110117124129128121108 89 67 46 30 22 23 32 4826 116KP 342109122712999999999999999 6571032025 2199999999999999
 67 85100109113110105101 99101107117126132131122105 82 58 36 21 15 20 3426 117KP 4 2113132313299999999999999 8 0 9921 3 1599999999999999
 53 75 94108114113108100 94 93 97106118129135132119 98 72 47 26 14 12 2226 118KP 423114141113599999999999999 848 932137 1299999999999999
 40 63 85103113115110102 92 87 87 94106121132136129113 89 61 36 18 10 1526 119KP 445116145413699999999999999 929 8622 9 1099999999999999
 29 51 76 97111116113104 93 83 79 82 92108123133134124104 78 51 28 15 1326 120KP 5 711715351359999999999999910 6 792239 1299999999999999
 23 42 66 90107116116108 95 82 73 71 78 92109124132129116 94 68 43 26 1826 121KP 5281171616132999999999999991043 7123 8 1899999999999999
 23 38 60 83103116119112 99 84 70 63 65 75 91109122127122106 84 60 41 2926 122KP 5481191658127999999999999991120 632334 2899999999999999
 29 38 57 79100115121117105 88 72 60 56 60 73 90107118120112 97 77 58 4526 123KP 6 61211744120999999999999991159 562359 4099999999999999
 40 45 59 78 98115123122112 96 78 61 51 49 56 70 86101110110103 90 74 6126 124KP 6251241834111999999999999991242 49999999999999999999999
 55 56 65 80 98115125128121107 88 69 54 45 45 52 65 80 92100100 95 86 7626 125KP 645128193510199999999999999 021 541333 4499999999999999
 70 69 74 85100115127132129118101 82 64 50 42 41 47 57 70 81 88 91 89 8626 126KP 7 813221 3 9199999999999999 039 691437 4099999999999999
 82 82 85 92103116127134135129116 99 80 63 48 39 36 40 48 58 69 78 84 8726 127KP 737135999999999999999999999 044 811558 3699999999999999
 89 91 94 99106115124132136135128116101 83 65 49 37 31 31 36 46 58 70 8126 128KP 8171379999999999999999999991730 30999999999999999999999
 89 96101105109114120127132135134129119105 88 68 49 34 24 21 26 37 51 6726 129KP 9201359999999999999999999991850 21999999999999999999999
 82 94103108111112115118122128132134132125112 93 71 48 29 16 13 18 32 5026 130KP11 31349999999999999999999991953 13999999999999999999999
 70 88101109112111109108110114121129135136130117 96 70 44 23 10  8 16 3426 131KP 410112124313699999999999999 6581082043  799999999999999
 56 78 96109113112106100 97 98104114126136139134119 95 67 39 18  7  8 2126 2 1KP 412114135513999999999999999 819 972124  699999999999999
 43 67 90106115114106 96 87 83 85 94109125136140133116 90 60 34 16  9 1626 2 2KP 425115145214099999999999999 911 8322 0  999999999999999
 33 58 84104116117110 97 83 72 69 74 87105123135137128108 81 54 31 18 1826 2 3KP 441118154213899999999999999 956 692232 1699999999999999
 30 52 78101116122116102 85 68 58 57 66 82103121131130119 98 73 49 32 2626 2 4KP 4581221628132999999999999991037 562259 2699999999999999
 32 49 73 98117126123111 92 72 55 48 50 62 81101117124120107 87 65 47 3826 2 5KP 5171261711124999999999999991117 472324 3799999999999999
 39 51 71 95116128129120102 80 60 46 42 47 62 80 99111115109 96 79 62 5126 2 6KP 5381301753115999999999999991156 422346 4899999999999999
 49 56 72 92113128133128113 92 70 52 42 41 49 63 80 95103104 98 87 74 6426 2 7KP 5591331837105999999999999991236 40999999999999999999999
 60 63 74 91110126134133122104 83 63 48 41 43 51 64 78 89 95 94 89 81 7426 2 8KP 6231351925 9599999999999999 0 4 601319 4199999999999999
 70 72 79 91106121131134128114 96 77 60 49 44 46 54 64 74 82 87 87 84 8126 2 9KP 6491342031 8799999999999999 018 701411 4499999999999999
 79 80 84 92104116126131130122108 91 75 61 51 47 48 53 61 69 75 80 82 8326 210KP 718132999999999999999999999 017 791519 4799999999999999
 85 87 90 95102111119125128124116104 90 76 64 54 48 47 49 55 62 69 76 8226 211KP 7541289999999999999999999991650 47999999999999999999999
 87 91 95 98102107112117121122120113103 92 78 66 54 46 42 43 48 56 66 7626 212KP 8481229999999999999999999991820 42999999999999999999999
 85 93 99102103104106109112116118118114106 94 80 65 50 40 34 35 42 53 6626 213KP10231189999999999999999999991923 34999999999999999999999
 80 92101105106104101101102106112117119117109 96 79 60 43 31 26 29 39 5426 214KP 33710612 611999999999999999 65410020 8 2699999999999999
 72 88101108109105 99 94 92 94101110118123121112 95 74 52 33 22 20 27 4226 215KP 340109131512399999999999999 8 0 922044 1999999999999999
 62 82 98109111107 99 90 83 82 87 97111122127124111 90 66 42 25 16 19 3126 216KP 35211114 812799999999999999 842 812117 1699999999999999
 51 74 94108114110101 88 76 70 72 82 97114126130123107 83 57 34 20 16 2526 217KP 4 7114145413099999999999999 918 702147 1699999999999999
 43 66 89107116114104 89 73 62 58 64 79 99117129130120100 74 49 30 21 2426 218KP 423116153713199999999999999 952 582215 2199999999999999
 38 60 84105117119110 93 74 57 47 48 59 79101119129127113 91 67 45 32 3026 219KP 4391191620130999999999999991026 462241 2999999999999999
 39 58 81104119123117101 79 57 42 36 42 58 80102119125120105 83 62 47 4026 220KP 45512317 31259999999999999911 1 3623 4 4099999999999999
 45 60 81103120128125110 88 64 43 31 29 39 58 80101115118111 96 78 62 5426 221KP 5121281748118999999999999991138 282325 5399999999999999
 55 65 82103121132132121101 76 52 34 25 27 39 58 79 97107107100 88 76 6726 222KP 5311331836108999999999999991219 242341 6599999999999999
 66 72 86104121134137131115 92 67 45 30 24 28 40 57 74 88 96 96 91 84 7826 223KP 5521381933 979999999999999913 6 242349 7699999999999999
 76 80 90104119132139137126108 86 64 45 32 27 31 40 53 67 78 84 86 85 8326 224KP 61814021 2 869999999999999914 6 272332 8399999999999999
 83 86 93104116128136138133121104 85 66 50 38 32 32 38 47 57 67 74 79 8326 225KP 6491389999999999999999999991528 32999999999999999999999
 86 91 96103111120128132132127117104 89 73 57 45 36 32 33 39 48 58 69 7826 226KP 7301339999999999999999999991713 32999999999999999999999
 86 92 98102107111116120123124122116108 96 81 65 49 36 29 27 32 42 55 6926 227KP 8471249999999999999999999991842 27999999999999999999999
 82 92 99103104104104105108112116119119114104 88 69 50 34 24 22 29 42 5926 228KP11271199999999999999999999991942 22999999999999999999999
 76 91101105104 99 94 90 90 94101111119123120110 92 70 47 30 21 21 31 4926 3 1KP 31410513 812399999999999999 734 892026 2099999999999999
 69 88102108107 99 88 79 73 74 81 94108121127124111 90 66 43 27 20 26 4126 3 2KP 319108141212799999999999999 826 7321 2 2099999999999999
 62 85102112112104 89 74 61 56 60 72 90109123129124108 85 60 39 27 26 3726 3 3KP 33211315 312999999999999999 9 7 562134 2599999999999999
 57 80102115118111 95 75 57 45 42 50 68 90110124127119101 77 54 38 32 3726 3 4KP 348119154812799999999999999 944 4222 2 3299999999999999
 54 77100117124119104 82 59 41 32 34 47 68 92111122122111 92 70 52 41 4226 3 5KP 4 71241629124999999999999991019 312227 4099999999999999
 54 74 97117128127115 93 68 45 29 24 32 49 72 95111118114101 83 65 53 5026 3 6KP 42612917 8118999999999999991053 242250 4999999999999999
 57 73 94115129132124105 80 54 34 23 23 35 54 77 96108111104 92 77 64 5926 3 7KP 4471331746111999999999999991127 222310 5899999999999999
 62 73 91111127134130115 93 67 44 28 23 28 42 61 80 95103102 95 84 74 6726 3 8KP 5 913518241049999999999999912 1 232327 6799999999999999
 68 75 89107123133133123104 81 58 39 29 27 35 49 66 81 92 96 93 87 80 7426 3 9KP 53313419 5 96999999999999991237 272340 7399999999999999
 74 78 88102117128132127113 94 72 53 40 33 35 43 55 68 79 86 88 86 82 8026 310KP 5581321959 88999999999999991318 332342 7999999999999999
 79 82 89 99110121127126118104 86 69 54 44 40 41 47 56 65 73 79 81 82 8226 311KP 6261279999999999999999999991413 40999999999999999999999
 83 86 90 96104112118121118109 97 83 69 58 50 45 45 48 53 60 67 73 78 8226 312KP 6581219999999999999999999991536 44999999999999999999999
 86 89 92 96100104109112112110104 95 84 73 63 54 47 43 44 47 54 62 71 7926 313KP 7431129999999999999999999991726 43999999999999999999999
 86 92 95 97 97 98 99101103104105102 97 89 78 66 54 44 38 37 41 49 61 7326 314KP 9341059999999999999999999991843 37999999999999999999999
 84 93 98 99 97 93 90 89 90 94 99103105102 94 82 67 51 39 32 31 38 50 6526 315KP 247 99115210599999999999999 659 891933 3199999999999999
 80 93101102 99 91 83 78 76 80 88 98106110108 98 83 64 46 33 27 29 40 5726 316KP 24810313 911099999999999999 748 762011 2799999999999999
 75 91102106102 92 79 68 62 63 71 85100112117113100 81 59 41 29 26 34 5026 317KP 25710614 511799999999999999 823 612044 2699999999999999
 70 89104110107 95 79 62 50 46 52 66 85105118122115 99 77 55 38 30 33 4626 318KP 310110145312299999999999999 856 462115 3099999999999999
 65 87105114113102 83 61 42 32 32 44 64 88109122124114 95 72 52 40 38 4626 319KP 325115153812599999999999999 929 312142 3799999999999999
 64 86106118120111 91 66 42 24 17 23 40 66 92113123121109 89 69 54 47 5126 320KP 34112116221249999999999999910 3 1722 7 4799999999999999
 65 85106122128121104 78 49 25 10  8 19 41 68 94112119115102 84 68 59 5926 321KP 35912817 7119999999999999991039  72230 5899999999999999
 69 86106124134131117 93 64 35 13  3  5 20 44 71 93108112106 94 80 71 6826 322KP 4201341752112999999999999991118  22248 6899999999999999
 74 87105124136139129110 82 53 27  9  3  9 25 48 71 89 99101 96 87 79 7526 323KP 44413918421019999999999999912 0  323 3 7599999999999999
 79 88103120134140137123101 74 47 26 12  9 16 31 50 68 82 89 90 87 83 8026 324KP 5111401942 91999999999999991248  92310 8099999999999999
 82 89100113127136137130115 94 70 48 31 21 19 24 36 50 63 74 80 82 82 8226 325KP 5421389999999999999999999991346 19999999999999999999999
 84 88 96105116125130128121107 90 72 55 41 32 29 31 38 47 58 67 74 79 8226 326KP 61913099999999999999999999915 6 28999999999999999999999
 85 88 93 98104110115118117111103 91 78 65 52 42 36 34 37 45 54 64 73 8126 327KP 7111189999999999999999999991648 34999999999999999999999
 86 90 92 93 94 96 98101104105105102 96 87 75 61 48 39 35 36 43 54 67 7826 328KP 9201059999999999999999999991813 34999999999999999999999
 87 93 95 92 88 84 81 81 84 90 96102104102 95 82 66 51 39 34 37 46 60 7526 329KP 153 9512 510499999999999999 630 811910 3499999999999999
 88 97100 96 88 78 69 64 64 69 80 92103109108100 85 67 50 39 35 41 54 7126 330KP 158100132611099999999999999 730 631953 3599999999999999
 88100106103 94 79 63 51 46 48 59 75 92106114112102 85 65 49 39 40 50 6626 331KP 213106142211499999999999999 812 462028 3899999999999999
 86102111112102 85 65 46 34 31 38 54 75 95111117113100 81 62 48 43 49 6326 4 1KP 23211315 811799999999999999 849 312059 4399999999999999
 82102115119112 96 72 49 30 20 21 34 55 79100114117110 95 76 60 51 51 6126 4 2KP 252119155011899999999999999 923 192128 5099999999999999
 79 99116124121107 84 57 33 16 11 18 36 60 85104115114105 89 72 60 57 6226 4 3KP 314124162811699999999999999 956 112154 5699999999999999
 77 96114126128117 96 69 42 20  8  9 21 43 68 91107112109 97 83 70 63 6526 4 4KP 33712817 5113999999999999991027  72218 6399999999999999
 75 92111125131125108 83 55 30 13  7 13 30 52 76 95106107101 90 78 70 6926 4 5KP 4 01311740108999999999999991058  72240 6899999999999999
 75 89105121130129117 96 69 43 23 11 11 22 40 62 81 95101100 93 84 76 7326 4 6KP 4251311816102999999999999991130 1023 1 7399999999999999
 76 86100115126129123106 83 58 36 21 16 20 32 50 68 83 93 95 92 86 80 7726 4 7KP 4511291855 959999999999999912 4 162319 7699999999999999
 78 84 94107118125123112 95 73 52 35 25 23 29 41 56 71 81 87 89 86 83 8026 4 8KP 5191251946 89999999999999991242 232334 8099999999999999
 80 83 90100109117119114102 85 67 50 38 31 32 37 47 59 69 77 82 84 84 8326 4 9KP 5481192117 84999999999999991329 312333 8399999999999999
 83 84 88 94100107110109104 93 79 65 52 43 38 38 42 49 57 66 73 79 82 8526 410KP 6211109999999999999999999991434 38999999999999999999999
 86 87 88 90 93 96 99101100 95 88 78 68 58 49 44 41 43 47 54 63 71 79 8526 411KP 71010199999999999999999999916 9 41999999999999999999999
 88 90 90 88 86 86 87 88 91 92 91 88 82 74 64 55 46 42 41 45 53 63 74 8326 412KP 117 90 915 9299999999999999 5 0 861738 4199999999999999
 90 93 93 88 83 77 74 74 77 82 88 92 93 89 81 70 58 47 41 40 45 55 68 8126 413KP 117 931139 9399999999999999 632 731838 3999999999999999
 91 97 97 91 82 71 62 58 59 66 77 88 97100 97 88 74 59 47 41 42 50 63 7826 414KP 129 9813 110099999999999999 715 571923 4099999999999999
 92101102 97 84 68 53 43 40 45 58 75 92104108104 92 76 60 49 44 48 60 7626 415KP 14410314 010899999999999999 751 4020 0 4499999999999999
 93105109105 91 71 50 33 23 24 35 55 77 98111115108 94 77 62 53 52 60 7526 416KP 2 1109145211599999999999999 826 222033 5199999999999999
 93108117115102 81 55 30 12  6 12 29 54 81103116118109 94 77 65 60 64 7626 417KP 220117154011899999999999999 9 2  621 3 6099999999999999
 94111123125116 96 68 37 12 -4 -6  5 28 57 85106116116106 91 78 70 70 7826 418KP 242126162711799999999999999 940 -72130 6999999999999999
 94112127134129113 86 54 23 -1-13-10  5 31 60 87105112110100 88 79 76 8126 419KP 3 81341714113999999999999991021-132153 7699999999999999
 93109126137138128106 76 43 14 -6-14 -8 10 36 63 86100105102 94 85 81 8226 420KP 33613918 31059999999999999911 3-142216 8199999999999999
 91104121134141137122 97 67 37 12 -4 -8  1 19 42 65 83 94 97 94 88 83 8326 421KP 4 91411855 97999999999999991148 -82238 8299999999999999
 88 98111125135137130113 89 62 36 16  5  4 12 28 47 66 79 87 89 87 84 8326 422KP 4451381957 89999999999999991237  323 3 8399999999999999
 84 90100111122129128119104 84 62 41 26 17 17 24 36 51 66 76 83 85 85 8326 423KP 5261292118 85999999999999991334 162344 8399999999999999
 83 85 90 97105112116115108 96 81 65 50 37 30 29 34 43 55 66 76 82 85 8526 424KP 6171162242 85999999999999991442 29999999999999999999999
 84 83 83 85 88 93 98101101 98 92 83 71 60 49 42 39 41 48 58 69 79 85 8926 425KP 7381022329 8999999999999999 138 8316 2 3999999999999999
 89 86 82 78 75 75 77 81 86 90 92 91 87 79 69 58 50 46 47 53 63 75 85 9226 426KP1013 92999999999999999999999 437 741718 4599999999999999
 95 93 86 78 68 62 58 60 65 74 83 90 94 93 87 76 65 55 50 52 59 71 84 9526 427KP 0 2 951218 9499999999999999 612 581817 5099999999999999
101101 95 84 69 56 46 42 44 53 67 81 92 99 99 92 81 68 58 54 57 67 81 9526 428KP 032102133110099999999999999 7 6 4219 4 5499999999999999
105109105 94 77 58 41 30 27 33 47 65 83 97105104 96 83 70 61 59 65 77 9226 429KP 1 1109142510599999999999999 748 271945 5999999999999999
106114114105 88 66 43 25 16 17 28 47 69 89103109106 96 82 70 64 65 74 8926 430KP 130115151011099999999999999 825 152021 6399999999999999
104116121115100 78 52 28 12  7 13 29 52 76 96108112106 94 81 71 68 73 8526 5 1KP 158121155011299999999999999 859  72054 6899999999999999
101115124123112 91 64 37 16  4  3 15 35 60 84102111110102 90 79 73 74 8226 5 2KP 226125162711299999999999999 932  22124 7299999999999999
 96111124128121104 79 51 25  7  0  6 22 45 70 91105110106 97 86 78 75 8026 5 3KP 25412817 21109999999999999910 4  02152 7599999999999999
 91106120128127114 93 66 38 16  4  3 13 32 55 78 95105106100 91 82 77 7926 5 4KP 3231291737106999999999999991036  22220 7799999999999999
 86 99113124128121104 80 54 30 13  6  9 23 43 65 84 97102100 94 86 80 7826 5 5KP 35212818121029999999999999911 9  62248 7899999999999999
 82 92105117124123112 93 69 45 25 14 12 19 34 53 72 86 95 97 94 88 83 7926 5 6KP 4231241851 97999999999999991143 112318 7999999999999999
 80 86 96107116119114101 82 60 40 25 18 20 29 44 60 75 86 92 93 90 85 8226 5 7KP 4551191938 93999999999999991219 182354 8099999999999999
 80 83 89 97106111111104 91 73 55 39 29 25 29 38 51 64 77 85 90 90 88 8526 5 8KP 5291122037 909999999999999913 1 25999999999999999999999
 82 81 83 88 94100103101 94 83 69 54 43 35 33 36 44 55 67 77 85 89 90 8826 5 9KP 6111032144 9099999999999999 046 811352 3399999999999999
 85 82 80 81 83 87 91 94 93 88 79 69 58 49 43 41 43 49 59 69 79 87 91 9126 510KP 715 942241 9199999999999999 222 801458 4199999999999999
 89 85 80 75 73 73 76 80 84 87 85 81 74 65 57 51 48 49 54 63 73 83 91 9526 511KP 911 872320 9599999999999999 423 731615 4799999999999999
 94 89 82 73 65 60 59 63 70 78 84 88 87 82 75 66 58 54 55 60 69 81 91 9826 512KP1120 88235010099999999999999 540 591724 5499999999999999
100 96 87 75 61 49 43 43 49 61 74 86 93 95 92 84 74 65 61 62 68 79 9110126 513KP1252 96999999999999999999999 631 421819 6199999999999999
106105 96 82 63 45 31 24 26 37 54 73 90101104101 92 81 72 68 71 80 9210426 514KP 017107135910499999999999999 714 2419 5 6899999999999999
113115109 94 73 48 26 11  6 13 29 51 75 95107111106 97 86 78 77 82 9210626 515KP 046115145511199999999999999 756  61944 7799999999999999
118125122110 89 61 33  9 -5 -7  4 25 52 78 99111114108 98 89 84 85 9310526 516KP 117125154711499999999999999 839 -82019 8499999999999999
119130134127109 82 50 19 -4-16-14  0 25 54 81101111113106 97 90 88 9210226 517KP 151134163711399999999999999 923-172052 8899999999999999
116130139139127105 74 41 11-11-20-15  3 29 58 83100108108102 95 90 91 9726 518KP 22814017261099999999999999910 9-202125 8999999999999999
109123136143139124 99 67 35  7-11-16 -9 10 36 62 84 98104102 96 91 88 9126 519KP 3 91431814104999999999999991055-1622 2 8899999999999999
 99111126137140134117 92 62 33  9 -5 -7  3 21 45 67 85 95 99 96 91 86 8526 520KP 3531401859 99999999999999991141 -72247 8599999999999999
 88 97109122131132125108 86 60 35 16  6  7 17 34 54 73 87 94 95 92 86 8226 521KP 4411331941 95999999999999991228  52346 8099999999999999
 80 84 92102113120120113 99 81 60 40 26 20 22 31 47 64 79 89 94 94 89 8326 522KP 5341212021 95999999999999991317 19999999999999999999999
 78 75 77 83 92100106107102 92 78 62 48 38 34 36 45 59 73 86 94 97 94 8826 523KP 63910721 1 9799999999999999 1 3 7514 7 3499999999999999
 80 73 69 69 72 78 85 91 94 93 87 78 68 58 50 47 50 58 69 82 93 99100 9626 524KP 811 94214210199999999999999 239 6815 3 4799999999999999
 88 78 69 61 58 59 64 71 78 84 87 86 82 75 67 61 58 61 68 79 9110010510526 525KP1016 87222410699999999999999 418 5816 3 5899999999999999
 99 88 75 62 52 46 45 50 59 69 79 86 89 88 83 76 70 67 69 76 87 9810711126 526KP1213 8923 711199999999999999 535 4517 5 6799999999999999
108100 87 70 54 41 33 33 40 51 65 79 89 94 95 90 83 76 74 76 84 9510611426 527KP1332 95234911699999999999999 632 3218 2 7499999999999999
116111 99 82 62 43 29 22 24 33 49 66 83 95101101 95 87 81 79 82 9010211326 528KP1427102999999999999999999999 719 221854 7999999999999999
119119111 96 75 52 32 18 14 19 32 51 72 89102107105 98 89 83 82 87 9710926 529KP 030120151210799999999999999 759 141941 8299999999999999
119124121109 90 66 41 21 10  9 18 35 57 79 97107110106 97 89 84 85 9210326 530KP 1 9124155111099999999999999 836  82022 8499999999999999
115124126120104 81 54 30 12  5  8 21 42 66 87103110110103 95 87 85 88 9626 531KP 146127162611199999999999999 912  421 0 8599999999999999
109121128127116 96 70 43 21  7  4 12 29 52 75 94106110107 99 91 85 84 9026 6 1KP 22312817 011099999999999999 947  32136 8499999999999999
101114124129123108 86 59 34 15  5  7 19 39 62 83 99107107102 94 86 83 8426 6 2KP 2591291733108999999999999991021  52212 8399999999999999
 92104117125126117 99 74 49 27 12  7 14 29 49 71 89101105103 96 88 83 8126 6 3KP 33512718 6105999999999999991055  72248 8199999999999999
 85 94107117123120108 88 64 41 23 13 13 23 40 60 79 94102103 99 91 84 8026 6 4KP 4111231840103999999999999991129 122327 7999999999999999
 80 86 95107115117111 97 77 56 36 23 18 22 34 51 69 86 97101100 94 87 8026 6 5KP 44811719161029999999999999912 3 18999999999999999999999
 77 79 85 94104110110102 88 70 51 36 27 26 32 45 61 78 91 99101 97 91 8326 6 6KP 528111195110199999999999999 012 771239 2599999999999999
 77 74 76 82 90 98102101 94 81 66 51 40 35 36 44 56 71 85 95100100 95 8726 6 7KP 618103202610199999999999999 1 6 741318 3499999999999999
 79 73 70 71 76 83 90 94 94 88 79 67 56 48 45 48 56 67 80 92100103100 9326 6 8KP 726 9521 010399999999999999 213 7014 2 4599999999999999
 84 74 66 62 62 66 73 81 87 89 87 81 73 65 60 58 61 68 78 90 9910510610026 6 9KP 9 0 89213410699999999999999 330 611455 5899999999999999
 91 79 67 56 50 49 53 61 71 81 87 89 87 82 77 72 70 73 80 89 9910811110926 610KP1058 89221011199999999999999 443 481555 7099999999999999
102 89 74 58 44 35 33 39 49 63 77 88 94 95 93 88 84 82 84 9110010911611826 611KP1250 95225011899999999999999 545 331656 8299999999999999
114103 87 67 47 29 19 18 25 39 57 75 90100103102 98 93 92 9410111011912526 612KP1411104233512699999999999999 641 171754 9299999999999999
126119105 84 60 35 15  4  4 13 31 54 76 94105110108104 99 9810110811812826 613KP1512110999999999999999999999 734  31847 9899999999999999
134133124106 81 52 25  4 -7 -6  7 28 53 78 9710911311010510110110511312426 614KP 02513416 511399999999999999 825 -8193710199999999999999
134140138127106 77 46 17 -4-14-10  5 29 56 81 9911011210910310010010511526 615KP 117141165011299999999999999 915-142027 9999999999999999
127138144141127104 73 41 12 -7-14 -8  9 35 62 85101109109104 98 94 9510226 616KP 21014417301109999999999999910 3-142120 9499999999999999
113127138144139124 99 69 38 12 -5 -9  0 19 45 70 90103107105 98 91 87 8826 617KP 3 414418 3107999999999999991049 -92214 8799999999999999
 96108123134139133117 93 65 37 15  2  2 14 34 58 80 97105105 99 90 82 7826 618KP 3571391832106999999999999991131  12311 7899999999999999
 80 88102116126130124109 87 62 38 21 14 17 31 51 73 91103107103 94 83 7426 619KP 4521301858107999999999999991211 14999999999999999999999
 69 72 80 93106115118112 99 81 60 43 31 28 35 49 68 87102109108101 89 7626 620KP 549118192510999999999999999 010 691248 2899999999999999
 66 62 64 71 83 94103105101 91 77 62 50 43 44 53 67 84100110113109 98 8526 621KP 652105195411399999999999999 113 621323 4399999999999999
 71 61 55 56 63 72 83 90 94 92 86 76 67 60 57 60 69 83 97110116116109 9626 622KP 8 8 94202711799999999999999 221 551359 5799999999999999
 82 67 56 50 49 54 62 72 80 85 87 85 80 75 71 70 74 83 9510711612011710826 623KP 950 8721 512099999999999999 336 481440 7099999999999999
 95 79 64 51 44 42 45 54 64 74 81 86 88 87 84 82 81 85 9310311312012111726 624KP12 3 88214912299999999999999 449 421533 8199999999999999
107 93 77 60 46 37 34 38 47 59 71 82 90 94 95 93 90 90 92 9910711612212226 625KP1342 95223912399999999999999 554 341643 8999999999999999
117107 92 73 55 40 30 28 32 43 57 73 86 96101102 99 96 94 9610211011812326 626KP1438102233512499999999999999 650 271757 9499999999999999
124118106 89 69 48 32 23 22 29 43 60 77 92103107106102 98 96 9710311112026 627KP1518107999999999999999999999 737 2119 4 9699999999999999
125125118104 84 62 40 25 17 18 29 45 65 84 99108110107101 96 94 9710311326 628KP 030126155211099999999999999 820 161959 9499999999999999
122128127117100 77 53 32 17 13 18 32 51 73 92105111111105 98 92 91 9510426 629KP 121128162311299999999999999 859 132046 9199999999999999
115125130126114 93 69 44 24 12 11 20 38 60 82 99109112108100 92 87 88 9426 630KP 2 7130165111299999999999999 936 102128 8799999999999999
105117127130123107 84 58 35 18 10 14 27 48 70 91105111110103 94 86 82 8526 7 1KP 2491301719112999999999999991011 1022 8 8299999999999999
 93106119127127117 98 74 49 27 15 12 21 38 60 81 99109111106 97 87 79 7826 7 2KP 3291291745111999999999999991043 122246 7799999999999999
 83 94107119125122108 88 63 41 24 16 19 31 51 73 92106111109100 89 79 7326 7 3KP 4 91251811111999999999999991114 162325 7399999999999999
 74 81 94107117120114 99 78 55 36 25 22 30 45 66 86101110111104 93 81 7226 7 4KP 4491201835112999999999999991144 22999999999999999999999
 68 71 80 93105113113105 90 70 51 37 31 34 45 62 81 98109113109 99 85 7326 7 5KP 532114185811399999999999999 0 5 681213 3199999999999999
 65 63 67 77 90101107106 97 83 67 53 44 42 49 61 78 95108114113105 92 7826 7 6KP 622107192111599999999999999 050 621242 4299999999999999
 65 58 57 62 72 84 94100 99 92 81 69 60 56 58 66 79 93107115117112101 8626 7 7KP 723100194511899999999999999 141 561312 5599999999999999
 71 58 51 50 55 64 75 86 92 93 90 83 76 71 70 74 83 94107117121119111 9726 7 8KP 843 93201312299999999999999 242 491342 7099999999999999
 81 65 52 43 41 45 54 65 76 85 89 90 88 86 84 85 90 9810711712412612211126 7 9KP1042 90204912699999999999999 353 411411 8499999999999999
 96 79 61 46 35 30 33 42 54 67 79 88 93 96 96 96 9810210911712412913012526 710KP2136130999999999999999999999 5 7 30999999999999999999999
114 98 79 58 40 26 19 21 30 44 60 76 89 9810310510510610911412112813313426 711KP2240134999999999999999999999 619 19999999999999999999999
129118101 80 56 34 17  9 10 20 37 56 76 9210310911111010911111512212913626 712KP1554111235713899999999999999 723  8175010999999999999999
138134123105 81 53 28 10  1  2 14 34 57 79 9710811211210910610711111812826 713KP1618113999999999999999999999 820  0192310699999999999999
137141139127107 80 50 23  4 -4  0 15 38 63 86102111112108103 98 9810311226 714KP 111142164111399999999999999 911 -42034 9899999999999999
125137143141128106 77 47 20  3 -3  5 23 48 73 94108112109101 93 87 87 9326 715KP 21614317 311299999999999999 956 -32132 8699999999999999
106121135142139125102 73 43 19  6  4 16 37 63 87104113112103 91 80 74 7526 716KP 3141421724113999999999999991036  32223 7499999999999999
 84 99116130137133118 95 67 41 22 14 18 33 56 81101113116109 96 80 68 6226 717KP 4 81371745116999999999999991111 132313 6299999999999999
 65 76 92110123128123108 87 63 42 29 27 36 54 77 99114120116104 87 70 5826 718KP 5 012818 6120999999999999991142 26999999999999999999999
 53 57 70 86103114117112 98 80 61 46 40 43 56 75 96114123123114 98 79 6226 719KP 552118182912499999999999999 0 1 531210 4099999999999999
 50 47 53 65 81 95104106101 89 75 63 55 54 62 76 94112124128123109 91 7226 720KP 645106185512899999999999999 051 471235 5399999999999999
 56 47 45 50 62 75 87 94 96 92 84 76 69 66 70 79 93109122129128119104 8626 721KP 746 96192413099999999999999 144 451257 6699999999999999
 68 54 46 44 49 58 69 79 86 88 87 84 80 78 79 84 9310511812713012611510026 722KP 9 9 88195713099999999999999 245 441316 7899999999999999
 83 67 54 46 43 47 54 63 72 80 84 87 88 88 88 90 9510311212112712812211226 723KP2038128999999999999999999999 355 43999999999999999999999
 98 83 67 54 45 41 43 49 58 68 77 85 90 94 96 97 9810210711412012512512026 724KP2133125999999999999999999999 512 41999999999999999999999
111 98 83 67 53 42 37 38 44 54 66 78 88 9610110310310210410711211812212426 725KP2248124999999999999999999999 623 37999999999999999999999
120112 99 83 66 49 37 31 32 40 52 67 82 9510310710710410210110410911612226 726KP1525107999999999999999999999 721 31184110199999999999999
124122114100 81 61 43 30 25 28 38 54 72 89102109110107102 97 96 9910611426 727KP 0 7124154411099999999999999 8 8 251950 9699999999999999
123127124114 97 76 53 34 23 20 27 41 60 80 97108112110103 95 90 89 9410426 728KP 11012716 511299999999999999 847 202039 8999999999999999
115125129125112 91 67 44 26 17 18 30 48 70 91106113112106 96 87 81 83 9126 729KP 2 1129162511499999999999999 922 162120 8199999999999999
104117128130123106 83 57 35 20 15 22 38 60 83101112115109 98 86 76 73 7826 730KP 246130164611599999999999999 954 152157 7399999999999999
 89105120129128117 97 72 47 28 18 19 32 52 75 96111116113102 88 75 66 6626 731KP 32713017 6117999999999999991023 172232 6599999999999999
 74 90107121128124109 87 62 41 26 22 30 47 69 91109118117107 92 76 63 5826 8 1KP 4 71281725118999999999999991051 2223 7 5899999999999999
 61 73 91108121124116100 78 56 39 31 33 46 65 87106118120113 98 80 64 5326 8 2KP 4481241744121999999999999991116 302343 5199999999999999
 51 58 73 91108117117108 91 72 54 43 42 50 65 85105119124119106 88 68 5326 8 3KP 53111918 2124999999999999991140 41999999999999999999999
 46 47 57 72 90104111109100 85 70 58 54 58 69 86104119127125115 98 78 5926 8 4KP 619112182112799999999999999 022 4512 3 5499999999999999
 46 40 44 54 70 86 97103101 93 83 73 67 68 76 89105119129131124110 91 7126 8 5KP 714103184313199999999999999 1 7 401222 6799999999999999
 53 42 38 41 51 64 78 88 93 93 89 84 80 80 84 94106119129134131121106 8726 8 6KP 827 94191113499999999999999 2 2 381233 7999999999999999
 68 52 40 35 37 45 56 68 78 84 88 89 89 90 93 9910711712713313513012010526 8 7KP1946135999999999999999999999 314 35999999999999999999999
 88 70 53 40 33 32 36 45 56 68 78 85 91 95 9910310811512212913313413012126 8 8KP2040134999999999999999999999 443 31999999999999999999999
108 92 74 56 40 29 24 26 35 47 61 75 87 9610310610911211512012512913213126 8 9KP2215132999999999999999999999 611 24999999999999999999999
125115 99 80 58 39 24 17 18 27 42 60 77 9210210810910810810811211712413026 810KP1556109999999999999999999999 721 1618 710899999999999999
133130121105 83 58 35 19 11 13 25 44 65 85100108110107102 97 9610010711826 811KP 0 7133154911099999999999999 816 101947 9699999999999999
129136135126108 83 56 31 15  9 14 30 53 76 95108112108100 90 83 81 87 9826 812KP 12913616 011299999999999999 9 1  92045 8199999999999999
113128137137127107 80 51 28 14 12 23 43 68 91107115113102 88 75 67 67 7526 813KP 231139161511599999999999999 939 122132 6699999999999999
 91110127136135123101 74 47 28 19 23 39 62 87107118119109 93 74 59 52 5526 814KP 3251371633120999999999999991011 192215 5299999999999999
 67 86108124132129115 93 67 45 32 30 39 59 84106121125118102 81 60 46 4126 815KP 4131331652125999999999999991040 292256 4199999999999999
 47 63 84105120125120105 84 63 47 41 45 60 81104122130127113 92 69 49 3726 816KP 45912517131309999999999999911 6 402337 3599999999999999
 36 45 63 83102114116109 95 77 62 53 54 63 81102121132133123105 81 59 4226 817KP 5441161735134999999999999991129 52999999999999999999999
 34 36 47 64 83 98106106 98 87 75 66 64 69 82 99118131136131116 96 73 5326 818KP 62910718 013699999999999999 018 331148 6399999999999999
 40 35 39 50 66 81 92 97 96 90 83 76 73 76 84 98113127135134125108 88 6826 819KP 719 97182713699999999999999 1 1 3512 4 7399999999999999
 52 42 39 44 53 66 77 85 89 89 86 83 81 83 88 97108120129132128117102 8426 820KP 826 89185813299999999999999 151 3912 8 8199999999999999
 68 55 47 44 47 54 63 72 79 83 85 86 87 89 92 97105113121127127122112 9826 821KP1935127999999999999999999999 255 44999999999999999999999
 84 70 59 51 47 47 51 58 66 73 80 85 90 94 97 9910310711311812112111710926 822KP2030121999999999999999999999 422 46999999999999999999999
 99 87 74 62 52 46 44 46 52 61 71 81 90 9610010210310310510811111511611526 823KP22 8116999999999999999999999 555 44999999999999999999999
110102 90 76 62 49 41 37 40 48 60 73 86 96103105104101 98 9810010411011526 824KP15 6105235611799999999999999 7 2 371844 9899999999999999
117114106 92 75 58 43 33 31 36 47 63 80 94104108107101 94 89 88 92 9910926 825KP1513108999999999999999999999 749 311946 8899999999999999
117120118107 91 70 50 35 26 27 36 52 71 89103110110103 93 84 78 78 85 9726 826KP 1 6120152611199999999999999 826 252027 7899999999999999
110121124120106 85 62 42 27 23 28 42 63 84101111113107 95 81 71 66 70 8226 827KP 158124154211499999999999999 858 2321 3 6699999999999999
 98114125127118101 78 54 34 24 25 36 55 78 98112117112 99 82 66 57 56 6526 828KP 242127155811799999999999999 927 232136 5599999999999999
 81101118128126114 93 69 47 32 27 34 50 73 95112120117105 86 66 51 44 4826 829KP 324128161412099999999999999 954 2722 9 4499999999999999
 62 83105121128123107 85 62 44 35 37 49 70 92112123123112 93 71 50 38 3626 830KP 4 41281631124999999999999991019 342242 3599999999999999
 45 63 86108121124116 99 78 59 47 44 53 69 91111125128121103 79 55 37 2826 831KP 4461251648129999999999999991043 442317 2899999999999999
 31 44 65 89107118117107 91 74 61 55 59 72 91111126133129114 92 66 44 2926 9 1KP 52811917 71339999999999999911 4 552355 2499999999999999
 24 30 46 67 88104110108 98 85 74 67 68 77 93111126136135125106 81 57 3726 9 2KP 6141111728137999999999999991121 67999999999999999999999
 26 24 33 48 67 84 96100 98 91 83 77 77 83 95110125136139133119 98 75 5326 9 3KP 7 8100175313999999999999999 039 241132 7799999999999999
 37 28 28 35 48 63 76 85 89 89 86 84 84 89 97108121132138137128113 94 7426 9 4KP 824 90182313899999999999999 133 271127 8499999999999999
 56 42 34 32 36 45 56 66 75 80 84 86 88 92 98106115124131134131123111 9526 9 5KP19 2134999999999999999999999 248 32999999999999999999999
 79 63 49 39 34 34 39 47 57 67 75 83 89 95 9910410911411912412512412011226 9 6KP2010125999999999999999999999 430 33999999999999999999999
101 87 72 57 43 34 30 32 40 51 64 76 87 9510010310310410610811211611911926 9 7KP2243120999999999999999999999 6 6 30999999999999999999999
116109 96 80 61 44 31 26 28 37 52 68 83 95102104101 96 92 91 93 9910711626 9 8KP1449104999999999999999999999 712 251858 9199999999999999
122122116103 83 61 42 28 23 28 41 60 79 95104107103 94 83 76 73 77 8710126 9 9KP 038123145110799999999999999 8 0 231956 7399999999999999
115125128121105 83 59 39 27 25 35 52 74 93107112108 97 81 67 58 56 64 7926 910KP 14812815 411299999999999999 838 242039 5699999999999999
 98116128130121103 79 55 37 30 33 48 69 92109118116105 86 65 49 41 43 5526 911KP 242130152011999999999999999 910 292119 4099999999999999
 75 98118128128117 97 73 52 39 38 47 66 89110123125115 96 72 49 34 28 3526 912KP 330130153912599999999999999 939 372156 2899999999999999
 52 76100118126123109 89 68 52 46 51 65 87109125131125108 83 57 35 23 2326 913KP 41312616 01319999999999999910 6 462232 2199999999999999
 34 55 79102116121115100 82 66 57 57 67 85106125135133120 97 70 45 26 1926 914KP 4541211622136999999999999991029 5523 8 1999999999999999
 23 38 60 83102112113105 92 77 67 64 70 84103121134137129110 85 59 37 2326 915KP 5341141646138999999999999991050 642343 2099999999999999
 21 29 46 66 86100106104 96 85 76 72 74 84 99116130137134120 99 74 51 3426 916KP 61410617111379999999999999911 9 72999999999999999999999
 26 28 38 53 71 86 95 98 95 89 82 78 79 85 96110124132134126110 89 68 4926 917KP 657 98173813499999999999999 020 261124 7899999999999999
 37 33 36 46 59 72 83 89 90 89 86 83 83 87 94104115124129126116101 83 6626 918KP 753 9018 812999999999999999 1 3 331128 8399999999999999
 52 44 41 44 51 60 70 77 82 85 86 86 87 90 94100108115120121117108 95 8126 919KP1843121999999999999999999999 158 41999999999999999999999
 68 58 50 47 48 52 58 65 72 78 83 87 90 93 95 98101105109112112109103 9426 920KP1935112999999999999999999999 320 47999999999999999999999
 84 73 63 55 49 47 48 53 60 68 77 85 91 96 98 98 97 97 9810010210410410226 921KP1438 98213710599999999999999 5 8 471649 9799999999999999
 97 89 78 67 56 47 43 43 49 58 69 81 91 98101100 96 91 88 87 89 9410010426 922KP1413101234710599999999999999 625 421845 8799999999999999
105102 94 82 67 53 42 38 39 48 60 75 89 99104103 97 88 80 75 75 80 89 9926 923KP1419105999999999999999999999 714 371931 7499999999999999
108111107 97 81 64 48 37 34 40 52 69 86100108108101 88 75 65 60 63 74 8826 924KP 1 0111143010999999999999999 751 3420 6 6099999999999999
103114117111 97 78 59 43 35 36 46 63 82100110113106 92 74 58 48 47 55 7126 925KP 152117144511399999999999999 823 342038 4699999999999999
 91109120121112 95 74 54 41 37 44 59 79 99113118113 98 77 56 39 32 36 5126 926KP 23712215 011899999999999999 852 372110 3299999999999999
 73 96115124122110 90 69 52 44 46 58 77 98115124121107 85 60 37 23 20 3026 927KP 320125151712499999999999999 919 432142 2099999999999999
 51 77101119125120105 85 67 55 52 60 77 97116128129118 97 70 42 21 11 1426 928KP 4 2125153613099999999999999 944 522217 1199999999999999
 29 54 81104119121113 98 81 67 62 66 78 97117131136129111 84 55 28 11  626 929KP 44512215561369999999999999910 6 622254  699999999999999
 14 32 58 84104114114105 92 79 72 72 81 97115131140138125101 72 44 21  826 930KP 5291151620141999999999999991025 712334  699999999999999
  7 18 38 61 83 99105104 96 87 80 79 84 96112128140142134117 92 64 39 212610 1KP 6161061646143999999999999991041 78999999999999999999999
 12 13 25 42 62 79 91 95 94 89 85 83 87 95108122134140138127109 86 62 412610 2KP 713 95171714099999999999999 020 111050 8399999999999999
 27 20 22 31 45 60 73 82 86 86 86 86 88 94102113124131134129119103 84 652610 3KP 846 87175313499999999999999 116 201037 8599999999999999
 49 37 31 31 36 45 56 66 74 80 84 86 89 92 97104111117122123119111100 872610 4KP1843123999999999999999999999 231 30999999999999999999999
 73 59 48 40 37 38 44 53 62 72 80 86 90 93 95 96 981011041071091101071022610 5KP2034110999999999999999999999 411 37999999999999999999999
 94 83 70 57 46 40 39 43 52 63 75 85 92 96 95 93 89 86 85 87 92 971031072610 6KP1327 96232910799999999999999 541 381749 8599999999999999
107102 92 78 62 49 41 39 45 56 70 84 95100100 95 86 76 69 67 69 78 891012610 7KP1329101999999999999999999999 642 391859 6799999999999999
109113109 98 82 64 50 42 42 51 66 82 97106108102 89 74 60 50 48 55 68 852610 8KP 1 0113134410899999999999999 727 411945 4899999999999999
102114118113100 82 63 50 45 49 62 80 98111116112 98 79 58 42 33 34 45 642610 9KP 2 011814 311699999999999999 8 3 452024 3299999999999999
 86105118121114 99 79 62 52 51 60 77 96113122122110 89 65 41 25 19 25 42261010KP 249121142512399999999999999 835 5021 0 1999999999999999
 65 90110121121111 94 76 63 57 61 75 94113126129121103 77 49 26 13 12 24261011KP 332122144813099999999999999 9 5 572135 1199999999999999
 45 71 95113120117105 89 74 65 65 74 90110126134131115 91 62 35 16  8 12261012KP 412121151313499999999999999 932 6422 8  899999999999999
 28 52 78100113117111 98 84 74 70 75 88105123135136126105 77 49 25 11  9261013KP 450117153813799999999999999 957 702241  899999999999999
 18 37 62 85102111111103 92 81 76 77 86100117131137132116 92 65 39 21 12261014KP 52711216 4137999999999999991020 752314 1299999999999999
 15 28 48 70 89101106103 95 87 81 79 85 96110124133134124105 80 56 35 22261015KP 6 41061632135999999999999991042 792349 1999999999999999
 19 25 39 57 76 90 98 99 96 90 85 82 84 92103115126130125113 93 71 51 36261016KP 645 9917 11309999999999999911 3 82999999999999999999999
 28 28 36 49 64 77 87 92 93 90 87 85 85 89 97106116122122115102 85 67 51261017KP 736 93173212399999999999999 028 271121 8599999999999999
 40 36 37 44 54 66 76 84 88 89 88 88 88 89 93 98105111113111105 93 80 66261018KP 9 6 8918 811399999999999999 114 351133 8799999999999999
 55 47 43 44 49 57 65 74 81 85 88 90 91 91 92 93 95 99102103101 97 89 80261019KP19 1103999999999999999999999 218 43999999999999999999999
 70 61 54 49 48 50 56 64 72 80 87 92 94 94 93 90 88 87 88 90 93 94 93 90261020KP1236 942110 9499999999999999 349 481657 8799999999999999
 84 76 67 59 52 49 50 55 64 74 84 92 97 98 96 90 84 78 75 76 79 85 91 94261021KP1248 982330 9599999999999999 516 491820 7599999999999999
 94 90 82 72 61 53 48 50 57 67 80 92100103101 93 82 71 63 60 63 71 82 92261022KP13 3103999999999999999999999 616 4819 1 6099999999999999
100102 98 88 75 62 53 49 53 62 76 91102108107 98 84 68 54 45 44 52 66 83261023KP 049102132010999999999999999 7 0 491935 4499999999999999
 98108110104 92 76 63 54 53 60 73 90104113115107 91 70 49 34 27 31 45 65261024KP 146110133811599999999999999 737 5320 8 2799999999999999
 87105115116107 93 77 64 59 62 73 89106118123117101 78 52 29 15 13 22 42261025KP 234117135812399999999999999 8 9 592043 1299999999999999
 68 93111120118108 92 77 68 67 74 88106122130128115 92 63 34 12  1  3 19261026KP 320121142013199999999999999 839 662119  099999999999999
 44 72 98115121117105 90 79 74 77 89105123135138129109 80 48 19 -1 -7  0261027KP 4 5121144613999999999999999 9 5 742158 -799999999999999
 20 48 76100114117112100 89 82 82 89104121136144141126100 68 36 10 -6 -8261028KP 450118151414499999999999999 930 812239 -999999999999999
  3 25 53 79 98109110104 95 88 85 89100116132143146138118 91 59 30  8 -3261029KP 538111154614699999999999999 952 852323 -499999999999999
 -2 11 33 57 79 94102102 97 91 87 89 96108123136144142130110 83 55 30 13261030KP 6291031621144999999999999991014 87999999999999999999999
  5  9 21 40 60 78 89 94 94 91 88 88 91 99111123133137133120102 79 56 36261031KP 727 9517 113799999999999999 011  51039 8799999999999999
 23 18 21 32 47 63 76 85 89 90 89 87 88 92 98107116123125121110 96 78 612611 1KP 841 90175012599999999999999 1 5 181116 8799999999999999
 46 35 31 33 41 52 65 76 84 88 90 89 88 87 89 92 97103108110108102 93 812611 2KP10 3 9019 211099999999999999 210 311248 8799999999999999
 69 57 48 43 43 49 58 69 79 87 92 93 91 88 84 82 81 83 86 91 95 98 98 942611 3KP1055 932124 9899999999999999 327 421548 8199999999999999
 87 78 68 58 52 51 55 64 75 85 94 98 98 94 87 78 71 66 65 69 76 84 92 972611 4KP1130 992346 9899999999999999 444 511740 6599999999999999
 98 95 87 76 66 59 57 61 71 83 95103106104 95 82 68 56 49 48 53 64 77 902611 5KP12 2106999999999999999999999 547 571840 4799999999999999
100104102 94 82 71 64 63 69 80 94106113114107 92 74 55 40 32 33 42 58 762611 6KP 1 9104123311599999999999999 637 621925 3299999999999999
 93105110107 97 85 74 68 69 78 91106117122118105 85 62 40 25 19 24 38 582611 7KP 2 711013 312299999999999999 719 6720 4 1999999999999999
 80 99111115110 98 86 76 72 77 88103118127127118100 75 48 26 13 11 20 392611 8KP 254115133412899999999999999 757 722041 1099999999999999
 63 87105115116109 97 85 78 78 85 99115128133129113 90 61 35 15  6  9 232611 9KP 33611714 413399999999999999 831 772115  599999999999999
 46 71 94110117115106 94 84 80 84 94109124134135125104 77 48 23  8  4 12261110KP 414117143413699999999999999 9 3 802149  499999999999999
 31 55 80100112115111101 91 84 84 90103118131137132117 93 64 37 16  6  8261111KP 45011615 513799999999999999 934 832222  599999999999999
 20 41 65 88104111111104 95 87 84 87 96110124134135125106 80 53 30 14  9261112KP 52511215361369999999999999910 3 842256  999999999999999
 16 31 52 75 93104108105 98 91 86 85 91102115127132129115 94 69 45 27 17261113KP 6 110816 8132999999999999991033 852330 1599999999999999
 17 26 43 62 81 95102103 99 93 88 85 87 94105116124126119104 83 61 41 28261114KP 63810416411269999999999999911 5 85999999999999999999999
 23 26 37 53 70 85 95 99 99 95 90 86 86 89 96105113118116108 93 74 56 41261115KP 722100171611899999999999999 0 5 231143 8599999999999999
 33 31 36 47 61 75 87 94 97 96 93 89 86 86 89 94101107109106 97 85 70 56261116KP 813 97175710999999999999999 044 311237 8699999999999999
 45 40 40 45 55 67 78 88 94 97 96 93 89 86 85 86 89 93 97 98 96 90 81 70261117KP 912 971855 9899999999999999 129 3914 7 8599999999999999
 60 52 48 48 53 61 71 82 91 96 99 97 94 89 84 80 78 79 82 86 89 90 87 82261118KP10 7 992042 9099999999999999 226 4816 6 7899999999999999
 75 67 60 56 56 59 67 76 86 95101102 99 93 85 77 70 66 66 70 76 83 88 89261119KP10501022257 8999999999999999 338 561727 6699999999999999
 87 83 76 69 64 63 66 73 83 93102107106101 90 78 65 55 50 51 58 69 81 90261120KP1124107999999999999999999999 450 631818 5099999999999999
 96 96 92 85 77 71 69 73 81 92103111114110 99 84 66 49 37 33 37 49 65 82261121KP 036 97115411499999999999999 549 6919 0 3399999999999999
 96104105101 92 84 78 77 82 92104115121120112 95 73 50 30 18 17 25 42 64261122KP 144106122412299999999999999 638 761940 1699999999999999
 86102111113107 98 89 84 85 92104117127131126111 88 60 33 13  2  4 18 40261123KP 239113125613199999999999999 719 842021  199999999999999
 66 90108116116110100 92 90 94103117130138138128108 79 47 19 -1 -9 -3 15261124KP 329117133114099999999999999 755 9021 4 -999999999999999
 41 69 94110118116109100 95 95101113128140147143127102 70 36  8 -9-13 -4261125KP 41711814 814799999999999999 828 942149-1499999999999999
 17 45 73 96110115112105 98 95 98107121136147150142123 95 61 29  4-10-11261126KP 5 5115144915099999999999999 9 1 952234-1299999999999999
  1 24 51 77 96107110106100 95 94 99110124138148148137116 88 56 27  5 -5261127KP 551110153214999999999999999 938 942319 -699999999999999
 -3 11 33 58 81 96104105100 94 91 91 98109123136143141129108 82 54 29 12261128KP 6341051618143999999999999991021 90999999999999999999999
  6 11 25 45 67 85 97101100 95 89 86 87 93104116127132129118100 77 55 35261129KP 71410217 913299999999999999 0 5  61116 8699999999999999
 23 20 26 40 58 76 90 99101 98 91 85 81 81 86 95105114118116107 93 76 59261130KP 75210118 911899999999999999 050 201226 8199999999999999
 45 37 36 43 55 71 85 96102102 97 89 82 76 74 77 83 91 98103103 98 89 772612 1KP 828103192910399999999999999 136 351355 7499999999999999
 66 56 51 51 58 69 82 95103107105 98 89 79 70 66 65 69 75 83 89 92 92 882612 2KP 9 61072126 9399999999999999 226 501536 6599999999999999
 82 74 68 64 65 70 80 92103110112108100 88 75 64 56 52 55 61 70 79 87 912612 3KP 9481122343 9299999999999999 322 6417 5 5299999999999999
 92 89 84 78 75 75 81 90101111117117112101 86 70 55 44 40 42 50 61 74 862612 4KP1034118999999999999999999999 424 751811 3999999999999999
 94 98 97 93 87 83 83 88 98108118123122114100 82 62 45 33 28 32 43 58 752612 5KP 119 98112012399999999999999 527 8319 2 2899999999999999
 90100105104 99 93 88 89 94104115124128125115 97 75 53 34 22 20 26 41 602612 6KP 21910512 612899999999999999 625 881946 1999999999999999
 80 96107111109102 95 91 93 99109121129132126112 91 66 42 23 14 15 25 442612 7KP 3 5111125013299999999999999 718 912025 1399999999999999
 66 87104113115110102 95 92 95103115126134134125107 82 55 31 15  9 14 292612 8KP 344115133113599999999999999 8 4 9221 2  999999999999999
 51 74 95110116115108100 94 92 97107120131137133120 98 71 44 23 10  8 182612 9KP 419117141013799999999999999 845 922138  799999999999999
 37 60 84102113116112104 96 91 92 99111124134137130112 88 60 35 16  8 12261210KP 452116144813799999999999999 923 912212  899999999999999
 26 47 71 92107114113107 98 91 88 92101114127135134122102 76 50 28 14 11261211KP 523115152413599999999999999 959 882245 1199999999999999
 19 36 59 81 99109112109101 92 87 86 92103116127132127112 90 65 41 24 16261212KP 55311216 0132999999999999991036 862317 1599999999999999
 18 30 49 70 90103110109103 95 87 83 85 92104116124125117100 79 56 37 24261213KP 6241111637126999999999999991115 832348 2199999999999999
 21 28 43 62 81 97107109106 98 90 83 81 84 92103113118116106 89 70 51 36261214KP 6541091715118999999999999991157 81999999999999999999999
 29 31 40 56 74 90102108108102 94 85 80 78 82 90 99106109106 96 81 65 50261215KP 725109175910999999999999999 019 291246 7899999999999999
 41 38 43 54 69 85 98107109106 99 90 81 76 75 78 84 92 98100 97 89 77 65261216KP 757109185510099999999999999 051 381347 7599999999999999
 55 50 50 56 67 81 94105110110105 96 86 77 70 68 70 76 83 89 92 91 86 78261217KP 8281112016 9299999999999999 126 4915 1 6899999999999999
 70 64 62 63 70 80 92103111114111104 93 81 70 62 58 59 64 72 80 86 89 88261218KP 9 21142212 8999999999999999 2 7 611618 5899999999999999
 84 80 76 75 77 83 91102111117118113103 90 75 61 50 45 45 51 61 73 83 90261219KP 938118999999999999999999999 258 751726 4499999999999999
 93 93 91 89 87 89 94102111119123122116103 87 68 50 37 29 30 38 52 67 82261220KP 030 94102012499999999999999 4 1 871825 2999999999999999
 94101103102 99 97 99103111120127131128119104 83 60 38 22 14 16 27 44 65261221KP 2 510311 813199999999999999 5 9 971918 1499999999999999
 84 99108111110106104105110118127135138135123104 79 51 26  8  1  5 19 41261222KP 3 711112 213899999999999999 61210420 9  199999999999999
 65 87103113116113109107108114123133142145140126103 74 43 16 -2 -8 -1 16261223KP 355116125714599999999999999 7101072059 -899999999999999
 41 68 91107115116112108105107114125137147150144127100 68 36  9 -7-11 -1261224KP 437117135115099999999999999 8 51052146-1199999999999999
 20 46 73 95109115113108102100103111124138149151143124 96 63 31  7 -7 -7261225KP 513115144515199999999999999 8581002230 -899999999999999
  6 29 56 81100111113108100 94 92 96106121136146148138118 90 58 30  9  0261226KP 543113153814899999999999999 951 922312  099999999999999
  4 20 44 69 91106112109101 91 84 82 87 99115130139139129109 83 55 31 16261227KP 6 91121631140999999999999991045 822349 1299999999999999
 12 20 38 61 84102111112105 93 82 74 73 79 91106120128127117 99 77 55 37261228KP 6331131725129999999999999991141 72999999999999999999999
 28 29 40 59 80 99112116111100 86 74 66 65 71 82 96108115114105 91 74 58261229KP 657116182211599999999999999 024 271239 6499999999999999
 46 43 48 61 79 97112119119110 96 81 68 60 58 63 73 85 95101101 95 85 74261230KP 724120192910299999999999999 055 431344 5899999999999999
 64 58 60 67 81 97113123126121109 94 77 64 55 52 55 63 73 82 88 90 88 83261231KP 7521262057 9099999999999999 121 581456 5299999999999999
