 44 42 7814222029435137837133427821917214915819725431235537135029421513126 1 1KU 718380185737199999999999999 032 38131414899999999999999
 61 18 15 5512721530036740139635529222316613614418725131736738636330121326 1 2KU 822404195838699999999999999 134 11141813499999999999999
121 43 -3 -4 4112221931238542041136229021315011913218425632938340037130026 1 3KU 918422205340099999999999999 231-10151211899999999999999
205106 26-18-13 4213023333040243241335527419212910512919027034539740736826 1 4KU10 6432214340999999999999999 324-2216 010599999999999999
288188 89 12-23 -5 6015526035441743339933024416310910013720829036240540226 1 5KU1048434222741099999999999999 411-241642 9799999999999999
351264163 70  6-12 21 97195295377422417367290205134 9710615723331137340026 1 6KU112442623 640199999999999999 451-131719 9599999999999999
381319230136 58 14 17 66149243331392412384322242167114 9812518525932737326 1 7KU1154412234238399999999999999 527  91751 9899999999999999
381347278195115 59 39 6312420628935739238534027119813810711215121227733126 1 8KU1220394999999999999999999999 557 39182210499999999999999
358349306240169110 77 8011818225532236537434729322816712611313117422928226 1 9KU 017359124537599999999999999 626 74185511399999999999999
32033231427221616212411012716922828733335534631025619915312612414718623226 110KU 054332131335599999999999999 657110193412299999999999999
27430030528725321117415114916820625329732733431828223518815213213315218426 111KU 142306134933599999999999999 737147202913099999999999999
22225627828527625422520018318119522325728931031430027023019015613513114326 112KU 254285144331599999999999999 838180214513099999999999999
17020423826528028227025022820919920322124727429530429627223619515612911826 113KU 43728316 230499999999999999101319923 511899999999999999
12615118722726429030129527624822120119620723226329130730528324319514811326 114KU 6 93011724309999999999999991149195999999999999999999999
 9710513417822927631032531829325521718917919122126129932232129424618713026 115KU 711326182932599999999999999 011 97125717999999999999999
 90 74 8612518024229733534833429824920116816017922127231834233730023916926 116KU 759348192034499999999999999 1 4 74134815999999999999999
105 64 53 7512619426432436036533928923017614514517723329434336434829722326 117KU 83936720 636499999999999999 149 52143014199999999999999
143 76 38 37 7413921829435338137333126920114812413918725432136838035028326 118KU 917382204738199999999999999 231 3315 812499999999999999
196111 47 18 33 8616525232838039536931123716812011114320728335039038733926 119KU 951395212739499999999999999 310 17154310999999999999999
256162 77 21  8 42113203292364402396350278199133 9910916023631537640238026 120KU102240522 440299999999999999 346  71617 9799999999999999
314221125 47  7 15 69155249335393410381316235157103 8912018726834339240026 121KU1052411224040399999999999999 420  41649 8899999999999999
359278181 91 29 10 41113206298371409400348271188120 84 9214221829836239526 122KU1119411231539799999999999999 453  91720 8299999999999999
383326239147 71 29 33 84166258339392405372304222146 95 8010716824531736826 123KU1146406235238499999999999999 525 251751 7999999999999999
384356290206127 69 50 74136219301364394382332258180118 84 8612619026132226 124KU1214395999999999999999999999 557 501826 8099999999999999
359361325262190127 89 87122185259325368377350293221154105 85 9713819826026 125KU 033365124537899999999999999 633 8319 8 8599999999999999
311339336303250193147124130165219278327354351319266204147107 9210313918926 126KU 124342132535799999999999999 71812320 4 9299999999999999
243288314316295258217182165169193232276312331327301258206156117 97 9912426 127KU 234319142133299999999999999 8201642124 9599999999999999
165214260294309304283252222200193201225256287308314301270225174128 96 8426 128KU 415309154931499999999999999 95919323 0 8499999999999999
 97131181235282314326317291257223199190201228262295316318296252194135 8726 129KU 6 43261735320999999999999991157190999999999999999999999
 60 63 9615121728133035635332527923018816517020024629433234532727920913426 130KU 724358185734599999999999999 025 58132116499999999999999
 70 32 30 6613221329235538838434528521916313414018124230635637635629621326 131KU 82339120 137699999999999999 133 26142013299999999999999
124 49  5  5 5013022431538441540134827319413110312017625232838440237229926 2 1KU 911416205340299999999999999 230 -115 710399999999999999
203105 25-15 -4 55148251346411430399330242157 97 8211618727435540841536926 2 2KU 952431213841899999999999999 318-181548 8199999999999999
283179 79  6-20  9 84186292380430427375291198117 72 7713121430538042040826 2 3KU1027435221742299999999999999 359-201624 6799999999999999
346250146 55 -1 -4 47135240338408431401329237148 83 62 9216125033539741526 2 4KU1056431225141599999999999999 433 -91655 6299999999999999
381305207112 41 12 36106201298377418409353269179105 65 7212420228735839626 2 5KU1119421232139999999999999999 5 3 121721 6299999999999999
389337255165 89 46 48 96176266347397404365292206130 80 6910016424131336326 2 6KU1139407235037799999999999999 527 401745 6899999999999999
377349287209137 87 73101162241317372391368309232156101 77 9113620126832226 2 7KU1157391999999999999999999999 550 7218 8 7799999999999999
350343304244182132108118159221287342369361320256187130 97 9412016822427626 2 8KU 018351121737099999999999999 6131071835 9199999999999999
31232230526822117815014616720825930633834332127622016712811111814518522826 2 9KU 052322124234599999999999999 640144191211199999999999999
26528729127625022119618418720623627029831330928625020817014313213715618426 210KU 140292131731499999999999999 718183201113299999999999999
21424226026826525424022721921822524025827428328226924621818816314714214826 211KU 311268142328499999999999999 837217215614299999999999999
16619121724226127327526925824322922222323224726327327426324020917614712926 212KU 5472751635275999999999999991123221233912699999999999999
12714016720223927229530429827724922120119620623025928429729026322117413126 213KU 7 43041810297999999999999991250195999999999999999999999
104 9811515220125329732633331628123719617016718922927431132831727922015726 214KU 74733319 832999999999999999 045 97133716599999999999999
103 71 69 9815121628033135835432026720916113714618524330234636033728120526 215KU 822360195436099999999999999 134 66141413699999999999999
129 69 40 49 9616624531736838436230923917112311013719627033738138534426926 216KU 855384203638999999999999999 216 39145010999999999999999
179 94 35 17 44110197285359400398354281200129 88 9314221930337240839633626 217KU 927405211641099999999999999 254 161524 8599999999999999
244145 60 10  9 58143240331397420394327240153 87 64 9216125133840242439126 218KU 958421215542499999999999999 331  31558 6499999999999999
313210110 33  1 23 94191291375423421368283188105 55 5610719128636942042126 219KU1027429223142899999999999999 4 6  01630 4999999999999999
368277173 81 22 14 60146247341407429397322226134 66 40 6613622731939042126 220KU105442923 742299999999999999 439 1017 0 4099999999999999
401332237141 67 32 50115207302378418409352264170 91 45 44 9117126034139326 221KU1120421234340699999999999999 510 311730 3899999999999999
404366292204125 74 65103176263341393404369297208126 67 44 6512220128134526 222KU1145406999999999999999999999 541 6218 2 4499999999999999
379372327258186129102113160229301357383371321248170105 66 61 9114721628126 223KU 021381121238499999999999999 6131011838 5999999999999999
329349337297243191155144163206260312346353331282220159111 85 8511115621026 224KU 1 6350124535499999999999999 6521441929 8299999999999999
26129931630928424921619418820122826329631631829926522117513711210511614526 225KU 212316133531999999999999999 748187205310499999999999999
18522726428929829327625423422021722424126127928928827324621017113511110426 226KU 4 6298152429099999999999999 949216225210499999999999999
11714719023627730631931429326423320819720222225027929930428725020014610226 227KU 6113191744304999999999999991212196999999999999999999999
 77 8011016222428433135535132127422318015616019023728832834432928221514226 228KU 72135719 334499999999999999 025 75132215499999999999999
 81 45 46 8415123130736539037633026419513911412817624331236438336029821326 3 1KU 8 9390195838399999999999999 129 4114 911399999999999999
125 54 17 26 80163256341399414382316234153 97 8211318126534539941037129226 3 2KU 849414204341299999999999999 218 151449 8199999999999999
194 99 29  2 29100196296379424418365281188108 62 6712120529837842341735926 3 3KU 923428212342799999999999999 3 0  21525 5899999999999999
267163 71 14  8 57144246343411432399324229136 68 45 7514824233540543040226 3 4KU 953433215943099999999999999 336  41556 4599999999999999
327227128 50 17 38107204304385427416356266169 88 43 4910419028536841741726 3 5KU1018430223042499999999999999 4 7 161623 3999999999999999
366280183 97 45 42 90173270356411419376294199112 54 40 7614823832438741026 3 6KU1039423225841099999999999999 434 361647 3999999999999999
384317230145 83 61 87154242327390412385316227139 73 45 6211819828135038726 3 7KU1058412232439199999999999999 457 6117 8 4499999999999999
383337266188124 90 98146220299363395384332252167 98 59 6110016524030835426 3 8KU1116397235036799999999999999 519 881728 5599999999999999
366342289224165127120149204271332370373337273198130 85 72 9414220426631326 3 9KU1135376999999999999999999999 5411181751 7299999999999999
337331299252204166151163199248299336349332287227167121 9810213117622526826 310KU 018338115634999999999999999 6 41511820 9699999999999999
29830729526823520618818820423426829831631328925020516513612613415718922326 311KU 054307122331799999999999999 63318619 312699999999999999
25227027627025624122722022123124626327728327926323821118416415315316318126 312KU 15627613 628399999999999999 721220203015299999999999999
20322524425726526726425724824023423323724525426026025223721519016815214826 313KU 4512671531261999999999999991042233225314899999999999999
15517420123025928129329428226123721520320421824026428128527224220316313226 314KU 6322951744286999999999999991226202999999999999999999999
11712314918923628031332832129525521317916417320324628831832530425920014226 315KU 712328184532699999999999999 01311713 916499999999999999
100 82 9513619525931535135933628923017413612815320526832536036232526018226 316KU 745360193236699999999999999 1 5 82134412799999999999999
112 64 52 80141218295356387380335266191127 9310114822230136639938833224826 317KU 818389201640199999999999999 148 521420 9199999999999999
157 79 35 36 84164255338396413383314228143 80 59 8815924933740342739832426 318KU 852413205842799999999999999 229 291455 5999999999999999
226128 52 19 39107201299380426420365276178 93 41 40 9318228237243143939226 319KU 924430213944399999999999999 3 8 181531 3499999999999999
303198102 37 22 64148249345414437405326225125 49 17 4111421431640044443326 320KU 955437221844799999999999999 345 2016 5 1699999999999999
368272170 84 38 47108201300383430425366272168 77 20 13 6014724934541443826 321KU1025435225643999999999999999 421 351637  999999999999999
408334239148 82 60 91164256342404423390313214118 45 13 31 9418427936141126 322KU1052424233441999999999999999 455 6017 9 1299999999999999
414370295211139 97 99145220300367402394341257166 87 37 28 6313121429635926 323KU1119405999999999999999999999 528 921742 2699999999999999
388377330265199149130147196261323366378351292215141 83 54 59 9815922829226 324KU 014389114837899999999999999 6 21301821 5299999999999999
337354339300251206176170190231278320343340309259200145105 86 9312316922126 325KU 1 1354122434599999999999999 6431691914 8699999999999999
27030431931229025923021020521623926729230530328425221317414112111612915826 326KU 210319132130699999999999999 749205204611699999999999999
19623727229630630128426224022421622023325126928128327224921617914512211626 327KU 4 93061541283999999999999991010216224711699999999999999
13116320725329332032831729025421919218118921424728130531129425620515211026 328KU 55532817473119999999999999912 4181999999999999999999999
 9110013719225431034936034330124719215213615119124630134135433228021114226 329KU 654360185235499999999999999 011 9113 113699999999999999
 88 64 78127198275341381385352291218151106 9812919026533438038835328420026 330KU 736388194139099999999999999 1 8 641342 9699999999999999
120 64 47 75140225310376407393338259175105 68 7713021029737041140535226926 331KU 811408202341499999999999999 153 461418 6699999999999999
177 96 48 47 94174267351406417379303212125 64 46 7915124333340142740133226 4 1KU 84341921 042799999999999999 231 411451 4699999999999999
240147 76 46 67133223315388422405342252158 79 37 4510118828436842042437926 4 2KU 911423213542999999999999999 3 6 451521 3499999999999999
298204120 67 61106185278360412417372289193105 45 30 6514023332439442440426 4 3KU 93642222 642499999999999999 337 571548 2999999999999999
341255168101 73 94157243329393416390321228135 64 31 4510318827835740540926 4 4KU 959416223541399999999999999 4 5 731612 3099999999999999
368296214141 98 97141214297366404397344260168 90 44 40 8015223631637439726 4 5KU102140723 239799999999999999 431 921635 3699999999999999
377324252181130113137193266336382391357287201122 67 48 7012620027533737226 4 6KU1043393232937699999999999999 4551131657 4899999999999999
371336280217165138144183241304353374357305232158 99 68 7411217123729733826 4 7KU11 5374235635199999999999999 5191361721 6699999999999999
351335295246200169163183225274319346345313258194138100 9111015120425629826 4 8KU1128350999999999999999999999 5441621750 9099999999999999
32132130026723220318919421725028531232230927522818114212112114217621625426 4 9KU 029324115732299999999999999 614189182911999999999999999
28229629427925823722121421923425427428829127925622419216514914715817920726 410KU 121297124229299999999999999 7 4214194014699999999999999
23626027628227927025724323222722823524726026827026224522119517215715316326 411KU 3 8282143827099999999999999 922226214515399999999999999
18521424527129029929528025823321220020121623926428329028125521918014813226 412KU 5122991658290999999999999991125199232013199999999999999
13615919824328531633032329625721417815916319023327831433132128423117412726 413KU 61033118 9331999999999999991219158999999999999999999999
10310714219625831435236334429723717713211513117824330735537435530223015826 414KU 65236419 137499999999999999 02110113 111599999999999999
101 76 89138210287350388388349281202131 84 7611218126434239540937730822126 415KU 730393194941099999999999999 110 751341 7499999999999999
138 79 58 85151237321386415397336249158 82 42 5110719629237642843238530226 416KU 8 8415203543799999999999999 156 581420 3999999999999999
207121 65 56 99178272357415428388307207111 40 13 4211721832140444943937926 417KU 845429212045299999999999999 240 531459 1399999999999999
288190108 63 69127215309387430422362266160 68  9  1 5013924534742345443126 418KU 92143422 445499999999999999 323 591538 -299999999999999
361268175103 74 98166256343407430399321219117 36 -4  9 7316827236642944426 419KU 956430224744599999999999999 4 3 741616 -699999999999999
408334246164109 98137209293367412412362275176 86 23  3 3310519829337341926 420KU1030418233042499999999999999 442 961654  399999999999999
418375304227161126132178248319375398379319234146 73 30 28 6813822230336626 421KU11 4399999999999999999999999 5211231733 2499999999999999
395384341280217170152168213272328364370340281208137 83 56 6310216323429926 422KU 014396114037299999999999999 6 21521818 5599999999999999
345364352316268221189180196232276315337335308261204151111 91 9712717423026 423KU 1 5364122634099999999999999 6511801916 9099999999999999
28232033633030627123621020020722925828630430729226222318214612412013617026 424KU 214337133930899999999999999 8 6200204211999999999999999
21526129932232631328625422420319620422525227729429728425621817714412713126 425KU 344327154329899999999999999 956196222012599999999999999
15619824629232533933030326322118616616819022626730232131829124719514812026 426KU 5 73391722323999999999999991125164233611599999999999999
11714218924730334436034831025619915212813216521727532535435131726019613926 427KU 6 43601825357999999999999991221126999999999999999999999
106105138196265327369380354300231162111 9110815822830035738537432625718426 428KU 647380191338699999999999999 03110113 3 9199999999999999
124 94103149220295358393388344272191120 74 6710317125333238740638031924126 429KU 723396195540699999999999999 116 921339 6599999999999999
165109 90115176255331386405379316231146 79 48 6111719828736441041237130026 430KU 756405203441799999999999999 156 901413 4799999999999999
217145101 99141213294364405402354274183102 49 38 7414523532239042040534926 5 1KU 827409211042099999999999999 233 941444 3799999999999999
272192129101119176254332390410383315226136 67 34 4710218427435440641638426 5 2KU 856410214441899999999999999 3 71011514 3399999999999999
319240168121114150217295363402398349268176 96 45 36 7114022631037640939926 5 3KU 925406221741099999999999999 3391111542 3499999999999999
352283209150123137187258330383399371304218133 69 41 5610818426633938639726 5 4KU 953399224739899999999999999 41012216 9 4199999999999999
370315247185144138169228295354386379331256173102 59 55 8915222629935438126 5 5KU1020388231538299999999999999 4391361636 5299999999999999
373334277218172151164206264321362372345286212140 88 67 8312919326031835526 5 6KU1047373234536499999999999999 5 715117 4 6799999999999999
363341299248202173170194238289332354346307247181126 92 8911616422328032326 5 7KU1115355999999999999999999999 5361681736 8699999999999999
34433931327323219918519221925729632533331627622417113011011514418823828426 5 8KU 019345115033499999999999999 610184181710999999999999999
31532832029626323120819920722825828730731129526322218014813213615919523726 5 9KU 1 5328124231199999999999999 7 2199191813199999999999999
27630531731329526924121820520521824026628729729227224020417114914515818726 510KU 214317141129799999999999999 829204204614499999999999999
22626629931932230928325021919518419021224327529930829927123219015714014526 511KU 34132316 13089999999999999910 9184221713999999999999999
17221426230533434333029625120516714815318122727631733933530525620115412726 512KU 4543431722341999999999999991119147232912499999999999999
12815720926932335936934830123817612710511515822229034537637233427220414626 513KU 5503691824379999999999999991211104999999999999999999999
113114151214285347385390357292213138 83 64 8714722831037640940135428020226 514KU 638393191941299999999999999 0281091258 6499999999999999
138103109155228307372407402353272180 98 44 33 7014624133240243542036328226 515KU 723411201243699999999999999 1221001344 3199999999999999
199132100113169249330393421402338244146 63 14 14 6615425635142144942736326 516KU 8 742121 344999999999999999 213 991430  899999999999999
279194129104126189271351408425392315215115 36 -3 10 7316727236643245242226 517KU 851425215445299999999999999 3 21041516 -599999999999999
355270188130113145213294368415419373288186 91 21 -6 19 8918628837743444426 518KU 935423224244699999999999999 35011316 1 -699999999999999
407338256181133129168237314379413403347260163 77 19  6 4111420730238142626 519KU1017415232943199999999999999 4361251647  599999999999999
425383316240176142149193259328380400379318235147 74 32 30 7114222931337826 520KU11 0400999999999999999999999 5201391732 2699999999999999
409399356292227176155169213273330370378351292218144 86 57 6310417024631726 521KU 016410114537999999999999999 6 61541820 5599999999999999
367387372330274220181168184224274320349352326276215155110 89 9713419125526 522KU 1 3387123635499999999999999 6561681913 8899999999999999
31335336635031326522018817718922126129932432931127422517713912012515520326 523KU 156366134333099999999999999 758177201711999999999999999
25830734135233930626322118917418020424027730531931228624620316514214216626 524KU 256352151031999999999999999 913173213013999999999999999
20825830433835033830726321717915715818021826129932332630626922418215414926 525KU 4 13501638328999999999999991028155224214899999999999999
16921026130934435734430725620215613113215820425830734034832828723518715526 526KU 4593571746349999999999999991129128234314799999999999999
14817021627132335936834730023817512610210914720527032836436934329423518226 527KU 5493691840371999999999999991216100999999999999999999999
149147176228290343376376343282210142 94 78 9814922029335338638434829022626 528KU 631380192639099999999999999 0351441257 7899999999999999
172143148187248313365389376328255176109 68 6510016524432037740238834227726 529KU 71038920 940299999999999999 1211411335 6299999999999999
211160140156206272338383395366303221141 80 52 6511519027334639540838232726 530KU 748395204940999999999999999 2 31391412 5299999999999999
258193150141171230299360395391346271186110 60 48 7814022130336940640436726 531KU 824399212841099999999999999 2431401447 4799999999999999
305235176144150192257326379399377318236151 84 50 5610117225433138640739126 6 1KU 9 039922 440799999999999999 3211421521 4799999999999999
343277210161145166219287350390393354283198120 67 50 7513220928835439439926 6 2KU 934397223740199999999999999 3561451554 5099999999999999
368312246188154154190250315368392376322244163 96 60 6310317024731837139326 6 3KU10 739223 739399999999999999 4291491626 5699999999999999
380338278218172155173219280338376381349285207134 83 66 8713920928134237826 6 4KU1039384233738499999999999999 5 01551657 6699999999999999
382355305248197167166196247303349372361317250178118 83 8311717524330835526 6 5KU1112373999999999999999999999 5311631730 7999999999999999
375364328277225186170181216265314348358337289226164117 9610714720526832326 6 6KU 0 9375114935899999999999999 6 617018 9 9699999999999999
35736634730725821318317519122627031133834131927421916612911613017022428126 6 7KU 047366123834399999999999999 650175185811699999999999999
32735535733529625020918217518922026029932533131327722918214813514718223126 6 8KU 135359134633199999999999999 75017420 113599999999999999
28332735235433329524920617516217120024128431733232429625220616915015518426 6 9KU 235356151133299999999999999 9 5162211814999999999999999
23028232735536034030024819715713714217221927331834534832428123018515815626 610KU 3423611636350999999999999991018135223615399999999999999
18022528133136437235130524318013010310714320226932836737735530925119716126 611KU 4473721749377999999999999991122101234715199999999999999
152174223283339377386362306233158 99 69 7612019127034138940438233126620426 612KU 5473871854404999999999999991220 67999999999999999999999
161148170222288349390399368303219136 71 39 5110418527435440942640234727626 613KU 644400195542699999999999999 0521481315 3899999999999999
208160144169225296360403409371298205116 48 18 34 9518428036542444141535526 614KU 739411205344299999999999999 1531441410 1799999999999999
280207156141169230304371413415371290192100 32  5 27 9418828837643544941926 615KU 833420214945099999999999999 25014115 3  599999999999999
354275200149139173239315382421416365279179 88 23  1 3110320030138844144926 616KU 925425223945299999999999999 3431371555  199999999999999
411342260187142140182251328392424411352263165 78 21 10 4812522131939944226 617KU1014425232544699999999999999 4321351644  899999999999999
437391318238171137147196267340396418395332244152 75 31 32 7915825134040526 618KU11 0418999999999999999999999 5171361728 2699999999999999
432414360287214159139160213282347392402371306224143 82 54 6812019828235626 619KU 0 5432114540399999999999999 5591391810 5399999999999999
404413383325256194154147175228290345378378343282211146101 8811116523630726 620KU 043414123038299999999999999 6411451852 8799999999999999
36439338734929323218215415718723528933335635231926721016012912615320326426 621KU 120395132135899999999999999 726152193612499999999999999
32136237736232227021717715716219023227831533533230726722118316016118622926 622KU 159377142333799999999999999 818156202915899999999999999
28032535536134330525721017315415818222026330032332731027924120718618520426 623KU 246362154032899999999999999 921153213418399999999999999
24128432334835333529925120416514414516720625229432433532529726122620119526 624KU 34235417 1335999999999999991028141224819499999999999999
20924228332234835333529724619315012612715219724929933635234431527523420326 625KU 44435418 9352999999999999991128123235619399999999999999
19320624028432635536033929423517612910611114319625831535637236032627823126 626KU 54336119 5372999999999999991220104999999999999999999999
196185202240290337367369340286219154107 8710014320627533637638836932627126 627KU 634372195338899999999999999 05418513 6 8799999999999999
219184177200247304353380375336271197130 86 75 9915222429735839439736931626 628KU 721383203640099999999999999 1441761349 7499999999999999
255202170172205262323372393376324250171106 70 7010617124832237940639835826 629KU 8 4393211640799999999999999 2281671430 6599999999999999
297233182159173219283347390400369305223143 84 59 7312419727834939841238926 630KU 845401215241299999999999999 3 815915 8 5899999999999999
337270207164155184241310370404399353277191115 66 56 8815223231237641140826 7 1KU 923407222541499999999999999 3441531544 5599999999999999
370307238181151159203269338390409387325242157 90 57 6611518927234739841526 7 2KU 959409225541599999999999999 4171491617 5599999999999999
393340271206160147174230299362401403363290204126 74 60 8915223331337741126 7 3KU1033407232341499999999999999 4491471649 6099999999999999
407366303234178148155196259325377401385331254172107 73 7912519727734839626 7 4KU11 7401235141099999999999999 5201461721 7099999999999999
410386332265203159146169219282341381389360300224153103 8711016523931337126 7 5KU1144391999999999999999999999 5521461755 8799999999999999
40239735829823318015015118323629534537437233727721015111611414620327233626 7 6KU 022404122637799999999999999 628146183411199999999999999
38039537733127121216714615418823929433836135632327121416714114517723029126 7 7KU 057395132036399999999999999 713146192313999999999999999
34437738335931325620116114215018222928132434934932428223419317117319924326 7 8KU 141384142935299999999999999 812142202616899999999999999
29534036837234930625219815513313516220826231034335333930626322419719120726 7 9KU 238373155535399999999999999 924131214719099999999999999
24228833136036835131125719814811711213518224129934336636333729525121619826 710KU 3493681723368999999999999991041110231619799999999999999
204232275321357372362324266199138 97 8410515522229134938539136832427222526 711KU 5 73731842392999999999999991153 84999999999999999999999
196192217262315360384379341277200128 76 57 7613120828935940541739534528326 712KU 621386195041899999999999999 03819013 0 5799999999999999
225185176200252314369401399358286198116 56 33 5411520129237242644041335526 713KU 727405205044099999999999999 14717514 2 3399999999999999
284215168157187247319382420418371290194104 39 15 4111020430439044545542026 714KU 827425214245799999999999999 2461561459 1599999999999999
352271196147142181251331399437430374285183 89 26  8 4412222332641145945826 715KU 921440222846599999999999999 3371381550  799999999999999
410332245170128135186265348415447429364268165 76 22 18 6615325635643146326 716KU101044723 746399999999999999 4221251634 1399999999999999
443381296210144118141203285366425444412338242145 69 33 4710920029938744226 717KU1053444234045399999999999999 5 21181713 3199999999999999
450411338252175126120159228308380424425380303213131 75 62 9616625534240826 718KU1132430999999999999999999999 5381171747 6199999999999999
437420364288210150122136185255326382407392341268191130 9910815422630437126 719KU 0 843712 940899999999999999 6101221818 9799999999999999
41141437731424318013913215921127333137037935530524418614713716021027433626 720KU 033418124638099999999999999 643130184813799999999999999
38139738033427421316614314817922627832334934932528523920017818020625030126 721KU 059397133235299999999999999 719142192517699999999999999
34537137234630225020216815416118922827030532532731128325222621221623626926 722KU 131375143532999999999999999 8 8153201921299999999999999
30533635134732528824520517516116518521725428731032031529927725523923524526 723KU 218352161032099999999999999 918160214823599999999999999
26629431833433431929025121217915915617020023727630832933432330227525123626 724KU 3333361749334999999999999991041155233023499999999999999
23625127730532733732830126121517414613815118422927832034935834631828124626 725KU 5 23371856358999999999999991152137999999999999999999999
22321823426530333635234531426520915812511613517723329234237337936032027226 726KU 613352194438099999999999999 043217124811699999999999999
228201199223266316356373361320258191134101 9812718124931536839639336130826 727KU 7 7373202539999999999999999 1351961335 9599999999999999
250202178186224281339381394371315240165107 79 8713019827534539541339634826 728KU 75239521 141399999999999999 2161771417 7799999999999999
284220175160184238305368407408369298213134 80 63 8814822731037941942238626 729KU 833413213442699999999999999 2531601455 6399999999999999
324251187150152194262336397426412355270179103 59 5910317926735041143541726 730KU 91242722 543599999999999999 3271461530 5399999999999999
362288212155134156215293367420434400327233143 77 51 7213622331338943543726 731KU 948435223344299999999999999 4 013416 3 5099999999999999
396325244173130130173245326394433427375290195113 64 6010418327536042144426 8 1KU102343623 044499999999999999 4311241635 5599999999999999
420359278199141119141200278355411432406339250162 97 69 8915123732539743626 8 2KU1058432232544099999999999999 5 011917 5 6999999999999999
432385311229161121121162231307374414416374301217144 99 9513420628936541626 8 3KU1132421235143199999999999999 5301161736 9199999999999999
43140334026218913611613518625632537940439134227220114612213518425532838626 8 4KU1210404999999999999999999999 6 111618 912199999999999999
41540836529822516412712215020426832837038336531926020516715817922728734526 8 5KU 019417125538399999999999999 638120184915799999999999999
38539837833126920615713013215920726231434936134731226922820219721525229826 8 6KU 054398135736199999999999999 728127194219699999999999999
34036837335431326120916514013615519324128832534434332529526323922823425626 8 7KU 142374152634699999999999999 83913521 922899999999999999
28732034435334431627522718114713013616420825930533935535133130126924523426 8 8KU 3 0353171835699999999999999101513023 923499999999999999
24026129232334635233830325219714711410712817323329434637838636833128624426 8 9KU 4503521847386999999999999991146106999999999999999999999
216211230268313353375371336277206139 91 73 9214421729536340842039734828726 810KU 621377195042099999999999999 0442101259 7399999999999999
228187177202253315371406405365293206124 65 43 6713021730938843844641234826 811KU 730410204144899999999999999 1481761359 4399999999999999
271200154147184251329397436433382296197105 42 24 5813523433541746345940926 812KU 826441212546799999999999999 2381441451 2399999999999999
329241165122129182263351423460445381284177 85 27 22 7216126837044547545226 813KU 91446122 347699999999999999 3221191535 1799999999999999
384293200129102127196287377444469438361257153 69 28 4411020831440746446926 814KU 957469223547399999999999999 4 11021614 2799999999999999
422339243157103 98143224317400454458411324223129 66 50 8916926836343546326 815KU103546323 246399999999999999 436 931647 4999999999999999
439371281191123 93113176260347415446429367280190117 81 9415123632740244426 816KU11 9447232544899999999999999 5 6 931715 8099999999999999
44039031022314910610414521529536741342138631924117012511815221929837041826 817KU1140423234443099999999999999 532 99174011599999999999999
42839633125117812811113118325131837039438334027921817115216721327634038826 818KU1211395999999999999999999999 55711118 415299999999999999
40839234427821015712913316521527332335636334330425821819319321726031035326 819KU 0 4408124536499999999999999 623127183119099999999999999
37937734930024419416014816019123227531033033131528926123822823425428431626 820KU 027382133333399999999999999 65814819 822899999999999999
34135034131427623620117917218020122925928630330930629628227026226126928226 821KU 1 135015 830999999999999999 756172203426199999999999999
29931331931530027725022320018718419221023526228730631731931229828226826026 822KU 2 6319174131999999999999999 946183232325999999999999999
26127128530030930929727424421218516916918421325028832134234833731328225326 823KU 4303111850348999999999999991131167999999999999999999999
23423124527130132533532629725320616614214116220325530734937337334930826226 824KU 6 2335193037699999999999999 040230123313899999999999999
22220120523227632235736835130724618413511011715321127733938340038634428626 825KU 65536820 240099999999999999 122199131810999999999999999
228186171190237298355393397365302224152101 8410516023531237741641838332226 826KU 738400203342299999999999999 1571711357 8499999999999999
251188150150190256331392425415363281192116 71 6911118527235541644042136426 827KU 81742621 444099999999999999 2291451433 6499999999999999
286207147123144205287367426446417345250157 85 54 7213522431839844644940526 828KU 855446213345499999999999999 3 212315 8 5399999999999999
328240161112109153232322401450452402315214124 65 54 9617727436643546143726 829KU 93345822 246199999999999999 3341041542 5299999999999999
370280190120 90111177266356427460441373278179101 62 7613923132840845645526 830KU10 9460222946299999999999999 4 6 901615 6199999999999999
404319225142 91 87131211302385441453413335240153 95 8111919628837443545426 831KU1044454225445599999999999999 436 821646 8099999999999999
424353261173108 8110116324733340243842937629521114310912017425433840443926 9 1KU1119440231944199999999999999 5 5 81171610899999999999999
430377296208136 92 8912819727635040141839433726619915414317123030236741126 9 2KU1155418234442199999999999999 535 85174714299999999999999
420390327248175121 9811115622128934738338836031125520818318721927032637126 9 3KU1238390999999999999999999999 6 9 98182318199999999999999
39438634828922416713011813417422628132635335633730426623722222725128632326 9 4KU 015395133735899999999999999 655118191422299999999999999
35136235132127722918615514214817321025329332233633431829627425925325927526 9 5KU 1 1362152033799999999999999 810142205925399999999999999
29631632933031729225822018415814615217721626030133335035033531028125624126 9 6KU 2343311730352999999999999991010145233023999999999999999
24125628030732933832930125720615912711813718023729734938238937033128223626 9 7KU 5 33381846390999999999999991149118999999999999999999999
205197215255303348375374342284213146 98 8110315823331237841842239033226326 9 8KU 630379193642599999999999999 0481961256 8199999999999999
200160155187247317380417415371294205123 67 53 8615824934141445044139031226 9 9KU 728421201845299999999999999 1381521348 5299999999999999
227156118126178258344415452439379287186 98 45 43 9318128337844646843836626 910KU 816453205546899999999999999 2201151432 3799999999999999
273182114 89117189283376445471442366263160 78 39 5712522432841746746541126 911KU 859471212847399999999999999 258 891512 3899999999999999
322223135 81 79130217317406464471423335231134 69 54 9517827937644647043826 912KU 937475215647099999999999999 332 731546 5299999999999999
362265169 96 67 92162256352428465449385293196117 77 9015124133741545744826 913KU1012466222046099999999999999 4 3 671616 7599999999999999
389300204122 75 7612420629838143644841133724916911510514321630438343544426 914KU1044450224044699999999999999 429 69164310399999999999999
404327235151 94 7710516925233339642641336228921515813415020427835340842926 915KU1112427225942999999999999999 453 7717 613399999999999999
406345263182120 9110114721628935339239836931525420016816920326032337740526 916KU1139400231940799999999999999 514 90172916499999999999999
39835528721415211611213919025130935237036032728223820719721325029734237226 917KU12 9370234037999999999999999 537109175219799999999999999
37735330424519015113514517722126730733233732429927024523123425127931033526 918KU1246338999999999999999999999 6 5135182223099999999999999
34633731027122919417216617720123026128730330830329228026926326427128329626 919KU 0 6346135730899999999999999 648166192126399999999999999
30731030328726524021820219319420321823826027829330330730529728727626726426 920KU 05031017 930799999999999999 82619223 626499999999999999
26627328228829028427024922620418818419121123927030032433533331729226424126 921KU 3432901821336999999999999991053184999999999999999999999
22923224827329931631930427323319316415216219223528432735736735332027523226 922KU 540320185536799999999999999 01922812 315299999999999999
20019020524128733035635733028022016512912014118925231536639439035730224026 923KU 633360192439699999999999999 054190124811999999999999999
186156159195254318371398388341271194130 94 9713720628535740742339834126626 924KU 714399195442399999999999999 1251531327 9099999999999999
192138119143203281358413431403336248162 97 71 9115323932840044043638730726 925KU 754431202444499999999999999 15711914 4 7099999999999999
219142 96 96143224316397447450402317219131 73 6410518628337243745942935626 926KU 834455205645999999999999999 230 891441 6199999999999999
261167 96 66 90160255352429467451386290189108 66 7713923233041245945640126 927KU 913468212746599999999999999 3 4 661518 6399999999999999
309207118 61 54102189290384450471436357259165 98 7610918628237343946243126 928KU 952471215646299999999999999 337 501554 7699999999999999
354253154 78 44 6212922432340745645740632222915010410615724033040544744226 929KU1030463222445299999999999999 410 431628 9899999999999999
387297198112 57 48 8816625934841544542736828820915012815021129036541843426 930KU11 8445225243499999999999999 442 4517 112799999999999999
404334244156 90 58 701232002843584064183893322642041671641982573233784082610 1KU1147419232041099999999999999 514 57173516199999999999999
401357286207138 92 801031552232923493813823543082582171982052382853323672610 2KU1232386235537899999999999999 551 79181419799999999999999
3783613172581971461161111331742272803233483513333032712442322362562863152610 3KU1337352999999999999999999999 641110191423199999999999999
3363413272982582151771511411491732102522913203343343202982752572472482602610 4KU 047341152633699999999999999 8 5141212324699999999999999
2782963093133052842542181841571451531792192643073393543503292982632332162610 5KU 25031317183559999999999999910 8145232821499999999999999
2172342632953223353282992542021551261221471952553153623863823513012461982610 6KU 5103351821388999999999999991138120999999999999999999999
170170198246302350377373335274202139 99 941271902673413964184023522822092610 7KU 62238019 541899999999999999 0301661238 9199999999999999
150122133181251327388418406353274188115 75 801282072973774294384023312442610 8KU 713420194244099999999999999 1131211325 7199999999999999
161103 86116186274361424447419350257165 94 64 861522433374134504383792902610 9KU 757447201645299999999999999 152 8514 5 6499999999999999
195113 67 70123209307395450457411328231142 83 72113194290379439454416336261010KU 837460204645599999999999999 226 611442 6999999999999999
237143 74 48 76149246344422460446385295201124 85 97157246338413450436373261011KU 915462211445199999999999999 259 481516 8399999999999999
280181 98 50 52103189287376437453419347258174117103138211299380432440397261012KU 949454213944399999999999999 328 45154710299999999999999
316219130 68 48 76145235325398436429379304223157124136188266345406431409261013KU102143922 343199999999999999 355 48161512399999999999999
344255165 94 59 67117193279355406419392334263197154147179240312375411408261014KU1050420222541599999999999999 419 56164114599999999999999
362286201127 80 72103164239311368395388349293234188168181224283341383393261015KU1117397224839499999999999999 442 7017 616899999999999999
367309235163111 90103147207272327362370350310263221196195220262309349368261016KU1146371231236999999999999999 5 7 90173219299999999999999
359321263201150120117142185237286323342338316285252227218226250282313335261017KU1220343234033999999999999999 53511518 321899999999999999
338320283237192159144150173208246280305316312298279260246242248261279296261018KU1313316999999999999999999999 613144185524299999999999999
306305290266236207185173175188209236262284298303300291279266256250250256261019KU 02430715 830399999999999999 723172213024999999999999999
266277283283274258236213193182181193215243272297314321315299275250229218261020KU 22628417 332199999999999999 933180231921799999999999999
221236258282299304293267232197170159167194233277316343351338307265222189261021KU 44930417533519999999999999911 5158999999999999999999999
175185216259302334345329289236183144129143183240300349378378349296234178261022KU 554345183038299999999999999 0 617512 212999999999999999
140133160213278338377384355297226160115104131189263334388410394342267190261023KU 64238619 541099999999999999 042132124810399999999999999
126 93102151226308378417414368292208135 92 92136211297373422430392317225261024KU 726421194143299999999999999 118 911331 8699999999999999
139 77 57 86158251343414446429367278188116 81 96156244334407444432371278261025KU 810447201644599999999999999 155 571413 8099999999999999
177 91 39 37 88177279374440461429354260170105 84115189282369431450415335261026KU 854462205245099999999999999 232 311454 8499999999999999
232130 51 15 34103203308398454461415334241157105101147228318396441438384261027KU 937465212744799999999999999 310 151535 9699999999999999
291185 90 27 11 49130231332412454445391309223152117129186267348410436412261028KU102045722 243699999999999999 348  9161511599999999999999
342245146 65 20 24 76161257347413439418360284210156139165225299366410414261029KU11 3439223741899999999999999 426 15165413999999999999999
374298207121 59 33 51108189276351401413385331266207171168200255317367392261030KU1147414231339399999999999999 5 5 33173516499999999999999
382335264185117 72 60 85139209281342378382356310258215192195224269315350261031KU1237384235736299999999999999 549 60182219099999999999999
362347305247185133101 941151582152743223513563373042652312122122302612942611 1KU1341357999999999999999999999 644 93193021099999999999999
3193293202932522061651351231331632082573013323443363122802472222102152332611 2KU 1 332915 534499999999999999 8 3123211421099999999999999
2592853053123022772412001641411371551922392883273493493292942522141881812611 3KU 256312163135299999999999999 941136225118199999999999999
1942232612973233293132772281801431281401782322903393673693432972401871502611 4KU 44733017343729999999999999911 3128235313999999999999999
1391571992543093493643473022421801331141291752403083633913853452822101472611 5KU 55836418203939999999999999912 4114999999999999999999999
1071011331932663343823953693122391691191041291882633373914103883302501682611 6KU 650396185941099999999999999 038 99125210499999999999999
102 69 791292062913664114143753052241521081051442152973694134153732972072611 7KU 735418193342099999999999999 117 67133510199999999999999
123 64 47 761442343233944294173642862041371051181722513333964234043422532611 8KU 81543020 642499999999999999 153 46141310499999999999999
159 82 40 43 921742683544144334053412601821271121422092903654134193772982611 9KU 854433203742299999999999999 226 35145011199999999999999
204116 53 31 57123212303380423423381311231163125129176248326389416399337261110KU 93042921 841799999999999999 258 31152412199999999999999
249157 81 39 41 86162251335395420401348276204151133156213287356400405365261111KU10 4420213740899999999999999 328 34155613399999999999999
290201118 61 42 66125205288358399403370311243183149151189252319373396378261112KU103540622 539699999999999999 356 41162714599999999999999
322242159 92 56 60102169246317369389375332274216173159178225284340375377261113KU11 5390223338199999999999999 424 53165515999999999999999
341276199129 82 69 91143210278334366368342297245200176179208255306346362261114KU113437123 136299999999999999 452 68172417399999999999999
346300236170117 90 94127180241296336352342312270229199189201232272310335261115KU12 7352233533999999999999999 522 88175718999999999999999
337313267212160123110123158206257300327334320292258227207203216241271298261116KU1248334999999999999999999999 6 0110184420299999999999999
314311288251208169142134147176216258294316321311289261234216208214231254261117KU 021315134932299999999999999 65313420 320899999999999999
276292294282256223190164153157179212250286311321317298271240214197193204261118KU 140295151132299999999999999 813152214619399999999999999
226254280295296280251215182159154168200242284317336335314279236196167157261119KU 333297162733899999999999999 946154225915799999999999999
168199241283314326314281235189154141153189240293336359357327276217162125261120KU 5 132617243629999999999999911 2141235111499999999999999
114135182242301345363348305246187143125140186248312362385374329260184119261121KU 6 336318123859999999999999912 3125999999999999999999999
 79 75111176255328379397374320248180130113136192266336387405380318233145261122KU 657397185640599999999999999 036 72125611399999999999999
 75 39 47 99182273355409422390325245171121109141207287360407415375297200261123KU 747423194041799999999999999 120 36134610899999999999999
107 38 10 32 99194293377429436395323239164117112154227310380420415361270261124KU 838439202442499999999999999 2 4  9143510899999999999999
167 74 11 -6 29108209311394440438391314230158117122172249330394424405339261125KU 92844621 842499999999999999 250 -7152311399999999999999
242139 50 -3 -8 39124226326403441430377300218152122138194271347401418387261126KU1017443215241999999999999999 336-13161012199999999999999
312214116 37 -5  3 58145245338406433413356280205150132157216289356399403261127KU11 4433223540799999999999999 421 -8165513299999999999999
362285191102 36  8 26 85170263345400415388330260194152145176234300356386261128KU1150415232038899999999999999 5 7  8174014399999999999999
379334260176101 49 33 58117195277346387391360305243189158159191243299343261129KU1236394999999999999999999999 554 33182815599999999999999
364352309244174113 74 66 92146215285340370367336287233189166168196239285261130KU 0 9364132537399999999999999 644 65192416399999999999999
3213373282932421861371051001231692272853313543503212782311911671661862212612 1KU 1 9337142135599999999999999 742 99203316499999999999999
2612953153142922542081651361271431812312833233453423172762291871591511652612 2KU 228318152334799999999999999 851127215115099999999999999
1962362763053163052752341911581431531852322823233463443182742221731381252612 3KU 4 031616263489999999999999910 614323 112599999999999999
1371722202703103313272992552081681481551862352873313553513202672051481082612 4KU 52033317223579999999999999911161472356 9599999999999999
 951131572162783273533503182672121671451531892433013463683573142501791172612 5KU 6223561811368999999999999991215144999999999999999999999
 77 71 991562272973513753663252672061591401541982593203643783552992241472612 6KU 713376185337899999999999999 041 6913 513999999999999999
 85 52 571001692493223733913713222561931481361602132803413793813432751922612 7KU 758391193438599999999999999 122 49135113599999999999999
114 58 37 571141922753473913973663082381761381371732343043613883753222432612 8KU 840399201238999999999999999 2 0 37143213399999999999999
157 83 39 34 701382223043684003933502852151591321451922603283773893602932612 9KU 919402204839099999999999999 237 31151113299999999999999
207123 59 30 42 93170255331384400378325256189144133161219289351386381334261210KU 955400212338999999999999999 312 29154713299999999999999
257170 92 43 32 63126207289355391390353292223166136143185250317368385361261211KU1028395215638599999999999999 345 31161913499999999999999
300217133 68 37 47 94166247320371388368319255193149138162215280339374372261212KU1058388222737899999999999999 416 36164913799999999999999
331260177103 56 45 73133209284344376374339282221170144150188245304350367261213KU1125379225936799999999999999 446 44171814299999999999999
347294220145 86 57 66109175248313357370351306249195158148168212266316347261214KU1154370233335299999999999999 516 56174914899999999999999
348317259190127 84 73 96146212278330358355325277224180156157184227274314261215KU1225360999999999999999999999 550 73182715399999999999999
333325290236177126 98 98127178238294335350339304258210174157162188226268261216KU 01433413 435099999999999999 630 94191615699999999999999
301316308277231182141120124151197251299332342327294250205171153155177212261217KU 110316135434299999999999999 722118202315199999999999999
251285304302281244202165143143165204252296327338326294250202163138134152261218KU 226306145833899999999999999 831140214113399999999999999
187231273302312300270229189162153167201247293327342333301252196146113103261219KU 35731216 834299999999999999 953153225210399999999999999
120161215270312334329300256209172154162194242293333353345309251184123 81261220KU 52033517153549999999999999911141542354 6799999999999999
 67 88138205274329360359329279223176150153186239296344368359316247168 97261221KU 6303641816369999999999999991225147999999999999999999999
 48 34 61121201282347385386352295231175142144179239304357383371320241151261222KU 732390191338499999999999999 051 34132813899999999999999
 72 19  7 41111201291364406407368304231169132135176242314371397381321232261223KU 83141220 939899999999999999 146  6142612899999999999999
135 51 -3-12 29108206303381423420375303224157121128177250326385409386317261224KU 92642721 240999999999999999 240-14152011899999999999999
221119 33-18-21 28114218318396434423369291208141110127184262340397414382261225KU1016436215241599999999999999 333-2616 911099999999999999
306206103 20-24-16 41133239337409436413350267184124105133197278353403410261226KU11 2436223941399999999999999 422-27165410499999999999999
368286186 89 15-16  5 71166268357414425388318235159112107146215293360398261227KU1142427232440299999999999999 5 7-16173610399999999999999
393343260166 81 23  9 42114206298371409401352279202140108118164231301356261228KU1219411999999999999999999999 548  8181610799999999999999
381365311234153 85 46 48 91162245322374391367312243177129113132179240299261229KU 0 7381125439199999999999999 627 42185711399999999999999
341354333283217153104 82 96141206275332365364332277216162128121143186237261230KU 053354132936999999999999999 7 7 82194412099999999999999
287319326306265213165132123142184238293333350339303252199155128125144181261231KU 14532714 635099999999999999 750123203912399999999999999
