 50 53 55 57 60 63 67 71 76 80 82 82 81 76 69 61 52 44 37 34 33 35 38 4326 1 1MC1043 839999999999999999999991945 33999999999999999999999
 47 52 55 57 60 62 65 69 74 79 83 86 86 84 79 71 61 51 42 35 31 31 34 3826 1 2MC1143 869999999999999999999992032 31999999999999999999999
 43 49 53 56 58 60 62 65 69 74 80 85 88 89 86 80 71 60 49 40 33 30 31 3426 1 3MC1245 899999999999999999999992116 30999999999999999999999
 39 45 50 54 56 57 59 60 63 68 73 80 85 89 89 86 79 69 58 47 38 32 30 3226 1 4MC1341 899999999999999999999992156 30999999999999999999999
 36 42 47 52 55 56 56 57 58 61 65 72 79 84 87 88 84 76 66 54 44 36 32 3126 1 5MC1432 889999999999999999999992232 31999999999999999999999
 35 40 45 50 54 55 55 55 54 55 58 63 70 77 82 84 84 79 71 60 50 41 35 3326 1 6MC 526 561517 8599999999999999 750 5423 3 3399999999999999
 34 39 44 50 54 56 56 55 54 53 54 57 62 68 74 78 79 77 72 64 55 46 39 3626 1 7MC 536 571558 7999999999999999 9 6 532330 3599999999999999
 36 39 44 50 55 58 59 58 56 53 52 53 55 60 65 70 73 73 70 65 57 50 43 3926 1 8MC 556 591635 73999999999999991016 522351 3899999999999999
 38 40 45 50 56 60 62 62 60 57 54 52 52 54 58 62 65 66 66 63 58 52 47 4326 1 9MC 621 621711 66999999999999991127 52999999999999999999999
 41 42 46 51 57 62 65 66 64 61 58 54 52 52 53 55 58 60 60 59 56 53 49 4726 110MC 649 661745 6099999999999999 0 7 411245 5299999999999999
 45 46 48 53 58 63 68 69 69 67 63 59 55 53 52 52 53 54 55 55 54 52 51 5026 111MC 721 701825 5599999999999999 017 451422 5299999999999999
 49 49 51 55 59 64 69 72 73 72 69 65 61 56 53 51 50 50 50 50 51 51 51 5126 112MC 758 73999999999999999999999 011 491652 5099999999999999
 52 53 54 57 60 65 69 73 75 75 74 71 66 62 57 53 50 48 47 47 48 49 50 5226 113MC 842 759999999999999999999991845 47999999999999999999999
 54 56 57 59 62 65 68 72 75 77 77 75 72 68 62 57 52 49 46 45 45 46 48 5126 114MC 936 779999999999999999999991926 45999999999999999999999
 54 57 59 61 63 64 67 70 74 77 78 79 77 73 68 62 56 51 46 44 43 44 46 4926 115MC1038 7999999999999999999999920 0 43999999999999999999999
 53 57 60 62 63 64 65 68 71 75 78 80 80 78 74 68 61 54 48 43 41 41 43 4726 116MC1139 809999999999999999999992031 41999999999999999999999
 51 55 59 61 62 63 63 65 67 71 75 79 82 82 79 74 66 58 50 44 40 39 40 4326 117MC1232 8299999999999999999999921 0 39999999999999999999999
 48 52 57 60 61 61 61 62 64 67 71 77 81 83 82 78 71 63 54 46 40 37 37 4026 118MC1317 839999999999999999999992128 36999999999999999999999
 44 49 54 57 59 60 59 59 60 62 66 72 78 82 84 82 76 68 58 48 41 36 35 3626 119MC 451 601358 8499999999999999 659 592154 3599999999999999
 40 45 51 55 58 58 58 57 56 58 61 66 73 78 82 82 79 72 62 52 43 37 34 3426 120MC 5 0 581436 8399999999999999 749 562220 3399999999999999
 38 42 48 53 56 57 57 56 54 54 56 60 66 73 78 80 79 74 66 56 47 39 35 3426 121MC 511 571513 8099999999999999 837 542243 3499999999999999
 36 41 46 52 56 57 57 56 54 52 52 55 60 66 72 76 77 74 68 59 51 43 38 3526 122MC 524 581550 7799999999999999 927 5223 4 3599999999999999
 37 41 46 52 56 59 59 57 55 52 51 51 54 59 64 69 72 72 68 62 54 47 42 3926 123MC 537 591626 72999999999999991022 502320 3999999999999999
 40 43 48 54 58 61 62 61 58 54 51 49 50 53 57 62 65 67 65 62 56 51 46 4326 124MC 550 6217 5 67999999999999991121 492328 4399999999999999
 44 46 51 57 62 65 67 66 63 59 54 51 49 49 51 54 58 60 61 59 56 53 49 4826 125MC 6 5 671747 61999999999999991228 492325 4799999999999999
 48 50 54 60 65 69 72 71 69 65 60 55 51 49 48 49 52 54 55 55 54 53 51 5126 126MC 624 721838 55999999999999991349 4823 2 5199999999999999
 51 54 57 62 68 73 76 76 75 72 67 62 57 52 49 47 47 48 49 50 51 51 51 5226 127MC 653 769999999999999999999991536 47999999999999999999999
 53 56 59 64 69 74 78 80 80 78 75 71 65 59 54 50 47 45 45 45 46 47 49 5126 128MC 736 809999999999999999999991746 45999999999999999999999
 54 57 60 64 68 72 77 80 82 82 81 78 74 68 62 56 50 45 42 41 42 43 46 4926 129MC 843 829999999999999999999991911 41999999999999999999999
 53 56 59 63 66 70 73 77 80 83 84 84 82 78 71 64 56 49 43 40 39 39 42 4626 130MC1023 8499999999999999999999920 0 39999999999999999999999
 50 55 58 61 63 66 68 72 76 79 83 85 86 84 80 73 64 55 47 40 37 37 39 4326 131MC1152 869999999999999999999992038 36999999999999999999999
 48 52 57 59 61 62 64 65 69 73 78 82 86 87 86 80 72 63 52 44 38 35 36 4026 2 1MC13 0 879999999999999999999992111 35999999999999999999999
 45 50 55 58 60 60 60 60 62 65 70 76 82 86 87 85 78 69 58 48 40 35 35 3826 2 2MC1353 879999999999999999999992139 35999999999999999999999
 43 48 54 58 59 59 58 56 56 57 61 67 74 80 84 84 81 73 64 53 44 37 35 3726 2 3MC 415 591439 8599999999999999 745 5622 4 3599999999999999
 41 47 53 58 60 60 58 55 53 52 54 59 65 72 77 80 79 75 66 57 48 40 36 3726 2 4MC 421 611519 8099999999999999 849 522225 3699999999999999
 41 47 53 59 62 63 60 56 53 50 49 51 56 63 69 73 75 73 67 59 51 44 39 3826 2 5MC 437 631556 7599999999999999 944 492243 3899999999999999
 41 47 54 60 64 66 64 60 55 50 48 47 50 55 60 65 68 68 65 60 53 47 42 4126 2 6MC 456 661631 69999999999999991036 472258 4199999999999999
 42 47 54 61 66 69 68 65 59 54 49 47 47 49 53 58 61 63 62 58 54 49 45 4426 2 7MC 518 6917 5 63999999999999991128 4623 8 4499999999999999
 45 49 55 61 67 71 72 69 64 59 53 49 47 47 49 52 55 57 57 56 53 50 48 4726 2 8MC 543 721737 57999999999999991223 4623 9 4799999999999999
 47 50 55 61 67 72 74 73 69 64 58 53 50 48 48 49 51 52 53 52 51 50 49 4926 2 9MC 610 7418 8 53999999999999991328 472241 4999999999999999
 50 52 56 61 67 71 74 74 72 69 64 59 54 51 49 48 49 49 49 49 49 49 50 5126 210MC 641 749999999999999999999991513 48999999999999999999999
 52 54 57 61 65 69 73 74 74 72 69 64 60 56 52 50 48 47 47 47 47 47 49 5126 211MC 721 749999999999999999999991912 47999999999999999999999
 53 56 58 61 64 67 70 72 74 73 72 69 66 62 57 53 50 47 45 44 44 45 47 5026 212MC 822 749999999999999999999991937 44999999999999999999999
 53 56 58 61 63 65 67 69 71 73 73 73 71 67 63 57 52 48 44 42 41 42 44 4826 213MC 958 7399999999999999999999920 1 41999999999999999999999
 52 55 58 60 61 62 64 65 68 71 73 74 74 72 68 62 56 50 44 40 38 39 41 4526 214MC1125 759999999999999999999992024 38999999999999999999999
 49 53 57 59 59 60 60 61 63 66 70 74 76 76 73 67 60 52 45 39 36 35 37 4126 215MC1226 769999999999999999999992046 35999999999999999999999
 46 51 55 57 58 57 57 56 58 61 65 71 75 77 76 72 65 56 47 40 35 33 34 3726 216MC 358 581314 7799999999999999 635 5621 7 3399999999999999
 43 48 53 56 57 56 54 53 52 55 59 65 71 75 77 75 69 60 50 42 35 31 32 3526 217MC 354 571356 7799999999999999 732 522127 3199999999999999
 40 46 51 55 56 55 52 50 48 49 52 57 64 70 74 75 71 63 54 45 37 32 31 3426 218MC 358 561436 7599999999999999 820 482146 3199999999999999
 39 45 51 55 57 56 53 49 45 44 45 49 56 63 69 71 70 65 57 48 40 35 33 3426 219MC 4 6 571515 7299999999999999 9 6 4422 3 3399999999999999
 39 45 51 56 59 58 54 50 45 41 40 42 48 54 61 65 67 65 59 51 44 38 36 3626 220MC 417 591554 6799999999999999 952 402217 3599999999999999
 41 47 53 58 62 62 58 53 47 42 38 38 41 46 52 58 61 61 58 53 47 42 39 3926 221MC 430 621633 62999999999999991038 372225 3999999999999999
 43 49 56 61 65 66 63 58 51 45 39 36 36 40 45 50 54 56 55 52 48 44 42 4226 222MC 446 661713 56999999999999991127 362226 4299999999999999
 45 51 57 64 68 70 69 64 58 51 44 39 36 37 40 44 47 50 51 50 47 45 44 4426 223MC 5 6 701753 51999999999999991223 362215 4499999999999999
 47 52 58 65 70 73 73 70 65 58 51 45 40 38 38 40 42 44 46 46 45 45 44 4526 224MC 532 731841 46999999999999991332 382141 4499999999999999
 48 52 58 64 69 73 75 74 70 65 59 53 47 43 40 39 39 40 41 42 42 43 44 4526 225MC 6 6 759999999999999999999991518 39999999999999999999999
 48 52 56 61 66 71 74 74 73 71 67 62 56 51 46 42 39 38 38 38 39 40 42 4526 226MC 653 7499999999999999999999918 6 38999999999999999999999
 47 51 54 58 62 66 69 72 73 72 71 68 65 59 54 48 43 39 36 35 35 37 40 4326 227MC 815 739999999999999999999991916 35999999999999999999999
 47 50 53 56 58 61 63 66 68 70 72 72 71 67 62 55 48 41 36 33 33 34 37 4126 228MC1043 729999999999999999999991950 33999999999999999999999
 45 49 52 54 55 56 57 59 62 65 68 71 73 72 68 62 54 46 38 33 31 32 35 3926 3 1MC1211 739999999999999999999992016 31999999999999999999999
 44 49 52 53 53 52 52 52 54 57 62 67 71 73 72 67 60 51 42 35 30 30 33 3726 3 2MC 327 531310 7399999999999999 614 522038 3099999999999999
 43 48 52 53 53 51 48 46 46 49 54 59 65 70 71 69 63 55 46 37 31 29 31 3626 3 3MC 3 4 531358 7199999999999999 731 4621 0 2999999999999999
 42 48 53 55 54 51 47 43 41 41 45 51 57 63 67 68 64 57 49 40 33 30 31 3526 3 4MC 310 551440 6899999999999999 824 412119 3099999999999999
 42 49 54 57 57 54 48 43 38 36 37 42 48 55 60 63 63 58 51 43 36 32 31 3526 3 5MC 324 581518 6499999999999999 910 362137 3199999999999999
 41 49 55 60 60 57 52 45 38 34 32 35 40 47 53 57 59 56 51 45 39 34 33 3526 3 6MC 342 611555 5999999999999999 953 322153 3399999999999999
 41 49 56 61 63 61 56 49 41 35 31 31 34 39 45 50 53 53 50 45 41 37 35 3626 3 7MC 4 3 631631 53999999999999991035 3022 6 3599999999999999
 41 48 55 61 65 64 60 53 45 38 32 30 31 34 39 44 47 49 48 45 41 39 37 3826 3 8MC 425 6517 5 49999999999999991116 302213 3799999999999999
 41 47 54 61 65 66 63 58 50 43 36 32 31 32 35 39 42 44 44 43 41 39 39 3926 3 9MC 449 661738 44999999999999991158 3122 8 3999999999999999
 42 47 53 59 63 66 65 61 55 48 41 36 33 33 34 36 38 40 41 41 40 39 40 4126 310MC 515 661810 41999999999999991246 322117 3999999999999999
 43 46 51 56 61 64 65 62 58 53 47 42 37 35 35 35 36 37 38 38 38 38 39 4126 311MC 543 659999999999999999999991355 35999999999999999999999
 43 46 50 54 58 61 62 62 60 56 52 47 43 39 37 36 35 35 35 35 35 36 38 4026 312MC 617 639999999999999999999991823 35999999999999999999999
 43 46 49 52 55 57 59 60 59 58 55 52 48 44 40 37 35 33 32 31 32 34 36 3926 313MC 7 8 6099999999999999999999919 3 31999999999999999999999
 42 45 47 49 51 53 55 56 57 58 57 56 53 49 45 40 36 32 30 28 28 30 33 3726 314MC 9 3 589999999999999999999991926 28999999999999999999999
 41 44 46 48 48 49 50 51 53 55 57 57 57 54 50 44 38 33 28 26 25 27 30 3526 315MC11 0 579999999999999999999991945 25999999999999999999999
 39 43 45 46 46 45 45 45 47 50 54 57 58 57 54 48 41 34 28 24 23 24 27 3226 316MC 3 9 461210 5899999999999999 559 4520 4 2399999999999999
 38 42 45 46 44 42 40 39 40 43 48 53 57 58 57 52 45 38 30 25 22 22 25 3126 317MC 250 4613 4 5899999999999999 7 3 392022 2299999999999999
 37 42 45 46 44 41 37 34 33 35 40 46 52 56 57 55 49 41 33 27 23 22 25 3026 318MC 248 461352 5799999999999999 750 332040 2299999999999999
 36 42 46 47 46 41 36 31 28 28 31 37 44 50 54 55 51 45 37 30 25 24 26 3126 319MC 252 481436 5599999999999999 832 272055 2499999999999999
 38 44 48 50 49 44 37 30 24 22 23 28 35 42 48 51 50 46 40 33 29 26 28 3226 320MC 3 2 501520 5199999999999999 914 2221 9 2699999999999999
 39 46 51 54 53 48 41 32 25 19 17 20 26 33 40 45 47 45 41 36 31 29 30 3426 321MC 316 5416 2 4799999999999999 955 172118 2999999999999999
 41 48 54 58 58 54 47 38 28 21 16 15 19 25 31 37 41 42 40 36 33 31 31 3526 322MC 335 581644 42999999999999991038 152122 3199999999999999
 41 48 55 60 62 60 53 45 35 26 19 15 16 19 25 30 35 37 37 35 33 31 32 3526 323MC 357 621725 37999999999999991124 152119 3199999999999999
 40 47 54 60 63 63 59 52 43 34 25 20 17 18 21 25 29 32 33 32 32 31 32 3426 324MC 425 641812 33999999999999991217 1721 4 3199999999999999
 38 44 51 58 62 64 62 57 50 42 34 27 22 20 20 22 25 27 29 29 30 30 31 3326 325MC 458 649999999999999999999991324 20999999999999999999999
 36 41 47 53 58 61 61 59 55 49 42 36 30 26 23 22 23 24 25 26 27 29 30 3226 326MC 538 6199999999999999999999915 6 22999999999999999999999
 35 39 43 48 52 55 57 57 55 52 49 44 38 33 29 25 23 22 23 23 25 27 29 3226 327MC 627 579999999999999999999991714 22999999999999999999999
 35 37 40 43 46 48 51 52 53 52 51 49 45 40 35 30 26 23 21 21 23 25 29 3226 328MC 8 6 539999999999999999999991823 21999999999999999999999
 35 37 39 40 41 42 43 45 47 48 50 50 49 46 41 35 29 24 21 20 21 24 28 3226 329MC1051 509999999999999999999991856 20999999999999999999999
 36 38 39 39 38 37 36 37 39 42 45 48 50 49 45 40 33 27 22 19 20 23 27 3326 330MC 210 391212 5099999999999999 552 361921 1999999999999999
 37 40 41 39 37 34 31 30 31 34 38 43 47 49 47 43 37 30 24 20 19 22 27 3326 331MC 148 411310 4999999999999999 7 6 301944 1999999999999999
 38 42 44 42 38 33 28 25 24 26 30 35 41 45 47 45 40 33 27 22 19 21 26 3326 4 1MC 156 441358 4799999999999999 754 2420 5 1999999999999999
 39 44 47 46 41 35 28 22 19 18 22 27 34 39 43 44 41 36 29 24 21 21 25 3226 4 2MC 212 471441 4499999999999999 834 182025 2099999999999999
 39 46 49 49 45 38 30 22 16 13 15 19 26 32 38 41 40 37 32 26 23 22 25 3126 4 3MC 230 501522 4199999999999999 912 132044 2299999999999999
 39 46 51 52 50 43 34 25 17 12 10 13 19 25 31 36 37 36 32 28 25 23 25 3026 4 4MC 251 5216 2 3799999999999999 949 1021 0 2399999999999999
 38 45 51 54 53 47 39 29 20 13  9 10 13 19 25 30 33 34 32 29 26 25 26 2926 4 5MC 314 541640 34999999999999991024  92113 2599999999999999
 36 43 50 54 54 51 43 34 25 16 11  9 11 15 20 25 29 30 30 28 27 26 26 2926 4 6MC 338 541717 30999999999999991059  92118 2699999999999999
 34 41 47 52 54 52 47 39 30 21 15 11 11 13 17 21 24 27 27 27 26 26 26 2826 4 7MC 4 4 541756 27999999999999991136 1121 0 2699999999999999
 32 38 44 49 52 52 48 42 34 26 20 15 13 13 15 18 21 23 24 24 25 25 26 2826 4 8MC 431 529999999999999999999991217 13999999999999999999999
 31 35 40 45 48 50 48 44 38 31 25 19 16 14 15 16 18 20 21 22 22 24 25 2726 4 9MC 459 509999999999999999999991312 14999999999999999999999
 30 33 37 41 44 46 46 44 40 35 29 24 20 17 16 15 16 17 17 19 20 22 24 2726 410MC 530 469999999999999999999991450 15999999999999999999999
 29 32 34 37 40 42 42 42 40 37 33 29 25 21 18 16 14 14 14 15 17 20 23 2626 411MC 6 9 4299999999999999999999917 2 14999999999999999999999
 29 31 32 34 35 37 38 38 38 37 36 33 29 25 21 17 14 13 12 13 15 18 22 2526 412MC 725 3899999999999999999999918 0 12999999999999999999999
 28 30 31 32 31 31 32 33 34 35 36 35 33 30 26 21 16 13 11 11 13 16 21 2526 413MC1013 369999999999999999999991832 11999999999999999999999
 29 31 31 30 28 27 25 26 27 29 32 34 35 34 30 25 20 15 12 11 12 16 21 2626 414MC 147 311148 3599999999999999 625 251856 1199999999999999
 30 32 32 30 27 23 20 18 19 22 26 30 34 35 33 29 24 19 15 13 13 17 22 2726 415MC 134 331257 3599999999999999 712 181916 1299999999999999
 32 35 35 33 28 22 16 12 11 13 17 23 29 33 34 32 28 23 18 15 15 18 23 3026 416MC 134 361354 3499999999999999 752 111933 1599999999999999
 35 39 40 37 31 23 15  8  4  4  8 14 21 27 31 32 30 26 22 19 18 20 25 3226 417MC 144 401445 3299999999999999 831  41947 1899999999999999
 38 43 45 43 37 28 18  8  1 -2  0  5 12 19 25 29 29 27 24 21 20 21 26 3326 418MC 2 0 451533 2999999999999999 910 -21958 2099999999999999
 40 46 49 49 44 35 24 13  3 -3 -5 -2  4 11 18 23 26 26 24 21 20 22 25 3226 419MC 222 491620 2699999999999999 951 -520 4 2099999999999999
 40 47 52 53 50 42 32 20  9  0 -5 -5 -2  4 11 17 21 23 22 21 20 21 24 2926 420MC 250 5317 6 23999999999999991034 -620 5 2099999999999999
 37 45 51 54 54 49 40 29 17  7  0 -4 -4  0  6 11 16 18 19 19 19 19 21 2626 421MC 323 549999999999999999999991121 -4999999999999999999999
 32 40 47 52 54 51 46 37 26 16  7  1 -1  0  3  7 11 14 16 17 17 18 19 2326 422MC 359 549999999999999999999991213 -1999999999999999999999
 28 34 41 46 50 50 47 41 34 25 16  9  4  2  3  5  8 11 13 15 16 17 18 2026 423MC 438 509999999999999999999991316  2999999999999999999999
 24 28 34 39 43 45 45 42 37 31 24 17 12  8  6  6  7  9 11 13 15 17 19 2026 424MC 520 459999999999999999999991432  5999999999999999999999
 22 25 28 32 35 38 39 38 36 33 29 24 18 14 10  8  7  8 10 12 15 18 20 2226 425MC 6 8 399999999999999999999991548  7999999999999999999999
 23 24 25 27 28 30 31 32 32 31 30 27 23 19 15 11  9  8 10 12 15 19 22 2426 426MC 732 329999999999999999999991647  8999999999999999999999
 25 25 25 24 23 23 24 24 26 27 28 28 26 23 19 15 12  9 10 12 15 19 24 2726 427MC 035 251028 2899999999999999 445 231730  999999999999999
 29 28 27 24 21 18 17 17 18 20 23 25 26 25 23 19 15 12 10 11 15 20 25 3026 428MC 020 2912 4 2699999999999999 631 1718 3 1099999999999999
 32 33 30 26 21 16 12 10 11 13 17 21 24 26 25 22 18 15 12 12 15 20 26 3226 429MC 034 331313 2699999999999999 721 101832 1299999999999999
 36 37 35 30 23 16 10  6  4  6 10 15 20 23 25 24 21 18 15 13 15 20 26 3326 430MC 054 3714 8 2599999999999999 759  41859 1399999999999999
 38 40 39 35 28 19 11  4  0  0  3  8 14 19 23 24 23 20 17 15 16 19 25 3226 5 1MC 116 401456 2499999999999999 834 -11924 1599999999999999
 38 42 43 40 33 23 14  5 -1 -4 -3  2  8 14 20 23 23 22 19 17 16 19 24 3126 5 2MC 140 431541 2399999999999999 9 7 -41946 1699999999999999
 38 43 45 43 37 28 18  8  0 -5 -6 -3  3  9 15 19 22 21 20 18 17 18 22 2826 5 3MC 2 6 451624 2299999999999999 940 -620 4 1799999999999999
 35 41 45 45 41 33 23 13  3 -3 -6 -5 -1  4 10 15 19 20 19 18 17 18 20 2526 5 4MC 233 4617 6 20999999999999991012 -62017 1799999999999999
 32 38 43 45 43 37 28 18  8  0 -5 -6 -3  1  6 11 15 17 17 17 17 17 19 2326 5 5MC 3 1 451755 17999999999999991045 -62017 1799999999999999
 28 34 40 43 43 39 32 23 13  4 -2 -4 -4 -1  3  7 11 14 15 15 16 16 17 2026 5 6MC 330 449999999999999999999991119 -5999999999999999999999
 25 30 36 40 41 39 34 27 18  9  2 -2 -3 -2  1  4  8 10 12 13 14 15 16 1926 5 7MC 359 419999999999999999999991158 -3999999999999999999999
 22 27 31 35 38 38 35 29 22 14  7  1 -2 -2 -1  2  4  7  9 11 13 14 16 1826 5 8MC 429 389999999999999999999991244 -2999999999999999999999
 20 23 27 31 34 35 33 30 24 18 11  6  1 -1 -1  0  2  4  7  9 11 14 16 1726 5 9MC 458 359999999999999999999991340 -1999999999999999999999
 19 21 24 26 28 30 30 28 25 21 15 10  6  2  0  0  1  3  5  8 11 14 16 1826 510MC 529 309999999999999999999991445  0999999999999999999999
 19 20 21 22 23 24 25 24 23 21 18 14 10  7  4  2  2  3  5  7 11 14 17 1926 511MC 6 9 259999999999999999999991546  2999999999999999999999
 21 21 20 19 18 18 18 18 19 19 19 17 15 12  9  6  5  4  6  8 12 16 20 2226 512MC 039 21 855 1999999999999999 510 181634  499999999999999
 23 23 21 18 15 12 11 11 12 14 16 17 17 16 14 11  9  8  8 11 14 19 23 2626 513MC 0 8 231131 1799999999999999 629 1117 9  899999999999999
 27 27 23 19 13  8  4  3  4  6 10 14 16 18 17 15 13 12 12 14 17 22 27 3126 514MC 0 6 281310 1899999999999999 7 9  31734 1299999999999999
 33 32 29 23 15  7  1 -3 -4 -2  2  7 12 16 18 18 17 15 15 16 20 25 30 3526 515MC 017 331424 1899999999999999 746 -41751 1599999999999999
 38 39 36 29 20 10  1 -6-10-10 -6 -1  6 12 16 18 18 17 17 18 20 25 32 3826 516MC 038 391527 1899999999999999 825-111759 1799999999999999
 43 45 43 38 28 17  5 -5-12-15-13 -8 -1  6 12 15 17 17 17 17 19 24 30 3826 517MC 1 7 45999999999999999999999 9 6-15999999999999999999999
 44 48 49 45 37 26 14  2 -9-15-16-13 -8 -1  6 11 14 15 15 16 17 21 26 3426 518MC 142 49999999999999999999999 948-16999999999999999999999
 41 47 50 50 45 35 23 11 -1-10-15-15-12 -6  0  6 10 12 13 14 15 17 21 2826 519MC 221 519999999999999999999991032-16999999999999999999999
 36 43 48 50 48 42 32 20  8 -2-10-13-13 -9 -4  2  7 10 11 12 12 14 17 2226 520MC 3 3 509999999999999999999991119-13999999999999999999999
 28 35 42 46 47 44 37 28 17  7 -2 -8-10 -9 -6 -1  4  7 10 11 11 12 14 1726 521MC 346 4799999999999999999999912 6-10999999999999999999999
 21 27 34 39 42 41 38 32 23 14  5 -1 -6 -7 -5 -2  2  6  9 11 12 13 13 1526 522MC 427 429999999999999999999991254 -7999999999999999999999
 17 21 26 30 34 35 34 31 26 19 11  5  0 -3 -3 -1  2  6  9 12 14 15 15 1526 523MC 5 7 359999999999999999999991339 -3999999999999999999999
 16 17 20 23 25 27 28 27 24 20 15 10  5  2  0  0  3  6 10 14 16 18 19 1826 524MC 547 2822 0 19999999999999991420  0999999999999999999999
 18 17 17 17 18 19 20 20 20 18 16 13  9  6  4  3  4  7 11 15 19 22 23 2326 525MC 633 202226 2399999999999999 150 171458  399999999999999
 22 20 17 15 14 13 13 13 14 14 14 13 12 10  8  7  7  8 12 16 21 25 27 2826 526MC 934 142255 2899999999999999 530 131534  699999999999999
 27 24 20 16 12  9  7  7  7  9 11 12 13 13 12 10 10 10 12 16 22 27 31 3326 527MC1216 132324 3399999999999999 651  71611 1099999999999999
 32 30 25 19 13  7  3  1  1  3  6  9 12 14 15 14 13 13 14 17 22 27 32 3626 528MC1352 152355 3799999999999999 728  11649 1399999999999999
 37 35 31 24 16  9  2 -2 -3 -2  1  5 10 14 16 17 16 16 16 17 21 26 32 3726 529MC1458 17999999999999999999999 8 1 -31728 1599999999999999
 40 40 36 30 21 12  4 -3 -6 -6 -3  1  6 12 16 18 18 18 17 18 20 25 31 3726 530MC 027 401550 1899999999999999 832 -618 6 1799999999999999
 41 42 40 35 27 17  7 -1 -6 -8 -7 -3  2  8 13 17 18 18 18 18 19 23 28 3426 531MC 059 42999999999999999999999 9 3 -8999999999999999999999
 40 43 43 39 32 22 12  3 -5 -9 -9 -6 -1  4 10 14 17 18 18 17 18 20 25 3126 6 1MC 132 43999999999999999999999 934 -9999999999999999999999
 37 42 44 42 37 28 17  7 -2 -8-10 -8 -5  1  6 11 14 16 17 16 17 18 21 2726 6 2MC 2 6 4499999999999999999999910 5-10999999999999999999999
 33 38 42 43 39 32 22 12  2 -5 -9-10 -7 -3  3  8 11 14 15 15 15 16 18 2326 6 3MC 239 439999999999999999999991037-10999999999999999999999
 28 34 39 41 40 35 27 17  7 -2 -8-10 -9 -5 -1  4  8 11 13 14 14 14 16 1926 6 4MC 311 4199999999999999999999911 9-10999999999999999999999
 24 30 35 38 39 36 29 21 11  2 -5 -9 -9 -7 -4  1  5  9 11 12 13 14 15 1726 6 5MC 341 399999999999999999999991142 -9999999999999999999999
 20 25 30 34 36 35 30 23 15  6 -1 -6 -8 -8 -5 -1  3  7 10 12 13 14 15 1626 6 6MC 411 369999999999999999999991215 -9999999999999999999999
 18 21 25 29 31 31 29 24 18 10  3 -2 -6 -6 -5 -2  2  6 10 12 14 15 16 1626 6 7MC 439 329999999999999999999991248 -6999999999999999999999
 17 18 20 23 25 26 26 23 19 13  7  2 -1 -3 -3  0  3  7 11 14 16 17 18 1826 6 8MC 5 9 2722 9 18999999999999991318 -3999999999999999999999
 17 17 17 18 19 20 20 20 17 14 11  7  4  2  2  3  6  9 13 16 19 21 22 2126 6 9MC 542 2122 0 2299999999999999 1 9 171342  299999999999999
 20 18 16 14 14 13 14 14 14 13 12 10  8  7  7  8 10 13 16 20 23 26 27 2626 610MC2210 279999999999999999999991351  7999999999999999999999
 24 21 17 13 10  7  7  7  7  9 10 11 11 11 12 12 14 16 20 24 28 31 33 3326 611MC2232 33999999999999999999999 619  6999999999999999999999
 31 27 21 15  9  4  1  0  0  2  5  8 11 13 15 16 17 19 23 27 31 35 38 4026 612MC23 4 40999999999999999999999 7 3  0999999999999999999999
 39 35 28 21 12  4 -2 -6 -6 -5 -1  4  8 12 15 17 19 21 23 27 32 37 42 4526 613MC2345 46999999999999999999999 743 -6999999999999999999999
 46 43 38 29 19  9  0 -7-11-10 -7 -2  3  9 13 16 19 20 23 26 30 36 42 4726 614MC9999999999999999999999999999 825-11999999999999999999999
 50 50 46 39 29 17  6 -4-11-13-12 -8 -2  4 10 14 17 18 20 22 26 31 38 4526 615MC 033 50999999999999999999999 9 7-13999999999999999999999
 50 53 52 48 39 28 15  3 -7-13-14-12 -7 -1  6 11 14 16 17 19 21 25 31 3926 616MC 123 53999999999999999999999 950-14999999999999999999999
 45 51 53 52 46 37 25 12  1 -8-13-13-10 -4  2  8 12 14 15 16 17 19 24 3026 617MC 212 539999999999999999999991032-13999999999999999999999
 38 44 49 51 49 43 33 21  9 -1 -8-11-10 -6  0  5 10 13 15 15 15 16 18 2326 618MC 259 519999999999999999999991111-11999999999999999999999
 29 36 42 46 47 44 37 27 16  6 -3 -7 -8 -6 -1  4 10 13 15 16 15 15 15 1726 619MC 342 471845 16999999999999991145 -921 8 1599999999999999
 22 27 33 38 40 40 36 29 21 11  3 -3 -5 -4 -1  5 10 15 17 19 18 17 16 1626 620MC 421 4119 6 19999999999999991214 -52231 1599999999999999
 17 20 25 29 32 34 32 28 22 15  8  2 -1 -1  1  6 11 16 20 22 22 21 19 1726 621MC 457 341936 22999999999999991238 -2999999999999999999999
 16 17 19 22 24 26 26 24 20 16 11  6  3  2  4  7 12 18 22 26 27 26 24 2226 622MC 527 262010 2799999999999999 0 5 161255  299999999999999
 19 17 16 17 18 19 19 18 17 15 12  9  7  6  7 10 14 19 24 28 31 31 30 2726 623MC 553 192048 3199999999999999 212 1613 4  699999999999999
 24 20 17 15 14 13 13 13 13 12 12 11 10 10 11 13 16 20 25 30 33 35 35 3326 624MC2130 369999999999999999999991246 10999999999999999999999
 30 26 21 16 13 10  9  8  8  9 10 11 13 14 15 16 18 21 25 30 34 38 39 3926 625MC2215 39999999999999999999999 719  8999999999999999999999
 36 32 26 20 14 10  6  4  4  5  7 10 13 16 18 19 21 23 26 29 34 38 41 4226 626MC23 3 42999999999999999999999 740  4999999999999999999999
 41 38 32 26 18 12  6  3  1  2  5  8 12 16 19 21 23 24 26 28 32 37 41 4426 627MC2350 44999999999999999999999 8 7  1999999999999999999999
 44 43 38 32 24 15  8  3  0 -1  2  5 10 15 19 22 24 24 25 27 30 34 39 4326 628MC9999999999999999999999999999 836 -1999999999999999999999
 46 46 43 37 29 20 12  4  0 -2 -1  2  7 13 18 21 23 24 24 25 27 30 35 4126 629MC 035 46999999999999999999999 9 5 -2999999999999999999999
 45 47 46 42 35 26 16  7  1 -3 -3 -1  4  9 15 19 22 23 23 23 24 26 31 3726 630MC 117 47999999999999999999999 934 -3999999999999999999999
 42 46 48 45 40 31 21 11  2 -3 -5 -3  1  6 11 16 20 21 21 21 21 23 26 3226 7 1MC 155 4899999999999999999999910 1 -5999999999999999999999
 38 43 47 47 43 35 25 14  5 -2 -5 -5 -2  3  8 13 17 19 20 20 20 20 23 2726 7 2MC 230 479999999999999999999991028 -6999999999999999999999
 33 39 44 45 44 38 29 18  8  0 -5 -6 -4  0  5 11 15 18 19 19 19 19 20 2326 7 3MC 3 2 461821 19999999999999991053 -62042 1899999999999999
 28 34 39 42 42 39 32 22 12  3 -3 -6 -5 -2  4  9 14 18 19 20 19 18 18 2026 7 4MC 333 431838 20999999999999991117 -62130 1899999999999999
 23 28 33 37 39 38 33 25 16  7  0 -3 -4 -1  3  9 14 18 20 21 20 19 18 1826 7 5MC 4 4 391855 21999999999999991139 -42229 1899999999999999
 20 23 27 31 34 34 31 26 19 11  5  1 -1  1  5 10 15 20 23 24 23 22 20 1926 7 6MC 434 3419 9 24999999999999991156 -12344 1899999999999999
 18 19 22 25 28 29 28 25 20 14  9  5  4  5  8 13 18 23 26 28 28 26 23 2126 7 7MC 5 5 291924 289999999999999912 6  4999999999999999999999
 19 18 18 19 21 23 23 22 19 16 13 10  9 10 13 17 22 27 31 33 33 32 29 2626 7 8MC 539 231943 3399999999999999 122 1812 1  999999999999999
 22 19 17 16 16 16 17 17 16 15 14 13 13 15 17 21 26 30 35 38 39 38 36 3326 7 9MC 625 172012 3999999999999999 331 151125 1399999999999999
 28 23 19 15 12 11 11 11 11 12 13 14 15 18 20 24 28 33 37 41 43 44 43 4126 710MC21 0 44999999999999999999999 6 9 10999999999999999999999
 37 31 25 19 13  9  6  5  5  7  9 12 15 19 22 25 29 33 37 42 46 48 49 4826 711MC22 6 49999999999999999999999 710  5999999999999999999999
 46 40 34 26 18 10  5  1  1  2  5  9 13 17 21 25 28 31 35 40 44 48 51 5326 712MC2320 53999999999999999999999 753  1999999999999999999999
 53 50 44 36 26 16  7  1 -2 -2  0  4  9 15 19 23 26 29 31 35 39 45 50 5426 713MC9999999999999999999999999999 834 -3999999999999999999999
 56 56 52 46 36 25 14  4 -2 -4 -3  0  5 11 17 21 24 26 27 29 33 38 44 5026 714MC 028 56999999999999999999999 912 -4999999999999999999999
 55 57 57 53 45 34 22 11  2 -4 -5 -3  2  8 14 19 22 24 24 25 27 30 35 4226 715MC 126 58999999999999999999999 947 -5999999999999999999999
 49 54 57 56 51 42 30 18  7 -1 -4 -3  1  6 13 18 22 23 23 22 22 24 27 3326 716MC 217 571717 23999999999999991018 -41938 2299999999999999
 40 47 52 54 52 46 36 24 13  4 -1 -3  0  6 12 18 23 25 24 22 21 20 21 2526 717MC 3 2 541717 25999999999999991045 -32056 2099999999999999
 31 38 44 48 49 45 38 29 18  9  3  0  1  6 13 19 24 27 27 25 22 20 19 2026 718MC 342 491732 289999999999999911 7  022 3 1999999999999999
 23 29 35 40 42 41 37 30 21 13  7  3  4  7 14 20 26 30 32 30 27 23 20 1826 719MC 417 421754 32999999999999991125  323 8 1899999999999999
 19 22 27 31 34 35 33 29 23 16 11  7  7 10 15 22 28 33 36 35 32 28 24 2026 720MC 449 351819 36999999999999991138  6999999999999999999999
 19 19 21 24 27 29 28 26 22 18 14 11 10 12 17 23 30 35 39 40 38 34 30 2526 721MC 517 291849 4099999999999999 016 191144 1099999999999999
 21 20 19 20 22 23 23 22 20 18 16 14 14 16 19 24 30 36 40 42 42 40 36 3126 722MC 538 231923 4399999999999999 141 191133 1499999999999999
 27 23 20 19 19 19 18 18 17 17 16 17 18 19 22 26 31 36 40 43 45 44 41 3826 723MC20 6 4599999999999999999999910 1 16999999999999999999999
 33 28 24 21 18 17 15 15 15 15 16 18 20 22 25 28 31 35 39 43 45 46 45 4326 724MC21 4 46999999999999999999999 752 15999999999999999999999
 39 35 30 25 21 17 14 12 12 13 15 18 21 24 27 29 32 34 37 40 43 46 47 4726 725MC2219 47999999999999999999999 753 12999999999999999999999
 45 41 36 30 24 19 14 11 10 10 13 16 20 24 28 30 32 33 35 38 41 44 47 4826 726MC2332 49999999999999999999999 814 10999999999999999999999
 48 46 42 36 29 22 16 11  8  8 10 14 18 23 27 30 31 32 33 34 37 40 44 4826 727MC9999999999999999999999999999 838  8999999999999999999999
 50 50 47 42 34 26 18 12  7  6  7 11 16 21 26 29 30 31 31 31 33 36 40 4526 728MC 028 50999999999999999999999 9 1  6999999999999999999999
 50 52 51 47 39 30 21 13  7  4  4  7 12 18 23 27 29 29 29 28 29 31 35 4126 729MC 113 521639 2999999999999999 923  419 9 2899999999999999
 47 51 52 50 44 35 25 15  7  3  2  4  9 15 21 25 28 28 27 26 25 27 30 3626 730MC 152 521644 2999999999999999 944  21957 2599999999999999
 42 48 51 51 46 38 28 18  9  3  1  2  7 13 19 24 27 28 27 25 23 23 25 3026 731MC 226 511653 289999999999999910 4  12041 2399999999999999
 36 42 47 49 47 41 32 21 12  5  1  1  5 11 18 23 27 29 28 25 23 21 21 2426 8 1MC 3 0 4917 4 29999999999999991023  12125 2199999999999999
 30 36 42 45 45 41 34 25 15  8  3  3  6 11 18 24 28 30 30 27 24 21 19 2026 8 2MC 332 461716 30999999999999991040  22211 1999999999999999
 24 29 35 40 41 40 35 27 19 12  7  6  8 13 19 25 30 33 33 30 26 22 19 1826 8 3MC 4 5 411729 33999999999999991054  623 1 1899999999999999
 20 23 28 33 36 36 34 28 22 16 11 10 11 16 22 28 33 37 37 35 31 26 22 1926 8 4MC 438 361742 379999999999999911 2 102357 1899999999999999
 18 19 22 26 29 31 30 27 23 19 15 14 16 19 25 31 37 41 42 41 37 32 27 2226 8 5MC 512 311757 42999999999999991059 14999999999999999999999
 19 18 19 21 23 25 25 24 22 20 18 18 19 23 28 34 40 44 46 46 43 39 34 2926 8 6MC 546 261821 4799999999999999 1 7 181041 1899999999999999
 24 20 19 18 19 20 20 20 20 19 19 20 22 25 30 35 41 46 49 50 49 46 42 3726 8 7MC 622 201856 5099999999999999 250 18 941 1999999999999999
 32 27 22 19 17 16 16 15 16 16 18 20 23 26 31 35 40 45 49 52 52 51 49 4626 8 8MC1954 52999999999999999999999 653 15999999999999999999999
 41 35 29 24 19 15 13 11 11 13 15 18 22 26 30 34 38 42 46 50 52 53 54 5326 8 9MC2141 54999999999999999999999 729 11999999999999999999999
 50 45 39 32 24 17 12  9  8  9 12 16 20 25 29 32 35 38 41 45 48 51 54 5626 810MC2330 56999999999999999999999 8 1  8999999999999999999999
 56 53 48 41 32 23 15  9  6  6  8 13 18 23 27 30 33 34 36 38 42 46 50 5526 811MC9999999999999999999999999999 831  6999999999999999999999
 57 58 55 49 40 30 20 11  6  4  6 10 16 22 26 30 31 31 31 32 34 38 43 4926 812MC 042 58999999999999999999999 858  4999999999999999999999
 54 58 58 55 47 37 26 16  8  4  5  9 15 21 26 30 31 30 29 27 27 30 34 4126 813MC 137 5816 0 3199999999999999 922  41933 2799999999999999
 48 53 56 56 51 42 32 21 12  6  5  8 14 21 27 32 33 32 29 26 23 23 26 3126 814MC 223 5716 1 3399999999999999 943  52037 2399999999999999
 39 45 51 53 51 45 35 25 16  9  7  9 14 21 28 34 36 35 32 27 23 20 20 2326 815MC 3 3 531614 369999999999999910 2  72130 2099999999999999
 29 36 43 47 47 44 37 28 20 13  9 10 15 22 30 36 40 40 37 31 25 20 18 1826 816MC 340 471632 40999999999999991019  92221 1899999999999999
 22 28 34 39 41 40 36 29 22 16 13 12 16 23 31 38 43 44 42 37 30 24 19 1726 817MC 415 411654 44999999999999991032 122311 1799999999999999
 18 22 27 31 34 35 33 29 24 19 16 15 18 24 31 39 44 47 46 42 36 29 23 1926 818MC 447 351718 47999999999999991041 15999999999999999999999
 18 19 22 25 28 30 29 27 24 21 19 19 21 25 32 38 44 48 49 47 42 36 29 2426 819MC 517 301744 4999999999999999 0 2 181040 1999999999999999
 21 20 20 22 24 25 26 25 23 22 21 22 23 27 32 38 44 48 50 49 46 41 36 3026 820MC 541 261814 5099999999999999 1 3 201013 2199999999999999
 26 23 22 22 22 22 22 22 22 22 22 24 26 29 33 37 42 46 49 49 48 45 41 3726 821MC 539 221852 4999999999999999 244 22 834 2199999999999999
 32 29 26 23 22 21 20 20 20 20 22 24 27 30 33 37 40 43 46 48 48 47 45 4226 822MC1948 48999999999999999999999 735 19999999999999999999999
 39 35 31 27 24 21 19 17 17 18 21 24 28 31 34 36 38 40 43 45 46 47 47 4626 823MC2140 47999999999999999999999 740 17999999999999999999999
 44 41 36 31 26 22 18 16 15 16 19 23 27 31 34 35 37 38 39 40 43 45 47 4826 824MC2321 49999999999999999999999 757 15999999999999999999999
 48 46 42 36 30 24 18 14 13 13 16 20 25 30 33 35 35 35 35 36 38 41 45 4826 825MC9999999999999999999999999999 815 13999999999999999999999
 50 50 47 41 34 26 19 14 11 11 13 18 23 28 32 34 34 33 32 32 33 36 40 4526 826MC 021 501534 3599999999999999 833 101850 3299999999999999
 50 51 50 45 38 29 21 14  9  8 10 15 21 27 31 34 34 32 30 28 28 30 35 4026 827MC 1 6 511532 3499999999999999 850  81938 2899999999999999
 46 50 51 48 42 33 23 15  9  7  8 13 19 26 31 34 34 32 29 26 24 24 28 3426 828MC 145 511537 3599999999999999 9 6  72019 2499999999999999
 41 46 50 49 44 36 27 18 11  7  8 12 18 25 31 35 36 34 30 25 21 20 22 2726 829MC 222 501546 3699999999999999 923  72059 2099999999999999
 33 40 45 47 45 39 30 21 14 10  9 12 19 26 32 37 38 36 32 26 21 17 17 2026 830MC 259 471557 3899999999999999 938  92139 1699999999999999
 26 33 39 43 43 39 33 25 18 13 12 14 20 27 34 39 41 40 35 29 23 17 14 1526 831MC 335 4416 9 4199999999999999 951 122220 1499999999999999
 19 25 32 37 39 38 33 27 21 17 15 17 22 29 36 42 45 44 41 34 27 20 15 1326 9 1MC 412 391623 459999999999999910 0 1523 4 1399999999999999
 15 19 25 30 33 34 32 28 23 20 19 20 25 31 39 45 48 49 46 40 33 25 19 1526 9 2MC 448 341641 499999999999999910 0 192353 1499999999999999
 14 15 19 24 27 29 29 27 24 22 21 23 27 33 40 46 51 52 51 47 40 33 26 2026 9 3MC 525 2917 3 5299999999999999 950 21999999999999999999999
 16 15 17 19 22 24 25 24 23 22 23 24 28 33 39 46 51 54 54 51 47 41 34 2826 9 4MC 6 3 251733 5499999999999999 055 15 922 2299999999999999
 23 20 18 18 19 20 20 21 21 21 22 25 28 33 38 44 49 53 54 54 51 47 42 3726 9 5MC1814 54999999999999999999999 233 18999999999999999999999
 32 27 23 20 18 17 17 17 18 19 21 24 28 32 36 41 45 49 51 53 52 51 49 4526 9 6MC1918 53999999999999999999999 611 17999999999999999999999
 41 36 30 25 20 17 15 14 15 17 20 23 27 31 34 37 40 43 46 48 50 51 51 5126 9 7MC22 2 51999999999999999999999 7 6 14999999999999999999999
 48 44 39 32 25 19 15 12 12 14 18 22 27 30 33 35 37 38 39 41 44 47 50 5226 9 8MC2347 53999999999999999999999 733 12999999999999999999999
 53 51 46 39 31 23 17 12 11 13 16 21 27 31 34 35 34 34 33 34 36 40 44 4926 9 9MC1518 35999999999999999999999 756 111759 3399999999999999
 52 53 51 45 37 28 20 14 11 12 16 21 27 32 35 36 34 32 29 28 28 31 37 4226 910MC 050 531444 3699999999999999 816 111917 2899999999999999
 48 52 52 49 42 33 24 17 12 12 15 21 28 34 38 39 37 33 28 24 22 23 28 3426 911MC 140 521446 3999999999999999 835 1120 9 2299999999999999
 41 46 50 49 45 37 28 20 15 13 15 21 29 36 41 43 41 36 29 23 19 17 20 2526 912MC 223 501459 4399999999999999 853 132055 1799999999999999
 32 39 44 46 44 39 31 24 18 15 16 22 29 37 43 46 46 41 33 26 19 15 14 1826 913MC 3 3 461517 4799999999999999 911 152137 1499999999999999
 24 31 37 41 42 39 33 26 21 18 18 22 30 38 45 49 50 46 39 30 22 16 12 1326 914MC 341 421538 5099999999999999 926 172218 1299999999999999
 17 23 30 34 37 36 33 28 23 20 20 23 30 38 45 51 53 51 45 36 27 19 14 1226 915MC 418 3716 1 5399999999999999 938 202259 1299999999999999
 14 18 24 28 32 33 31 28 25 23 22 25 30 37 44 50 54 53 49 42 33 25 19 1526 916MC 453 331625 5499999999999999 944 222341 1499999999999999
 14 16 20 24 27 29 29 27 26 24 24 26 30 36 42 48 53 54 51 46 39 31 25 2026 917MC 528 291652 5499999999999999 936 24999999999999999999999
 17 17 19 21 24 25 26 26 25 25 26 27 30 35 40 46 50 52 52 48 43 37 31 2626 918MC 6 3 261720 5299999999999999 029 17 835 2599999999999999
 22 20 20 21 22 23 23 23 24 25 26 28 31 34 39 43 47 49 50 49 45 41 37 3226 919MC1753 50999999999999999999999 139 20999999999999999999999
 28 25 23 22 21 21 21 21 22 23 26 28 31 34 37 40 43 45 47 47 46 44 41 3726 920MC1839 47999999999999999999999 550 21999999999999999999999
 34 30 27 24 21 20 19 19 19 22 25 28 31 34 36 38 40 41 42 43 44 44 43 4226 921MC2036 44999999999999999999999 642 19999999999999999999999
 39 35 31 27 23 19 17 16 17 19 23 27 31 34 36 37 37 37 38 39 40 42 43 4426 922MC2251 44999999999999999999999 7 4 16999999999999999999999
 43 40 36 30 25 20 16 14 15 17 21 26 31 34 36 36 35 34 33 33 35 38 41 4426 923MC1434 36999999999999999999999 722 141819 3399999999999999
 45 44 40 35 28 21 16 13 13 15 20 25 31 35 37 37 34 32 29 28 29 32 36 4126 924MC 0 1 451423 3799999999999999 739 1319 7 2899999999999999
 44 46 44 39 32 24 18 14 12 14 18 25 31 36 38 38 35 31 26 23 23 25 29 3526 925MC 052 461424 3899999999999999 756 121946 2299999999999999
 41 45 45 42 36 28 21 16 13 14 18 25 31 37 40 40 37 32 25 20 17 18 22 2826 926MC 138 451430 4199999999999999 812 132023 1799999999999999
 35 41 44 43 39 32 25 19 16 16 19 26 33 39 43 44 40 34 27 20 14 12 14 2026 927MC 220 441440 4499999999999999 828 152059 1299999999999999
 27 34 39 41 40 35 28 23 19 18 21 27 35 41 46 48 45 39 30 22 14  9  9 1326 928MC 3 2 411454 4899999999999999 841 182137  999999999999999
 19 27 33 37 38 35 31 26 22 21 23 29 36 44 49 52 50 45 36 26 17 10  7  826 929MC 343 381511 5299999999999999 851 212216  799999999999999
 13 19 26 31 34 34 31 27 24 23 25 30 37 45 51 55 55 51 43 33 23 15  9  726 930MC 423 341532 5599999999999999 855 232259  799999999999999
  9 14 20 25 29 30 29 27 25 25 26 30 37 44 51 56 58 56 50 41 32 22 15 102610 1MC 5 5 301558 5899999999999999 850 252348  999999999999999
  9 11 15 20 24 26 26 26 25 25 26 30 35 42 49 55 58 58 54 48 40 31 23 172610 2MC 550 271629 5899999999999999 833 25999999999999999999999
 14 13 14 17 19 22 23 23 24 24 26 29 33 39 45 51 55 57 56 52 46 40 33 262610 3MC17 6 57999999999999999999999 051 13999999999999999999999
 21 18 16 16 17 19 20 21 22 23 25 28 32 36 41 46 50 53 53 52 49 45 40 352610 4MC1751 53999999999999999999999 227 16999999999999999999999
 30 25 21 18 17 17 18 19 20 23 25 28 31 34 37 41 44 46 48 49 48 47 45 422610 5MC19 3 49999999999999999999999 436 17999999999999999999999
 38 33 28 23 19 17 16 17 19 22 26 29 32 34 36 37 38 40 41 43 44 45 46 452610 6MC2213 46999999999999999999999 553 16999999999999999999999
 43 39 34 28 23 19 17 17 19 22 27 31 34 36 36 36 35 34 34 35 37 40 43 452610 7MC1354 362347 4699999999999999 628 161731 3499999999999999
 46 44 40 34 28 22 18 17 19 22 28 33 37 39 39 37 34 30 28 28 29 32 37 412610 8MC1323 39999999999999999999999 652 171847 2899999999999999
 44 45 43 38 32 26 21 18 19 23 29 35 40 43 43 40 35 30 25 22 22 24 29 352610 9MC 049 451328 4399999999999999 714 181935 2199999999999999
 40 43 44 41 36 30 24 20 20 23 29 36 43 47 48 45 39 32 25 19 16 17 21 27261010MC 140 441344 4899999999999999 735 202016 1699999999999999
 34 39 42 42 38 33 27 23 22 24 30 37 44 50 52 50 44 36 27 19 14 12 14 20261011MC 225 4314 3 5299999999999999 756 222054 1299999999999999
 26 33 38 40 39 35 30 26 24 25 30 37 45 52 55 55 50 42 32 22 14 10 10 14261012MC 3 8 401425 5699999999999999 814 242131  999999999999999
 20 27 33 37 38 36 32 29 26 26 30 36 44 52 56 58 55 47 38 27 18 11  9 10261013MC 350 381449 5899999999999999 831 2622 7  999999999999999
 15 21 27 32 35 35 33 30 28 28 30 35 42 50 56 59 58 52 43 33 23 16 11 10261014MC 430 351515 5999999999999999 843 282243 1099999999999999
 12 17 23 27 31 32 32 30 29 29 30 34 40 47 53 57 58 55 48 39 30 21 15 12261015MC 511 321542 5899999999999999 845 292321 1299999999999999
 13 16 20 24 27 29 30 29 29 29 31 33 38 44 50 54 57 55 51 44 35 27 21 16261016MC1610 579999999999999999999999999999999999999999999999999
 15 16 18 21 24 26 27 28 28 29 31 33 36 41 46 50 53 54 51 46 40 33 27 22261017MC1640 54999999999999999999999 0 3 15999999999999999999999
 19 18 19 20 22 23 25 26 27 29 30 33 35 39 43 46 49 51 50 47 43 37 32 27261018MC1712 51999999999999999999999 059 18999999999999999999999
 23 21 20 20 20 21 22 24 26 28 30 33 35 38 40 43 45 46 47 46 43 40 36 32261019MC1748 47999999999999999999999 234 20999999999999999999999
 28 25 22 20 20 20 20 22 24 27 30 33 36 37 39 40 41 41 42 42 42 41 39 36261020MC1856 42999999999999999999999 428 19999999999999999999999
 33 29 25 22 20 19 19 20 23 26 30 34 37 38 38 38 37 37 37 37 38 39 40 39261021MC1347 382156 4099999999999999 526 191717 3799999999999999
 37 34 30 25 22 19 18 19 22 26 31 35 38 39 39 37 35 32 31 31 33 35 38 40261022MC1314 392333 4099999999999999 558 181825 3199999999999999
 40 38 34 30 25 21 19 20 22 26 32 37 40 42 41 38 34 29 26 25 26 29 33 37261023MC13 7 42999999999999999999999 623 1919 4 2599999999999999
 40 40 38 34 29 25 22 21 23 28 33 39 43 45 44 41 35 28 23 19 19 21 26 32261024MC 041 401310 4599999999999999 644 211938 1999999999999999
 37 40 40 38 34 29 26 24 26 30 36 42 47 50 49 45 38 30 22 16 13 14 18 25261025MC 137 411320 5099999999999999 7 3 242013 1399999999999999
 31 37 40 40 37 33 30 28 28 32 38 45 51 54 55 51 44 34 24 15 10  8 11 17261026MC 227 401336 5599999999999999 718 282050  899999999999999
 24 31 36 39 38 35 32 30 31 33 39 47 53 58 60 57 51 41 30 19 11  6  6 10261027MC 315 391357 6099999999999999 729 302129  599999999999999
 17 24 31 35 36 35 33 32 32 34 39 46 54 60 63 63 58 49 38 26 16  8  5  7261028MC 4 0 361424 6499999999999999 735 322210  599999999999999
 11 18 24 30 33 34 33 32 32 33 37 44 52 59 64 66 63 57 47 35 24 15  9  7261029MC 447 341456 6699999999999999 733 312256  799999999999999
  9 14 19 24 29 31 31 30 31 32 35 41 48 55 62 65 65 61 54 44 34 24 16 11261030MC1533 669999999999999999999992347 10999999999999999999999
 10 12 16 20 24 27 28 29 29 31 33 37 43 50 56 61 63 62 58 51 42 33 25 19261031MC1612 639999999999999999999999999999999999999999999999999
 15 14 16 18 22 24 26 28 29 30 32 35 39 44 49 54 58 59 57 53 48 41 34 272611 1MC1655 59999999999999999999999 049 14999999999999999999999
 22 19 18 19 20 23 25 27 29 30 32 34 37 40 43 47 51 53 53 52 49 45 40 342611 2MC1742 53999999999999999999999 2 4 18999999999999999999999
 29 25 22 21 21 22 25 27 30 32 34 36 37 38 40 41 43 45 47 47 47 45 43 402611 3MC1856 47999999999999999999999 317 20999999999999999999999
 35 31 27 24 23 23 25 28 31 35 37 39 39 39 39 38 38 38 39 40 41 42 43 422611 4MC12 7 392154 4399999999999999 414 231558 3899999999999999
 40 36 32 29 26 25 26 29 33 37 41 43 44 43 41 38 35 33 32 33 34 37 39 412611 5MC1148 442339 4199999999999999 456 2518 0 3299999999999999
 41 40 37 33 30 27 27 30 34 39 44 48 49 48 45 40 35 30 27 26 27 30 34 382611 6MC12 2 49999999999999999999999 529 271854 2699999999999999
 41 41 40 37 34 31 30 31 35 41 47 52 54 54 50 44 37 30 25 21 21 24 28 332611 7MC 052 411223 5599999999999999 559 301935 2199999999999999
 38 41 42 40 38 34 32 33 36 41 48 54 58 59 56 50 42 33 25 19 17 18 22 272611 8MC 151 421247 5999999999999999 627 322011 1799999999999999
 33 38 42 42 40 38 35 35 36 41 48 55 60 63 62 56 48 38 28 20 15 14 17 222611 9MC 241 421313 6399999999999999 652 352046 1499999999999999
 28 34 39 42 42 40 38 37 37 41 47 54 60 64 65 62 54 44 34 24 17 13 14 18261110MC 328 421341 6599999999999999 716 372120 1399999999999999
 24 30 36 40 41 41 39 38 38 40 45 52 58 64 66 65 59 50 40 29 21 15 13 16261111MC 413 411410 6699999999999999 735 382155 1399999999999999
 20 26 32 36 39 40 39 38 38 39 43 49 55 61 65 66 63 55 46 36 26 19 15 15261112MC 459 401441 6699999999999999 748 382230 1599999999999999
 18 23 28 33 36 38 38 38 38 38 41 45 51 57 62 65 64 59 51 41 32 24 19 17261113MC1513 6599999999999999999999923 6 17999999999999999999999
 18 21 25 29 33 35 36 37 37 38 39 43 48 53 58 62 62 60 54 46 37 29 23 19261114MC1544 629999999999999999999992345 19999999999999999999999
 19 20 23 27 30 32 34 35 36 37 38 41 44 49 54 57 59 59 55 49 42 34 28 23261115MC1616 599999999999999999999999999999999999999999999999999
 21 21 22 25 28 30 32 34 36 37 38 40 43 46 49 53 55 56 54 50 45 38 32 27261116MC1647 56999999999999999999999 030 20999999999999999999999
 24 22 22 24 26 28 31 33 35 37 39 40 42 44 46 48 50 51 51 49 46 41 36 31261117MC1720 51999999999999999999999 122 22999999999999999999999
 28 25 24 24 25 28 30 33 36 38 40 42 43 43 44 44 45 46 47 46 45 43 40 36261118MC18 3 47999999999999999999999 219 24999999999999999999999
 32 29 27 26 26 28 30 33 37 40 43 44 45 44 43 42 41 41 41 41 42 42 41 39261119MC1152 452036 4299999999999999 313 261651 4199999999999999
 37 34 31 30 29 30 32 35 39 43 46 48 48 46 44 40 37 35 35 35 36 38 40 41261120MC1136 4823 9 4199999999999999 358 2918 7 3599999999999999
 40 39 37 35 33 33 35 38 41 46 50 52 52 50 46 41 36 32 29 28 30 33 36 39261121MC1138 52999999999999999999999 434 331846 2899999999999999
 41 42 41 39 38 37 38 41 45 49 54 57 58 56 52 45 37 30 25 22 23 26 30 35261122MC 050 421151 5899999999999999 5 1 371923 2299999999999999
 40 43 44 43 42 41 41 43 47 53 58 62 64 63 59 51 42 33 25 19 17 19 23 29261123MC 2 5 441212 6499999999999999 519 4120 1 1799999999999999
 35 40 43 44 44 43 43 45 49 54 60 66 69 70 66 60 50 39 28 20 15 14 17 22261124MC 3 8 441240 7099999999999999 528 432041 1499999999999999
 29 35 40 43 44 44 44 45 48 53 60 66 72 74 73 68 59 48 36 25 17 13 13 17261125MC1316 749999999999999999999992124 12999999999999999999999
 23 29 35 40 42 43 43 44 46 50 56 64 70 75 77 74 68 58 46 34 23 16 13 14261126MC1357 7799999999999999999999922 9 13999999999999999999999
 19 24 30 36 39 40 41 41 43 46 51 58 66 72 76 77 73 66 55 44 32 23 17 15261127MC1440 779999999999999999999992256 15999999999999999999999
 17 21 26 32 36 38 39 39 40 42 46 52 59 66 71 74 74 70 62 52 42 32 24 19261128MC1525 759999999999999999999992345 18999999999999999999999
 19 21 25 29 33 36 38 39 39 40 42 46 51 58 64 68 70 69 65 58 49 40 32 26261129MC1610 709999999999999999999999999999999999999999999999999
 23 22 25 28 32 36 38 39 40 40 41 43 46 50 55 60 63 65 63 59 53 46 39 32261130MC1654 65999999999999999999999 033 22999999999999999999999
 28 26 27 29 33 36 39 42 43 43 43 43 44 46 49 52 55 57 58 56 53 49 43 382612 1MC1740 58999999999999999999999 118 26999999999999999999999
 34 31 30 31 34 38 41 44 46 47 47 46 45 45 45 46 48 49 51 51 50 48 45 422612 2MC 913 471840 5199999999999999 157 301312 4599999999999999
 38 36 34 34 36 39 43 47 50 52 53 51 49 47 45 43 42 43 43 44 45 45 45 442612 3MC 943 532110 4599999999999999 231 3416 9 4299999999999999
 42 40 38 37 38 41 45 49 54 57 58 58 55 52 47 43 40 38 37 38 39 41 43 442612 4MC1015 582347 4499999999999999 3 4 371758 3799999999999999
 44 44 43 42 41 43 46 51 56 60 63 64 62 58 52 46 41 36 33 33 34 36 39 422612 5MC1048 64999999999999999999999 337 411851 3399999999999999
 45 46 46 46 45 45 47 51 56 62 66 68 68 64 59 52 44 37 32 30 29 32 35 402612 6MC 132 461122 6899999999999999 413 451930 2999999999999999
 44 47 49 49 48 48 49 51 56 61 67 70 72 70 65 58 49 41 34 29 27 28 31 362612 7MC 242 491158 7299999999999999 455 4820 6 2799999999999999
 41 46 49 51 51 50 50 52 55 60 66 71 74 74 71 64 56 46 37 30 26 26 28 322612 8MC1234 749999999999999999999992041 26999999999999999999999
 38 43 48 51 52 52 51 51 53 57 63 69 73 75 74 70 62 52 43 34 28 25 26 292612 9MC1312 769999999999999999999992116 25999999999999999999999
 34 40 45 49 51 51 51 51 52 55 59 65 71 75 76 73 67 58 48 39 31 26 25 27261210MC1349 769999999999999999999992150 25999999999999999999999
 31 37 42 46 49 50 50 50 50 52 56 61 67 72 75 75 71 63 54 44 35 29 26 26261211MC1425 759999999999999999999992223 26999999999999999999999
 29 33 38 43 46 48 49 49 49 49 52 57 62 68 72 74 72 66 58 49 40 32 27 26261212MC15 0 749999999999999999999992256 26999999999999999999999
 28 31 35 40 44 46 47 47 47 48 49 53 57 63 68 71 71 68 61 53 44 36 30 27261213MC1533 719999999999999999999992328 27999999999999999999999
 27 29 33 37 41 44 46 47 47 47 48 50 54 58 63 67 68 67 62 56 48 40 33 29261214MC16 5 689999999999999999999992359 28999999999999999999999
 28 29 32 36 40 43 46 47 48 48 48 49 51 54 58 61 64 64 62 57 50 43 37 32261215MC1636 649999999999999999999999999999999999999999999999999
 30 30 32 35 39 43 46 48 49 50 49 49 50 51 53 56 59 60 59 56 52 47 41 37261216MC17 9 60999999999999999999999 029 30999999999999999999999
 34 33 34 37 40 44 47 50 52 52 52 51 50 50 50 51 53 54 55 54 52 48 45 41261217MC 9 5 521751 5599999999999999 057 331310 5099999999999999
 39 37 38 39 43 46 50 53 55 56 56 54 52 50 49 48 48 48 49 49 49 48 47 45261218MC 916 561919 4999999999999999 120 371534 4799999999999999
 43 42 42 44 46 50 53 57 59 61 61 59 57 53 49 46 43 42 43 43 45 46 47 47261219MC 932 61999999999999999999999 130 421722 4299999999999999
 47 47 47 48 50 53 57 61 64 66 67 66 63 58 53 47 42 39 37 37 39 41 44 46261220MC 956 679999999999999999999991823 37999999999999999999999
 48 50 51 52 54 56 60 64 68 71 73 73 70 66 59 52 44 38 34 32 32 35 39 43261221MC1030 739999999999999999999991911 32999999999999999999999
 47 50 52 54 56 58 61 65 69 74 77 79 78 74 68 60 50 41 34 29 28 29 33 38261222MC1114 799999999999999999999991957 28999999999999999999999
 43 48 51 54 55 57 60 63 68 73 78 82 83 82 77 70 60 49 39 31 26 26 28 32261223MC12 5 839999999999999999999992042 25999999999999999999999
 38 44 48 52 54 55 57 60 64 69 75 81 85 87 85 79 70 59 47 37 29 25 25 28261224MC1259 879999999999999999999992128 25999999999999999999999
 33 39 45 49 51 53 54 55 58 63 69 76 82 86 88 85 78 69 57 45 35 28 25 26261225MC1352 889999999999999999999992212 25999999999999999999999
 30 35 41 46 49 51 51 52 53 56 61 68 75 81 85 86 83 76 66 54 43 34 28 27261226MC1443 869999999999999999999992252 27999999999999999999999
 29 33 39 44 48 50 50 50 50 51 54 60 66 73 79 82 82 78 71 61 50 41 34 30261227MC1530 839999999999999999999992328 30999999999999999999999
 30 33 38 43 48 50 51 51 50 49 50 53 58 64 70 75 77 76 72 65 56 47 39 34261228MC 6 5 511614 7799999999999999 859 492357 3399999999999999
 33 35 39 44 49 52 54 54 53 51 50 50 52 56 61 66 69 70 69 64 58 51 44 39261229MC 626 541655 70999999999999991022 50999999999999999999999
 37 37 40 45 51 55 58 59 58 55 53 51 50 51 54 58 61 63 63 61 58 53 48 44261230MC 654 591736 6399999999999999 021 371151 5099999999999999
 41 41 43 47 53 58 62 64 64 62 58 55 52 50 50 51 53 55 56 56 55 52 49 47261231MC 724 641818 5699999999999999 034 401335 5099999999999999
