 38 72108137156160152136116101 93 96109129149163165152124 87 46 10-12-1626 1 1MG 4501601540166999999999999991013 932242-1799999999999999
 -1 30 71113147168172162142118 99 90 94109132154169170155123 80 35 -3-2526 1 2MG 5461731635172999999999999991113 902334-2999999999999999
-27 -7 30 77122158177179164139113 92 85 92111137162177176156119 72 24-1326 1 3MG 63418017271789999999999999912 2 85999999999999999999999
-33-30 -4 38 88134167183178158130102 84 79 91114143168181177152112 63 1626 1 4MG 716183181618299999999999999 021-341246 7999999999999999
-18-33-23  8 53102146174182172147117 90 75 76 92118148171181172144102 5426 1 5MG 75518219 318199999999999999 1 6-331328 7499999999999999
 11-17-24 -8 27 73119156176177160132102 79 69 75 94122149169174161131 9026 1 6MG 831179194717599999999999999 148-2414 9 6999999999999999
 47 12 -7 -6 15 52 95135163173166145116 89 71 66 75 9612214616116214611626 1 7MG 9 4174203216499999999999999 226-101450 6599999999999999
 80 44 19  9 18 43 78116147165166153129102 78 65 64 76 9611913914914612926 1 8MG 935168211714999999999999999 3 2  91533 6399999999999999
103 74 48 32 31 44 70102131153161156138115 90 71 62 63 75 9311212713413026 1 9MG10 516222 813499999999999999 336 291621 6199999999999999
116 96 74 57 50 54 70 93119140153154144126104 82 67 59 62 72 8710211412026 110MG1036155231212099999999999999 4 9 501716 5999999999999999
117108 95 81 72 70 76 90109128142148146134117 97 78 63 56 57 65 77 9110326 111MG1112149999999999999999999999 445 691823 5699999999999999
110112108101 93 88 87 93103117129139142138128111 93 74 60 51 50 56 67 8126 112MG 047112115914299999999999999 536 871939 5099999999999999
 95107113115112106102 99101108117126134138135125109 90 70 53 43 40 45 5826 113MG 24711513 413899999999999999 7 2 992050 4099999999999999
 75 94110121126124118110105103106113123132137135126109 87 63 44 31 28 3626 114MG 411126141713799999999999999 8531032147 2899999999999999
 52 75 99120133138134124112103 98101110123135141140128107 80 53 31 18 1726 115MG 5 013815201429999999999999910 8 982233 1699999999999999
 29 53 81110133146147139124107 96 92 97110127142149145129102 70 39 15  526 116MG 5371481610149999999999999991056 922312  499999999999999
 10 29 59 94125147156152137116 98 86 86 97116136152157148125 92 55 23  126 117MG 6 91571653157999999999999991132 852348 -599999999999999
 -4  8 36 72110141159162150128104 86 78 84101125148163163147117 78 38  726 118MG 63916317321659999999999999912 5 78999999999999999999999
-10 -7 14 49 91129156167161141115 90 74 73 86110137160170164141103 61 2126 119MG 7 816718 917199999999999999 022-111236 7199999999999999
 -6-14 -2 28 69112147167169154128 99 75 65 71 91119148168173159129 87 4426 120MG 737171184617399999999999999 054-1413 9 6599999999999999
  8-11 -9 12 49 92133161173165142111 82 63 59 72 98128156171169149113 7126 121MG 8 5173192417399999999999999 126-131343 5999999999999999
 31  3 -7  4 33 73116150170171154125 93 67 53 56 75103134158168160135 9926 122MG 83317320 516899999999999999 158 -71419 5399999999999999
 59 25  6  6 25 58 98136162171163139108 77 55 47 55 7710613415415914712126 123MG 9 1171204815999999999999999 230  41459 4799999999999999
 87 54 29 19 27 51 84120149166166150123 91 63 46 42 54 7710412914514713526 124MG 930168213814899999999999999 3 4 191543 4299999999999999
111 83 58 42 40 52 76106134155162155136108 79 54 40 39 51 72 9711813213426 125MG10 1162224113499999999999999 339 391634 3899999999999999
125107 87 70 62 64 76 97120141153154144124 98 72 50 37 35 45 63 8410411826 126MG1037155999999999999999999999 420 611738 3599999999999999
123120111 99 89 84 86 95110126139147146136118 95 71 49 34 29 35 49 68 8826 127MG 0 8123112614799999999999999 513 831858 2999999999999999
106118123122116109103102106113123133140141134120 99 74 49 30 20 20 31 5126 128MG 215123124014199999999999999 6471022027 1999999999999999
 75 99119132136134126117109106108116126136142140128106 78 48 23  7  4 1526 129MG 4 4136141614299999999999999 9 51062143  399999999999999
 37 68100127145152148136120106 98 99107122138149150139114 81 44 13 -8-1126 130MG 5 61521537151999999999999991028 972243-1299999999999999
  2 31 69108140160165156137115 96 86 88102123145160163149119 79 36  0-2026 131MG 5501651639164999999999999991119 852332-2399999999999999
-21 -1 35 79122155173172155129101 80 73 80101129155172172153117 72 25-1026 2 1MG 62617417311749999999999999912 0 73999999999999999999999
-27-22  6 48 97140169179170145113 83 65 63 78105138165180175150109 60 1526 2 2MG 659179181718199999999999999 015-281237 6199999999999999
-16-25-11 24 70119157178178159127 92 65 52 58 80112146172181170140 96 4826 2 3MG 730181185918199999999999999 053-261312 5299999999999999
  9-13-13 10 50 97140170180169141106 72 50 45 58 86120151172175157123 8126 2 4MG 757180193817699999999999999 128-161346 4599999999999999
 39  9 -1 10 39 81123158175173152119 84 56 41 44 63 9212515216516114010626 2 5MG 823177201716699999999999999 2 0 -11420 4099999999999999
 69 37 19 19 38 71109144167172159131 98 66 45 38 47 69 9812614615314412126 2 6MG 846172205515399999999999999 228 171455 3899999999999999
 92 63 42 36 45 68100132156166160140111 80 55 41 41 53 7510112313613712626 2 7MG 9 8166213613899999999999999 255 361531 3999999999999999
107 84 65 55 57 72 95121144157157144122 94 69 50 42 45 59 78 9811412312226 2 8MG 931159222512499999999999999 320 541612 4299999999999999
113 99 85 75 73 79 94113132146150144129108 85 65 51 46 50 61 76 9110411026 2 9MG 956150233711299999999999999 346 7217 2 4699999999999999
111107100 93 89 91 98109122133139139132118100 82 66 55 50 52 59 69 81 9326 210MG1028140999999999999999999999 416 891815 5099999999999999
101106108108106105105109114121126130129124114101 86 71 58 50 48 51 59 7126 211MG 2 8108112213099999999999999 5121041957 4899999999999999
 85 98109117120119116113111111113117122124123117106 91 74 58 45 38 39 4826 212MG 419120131712499999999999999 8321112122 3899999999999999
 64 83103119130133130122113105102104110119127130126114 95 72 50 33 25 2726 213MG 45813314581309999999999999910 91022217 2499999999999999
 41 63 89114134144143134119105 94 91 97109124136141136119 94 64 37 18 1126 214MG 5271451559141999999999999991050 912258 1199999999999999
 19 40 70103131150155147130109 90 81 82 95115136150154143119 85 50 20  326 215MG 5531551645154999999999999991121 802333  099999999999999
  2 19 49 86123150163160143117 92 74 69 78100126150164163144112 71 33  426 216MG 6181641725166999999999999991150 68999999999999999999999
 -7  1 28 67109145167171157130 98 72 58 61 80109140165175166139 98 54 1626 217MG 64217218 317599999999999999 0 4 -71220 5799999999999999
 -6 -8 11 47 91134164177169144109 75 52 45 58 85121154176179162127 83 3926 218MG 7 7177184018099999999999999 035-101250 4599999999999999
  6 -7  2 31 73118156178178158124 85 53 35 38 59 94132164180176152113 6826 219MG 731181191918199999999999999 1 6 -71323 3499999999999999
 29  6  4 23 58102143172181169139100 61 34 25 36 64102139167177166138 9926 220MG 756181195917799999999999999 136  21357 2599999999999999
 59 29 17 24 50 88128161178175152117 76 42 22 21 38 7010714116316715212426 221MG 821179204316799999999999999 2 7 161434 1999999999999999
 89 58 39 36 51 80115147168174160132 95 59 31 18 22 43 7410813615115213726 222MG 847174213115499999999999999 238 351514 1799999999999999
113 87 66 57 62 79105133155166162143114 80 49 28 20 27 47 7410112413613626 223MG 914166223013799999999999999 311 5716 2 2099999999999999
126110 93 82 79 87102122140153155147128102 75 50 33 26 32 46 67 8910711926 224MG 945156999999999999999999999 346 7917 3 2699999999999999
123120114106101101106116127137143142135120101 79 58 42 33 32 40 55 73 9126 225MG 0 2123102614399999999999999 4321001832 3199999999999999
106117123124122119117116118122126130132130122109 91 70 50 35 28 29 40 5726 226MG 25012412 113299999999999999 6451162021 2799999999999999
 79101120133139138132123115109108112120128133132123105 81 55 32 18 15 2626 227MG 421140142313499999999999999 9421082142 1599999999999999
 47 75105131148154149136119103 93 92100115132144148138117 86 53 24  6  426 228MG 5 21541547148999999999999991036 922238  299999999999999
 18 46 82118147163164151129104 84 75 79 94118142159162150122 84 45 13 -426 3 1MG 5341651644163999999999999991113 742321 -599999999999999
 -1 21 57 99137164174166143113 83 64 59 71 96127155172172154119 75 34  426 3 2MG 6 21741731175999999999999991147 592359 -799999999999999
 -7  5 35 77121157177177157125 90 60 46 49 70103138167181174148108 63 2426 3 3MG 6291791812181999999999999991218 45999999999999999999999
  2  1 22 59104145173182169139101 65 41 34 48 77114150175182168136 93 5126 3 4MG 653182185018299999999999999 032 -21249 3499999999999999
 20  9 19 48 89131165181176152115 75 43 27 31 53 87126158176174154119 7926 3 5MG 716182192617899999999999999 1 2  91319 2699999999999999
 45 25 25 45 79119154176178161128 88 52 29 23 36 6410013516017016113610226 3 6MG 73718020 117099999999999999 130 221348 2299999999999999
 69 46 38 48 74108142167176166139102 65 36 22 26 46 7611013915615814411926 3 7MG 758176203615999999999999999 156 381418 2299999999999999
 91 67 54 57 74101132157169166146115 80 50 30 25 35 58 8711613814714312826 3 8MG 818170211214799999999999999 220 531448 2599999999999999
106 85 72 69 78 98123145160162150126 95 66 43 32 34 47 69 9411613013412826 3 9MG 838163215313499999999999999 243 681522 3199999999999999
115100 88 83 86 98116134148153148132109 83 61 46 40 44 57 75 9411011912126 310MG 9 0153225012199999999999999 3 7 8316 3 4099999999999999
117110102 97 97102113125136142141133118 99 80 64 54 50 53 62 75 88 9910826 311MG 925143999999999999999999999 332 9617 1 5099999999999999
112113112110109110114119125129131129122112 99 86 73 63 58 57 60 68 78 8926 312MG 053113 95913199999999999999 4 31091842 5699999999999999
100110117121122122120118116116118119120119115107 96 83 70 59 52 51 57 6826 313MG 4 112212 012099999999999999 8251162040 5199999999999999
 83100116128134134129121112106104106112119124125118106 88 69 52 41 39 4626 314MG 431135143312599999999999999 9571042146 3899999999999999
 62 85109129143147142129113 99 91 91 99113127137139130112 88 62 40 27 2826 315MG 4541471542139999999999999991029 902228 2699999999999999
 41 66 96125148158155140119 96 80 74 81 98120141153153139113 80 49 25 1626 316MG 5171591630155999999999999991057 7423 4 1699999999999999
 23 46 79116147165168154129 99 73 59 60 77104134158169164141107 68 34 1426 317MG 5391691711169999999999999991125 582336 1099999999999999
 12 29 61101140167178169143108 73 48 41 52 79115150174181168137 96 55 2426 318MG 6 21781751181999999999999991154 40999999999999999999999
 10 18 45 85127163182181158122 80 45 26 28 50 87128164185186165128 84 4526 319MG 626184183118899999999999999 0 8 101225 2499999999999999
 21 17 35 69112152180187173139 95 52 21 10 23 54 97141174189183156117 7526 320MG 650188191219099999999999999 040 161258 1099999999999999
 43 28 34 60 98138171187182155114 67 28  5  4 25 6210714817618517314410726 321MG 716188195418599999999999999 112 281333  299999999999999
 72 49 45 59 87124157180184167133 89 46 14 -1  6 32 7111314917117415913226 322MG 742185203917599999999999999 145 441411 -199999999999999
101 76 64 67 85113143167178171148112 71 34 10  3 14 41 7711314215815814426 323MG 8 9178213016099999999999999 218 631453  399999999999999
123102 87 82 90107130152165167155130 97 63 34 17 14 26 49 7810712914114226 324MG 838168223414399999999999999 253 821542 1399999999999999
134121109101101109122137149155152139118 92 66 44 30 27 35 52 73 9511412626 325MG 911155999999999999999999999 3321001647 2799999999999999
131130126120117116119125132138140138129115 97 78 59 45 38 40 49 64 8210126 326MG 01813110 014099999999999999 4381161820 3899999999999999
116128134135133128123119118119122126128128122110 94 75 57 44 39 42 54 7226 327MG 248135121812999999999999999 8 211820 8 3999999999999999
 94116133144147142132120109102101107116127134135126109 87 63 44 33 34 4726 328MG 352147143413599999999999999 9381012125 3299999999999999
 70 97124145156156145127107 91 82 84 96114133146150141120 92 62 38 27 3026 329MG 4281581548150999999999999991019 822217 2699999999999999
 48 77110140160167159139112 87 69 63 72 92119144160163150123 89 56 32 2426 330MG 4571671640164999999999999991053 632258 2499999999999999
 33 58 93129158173171152123 90 63 48 50 67 97129157172170151118 81 49 2926 331MG 5231741723174999999999999991124 462333 2699999999999999
 28 46 77115150173178165136 99 64 40 33 44 71107143169180171145109 72 4426 4 1MG 54717918 2180999999999999991153 33999999999999999999999
 33 41 66102139168181174149112 73 40 23 26 47 82121156177180164133 97 6426 4 2MG 610181183918199999999999999 0 5 331222 2299999999999999
 45 44 61 92128160179179160126 85 47 22 16 29 58 97136165179173151119 8626 4 3MG 631182191317999999999999999 034 421250 1599999999999999
 62 53 61 85117150173180168139 99 59 28 13 17 39 7411214716917416113610626 4 4MG 652180194717499999999999999 1 1 531317 1299999999999999
 80 65 66 82109139164176171149114 75 40 18 14 27 54 9012515216616314712226 4 5MG 713177202016799999999999999 127 641345 1399999999999999
 97 80 74 83103129154169171156127 92 57 31 19 23 41 7010313215115715013226 4 6MG 735172205515799999999999999 153 741415 1899999999999999
112 94 85 87100120142159165158137108 76 48 31 26 36 57 8411113214414513626 4 7MG 758165213414699999999999999 219 841448 2699999999999999
122107 97 95101115132147156154142121 94 68 48 38 39 50 69 9111212713413426 4 8MG 823156222513599999999999999 246 941526 3799999999999999
127118109105106112123135143146141128109 89 70 56 49 51 60 75 9110711812526 4 9MG 852146235112799999999999999 3191041617 4999999999999999
127125120116114115119124130134134129120106 91 77 66 59 59 64 74 86 9911126 410MG 931135999999999999999999999 4171141736 5899999999999999
121127129128125122118117117119122124123119111100 88 75 66 60 61 67 79 9426 411MG 213129111812499999999999999 7161171925 6099999999999999
110124134139138132123114107104106111119125126122112 97 81 66 56 54 60 7426 412MG 319140135112699999999999999 9 51042046 5399999999999999
 94116135147151145132115 99 89 87 93106121134140137124104 81 61 48 46 5626 413MG 353151151114099999999999999 946 862140 4599999999999999
 76103130151162159145122 97 77 67 70 84107131149157151133106 77 53 40 4226 414MG 42016216 5157999999999999991018 662222 3999999999999999
 59 87119149168172160135102 72 51 45 57 82114145166173162137103 70 46 3726 415MG 4461731652173999999999999991049 4523 0 3799999999999999
 46 70104140168181175151115 75 42 25 28 50 86126161182184167136 98 64 4426 416MG 5121811736186999999999999991122 242337 4099999999999999
 41 58 89127161183186169133 89 46 16  6 18 50 94139175192189166131 93 6226 417MG 5391881821194999999999999991156  6999999999999999999999
 48 54 77111149178191183154110 61 20 -4 -5 17 56104150182195187160125 9026 418MG 6 819119 519599999999999999 014 481233 -899999999999999
 66 60 72 99133166187190171134 86 39  3-13 -6 22 6511315518319017815211926 419MG 638191195219199999999999999 051 591312-1499999999999999
 91 75 76 92119150175187180155114 68 26 -3-12  1 31 7411815417617916614326 420MG 7 9187204118099999999999999 129 731355-1299999999999999
117 97 88 93110135159176179166138 99 58 24  2 -2 13 42 8011814716416615526 421MG 743180213616799999999999999 2 8 881442 -299999999999999
137118105101108123141159168166151125 92 59 31 15 14 27 52 8311313715115326 422MG 821169224315499999999999999 2521011536 1299999999999999
146135123114112117127139150155152139119 93 67 45 32 30 39 58 8210612714026 423MG 9 9155999999999999999999999 3491121642 2999999999999999
146144137129121117117122129136140140133120101 81 62 48 43 47 60 7910112026 424MG 012146102614199999999999999 52511718 3 4399999999999999
136144146142134124115110109113120127132133126114 96 77 61 52 52 61 78 9926 425MG 146146123313399999999999999 7381091931 5199999999999999
120138150152147135119105 95 92 96106119132138137127109 88 69 56 54 62 8026 426MG 249152142213999999999999999 856 922044 5399999999999999
103127147158158148129108 88 75 73 81 98118137148149138118 93 71 58 56 6626 427MG 331160153315099999999999999 943 722139 5599999999999999
 87114140159166160142116 89 67 55 57 73 97124147159158144120 93 71 58 6026 428MG 4 41661627161999999999999991021 552223 5799999999999999
 75100129155170170156129 97 66 45 39 49 72103134158169164145118 90 69 6126 429MG 4321721711169999999999999991053 3923 1 6199999999999999
 68 89118147168176167143109 73 43 28 29 48 79115148170175165141112 85 6926 430MG 4581761751176999999999999991124 262335 6699999999999999
 68 82107137162177175156123 84 49 24 17 28 56 93130161177176160133104 8226 5 1MG 5231781827179999999999999991153 17999999999999999999999
 72 78 98126154173179166138100 60 29 13 15 36 70109145170179171150122 9726 5 2MG 54817919 117999999999999999 0 7 721222 1199999999999999
 81 79 92116143166178173151116 76 40 16 10 22 49 8712515617417616213811226 5 3MG 613178193417799999999999999 037 781251  999999999999999
 92 84 90107132157173175161132 95 57 28 12 15 34 6610313716217216714912626 5 4MG 63917620 817299999999999999 1 6 841321 1199999999999999
105 92 91102122145164173166145113 77 45 23 17 26 50 8211614416116515513726 5 5MG 7 6173204316599999999999999 135 901354 1799999999999999
117102 95100114133153165166154129 98 66 40 26 26 41 66 9612414615615514426 5 6MG 735167212215799999999999999 2 6 951429 2499999999999999
128113103101109123140154160156140116 87 61 42 34 39 54 7810412714314914726 5 7MG 8 7160221015099999999999999 24010115 8 3499999999999999
137124113107108115127140149151144129107 84 63 49 44 50 65 8510712613914426 5 8MG 845151231114499999999999999 3251071556 4499999999999999
142135125117112111116125133140140135122105 86 69 58 54 59 71 8910712513726 5 9MG 939141999999999999999999999 4311111656 5499999999999999
143143138129120112109110116123129132130122109 93 78 66 61 63 73 8910712526 510MG 02814411 813299999999999999 6131091812 6199999999999999
139147148143132119107 99 97102111121129133129119104 87 73 65 65 73 8911026 511MG 13814913 113399999999999999 745 971930 6499999999999999
130146156155146130110 92 81 79 86100117133142142132115 95 77 66 65 74 9326 512MG 229157143014399999999999999 844 782037 6499999999999999
116140158166161145120 93 70 58 58 71 93119142156157146125101 79 66 65 7826 513MG 3 9166153615899999999999999 929 562133 6499999999999999
100127153170174162137103 70 44 33 39 60 92127155172172158132104 80 67 6926 514MG 34417416321749999999999999910 9 332222 6699999999999999
 86112142168181178157122 81 43 18 11 25 56 96137169185183165136105 81 7126 515MG 4191821723187999999999999991049 1123 8 7199999999999999
 77 97127158180188176146103 57 19 -3 -4 18 56103147180194189167136105 8426 516MG 4541881813195999999999999991131 -62352 7799999999999999
 78 88112142171189189169132 84 37  0-16-10 18 6111115518619718816413410526 517MG 53119119 3197999999999999991214-17999999999999999999999
 88 86100126155180192185159117 69 23 -9-20 -8 24 6911715918619318215813026 518MG 610192195319399999999999999 037 8513 0-2099999999999999
106 94 96112137163183189177148105 59 18 -8-15  0 33 7712215918118517315126 519MG 651189204418699999999999999 121 931348-1599999999999999
127108100104120143165180182167137 98 56 21  0 -3 14 45 8512515617317516426 520MG 736183213717699999999999999 2 91001438 -499999999999999
145125110104110124143161172171156129 95 60 31 14 14 30 58 9212615216516626 521MG 826173223316799999999999999 3 11041532 1299999999999999
156140124111106110122137151160159147125 97 68 45 32 32 46 70 9912714815926 522MG 925161233316199999999999999 4 31061629 3099999999999999
160151138122110104106114126138146148140124103 80 60 49 49 60 8010512814726 523MG1040148999999999999999999999 5191041730 4899999999999999
157157149136120106 97 96101111124134140138128111 92 75 65 64 73 8911113226 524MG 033158121414099999999999999 644 961836 6399999999999999
148157157148133115 98 86 82 86 97112127137140134121104 88 77 75 82 9711726 525MG 129158135014099999999999999 759 821944 7599999999999999
137153161158147127105 85 71 66 72 86105125140146142130113 97 85 83 9010526 526MG 21716115 814699999999999999 856 662047 8299999999999999
125145159164158142118 91 68 54 52 61 81105130147155151138119101 90 88 9626 527MG 25816416 915599999999999999 942 512141 8799999999999999
113134153166167155132103 73 50 38 41 57 82112139158164157141120102 91 9226 528MG 3351681658164999999999999991020 372228 9099999999999999
103122144162171166147118 85 54 33 27 36 59 91124152168171160140117100 9226 529MG 4 91711739171999999999999991055 2723 9 9299999999999999
 96111133155170173161135101 65 36 20 21 38 68104139164176173157134112 9726 530MG 4421731816177999999999999991128 192346 9399999999999999
 93103122145165175171151120 82 47 23 14 22 47 8212015217317916914912510526 531MG 51317518511799999999999999912 0 14999999999999999999999
 95 97111133156172176164138102 64 33 15 13 30 60 9813516317717616113911626 6 1MG 545177192517999999999999999 019 941233 1299999999999999
100 95103122145165176173154123 86 50 24 13 20 42 7611414716917616915012826 6 2MG 618177195817699999999999999 052 9513 7 1399999999999999
108 97 98111132154171176166142108 71 40 21 17 31 58 9312715517117115913926 6 3MG 651176203317399999999999999 124 961342 1799999999999999
119103 98104120141160171170155128 94 61 36 23 26 45 7410713816016916415026 6 4MG 726173211016999999999999999 158 981418 2299999999999999
130112101100109126145161167162143116 84 56 36 30 38 59 8811914516116515826 6 5MG 8 4167214916599999999999999 237 991456 3099999999999999
142124109101102112128145157160152133107 79 56 42 40 51 7310112815016116226 6 6MG 847160223316399999999999999 3221001537 3999999999999999
153137120107100101111125140149151143126103 80 61 50 52 64 8511113515316126 6 7MG 941152232116299999999999999 418 991624 5099999999999999
160150134117103 95 96104117131141144139125106 86 70 61 63 76 9511814015526 6 8MG1052144999999999999999999999 526 941719 6199999999999999
162160148131112 95 85 84 92105121134141140130114 96 81 73 74 8510312414426 6 9MG 013163122114299999999999999 637 841823 7299999999999999
159165161147126103 83 70 67 76 92112131143147141127110 94 84 83 9210912926 610MG 1 5165135214799999999999999 743 671935 8299999999999999
149164169162144118 90 65 50 48 58 79106131150158155142123105 92 90 9711426 611MG 156169151115999999999999999 841 472046 8999999999999999
135156170174163140108 74 45 28 27 42 70103136160172169155134113 98 9410226 612MG 245174161817399999999999999 934 262151 9499999999999999
119142164178178163134 96 57 25  8 10 30 64105143171184181164140117101 9726 613MG 3331801717185999999999999991024  72248 9799999999999999
106125150173185182162127 84 41  8 -8 -2 24 6410915118119318816914211710126 614MG 4201861811194999999999999991114 -82341 9899999999999999
 99110132158181191185160120 73 28 -4-17 -7 23 6711615918819818916714011526 615MG 5 919119 11989999999999999912 4-17999999999999999999999
100100114139166187195184156113 64 20-10-19 -5 29 7512416519019718516113326 616MG 558195195019799999999999999 030 981254-1999999999999999
110 99102118144170189194181150106 59 18 -8-13  5 41 8713316919019217715226 617MG 647195203519399999999999999 118 981342-1499999999999999
126105 97102121146171187190174143101 57 21  1  1 21 5710014117218618416726 618MG 738191211918799999999999999 2 6 971430 -299999999999999
142117100 94102121145167181180164135 97 59 30 16 20 42 7611514917318117426 619MG 83018222 118199999999999999 255 941516 1599999999999999
156132110 95 92100118139158169168153127 96 65 43 35 43 65 9512815517217426 620MG 925171224217599999999999999 347 9116 1 3599999999999999
165146123103 91 88 96111130147156155144123 98 75 60 56 66 8611213915916926 621MG1026157232317099999999999999 444 881647 5699999999999999
168156137116 97 85 83 89102119134144145137123105 88 78 77 8610412514516026 622MG1139146999999999999999999999 548 821735 7699999999999999
166162150131110 91 79 75 80 92107123135139137127115102 95 9410211613314926 623MG 0 616613 814099999999999999 656 751833 9399999999999999
160164158144125103 84 70 65 69 81 9811613114014113612611510710611112213626 624MG 054164144014299999999999999 8 2 65194410599999999999999
150160162156140119 95 74 60 54 60 74 9411613514715014613512311411111412426 625MG 146162155415099999999999999 9 0 5421 011199999999999999
138152161162154136112 85 62 48 44 52 71 9612214415716015414112611511111426 626MG 239163164816099999999999999 949 4422 311199999999999999
125141155165164152130102 73 49 36 36 49 7310313215516816815714112411210826 627MG 3281661730169999999999999991031 34225210899999999999999
114128146162169166149122 90 59 36 26 31 51 8111514616717617115613611710626 628MG 41217018 7176999999999999991110 26233210499999999999999
106116134154169174166143112 76 45 25 20 32 59 9413015917717916914912610926 629MG 4531741841180999999999999991147 20999999999999999999999
101106122143164177177162134 98 62 33 18 20 39 7210914517118217816113811526 630MG 531179191318299999999999999 0 71011222 1699999999999999
101 99110130154173182176155122 83 48 23 15 25 52 8812615917918317215012526 7 1MG 6 8183194518399999999999999 040 981257 1599999999999999
105 96100116140163180183171144107 69 37 19 19 37 6910714317018317916213726 7 2MG 644184201618399999999999999 113 961330 1799999999999999
114 97 93103123148170182180161130 93 57 31 21 29 53 8812615817818217215026 7 3MG 721183204718399999999999999 147 9314 4 2199999999999999
125103 92 93107129153172179172149117 81 50 32 30 45 7310814316918117816226 7 4MG 8 0179211818299999999999999 224 911437 2999999999999999
138114 95 87 93109132154170173161137106 75 51 39 44 64 9312715617518017126 7 5MG 843173215118199999999999999 3 5 871512 3999999999999999
152127103 88 83 91109131151163164151129101 75 58 53 62 8311214116517717626 7 6MG 932165222617899999999999999 351 831551 5399999999999999
163141116 94 81 78 87104125144155155145126103 83 71 70 8110112715116817526 7 7MG103315723 617599999999999999 444 771635 6999999999999999
170155132108 86 72 70 78 95115134147150144130112 97 88 88 9811513615516826 7 8MG1150150235317299999999999999 544 691729 8799999999999999
172166149126100 78 63 59 66 8210312414114914814012711410510411012314015626 7 9MG1324150999999999999999999999 652 59184110399999999999999
167170163147122 95 69 51 45 50 67 9011613815315815414313011911411712614026 710MG 05017115 115899999999999999 8 2 45201111499999999999999
155167172165148121 90 60 38 29 33 52 7911114016117116915814212811811712526 711MG 156172161917299999999999999 910 28213811699999999999999
139156171177171152122 86 51 24 12 18 39 7311114617218418216814812911611326 712MG 3 31771720185999999999999991012 12224511399999999999999
121139160177186179158123 81 41 11 -1  6 32 7211615618319519017114712410926 713MG 4 618618101959999999999999911 8 -2233810699999999999999
107119140165186195187161121 75 32  1-10  2 33 7812616719320119116713911426 714MG 5 31951854201999999999999991159-10999999999999999999999
100101117144172194202191161117 68 24 -4-10  7 43 9113917820020118515712626 715MG 556202193420399999999999999 025 991246-1199999999999999
102 91 97118148178199204189156110 62 21 -2 -2 21 6110915418720219617314226 716MG 646205201120299999999999999 1 8 911330 -599999999999999
111 90 85 96120151180198200182146102 58 24  9 16 44 8412916819319818415726 717MG 734202204519899999999999999 150 841411  999999999999999
126 98 82 81 96122152178192189169135 95 58 34 28 41 7111014917819318917026 718MG 821193211719399999999999999 232 791449 2799999999999999
141111 87 76 80 96122149170180174154124 92 65 50 52 70 9913316318318717626 719MG 9 9180214718799999999999999 316 761524 4999999999999999
154126 99 81 74 80 96119142159165159142118 95 77 71 78 9712314917018017826 720MG10 0165221718199999999999999 4 2 741559 7199999999999999
163140114 92 77 73 80 95114133146151146134118103 93 9310211813915817017426 721MG11 0151224917499999999999999 452 731635 9299999999999999
167151130107 88 76 73 78 9010712213514114013412411611011111913114615816526 722MG1223141233116699999999999999 552 72172111099999999999999
165158143124104 87 75 70 74 84 9811412713714114013512912512412813614515426 723MG1414141999999999999999999999 7 3 70183812499999999999999
159159153140123103 85 72 65 67 76 9110812614014815014614013312912913314126 724MG 030160154915099999999999999 819 65203112899999999999999
149156158153141123102 81 65 57 58 68 8610913114915916115514513412712412826 725MG 149158164416199999999999999 924 56215512499999999999999
137148158161157144123 98 74 55 46 49 64 8811514116117016915914412911911726 726MG 3 11611722171999999999999991015 46224511799999999999999
123137152164169163145119 90 62 43 36 44 65 9512715517417917215613611911026 727MG 3571691755179999999999999991058 36232210999999999999999
111123142161174177166143111 77 48 31 30 45 7310914317018418316914712410726 728MG 4421781825185999999999999991135 28235410299999999999999
102110129152173185183165135 98 61 34 23 29 53 8812716118419018015913210926 729MG 52218618531909999999999999912 9 23999999999999999999999
 97 98113138164185192183158122 82 46 25 21 37 6910814817819319017214411626 730MG 559192192019499999999999999 024 951240 2099999999999999
 95 89 98120149176193194178146106 66 35 22 28 53 9013216819119618315712626 731MG 635196194719699999999999999 055 891311 2299999999999999
 99 84 85101128159184196190167131 90 54 32 28 44 7511515418419719217013926 8 1MG 712196201319799999999999999 127 821341 2799999999999999
108 85 76 84106136166187193181154116 79 50 37 43 6610114017319319618115326 8 2MG 751193203919799999999999999 2 1 761412 3699999999999999
120 91 74 71 85111141168185185169140106 75 55 51 64 9112615918419418816626 8 3MG 83218721 619499999999999999 238 701443 5099999999999999
135104 79 66 69 86113142165177174157131102 79 68 71 8811514617218718917526 8 4MG 918178213519099999999999999 318 651517 6799999999999999
150120 91 70 62 68 86111137157166163149128107 92 87 9411113515817618417926 8 5MG101416722 718499999999999999 4 5 621555 8799999999999999
162138110 84 67 60 66 8210412714515515514613311911010811512814516217317626 8 6MG1128156225017699999999999999 5 1 60164310899999999999999
169154131106 83 66 58 61 74 9211313214615115014413612912612913714715816626 8 7MG1317152235416999999999999999 613 5818 012699999999999999
169165152133109 85 66 53 52 60 77 9912214115516015915314413813413614215126 8 8MG1517161999999999999999999999 740 51201013499999999999999
160167167158141117 89 64 46 38 44 61 8711614316417417416615314013112813326 8 9MG 130168163117699999999999999 9 4 38215112899999999999999
144158170176170152124 91 59 34 24 29 50 8211815217718918617315313311911626 810MG 3 11761719189999999999999991011 23224911599999999999999
123140162180189183163129 89 50 22 11 19 46 8512816619120019117014311910426 811MG 41018917592009999999999999911 4 11233310299999999999999
103117141169192202194168128 82 40 12  5 20 53 9914518220320518815912710126 812MG 5 62021834206999999999999991150  4999999999999999999999
 89 94115146179203211198167122 73 32  9  8 31 7111916419720920117514110726 813MG 55521119 620999999999999999 012 891231  699999999999999
 84 78 90118153187209212194158112 65 30 15 23 53 9614318320620718915611926 814MG 640213193520999999999999999 049 7713 8 1599999999999999
 88 70 72 91123160191208205183145101 61 36 31 48 8212516619520719717013426 815MG 72320920 220799999999999999 126 691343 3099999999999999
 99 73 63 72 96129163189200192167131 93 64 50 55 7811315118220019918014926 816MG 8 5200202720299999999999999 2 2 631414 4999999999999999
114 83 65 62 76102134163182186175151120 92 74 70 8310813916919019518516026 817MG 847187205119699999999999999 238 611443 7099999999999999
129 98 74 63 66 83108135158170171159138116 98 90 9410913315817818718416726 818MG 930172211418899999999999999 316 621511 8999999999999999
142114 89 72 67 73 8911013214915715614613211910910811513014916517617816926 819MG1022158213917999999999999999 357 67154010899999999999999
152129106 87 75 73 79 9210912513814514614113412712412513214215416416816626 820MG1136146221116899999999999999 448 72161512499999999999999
157142124106 91 81 78 81 9010311612813714214314213913713714014515115615826 821MG135314323 715899999999999999 558 78172913799999999999999
156150139126111 97 85 79 78 84 9410712213514615215315114614214014014214626 822MG1550153999999999999999999999 735 78203213999999999999999
150152151144132117100 85 74 70 74 8510212214115516316415814913913213013326 823MG 1 7153163416599999999999999 9 2 70215613099999999999999
140149156158153140121 99 78 64 59 65 8110413015316917517115914312912011926 824MG 24715817 517599999999999999 959 59223511899999999999999
127141156167170162144118 90 66 51 48 60 8311414416918218317115213111410726 825MG 3481701732184999999999999991041 4823 510799999999999999
112128148168180180167142109 77 51 39 43 63 95131163185192184163137113 9926 826MG 4321821757192999999999999991115 382333 9699999999999999
 98111134161182193187166133 95 60 38 33 47 76114153183198195176147117 9426 827MG 5111931821199999999999999991146 32999999999999999999999
 85 93116146175196201188158119 78 47 31 36 60 97139175199203189160125 9426 828MG 547201184420499999999999999 0 1 851216 3199999999999999
 77 76 94124159189205203181145103 64 39 34 50 8212416419420719917413810126 829MG 62320719 720799999999999999 030 741245 3499999999999999
 74 64 73 99135171198208198169130 89 57 42 48 7210915118520520618615211326 830MG 7 0208193120899999999999999 1 1 641314 4199999999999999
 78 58 57 75107145179201204187155117 82 59 55 69 9913717319820719516712826 831MG 739205195520799999999999999 133 551344 5499999999999999
 90 62 50 56 80115152181196193173143109 83 71 75 9512616018720119817814526 9 1MG 820197202020299999999999999 2 8 491414 7099999999999999
108 74 53 48 60 86120152176186180161135110 93 89 9912114817419119518416026 9 2MG 9 6186204619599999999999999 247 471446 8999999999999999
127 94 67 52 52 65 9011914616517216615213411811011112214016017718618316926 9 3MG10 2172211718699999999999999 332 50152210999999999999999
146118 90 69 57 57 69 8911213415015715715014013212813113915016217217517026 9 4MG1123158215717599999999999999 429 5616 812899999999999999
158140118 96 77 65 62 68 81 9911813514715415515214814514414515015516016326 9 5MG1345155231916499999999999999 550 61175614499999999999999
162156144127107 87 71 61 60 68 8410412614515916616716215514714113914214826 9 6MG1537167999999999999999999999 736 60205613999999999999999
156162163157142121 96 73 56 49 54 71 9612415117018018017015513912712312726 9 7MG 141163162618199999999999999 9 4 4922 112399999999999999
139155169177173157131 99 68 46 36 43 65 9713216418619318716914512310810526 9 8MG 31317717 11939999999999999910 5 36224210599999999999999
116136160182192188168135 96 60 35 28 40 69108149182200200184157126101 8826 9 9MG 4151931732202999999999999991052 282317 8799999999999999
 91110140171196206198171132 88 51 29 28 48 85128169198208199172137102 7926 910MG 5 420618 0208999999999999991132 262351 7299999999999999
 72 84112148183207213199166122 79 45 31 39 68109153189209208187151112 7926 911MG 54821318272119999999999999912 8 31999999999999999999999
 61 63 84119158192212212191154111 72 47 43 60 95137176203211197166126 8726 912MG 630215185121199999999999999 024 591241 4299999999999999
 60 51 62 90129168197210203177140101 71 57 63 8812416219320820317814110126 913MG 7 9210191520899999999999999 056 511311 5799999999999999
 68 49 50 69101139173196201188161127 96 77 74 8911715118120020218615511726 914MG 747202193620499999999999999 128 471339 7399999999999999
 81 56 47 56 80113147174189188172146119 98 90 9611514216919019718816513226 915MG 825190195719799999999999999 2 0 4714 5 9099999999999999
 97 69 54 53 67 9212215017017717215613611710610611713615917818818517014426 916MG 9 4177201918999999999999999 232 51143110599999999999999
114 87 67 59 64 8010212714816116415814613212211912313515016617617817015326 917MG 949164204117999999999999999 3 8 59145711899999999999999
130106 86 73 69 76 8910712514014915214914213613113213614515516316716515626 918MG105215221 816799999999999999 351 69152913199999999999999
141123106 92 83 80 84 9310611913113914414614614414214214414715115415515326 919MG13 9146215015599999999999999 453 80163814299999999999999
147137126113101 92 87 86 90 9811012213414415115415415114714314114114214426 920MG1524155999999999999999999999 638 86203914099999999999999
146146142134123110 97 87 81 82 8910211913615116216516315514413512912813226 921MG 02314616 216599999999999999 825 81214012799999999999999
140148153153146132114 95 80 71 71 8210012314616517517516515013311911311626 922MG 229154162917699999999999999 927 70221111399999999999999
127142157166166156136111 87 68 59 64 81107137163181186177159136114101 9926 923MG 33116716521869999999999999910 9 592238 9899999999999999
110129152171181177160133102 73 55 51 64 90123156182194190171143114 91 8226 924MG 4151811714195999999999999991043 5123 4 8299999999999999
 89110138167188194184159124 88 60 47 52 74108146179199201184155119 88 6926 925MG 4541941737202999999999999991114 462332 6699999999999999
 68 86116152184202202184151111 75 52 47 62 93132170198208197169130 91 6226 926MG 5312051759208999999999999991145 46999999999999999999999
 51 61 89128167198211204178140 99 67 52 57 81118158191209207184145101 6326 927MG 6 9211182321199999999999999 0 1 511215 5199999999999999
 41 40 61 97140180206213198167128 91 67 62 76106144180205211196162118 7526 928MG 648213184721199999999999999 032 381246 6199999999999999
 43 29 38 67108151187207207187155119 90 76 79100132166195208202177138 9426 929MG 729210191320899999999999999 1 6 291318 7599999999999999
 56 31 27 43 76117157187200195174145116 97 9110112415318119920118715711826 930MG 813201194020299999999999999 142 261351 9199999999999999
 78 47 31 33 52 841221551791871801621401201091101231431661851931881691402610 1MG 9 218720 919399999999999999 223 29142510899999999999999
105 73 49 39 43 62 891201471651721671551411291251281391541691791811731552610 2MG10 3172204318199999999999999 311 3815 612599999999999999
130103 78 59 51 54 68 891131341501581591541481421391401461541611661671612610 3MG1136159213316799999999999999 414 51161113999999999999999
148131111 91 74 64 62 69 831011211381511581601581531481441421431471511542610 4MG1356160233715599999999999999 542 6119 414299999999999999
155150141125107 88 73 64 64 74 901111331521651701681601491371291261291372610 5MG1512171999999999999999999999 728 63205812699999999999999
148157160156142121 97 76 61 57 66 841101381611771811741591391211091061142610 6MG 158160155318199999999999999 849 57214510699999999999999
129149166174171156130100 73 56 52 63 87119151176189188173148121 98 86 882610 7MG 316175162419099999999999999 945 512221 8599999999999999
104129156178189184164132 98 68 51 51 69 99135168191198187161128 96 74 662610 8MG 4121891652198999999999999991029 492255 6699999999999999
 77101134167191200190164128 91 63 51 59 83119156187202198176141103 71 532610 9MG 45820017182039999999999999911 7 512327 5199999999999999
 54 73107145180201205188157119 85 63 59 75105142177200204188156115 76 49261010MG 5402061743205999999999999991141 582357 3999999999999999
 39 50 79118158190206202180146110 81 68 74 97130165193204196170131 89 54261011MG 61920718 6204999999999999991212 68999999999999999999999
 34 35 56 91132170196204193167134103 83 80 94121153182200199180146104 66261012MG 656204182920299999999999999 027 321242 7999999999999999
 39 30 41 68106145177195196180153124101 91 96115143171191197186158121 82261013MG 731198185119799999999999999 057 301310 9199999999999999
 51 34 35 53 84120154179189183165140118104102114135159180191187167136101261014MG 8 7189191419199999999999999 127 32133710199999999999999
 68 46 38 47 69 99131158175178169151132117111115129149168181182171148118261015MG 844178193818399999999999999 158 3814 511199999999999999
 88 63 49 49 61 83110136156166165156142129121120128141156168174169155133261016MG 92516720 417499999999999999 232 47143512099999999999999
107 84 67 59 62 75 94116135149156154148139132128130136145155161162155142261017MG1020156203516399999999999999 313 59151412899999999999999
124105 88 76 71 74 84 98115130141147149147143138136136138143147150149144261018MG1151149212215099999999999999 4 6 71163313599999999999999
135123109 96 86 81 81 87 97110123135144150152150145140135133133135138140261019MG1355152232914099999999999999 529 80193213399999999999999
140136129119106 95 86 82 84 91104120135149158160157148137127120118121128261020MG1455160999999999999999999999 712 82205211899999999999999
136143144140129114 98 85 77 77 86102122143160169169160144126110102102110261021MG 148144152917099999999999999 829 76212910199999999999999
125141153157152138118 96 79 70 72 85107133157174180173154130105 88 81 88261022MG 259157155518099999999999999 920 692159 8199999999999999
105129152168172163143116 90 71 64 71 91120150175188185168139107 79 63 63261023MG 35017216211899999999999999910 0 642229 6199999999999999
 80107139167184185170143111 82 65 63 77105138170191196182153115 78 51 41261024MG 4331871646197999999999999991037 612259 4199999999999999
 51 78116154184198193172139104 76 64 69 91124160188202196170130 86 48 26261025MG 5151991712202999999999999991112 632332 2399999999999999
 25 46 83128169197207196168132 98 75 69 82111146179201204187151104 58 24261026MG 5572071740206999999999999991147 69999999999999999999999
 10 19 49 92140180204208191161125 96 80 82101132166193206198171128 79 36261027MG 64020918 920699999999999999 0 7  91223 7899999999999999
  9  3 20 56102149185203202182152121 98 90 98120150179199202186152107 62261028MG 725205184020399999999999999 045  213 0 9099999999999999
 25  5  6 28 66110152183196191171145121105103115137162184196191170135 94261029MG 813196191419699999999999999 126  3133910299999999999999
 54 24 11 16 39 75114150174183178162142124115116128146166181186177156124261030MG 9 6183195318699999999999999 212 10142211499999999999999
 88 56 33 23 30 51 81114143163170167156142130124126134148161170172163145261031MG1010171204017299999999999999 3 5 23151812499999999999999
120 92 66 47 39 43 59 831101341521611611551461371301291331401481551571532611 1MG1132162215315799999999999999 4 9 39164712999999999999999
142124102 81 64 54 54 65 831051271451571611581501401311241221251311391462611 2MG13 4161235414899999999999999 528 53185312299999999999999
148144133116 97 78 65 61 67 821021251451591661631531381231111041061141262611 3MG1412166999999999999999999999 655 61202010499999999999999
140149152145130110 89 73 65 69 83105129152167172166151130108 91 83 871002611 4MG 148152145817299999999999999 811 652113 8399999999999999
119140156162157142119 95 76 67 72 88113140163177178165142113 87 69 63 722611 5MG 3 5162153317999999999999999 910 672153 6399999999999999
 92119146166173167148122 96 77 70 78 98126154176184177156125 91 63 47 482611 6MG 4 217316 418499999999999999 958 702229 4599999999999999
 64 92126156177182172149120 94 77 75 88113142169185186170140103 67 41 312611 7MG 4501821633188999999999999991038 7423 2 3199999999999999
 40 65100137168186187171145115 91 80 84102130159181190181155118 78 44 242611 8MG 53218817 0190999999999999991115 792333 2199999999999999
 23 41 73113151179191185165137109 90 85 96119147173188187168135 94 55 272611 9MG 6101911726190999999999999991148 85999999999999999999999
 16 24 50 88129164186190178155127103 91 94110135162182188177150112 71 37261110MG 646191175318899999999999999 0 4 161220 9099999999999999
 17 16 33 65105143172187184167142118100 96105125150172184181162130 91 54261111MG 721188182018599999999999999 034 141250 9699999999999999
 27 17 24 48 82120153175182173154131111101103117138160176180170145111 75261112MG 755182184818199999999999999 1 5 17132110099999999999999
 44 26 24 37 64 98132158172173161142123109105112127147165174171155128 96261113MG 831174191817599999999999999 138 22135210599999999999999
 65 42 31 35 53 80110138158166162149133119110111120134151163166159141115261114MG 910166195116699999999999999 213 31142810999999999999999
 87 62 45 41 48 67 92118140154158153142129119114116124136148155155146129261115MG 955158202915699999999999999 253 41151311499999999999999
107 84 65 53 52 61 78 99121139149152148140130121117118123132140145144136261116MG1053152212214599999999999999 338 51162111699999999999999
122105 87 72 63 62 70 84103121137147151148141132122116113116121128133135261117MG12 4151224913599999999999999 435 6218 011399999999999999
131122109 94 80 72 70 75 87104122138149154152144132119108102102107116125261118MG1312154999999999999999999999 546 70193110199999999999999
132133128117103 89 78 74 77 89106125143156161157145127108 92 83 84 92107261119MG 04413314 416199999999999999 7 3 742029 8299999999999999
122135142139129113 95 82 75 78 90110132152165168159140114 89 70 61 65 80261120MG 214142144416899999999999999 812 752112 6199999999999999
102126146155153140121 99 82 75 79 95118143164175173156128 95 64 44 38 49261121MG 320156152017699999999999999 9 9 752150 3899999999999999
 73104136160171167150125100 82 76 83103129157176183173146110 70 37 18 19261122MG 414171155418399999999999999 958 762228 1699999999999999
 38 72111149174184176155127100 82 79 90114144171187186167132 88 44 12 -2261123MG 5 31841629189999999999999991043 7823 8 -299999999999999
  6 34 76121161186193181156125 99 84 85101128158183193185157115 66 22 -7261124MG 55019317 5193999999999999991127 822350-1599999999999999
-15  1 36 83131170193196180152122 98 88 93113141170190194179145 98 49  7261125MG 6381971743195999999999999991210 87999999999999999999999
-17-18  3 42 91138175193192174147119 99 93102124152177192190169132 85 38261126MG 726195182519399999999999999 034-211254 9399999999999999
  1-17-14 11 51 98142174188184166140116101 99110132157178188182159121 77261127MG 81618919 918899999999999999 121-191339 9899999999999999
 35  4-10 -3 23 61105143170180174157135115103104115134156172179171148114261128MG 9 7180195817999999999999999 210-10143010299999999999999
 75 39 14  4 13 37 72110142164171165150131114105105115131148161166159139261129MG10 1171205416699999999999999 3 2  4152810499999999999999
111 79 49 29 22 30 52 82114141158164158145128113103102108121135147152148261130MG105716422 415299999999999999 357 22164010199999999999999
134112 86 63 46 41 48 66 91118140155159154142125109 98 93 971061191311392612 1MG1156160233514199999999999999 456 4018 4 9399999999999999
140132117 97 78 63 58 63 78 99122142155158153139121103 88 80 81 891031182612 2MG1253158999999999999999999999 6 1 581925 8099999999999999
130137135125109 92 79 72 76 88106127145157159152136114 92 74 64 64 74 902612 3MG 116137134515999999999999999 710 722030 6399999999999999
110128139141134120104 90 82 84 95113133150160161150129103 77 57 46 48 622612 4MG 244142143116299999999999999 818 822121 4699999999999999
 84109131146150144129111 96 88 90101119140156165161144119 88 59 39 31 372612 5MG 352150151216599999999999999 920 8722 3 3199999999999999
 56 84114140156159151133114 98 90 94107127148163167158135104 70 40 22 202612 6MG 4451601549167999999999999991012 902240 1999999999999999
 33 59 92126152166166153132111 96 91 97114136157168167151122 86 51 23 102612 7MG 5281681625170999999999999991055 912315 1099999999999999
 15 35 68105140163173167150127105 92 92103124146165171163140106 67 33 102612 8MG 6 61731659171999999999999991134 902349  499999999999999
  5 17 45 82121153172175163141117 98 90 95111134156170171155126 88 49 192612 9MG 64117517321739999999999999912 8 90999999999999999999999
  3  6 26 59 99136163175171154130107 93 90101121145164173166144109 70 35261210MG 71417518 517399999999999999 022  21240 8999999999999999
 10  3 13 40 76115148168172162141118 99 90 93109131154169171157129 93 55261211MG 747173183817299999999999999 055  21312 8999999999999999
 25  8  8 26 56 94129156168166151129107 93 90 99117139158168163144114 78261212MG 819169191216899999999999999 129  61345 9099999999999999
 44 21 12 19 42 74109140159165157139118100 91 92104123143158162152130100261213MG 853165194916299999999999999 2 3 111422 9099999999999999
 67 39 22 20 33 59 91122147160159148130110 96 90 95108125142152152140117261214MG 929161202915499999999999999 238 1915 4 9099999999999999
 89 61 39 29 33 49 75105131150158154140122105 93 89 94107122136143141128261215MG10 8158211714499999999999999 315 291555 8999999999999999
108 83 61 45 40 47 65 89115138152155149135117100 89 85 90100114126133131261216MG1050155222013399999999999999 355 401657 8599999999999999
121104 85 67 55 53 61 78100123141152153145130112 95 82 76 79 89103116125261217MG1138154234412799999999999999 443 5318 8 7699999999999999
126120108 92 78 68 66 73 88108128144153153143127106 85 70 62 64 74 90107261218MG1230154999999999999999999999 542 661918 6299999999999999
120127126118105 91 81 77 83 95113131147155154142122 97 72 53 43 45 58 78261219MG 122128132315699999999999999 654 772019 4399999999999999
101122135138132119104 91 85 88 99116135151159156141116 86 55 32 22 26 43261220MG 250138141616099999999999999 812 852114 2199999999999999
 70101128146152147132114 98 90 91102120140157165160140109 72 37 11  1  8261221MG 4 115215 716599999999999999 924 8922 5  199999999999999
 32 66104137159167160142120101 90 91104125148166172163138100 57 18 -9-17261222MG 4591671557172999999999999991025 892254-1799999999999999
 -5 25 67111148171177167146121100 89 91107131156175179165134 91 43  2-24261223MG 5511781646179999999999999991118 882343-3099999999999999
-29-11 25 72119158180183169144117 95 86 92111138165182183165129 82 32 -9261224MG 64018417351859999999999999912 7 86999999999999999999999
-33-33-11 30 80129166184183165138109 89 83 93115144170186184162123 73 24261225MG 726186182418799999999999999 031-361253 8399999999999999
-14-33-29 -2 42 92138171184178156127100 83 81 94118147172185179155114 66261226MG 810184191318599999999999999 119-351339 8099999999999999
 21-12-25-16 14 58105146172180168145116 91 78 79 94119146168177169144106261227MG 85218020 417799999999999999 2 5-251426 7699999999999999
 62 23 -3 -9  4 36 77119152171172157132105 83 73 76 92116140159165156132261228MG 932173205616599999999999999 250-101516 7399999999999999
 99 62 32 14 13 29 59 96131156166162144120 96 77 69 73 88108129144149141261229MG1011167215314999999999999999 333 111610 6999999999999999
122 95 67 45 34 38 55 82112139156160152134111 88 72 65 68 80 97115128134261230MG105016023 113499999999999999 416 341711 6499999999999999
128115 96 77 63 57 64 80102125144154154143125103 81 65 58 59 69 84100113261231MG1127155999999999999999999999 458 571819 5799999999999999
