 20 43 66 85 97100 97 88 79 72 68 71 79 91102107105 94 74 50 25  3-11-1426 1 1MI 45610115131089999999999999910 6 682245-1499999999999999
 -4 17 44 71 92105108103 92 81 72 67 70 80 93105111107 93 71 44 17 -5-1926 1 2MI 54910816 61119999999999999911 8 672335-2199999999999999
-20 -7 18 49 77 99110111103 90 77 68 64 69 81 97109113108 92 68 39 11-1226 1 3MI 6341121657113999999999999991157 64999999999999999999999
-23-21 -4 24 56 85104112109 98 84 70 61 60 68 83 99111114106 88 62 32  526 1 4MI 714112174611499999999999999 022-241240 5999999999999999
-15-23-17  4 35 66 91107111104 90 75 62 55 57 67 84100110111101 81 55 2626 1 5MI 750111183311299999999999999 1 5-231321 5599999999999999
  2-14-18 -7 18 48 76 97107106 96 80 65 54 50 54 67 84 99106104 93 72 4726 1 6MI 824108191910799999999999999 145-1814 1 5099999999999999
 21  1 -9 -7  9 34 62 86100105 99 86 71 57 48 46 53 67 82 94 99 95 82 6326 1 7MI 85510520 4 9999999999999999 221-101441 4699999999999999
 40 20  5  1  8 27 51 75 93101101 91 77 62 50 43 44 52 65 78 87 89 84 7226 1 8MI 9251022050 8999999999999999 253  11525 4399999999999999
 55 37 22 14 16 27 45 66 85 96100 95 84 69 56 45 41 42 50 60 71 77 79 7426 1 9MI 9541002144 7999999999999999 323 141615 4099999999999999
 64 51 39 30 27 32 44 61 77 90 97 96 89 77 64 51 42 38 39 45 53 62 67 6926 110MI1024 972255 6999999999999999 351 271716 3899999999999999
 67 60 52 45 41 42 48 59 72 84 92 95 92 84 72 60 48 39 35 34 38 45 53 5926 111MI1058 95999999999999999999999 420 411832 3499999999999999
 63 64 62 59 55 54 56 61 69 78 86 91 92 88 81 70 57 45 35 29 27 30 37 4526 112MI 049 641142 9299999999999999 458 541953 2799999999999999
 54 62 67 69 68 67 66 66 69 74 80 85 89 90 87 79 68 55 41 30 22 19 22 3026 113MI 312 691243 9099999999999999 616 662059 1999999999999999
 42 54 66 74 78 78 76 73 71 71 74 79 84 89 90 87 79 66 51 35 22 13 10 1526 114MI 432 791352 9099999999999999 827 712150 1099999999999999
 27 42 59 74 84 87 86 81 75 71 69 72 77 84 90 92 88 79 64 45 27 12  3  326 115MI 511 871453 9299999999999999 953 692233  299999999999999
 12 28 48 68 84 92 94 89 81 72 66 65 69 77 87 94 95 90 77 58 37 17  2 -526 116MI 541 941542 96999999999999991043 652310 -599999999999999
 -1 13 34 58 79 93 98 95 87 75 65 60 61 69 80 92 99 98 89 72 50 27  7 -726 117MI 6 8 981625100999999999999991121 602346-1099999999999999
-10 -1 19 44 69 89 99100 93 80 67 57 54 59 71 86 98103 99 86 65 40 16 -326 118MI 63510117 4103999999999999991154 54999999999999999999999
-13-10  5 30 57 81 97103 98 86 71 58 50 50 60 76 92103105 97 79 55 29  626 119MI 7 2103174110599999999999999 019-131226 4999999999999999
-10-15 -6 16 44 71 92102102 92 77 60 49 44 49 63 82 98106104 91 70 44 1826 120MI 728104181810699999999999999 051-151259 4499999999999999
 -2-13-11  5 30 59 84 99104 98 83 66 50 41 40 50 68 87100105 99 83 60 3426 121MI 755104185610599999999999999 122-141334 3999999999999999
 11 -5-10 -1 20 47 74 94103102 90 73 55 42 36 39 52 71 89100101 92 74 5026 122MI 821104193710299999999999999 153-101410 3599999999999999
 27  8 -1  0 14 38 64 87100103 96 81 63 46 35 32 38 53 71 87 95 94 83 6626 123MI 8471042023 9699999999999999 223 -21450 3299999999999999
 45 26 13  9 16 33 56 78 95102100 89 72 54 39 30 29 37 51 68 81 87 85 7526 124MI 9151032116 8799999999999999 253  91536 2899999999999999
 60 44 31 23 24 34 51 71 88 99101 94 81 64 47 33 26 26 33 46 60 72 78 7726 125MI 9441012224 7899999999999999 324 231630 2599999999999999
 70 60 50 42 39 42 52 66 81 93 98 97 89 75 59 43 30 23 22 27 37 49 60 6826 126MI1018 99999999999999999999999 357 391740 2199999999999999
 71 70 65 60 56 56 59 66 76 85 93 96 93 85 73 58 42 29 19 16 18 26 37 5026 127MI 0 9 7111 2 9699999999999999 439 5619 8 1599999999999999
 61 69 74 75 73 72 71 71 74 79 85 90 92 91 85 74 59 43 27 15  7  7 13 2626 128MI 251 751212 9299999999999999 6 8 712036  699999999999999
 42 58 72 81 86 86 83 80 76 75 76 81 86 91 92 88 78 63 44 25  9 -2 -4  226 129MI 433 861346 9299999999999999 9 1 752147 -599999999999999
 18 39 60 78 91 96 95 89 82 75 70 70 76 84 93 97 94 83 66 44 22  2-11-1326 130MI 519 9615 7 97999999999999991028 702244-1499999999999999
 -4 16 41 67 87100103 99 89 77 67 62 63 72 85 97102100 88 67 42 16 -5-1826 131MI 5541031611103999999999999991117 622332-2099999999999999
-18 -5 20 50 77 96106105 96 82 67 57 53 58 72 89102108103 89 65 37 10-1126 2 1MI 62510717 5108999999999999991157 53999999999999999999999
-21-17  2 31 62 88104108102 87 70 55 46 46 56 74 93106110103 85 59 30  426 2 2MI 654108175211099999999999999 014-211232 4599999999999999
-13-19 -8 16 47 76 97108106 94 76 57 44 37 42 57 78 97108109 99 78 50 2326 2 3MI 721108183511099999999999999 051-1913 6 3799999999999999
  1-11-10  7 34 64 89104107 99 82 62 45 34 32 42 61 82 98106103 89 67 4126 2 4MI 746108191510699999999999999 124-121339 3299999999999999
 18  2 -3  5 27 55 81 99107103 89 69 50 35 28 31 45 64 83 96100 94 78 5626 2 5MI 8 9107195410099999999999999 153 -31412 2899999999999999
 34 17  8 11 25 48 73 93104104 94 77 57 40 29 26 33 48 66 81 90 90 82 6726 2 6MI 8311052033 9199999999999999 218  81447 2699999999999999
 48 32 22 20 28 46 67 87 99103 97 83 65 48 34 26 27 36 50 64 76 81 80 7126 2 7MI 8531032115 8299999999999999 240 191525 2699999999999999
 59 45 36 32 36 47 64 81 94100 98 88 73 56 41 31 26 29 37 48 60 68 71 7026 2 8MI 91410022 9 7199999999999999 3 0 3216 9 2699999999999999
 64 56 48 44 46 52 64 77 88 95 96 90 79 65 51 39 31 27 29 35 44 52 59 6226 2 9MI 936 962342 6399999999999999 318 4417 6 2799999999999999
 63 61 58 56 56 60 66 74 82 88 91 89 82 73 61 49 39 31 27 27 30 36 43 5126 210MI10 2 91999999999999999999999 329 561832 2799999999999999
 57 62 65 66 67 68 71 74 78 82 84 85 83 78 70 61 50 40 31 25 22 23 28 3626 211MI1041 859999999999999999999992012 22999999999999999999999
 46 57 66 72 76 77 77 76 75 75 76 78 80 80 77 72 63 52 40 28 19 14 14 2126 212MI 512 771238 8099999999999999 816 752124 1399999999999999
 32 47 62 74 82 85 84 80 75 70 69 70 73 78 81 81 76 66 53 37 22 10  5  726 213MI 512 851427 829999999999999910 6 692213  599999999999999
 17 34 53 71 84 91 90 85 76 68 62 61 65 73 81 87 87 80 68 50 31 13  1 -226 214MI 529 911531 88999999999999991043 612253 -399999999999999
  4 20 41 64 82 93 96 91 80 68 57 53 55 64 76 88 94 93 83 66 44 22  4 -726 215MI 549 961619 94999999999999991113 522328 -899999999999999
 -6  6 28 54 77 93100 97 86 70 56 46 45 52 67 83 96101 96 82 60 35 12 -426 216MI 61010017 1101999999999999991142 44999999999999999999999
-11 -4 15 42 69 90102102 92 76 58 43 37 40 54 73 92104105 96 77 52 26  426 217MI 633103173910699999999999999 0 1-111212 3699999999999999
 -9 -9  5 30 59 84101106 99 83 63 44 32 29 39 58 81100108106 92 69 42 1726 218MI 655106181810999999999999999 032-111243 2999999999999999
  0 -8 -1 20 49 77 97107104 91 70 48 31 23 26 41 65 88104109103 85 60 3426 219MI 718107185710999999999999999 1 2 -81316 2399999999999999
 13  1  1 15 40 68 92106108 98 79 56 35 21 17 26 45 70 91104105 95 76 5226 220MI 740108193810699999999999999 131 -11350 1799999999999999
 31 15  9 16 35 60 85102108103 88 66 43 25 14 15 27 48 71 90 99 97 86 6826 221MI 8 3108202310099999999999999 159  91427 1399999999999999
 48 32 23 24 35 55 78 96106106 95 76 54 33 18 11 15 29 49 69 83 90 87 7726 222MI 8261072114 9099999999999999 226 2215 9 1199999999999999
 63 50 40 37 42 55 73 90101104 99 85 66 45 28 16 12 16 28 45 61 73 79 7826 223MI 8511042220 7999999999999999 252 371559 1299999999999999
 72 63 56 52 54 60 71 84 94 99 98 90 77 60 43 28 18 14 16 25 37 50 61 6826 224MI 919100999999999999999999999 316 5217 6 1399999999999999
 71 70 69 67 67 69 74 80 86 91 93 90 83 73 59 45 32 21 15 14 18 27 38 5026 225MI 021 71 953 9399999999999999 333 671842 1499999999999999
 60 69 74 77 79 79 79 80 81 82 84 85 84 81 74 64 52 38 25 15  9 10 16 2826 226MI1113 859999999999999999999992026  9999999999999999999999
 43 59 72 82 88 89 87 82 77 74 72 74 78 82 83 80 72 60 43 27 12  3  1  826 227MI 449 891353 8399999999999999 955 722142  199999999999999
 23 43 63 80 92 96 94 87 77 68 62 61 66 75 84 90 89 81 66 46 25  7 -4 -526 228MI 510 961523 90999999999999991039 612237 -699999999999999
  5 25 49 73 90100101 93 80 66 55 49 52 63 77 91 98 97 87 68 44 21  2 -826 3 1MI 5331021624 99999999999999991112 492320 -999999999999999
 -6 10 35 62 85100105 99 85 68 52 41 38 47 64 83 98106102 88 66 39 15 -226 3 2MI 5561051712106999999999999991143 382357 -899999999999999
 -8  0 22 50 77 97107104 92 72 53 37 29 32 48 69 91105110102 84 59 33 1126 3 3MI 6191071754110999999999999991214 29999999999999999999999
 -2 -1 14 40 68 92106108 98 79 57 38 25 22 32 53 77 97109109 97 76 50 2726 3 4MI 641109183111099999999999999 029 -31243 2299999999999999
 10  4 12 33 60 85103109103 87 64 42 25 17 21 37 60 84101108103 88 66 4226 3 5MI 7 110919 710899999999999999 057  41313 1799999999999999
 24 14 15 30 54 79 99109107 94 73 49 30 17 15 24 44 67 88100102 94 77 5626 3 6MI 721109194210399999999999999 122 131342 1499999999999999
 38 25 23 32 50 73 94106108 99 80 58 37 21 13 17 31 51 72 88 95 93 83 6726 3 7MI 7401082018 9699999999999999 144 221412 1399999999999999
 50 38 32 36 50 69 88101106101 87 67 46 28 17 14 22 37 56 72 84 87 83 7326 3 8MI 7581062057 8799999999999999 2 5 321444 1499999999999999
 60 49 43 44 52 67 83 96102100 90 74 55 37 24 17 18 27 41 56 69 76 78 7426 3 9MI 8161022143 7899999999999999 223 421520 1699999999999999
 66 58 53 52 57 66 78 90 96 97 91 79 63 47 33 24 20 23 31 42 53 62 68 6926 310MI 835 972256 6999999999999999 240 5216 4 2099999999999999
 68 65 62 61 63 68 76 84 89 91 88 81 70 57 45 34 27 24 25 31 38 46 54 6026 311MI 853 91999999999999999999999 251 611710 2499999999999999
 64 67 68 69 70 72 75 79 82 83 82 79 73 66 57 47 38 31 26 25 27 32 39 4726 312MI 910 839999999999999999999991856 25999999999999999999999
 56 65 71 76 78 78 77 76 75 75 74 74 73 71 67 61 52 43 33 25 20 20 24 3326 313MI 446 789999999999999999999992036 20999999999999999999999
 45 58 70 79 84 85 81 76 70 66 65 66 69 73 75 73 67 58 45 32 21 14 13 1926 314MI 436 8514 5 759999999999999910 3 652138 1299999999999999
 32 49 66 80 89 91 87 79 68 60 55 55 61 70 78 83 82 74 61 45 28 14  7  826 315MI 451 911520 83999999999999991025 542222  699999999999999
 19 37 58 77 91 97 94 84 70 56 47 44 49 61 76 88 93 90 79 61 41 21  8  226 316MI 5 9 971610 93999999999999991051 442259  299999999999999
  8 25 48 72 90100100 90 74 56 41 34 36 48 67 85 98102 96 80 58 35 15  326 317MI 5291021653102999999999999991119 332333  299999999999999
  3 15 38 64 87102106 98 81 60 40 27 23 32 51 75 96108108 98 77 53 29 1226 318MI 5501061734109999999999999991149 23999999999999999999999
  4 10 29 56 82101109105 90 67 44 25 14 17 33 58 85104113110 95 72 47 2626 319MI 611109181511499999999999999 0 5  41220 1499999999999999
 12 11 23 47 75 97110111 99 77 51 28 11  6 15 37 66 92109114107 89 66 4326 320MI 633112185611499999999999999 037 101254  699999999999999
 26 19 24 42 67 91108113106 88 62 36 15  2  3 17 42 71 95108110101 82 6126 321MI 656113193911199999999999999 1 7 191329  199999999999999
 43 32 31 41 61 84103113110 97 74 48 24  6 -2  3 21 47 73 93103102 92 7626 322MI 719113202610499999999999999 137 3014 8 -299999999999999
 60 48 43 46 59 78 96108110102 85 62 38 17  3 -1  7 25 48 70 86 93 92 8426 323MI 7431112120 9499999999999999 2 5 431451 -199999999999999
 72 62 56 56 62 75 89101106103 92 75 54 33 16  6  4 12 27 45 63 75 82 8226 324MI 8 91062234 8399999999999999 232 551541  499999999999999
 78 73 68 67 69 75 83 92 98 98 93 82 68 51 34 21 12 10 15 26 39 53 65 7226 325MI 837 99999999999999999999999 258 671648 1099999999999999
 77 78 77 77 77 78 81 84 87 89 88 84 76 66 54 41 29 20 15 16 22 32 44 5626 326MI 1 7 78 910 8999999999999999 324 771823 1599999999999999
 67 76 82 84 85 84 81 79 77 76 77 78 78 75 70 62 51 38 27 18 14 17 25 3826 327MI 344 851131 7899999999999999 856 7620 6 1499999999999999
 54 68 81 88 91 90 84 77 69 64 63 66 71 77 80 78 72 60 45 30 18 12 13 2226 328MI 4 7 911413 8099999999999999 948 632121 1199999999999999
 38 57 75 89 96 96 89 78 66 55 49 51 59 70 81 88 88 81 67 48 30 16 10 1226 329MI 429 971532 89999999999999991020 492213  999999999999999
 25 45 67 86 98101 95 82 66 51 40 36 43 57 74 89 97 96 86 69 48 29 15 1026 330MI 4511011626 98999999999999991050 362255 1099999999999999
 17 35 58 81 97105102 89 70 51 35 26 28 41 62 82 98105101 87 67 45 26 1526 331MI 51310517 9105999999999999991120 252329 1499999999999999
 15 28 50 74 95106107 96 77 55 35 21 17 26 46 70 91105109101 83 61 40 2526 4 1MI 5341081748109999999999999991149 17999999999999999999999
 19 26 44 68 90105110103 86 62 39 21 11 14 30 54 80 99110108 96 76 55 3726 4 2MI 554110182411199999999999999 0 0 191217 1199999999999999
 27 28 41 62 85103111108 93 71 46 25 11  8 18 39 64 88104109103 88 68 5026 4 3MI 614111185811099999999999999 027 261245  799999999999999
 37 33 41 58 80 99110110100 80 55 32 14  6  9 25 49 74 94105105 95 79 6226 4 4MI 633111193210699999999999999 052 331313  699999999999999
 48 41 43 56 74 93106110104 87 65 41 21  8  6 15 34 58 79 95101 97 86 7126 4 5MI 65211020 710199999999999999 115 401342  599999999999999
 57 49 48 55 70 87101108105 92 73 51 30 14  7 10 23 43 64 81 92 94 88 7826 4 6MI 7121082045 9499999999999999 137 471413  799999999999999
 66 57 54 57 68 82 95102103 95 80 60 40 24 13 10 16 30 48 65 79 86 86 8026 4 7MI 7331042130 8699999999999999 2 0 541447 1099999999999999
 72 65 60 61 67 77 88 95 98 94 83 68 51 35 22 15 15 23 35 50 63 73 78 7926 4 8MI 754 982233 7999999999999999 224 601528 1499999999999999
 75 71 68 66 69 74 81 87 91 90 84 73 60 47 34 25 20 21 27 36 48 59 67 7326 4 9MI 817 91999999999999999999999 252 661622 2099999999999999
 75 75 74 73 73 74 76 79 82 82 80 75 68 58 48 38 30 25 24 28 35 44 54 6326 410MI 032 75 846 8299999999999999 345 731741 2499999999999999
 71 76 79 80 78 76 74 72 72 72 73 73 71 68 62 53 44 36 29 25 26 31 40 5226 411MI 243 801031 7399999999999999 8 3 721920 2599999999999999
 64 74 82 86 85 81 75 68 63 61 62 65 70 73 73 69 61 51 40 30 24 23 28 3926 412MI 321 861332 7499999999999999 912 612037 2299999999999999
 54 70 82 90 92 88 79 67 57 50 49 53 62 73 80 83 79 70 56 41 29 21 21 2926 413MI 347 921456 8399999999999999 944 492133 2099999999999999
 44 62 80 93 98 96 85 70 55 42 36 39 49 65 80 91 94 89 76 59 41 27 20 2226 414MI 410 981552 94999999999999991014 362218 1999999999999999
 34 53 75 93103103 94 77 57 39 26 24 32 50 72 91102104 96 79 59 40 26 2126 415MI 4331041640105999999999999991046 232257 2199999999999999
 28 45 68 90105109103 87 64 40 22 12 14 30 55 81101112111 99 79 58 39 2826 416MI 4571101725113999999999999991119 112335 2699999999999999
 27 39 60 84103113111 97 74 48 24  7  1 10 32 62 90109118114 99 78 57 4126 417MI 5211141810118999999999999991155  1999999999999999999999
 34 38 53 76 99113116108 87 60 32  9 -5 -5 10 37 68 96113119112 95 75 5726 418MI 547117185511999999999999999 011 331232 -799999999999999
 45 43 51 70 92109118114 99 75 46 19 -1-10 -6 13 42 73 97112114106 90 7326 419MI 614118194311599999999999999 046 421312-1199999999999999
 60 52 54 65 84102114116108 89 63 35 11 -5-11 -2 18 46 74 95106107 99 8626 420MI 642117203410899999999999999 120 521355-1199999999999999
 73 64 61 65 78 93106113110 98 78 54 29  9 -4 -6  3 23 48 71 89 98 98 9226 421MI 7131132133 9999999999999999 155 611441 -799999999999999
 83 75 70 69 75 85 96104106101 88 70 49 28 12  2  1 10 27 47 67 81 89 9126 422MI 7471062249 9199999999999999 233 691535  099999999999999
 88 83 78 75 76 79 85 92 96 96 91 80 66 49 33 19 11 10 16 29 45 61 74 8326 423MI 828 97999999999999999999999 326 751639  999999999999999
 87 87 85 82 79 77 78 79 82 85 85 82 76 66 54 41 29 20 17 21 30 43 57 7126 424MI 034 87 937 8599999999999999 526 771758 1799999999999999
 81 87 89 88 84 79 74 70 68 69 72 76 77 76 71 62 50 38 29 23 24 31 43 5726 425MI 2 6 8912 9 7799999999999999 8 1 681923 2399999999999999
 72 84 91 93 90 83 74 64 57 54 56 63 71 78 81 79 71 59 46 35 27 27 33 4626 426MI 255 9314 7 8199999999999999 9 4 542036 2699999999999999
 62 78 90 97 97 90 78 64 51 42 41 46 58 71 82 88 87 79 66 51 38 31 30 3826 427MI 327 981521 8899999999999999 944 402132 2999999999999999
 53 71 88 99102 97 84 68 50 36 29 31 42 58 76 90 96 94 84 69 53 40 34 3626 428MI 3541021616 96999999999999991019 282217 3399999999999999
 47 64 83 98106104 93 75 54 35 22 19 26 43 64 84 98103 98 86 69 53 42 3826 429MI 41910617 0103999999999999991051 192254 3899999999999999
 44 59 78 96107109101 84 62 39 22 12 14 28 50 74 94106107 99 84 67 52 4426 430MI 4431091739108999999999999991121 112327 4399999999999999
 44 55 72 91106112107 93 71 47 26 11  7 15 35 60 84102110107 96 79 63 5226 5 1MI 5 51121815110999999999999991151  72357 4899999999999999
 48 53 67 86102112111100 81 57 33 14  5  7 21 45 71 93107110104 90 74 6026 5 2MI 5281131850111999999999999991220  4999999999999999999999
 53 54 64 80 97109113106 90 67 42 21  7  3 11 30 55 80 99108107 97 83 6926 5 3MI 551113192410999999999999999 025 521250  399999999999999
 59 56 61 74 91104111109 96 77 53 30 13  3  5 18 40 65 86100105101 90 7726 5 4MI 615111195910599999999999999 052 561321  399999999999999
 65 59 61 70 84 98107108101 85 64 41 22  8  4 11 27 49 71 89 99100 93 8326 5 5MI 640109203710099999999999999 120 591353  499999999999999
 72 64 62 67 77 90100105101 90 73 53 33 17  8  8 18 35 55 74 88 94 93 8726 5 6MI 7 61052120 9599999999999999 149 621429  699999999999999
 78 70 65 66 72 82 91 98 99 92 80 63 45 28 16 11 14 25 41 59 75 85 90 8826 5 7MI 736 992213 9099999999999999 224 6515 9 1099999999999999
 83 76 71 68 69 75 82 89 92 91 83 72 57 42 28 19 16 20 30 45 60 74 83 8626 5 8MI 813 922320 8799999999999999 3 9 681556 1699999999999999
 86 82 77 72 70 70 73 78 82 84 83 77 67 56 43 32 24 22 25 34 47 61 73 8226 5 9MI 9 5 84999999999999999999999 423 701654 2299999999999999
 86 87 84 79 74 69 67 67 70 74 76 77 74 68 59 48 38 31 27 30 37 49 62 7526 510MI 037 871044 7799999999999999 621 6718 6 2799999999999999
 84 90 91 87 80 72 64 59 57 60 65 71 76 77 74 67 57 46 37 32 33 40 51 6626 511MI 139 911249 7799999999999999 752 571921 3299999999999999
 80 90 96 95 88 77 65 54 46 44 49 58 70 80 85 84 77 66 53 42 36 36 43 5626 512MI 223 961421 8599999999999999 846 442029 3699999999999999
 73 88 98102 98 86 70 53 39 31 32 40 56 73 87 95 95 87 74 59 47 40 41 4926 513MI 2581021529 9699999999999999 929 302127 3999999999999999
 65 83 98107107 97 80 59 39 23 17 21 35 57 79 97106105 95 80 64 51 45 4726 514MI 32910816251079999999999999910 9 172218 4499999999999999
 58 75 94108113108 93 70 45 23  8  4 13 34 61 87106115112101 84 67 55 5026 515MI 4 01131717115999999999999991050  423 4 5099999999999999
 54 68 87105116117106 85 58 31  9 -4 -4 10 36 66 94113120115102 85 70 5926 516MI 43211818 7120999999999999991132 -62347 5699999999999999
 56 63 79 99114121116100 75 46 19 -2-12 -8 10 40 71 98115121115101 85 7126 517MI 5 61211857121999999999999991215-13999999999999999999999
 63 63 73 89107119121112 93 66 37 11 -8-15 -8 14 44 75 99114117111 98 8426 518MI 542122194711899999999999999 030 6213 1-1599999999999999
 72 67 70 81 96111119117106 85 58 30  7 -9-13 -3 19 48 76 98110112105 9426 519MI 620120204011299999999999999 112 671348-1499999999999999
 82 73 70 74 85 99110115111 98 78 53 28  7 -6 -7  4 26 52 77 95104105 9926 520MI 7 3115213510699999999999999 157 701437 -899999999999999
 90 81 74 72 77 86 97105107102 90 72 50 29 11  1  2 13 33 56 76 91 9910026 521MI 751107223410099999999999999 248 721528  099999999999999
 95 87 79 74 72 75 82 90 96 98 94 84 69 51 33 19 11 13 23 40 59 77 89 9626 522MI 849 982335 9799999999999999 353 721623 1199999999999999
 96 92 85 78 72 68 69 74 80 85 88 86 80 69 55 40 29 23 24 32 47 63 78 8926 523MI1011 88999999999999999999999 519 681721 2299999999999999
 95 96 91 84 75 67 62 60 63 68 75 80 82 79 72 61 49 39 34 34 41 53 68 8126 524MI 035 961156 8299999999999999 652 601825 3399999999999999
 92 97 97 91 82 70 60 52 49 51 58 67 75 81 82 77 69 58 49 43 43 49 60 7426 525MI 126 971338 8299999999999999 8 5 491931 4399999999999999
 87 96100 98 90 77 63 50 40 37 41 50 63 76 84 87 84 76 66 57 51 51 56 6726 526MI 2101001459 8799999999999999 859 372034 5099999999999999
 81 93102104 98 87 70 53 38 29 27 34 48 64 80 91 94 91 82 72 62 56 56 6326 527MI 24710416 1 9499999999999999 942 272129 5699999999999999
 75 89101107105 96 80 61 42 27 19 21 32 50 70 88 98101 96 86 74 65 60 6226 528MI 3201071650101999999999999991020 192216 6099999999999999
 70 83 97107110104 90 71 49 30 17 13 19 35 57 79 96105106 98 86 74 66 6326 529MI 3511101731107999999999999991054 132256 6399999999999999
 67 78 92104111110100 82 60 37 20  9 10 22 42 67 89104110107 97 84 72 6526 530MI 42011218 8110999999999999991128  82332 6499999999999999
 65 72 85100110113107 92 71 48 26 11  6 11 28 52 77 97109111104 93 79 6926 531MI 45011318431119999999999999912 1  6999999999999999999999
 65 68 79 93106113111100 82 59 36 17  6  5 16 37 62 86103110109 99 86 7426 6 1MI 520113191711199999999999999 0 5 651234  499999999999999
 67 66 73 85 99109112106 92 71 48 26 10  3  8 24 47 71 92105109103 93 8026 6 2MI 551112195210999999999999999 037 6513 7  399999999999999
 70 65 68 77 91103110109 99 82 60 38 19  7  4 14 33 56 79 96105105 97 8626 6 3MI 623111202810699999999999999 110 651341  499999999999999
 74 67 65 70 81 94104108103 91 72 51 30 14  6  9 21 42 65 85 98103100 9126 6 4MI 65710821 610399999999999999 145 651417  699999999999999
 80 71 65 66 73 84 95102103 96 82 63 43 25 13  9 15 30 51 72 89 98101 9626 6 5MI 734103214610199999999999999 224 651454  999999999999999
 87 76 68 64 66 73 83 93 97 96 88 74 57 39 25 16 15 24 40 59 78 91 98 9826 6 6MI 819 982230 9999999999999999 312 641533 1599999999999999
 93 84 74 66 63 65 71 80 87 91 90 83 70 55 40 28 22 24 34 49 66 82 94 9926 6 7MI 915 922317 9999999999999999 411 631618 2299999999999999
 98 91 82 72 64 59 60 65 73 81 85 86 81 71 58 46 36 32 34 43 57 73 87 9726 6 8MI1032 86999999999999999999999 522 591710 3299999999999999
100 98 90 80 68 58 52 52 56 64 74 81 85 83 76 66 55 46 42 44 52 64 79 9226 6 9MI 0 610012 9 8599999999999999 638 511812 4299999999999999
100103 99 90 76 62 50 42 40 45 56 68 80 87 89 85 76 66 57 52 53 60 71 8526 610MI 0551031346 8999999999999999 745 401922 5299999999999999
 97105107101 88 71 54 39 29 27 34 48 65 82 93 98 95 87 77 67 61 61 66 7726 611MI 14110715 8 9899999999999999 842 272035 6099999999999999
 91104111110101 85 64 43 26 16 15 25 43 65 86101107105 97 85 75 68 66 7226 612MI 226111161610899999999999999 935 142142 6699999999999999
 84 98110116113100 80 56 33 14  4  5 18 40 67 91108115113104 91 79 72 7126 613MI 3 91161714116999999999999991026  32241 7099999999999999
 77 90105116120114 98 75 48 23  4 -6 -3 14 41 70 96114120117106 93 81 7426 614MI 35412018 8120999999999999991116 -62334 7299999999999999
 73 81 95110121122114 95 69 41 15 -4-12 -6 14 44 75100117122117105 92 8026 615MI 44012318591229999999999999912 6-12999999999999999999999
 73 74 84 99114123122112 91 64 36 10 -7-13 -4 18 49 79103117120114101 8826 616MI 527124194712099999999999999 023 731255-1399999999999999
 77 72 75 86101115122120108 87 60 32  8 -7-10  2 26 56 84105116116108 9526 617MI 616123203211799999999999999 111 721343-1199999999999999
 83 73 69 74 86101113119115102 82 56 30  9 -3 -2 12 36 64 8910611311110126 618MI 7 7119211511399999999999999 158 691429 -499999999999999
 89 77 68 66 72 84 98108112108 96 76 53 31 14  5  9 25 48 73 9310611010526 619MI 8 1112215611099999999999999 247 661512  599999999999999
 95 82 71 64 63 69 80 92101104100 89 72 52 34 21 17 24 39 60 81 9710610626 620MI 859104223610799999999999999 340 631554 1799999999999999
100 89 77 66 60 59 64 73 83 92 95 92 83 70 54 41 32 32 39 54 72 8810010526 621MI10 5 95231610599999999999999 440 581636 3199999999999999
104 96 85 73 62 55 53 57 65 74 82 87 86 80 71 60 50 45 46 54 66 81 9310226 622MI1124 87235710599999999999999 548 531720 4599999999999999
105101 93 81 69 57 49 47 49 56 66 75 82 84 82 75 68 61 58 59 66 76 87 9726 623MI1258 84999999999999999999999 7 0 471813 5899999999999999
103105100 91 78 64 51 42 39 41 49 60 71 81 86 86 83 77 71 68 69 74 82 9126 624MI 0431051435 8799999999999999 8 6 391920 6899999999999999
100105105 99 88 74 58 45 35 31 34 44 57 72 84 91 93 90 85 79 75 75 78 8526 625MI 1311061551 9399999999999999 9 2 312036 7499999999999999
 94102107106 98 85 69 52 37 27 24 30 42 59 77 91 99101 97 90 83 78 77 8026 626MI 219107164610199999999999999 950 242143 7799999999999999
 88 97105109106 96 81 62 43 28 19 19 28 45 65 84 99106106100 91 82 77 7726 627MI 3 41091728107999999999999991031 182235 7699999999999999
 82 91101109111105 92 74 54 35 20 14 17 30 51 73 93106111108 99 88 79 7426 628MI 34611118 4111999999999999991110 142317 7499999999999999
 76 83 94105112111103 87 66 45 26 13 10 18 36 60 83101111112106 94 83 7426 629MI 4251131836113999999999999991147 102353 7199999999999999
 71 76 86 99110114110 98 80 57 35 18  8 10 23 45 70 92108113110100 87 7626 630MI 5 311419 7114999999999999991222  8999999999999999999999
 69 69 77 90104113115107 92 71 47 26 11  6 13 31 56 81100111113105 93 8026 7 1MI 540115193811399999999999999 027 681256  699999999999999
 69 65 69 80 95108115113102 83 61 38 19  8  8 20 42 68 91106113109 99 8526 7 2MI 61611520 911399999999999999 1 2 651329  699999999999999
 72 64 63 70 84 99110114108 94 74 51 30 14  8 14 31 55 79 99110112104 9226 7 3MI 654114204011299999999999999 137 6214 2  899999999999999
 77 66 60 62 72 87101110110102 86 65 43 25 14 13 24 44 68 90105111109 9826 7 4MI 734111211111299999999999999 215 601435 1299999999999999
 84 70 61 57 62 73 88100107105 95 79 59 40 26 19 23 37 58 80 9810911110426 7 5MI 818107214311199999999999999 256 5715 8 1999999999999999
 92 78 65 56 54 60 72 86 97102 99 89 74 57 41 31 29 37 52 71 9010411110926 7 6MI 911102221611199999999999999 343 541544 2999999999999999
100 86 72 59 52 51 57 68 81 91 96 94 86 74 60 48 42 43 51 66 83 9810811126 7 7MI1015 96225311199999999999999 438 501624 4199999999999999
106 96 81 66 54 46 45 50 61 73 84 91 92 87 78 68 60 56 57 65 77 9110211026 7 8MI1139 92233711199999999999999 541 441714 5599999999999999
110105 93 78 62 48 39 37 41 51 65 78 87 92 92 87 79 73 69 70 75 84 9510526 7 9MI1323 93999999999999999999999 652 371821 6999999999999999
111111104 92 75 58 42 31 27 30 41 56 73 87 96 99 97 92 85 81 79 82 88 9826 710MI 03011215 4 9999999999999999 8 4 271952 7999999999999999
107112112106 92 74 54 36 23 17 20 31 50 70 89102108107102 94 87 84 84 8926 711MI 131113162210999999999999999 911 162125 8399999999999999
 98108115116108 93 73 51 30 14  7 10 24 46 71 93109116115108 98 89 83 8326 712MI 2341161722117999999999999991013  72237 8299999999999999
 88 99111119120111 95 72 47 24  7 -1  4 21 46 75 99115121119109 97 86 8026 713MI 33512018101229999999999999911 9 -12333 7999999999999999
 79 87100114123123114 96 71 44 19  1 -6  2 22 51 81105120124118106 92 8026 714MI 43312418531249999999999999912 1 -6999999999999999999999
 74 75 85102117126125115 95 68 40 15 -1 -6  5 29 60 89111122122113 99 8426 715MI 528127193112499999999999999 021 731248 -699999999999999
 72 67 72 85103119127125113 91 64 36 13  0  0 15 41 71 98115122118105 8926 716MI 62012720 612299999999999999 1 4 671331 -299999999999999
 74 64 62 69 85104118125121108 86 59 34 15  6 11 29 56 84106118120111 9626 717MI 711125203812099999999999999 146 611410  699999999999999
 79 65 57 58 68 85102115119114100 79 55 34 20 17 27 47 73 9611211811510326 718MI 8 011921 811899999999999999 227 561445 1799999999999999
 87 70 58 52 55 67 83 98108111105 91 73 53 38 30 32 45 66 8710511511610826 719MI 850111213711799999999999999 310 521518 3099999999999999
 94 78 63 53 50 54 65 79 92100102 96 84 70 56 46 44 50 64 81 9811011511226 720MI 94310222 511599999999999999 357 501548 4499999999999999
101 87 72 59 50 48 53 62 74 84 91 93 89 81 71 62 58 59 67 79 9310411111226 721MI1046 93223611299999999999999 449 481618 5799999999999999
106 96 82 68 56 48 46 50 57 67 77 84 87 86 82 76 72 71 73 80 89 9810610926 722MI1216 87231410999999999999999 553 461654 7199999999999999
108102 91 79 66 54 46 43 45 51 60 70 79 85 88 87 85 83 82 83 87 93 9910426 723MI1418 88999999999999999999999 7 7 431755 8299999999999999
106105 99 89 77 64 52 43 38 39 45 55 67 79 88 93 95 94 91 89 88 89 93 9826 724MI 0 71061558 9599999999999999 821 381953 8899999999999999
102105104 99 89 76 62 48 38 32 33 40 53 68 83 94101103100 95 90 87 87 9026 725MI 118105165010399999999999999 922 322133 8799999999999999
 95101105105100 89 74 58 42 31 25 28 38 54 73 90103108108102 95 87 83 8326 726MI 2281061724109999999999999991012 252231 8299999999999999
 87 95103108108101 88 71 52 35 24 20 25 40 60 82 99110113109100 89 81 7726 727MI 3261091753113999999999999991055 202310 7799999999999999
 79 87 98108113111101 85 65 44 27 17 17 27 46 70 92108115114105 93 81 7326 728MI 4131131821116999999999999991133 152343 7199999999999999
 72 77 89103113117112 99 79 57 35 20 13 17 33 57 82102115117111 98 84 7226 729MI 45511718471189999999999999912 7 13999999999999999999999
 66 68 79 94109118119110 94 71 47 27 14 12 23 44 70 94111119116104 89 7426 730MI 534120191311999999999999999 015 661240 1199999999999999
 63 61 68 83100115121118106 86 61 38 21 13 17 34 59 85106118119111 95 7826 731MI 612122193812099999999999999 048 611311 1299999999999999
 64 56 58 70 88106118122115 99 76 52 32 19 16 27 49 75 99115121116103 8526 8 1MI 65012220 312199999999999999 121 561341 1699999999999999
 68 56 52 58 73 92109119119109 90 68 46 29 22 26 42 66 91110120120110 9326 8 2MI 729120202812199999999999999 156 521410 2299999999999999
 74 58 49 49 58 76 95110116113101 83 62 44 33 32 41 60 8310411712111510126 8 3MI 812116205412199999999999999 233 481439 3199999999999999
 83 65 51 44 47 59 76 94106111106 95 78 61 48 43 46 58 77 9711212011910926 8 4MI 9 1111212112199999999999999 314 441510 4399999999999999
 92 74 57 45 41 45 57 73 89100103100 90 78 66 58 57 63 75 9110611611911426 8 5MI10 1103215211999999999999999 4 1 411543 5699999999999999
102 86 68 53 42 38 42 53 67 81 91 96 95 90 83 76 72 72 78 88 9910911511526 8 6MI1122 97223111699999999999999 459 381623 7199999999999999
109 97 82 66 51 40 35 37 45 57 71 83 91 95 94 91 88 85 86 89 9510210811226 8 7MI1324 95232811399999999999999 613 351727 8599999999999999
112107 97 83 67 51 39 31 30 35 47 61 76 89 97102102 99 96 94 93 95 9910526 8 8MI1532102999999999999999999999 740 301946 9399999999999999
109111108100 86 70 52 37 26 21 25 37 54 73 91104110111108102 96 91 91 9426 8 9MI 056111164011299999999999999 9 2 212143 9099999999999999
101108113113106 92 73 53 34 19 13 17 31 52 75 97111118117111101 91 84 8326 810MI 22611417231199999999999999910 9 132245 8399999999999999
 88 98110118119112 97 76 52 30 13  7 12 30 55 82105119123119108 94 82 7526 811MI 33912017581239999999999999911 4  72330 7499999999999999
 75 84 99114124126117100 75 49 25  9  5 14 36 65 92113124124115 99 83 7126 812MI 4401261830126999999999999991152  4999999999999999999999
 65 68 82101119129130119 99 72 45 22  8  8 22 48 78104121126121106 88 7126 813MI 53313119 012699999999999999 0 9 651233  699999999999999
 59 57 65 83105122131130117 94 67 41 22 13 18 37 65 93114125125113 95 7526 814MI 621132192712799999999999999 046 561310 1299999999999999
 59 51 52 65 86108123130125110 87 61 39 25 22 33 56 83107122126119103 8326 815MI 7 6130195212699999999999999 122 501342 2299999999999999
 64 50 45 51 68 89109121124117101 79 57 41 33 37 53 76 99117125122110 9126 816MI 749125201612599999999999999 158 451411 3399999999999999
 71 55 44 44 53 71 90106116116107 91 73 57 47 46 55 73 93111122123115 9926 817MI 832117203912499999999999999 235 431437 4599999999999999
 81 62 49 42 45 56 72 89101107106 97 84 71 61 57 61 73 8910511712111710626 818MI 91710821 112199999999999999 314 4215 0 5799999999999999
 90 72 57 47 43 47 58 71 85 94 98 97 90 82 74 69 70 77 8810011111611610926 819MI1012 98212511799999999999999 357 431522 6999999999999999
 97 82 67 55 47 45 49 57 68 78 86 90 90 88 84 81 80 83 89 9710411011210926 820MI1134 91215211299999999999999 450 451545 8099999999999999
101 91 78 66 55 49 46 48 54 62 71 79 85 89 90 90 90 90 92 95 9910310510526 821MI1418 90223410699999999999999 6 2 461618 9099999999999999
103 97 88 78 67 57 49 45 44 48 55 65 75 85 92 97 98 98 96 95 95 96 97 9926 822MI1614 98999999999999999999999 734 441947 9599999999999999
100100 97 90 80 69 57 47 40 38 42 50 62 76 89 99104105102 97 93 90 89 9126 823MI 018101164110599999999999999 853 382144 8999999999999999
 95 99101100 94 83 70 55 42 34 32 36 48 65 82 97107111108101 93 85 81 8226 824MI 2 810117 511199999999999999 950 322225 8199999999999999
 87 95102107105 98 84 68 50 36 27 27 35 51 72 92107114114107 96 84 76 7326 825MI 3161071728115999999999999991034 262256 7399999999999999
 77 86 99109113110100 83 63 43 28 22 25 39 60 83103115118113100 85 73 6626 826MI 4 61131750118999999999999991111 212325 6599999999999999
 66 76 91106117119113 98 78 55 35 22 20 29 49 74 97114121118106 90 73 6126 827MI 4481191813121999999999999991144 192355 5799999999999999
 57 63 79 98114124123113 94 70 47 29 20 23 39 64 90110122123113 96 77 6126 828MI 5271251835124999999999999991215 20999999999999999999999
 51 52 65 85106122128123108 86 61 40 26 23 33 55 81105121126119104 83 6326 829MI 6 5128185712699999999999999 026 501245 2399999999999999
 49 44 51 69 92113126128120101 78 55 37 29 32 48 73 98117127124112 91 7026 830MI 643129191912799999999999999 058 441314 2899999999999999
 51 41 40 52 74 98117126125113 93 71 52 39 37 47 67 91113125127118101 7826 831MI 723127194112899999999999999 131 391342 3699999999999999
 57 42 35 39 55 78100116123118105 86 68 54 47 51 64 85106121127123109 8926 9 1MI 8 612320 512799999999999999 2 7 351410 4799999999999999
 67 48 36 33 40 58 79 99111115110 98 83 69 61 60 67 82100116124124115 9926 9 2MI 855115203012599999999999999 247 321438 5999999999999999
 79 59 43 33 33 42 58 76 93103106102 94 84 76 72 75 83 9510911812211810726 9 3MI 955106205912299999999999999 334 3215 7 7299999999999999
 91 73 56 42 34 34 41 54 69 83 93 97 97 94 89 86 85 88 9410211011511611126 9 4MI1125 98213611699999999999999 432 331541 8599999999999999
101 88 73 57 45 37 34 38 47 60 72 83 92 96 98 97 97 96 97 9910210510810926 9 5MI1415 98224310999999999999999 553 3417 2 9699999999999999
106100 90 77 63 50 39 33 33 39 49 63 78 90100105106105102 98 96 95 9710026 9 6MI1557106999999999999999999999 732 322047 9599999999999999
104105103 96 85 70 54 40 30 26 30 42 59 78 94107113113109101 93 86 84 8726 9 7MI 1 0105163311499999999999999 858 262157 8499999999999999
 94103109111105 93 76 56 38 25 20 25 40 61 83102115119116106 93 81 74 7326 9 8MI 24311117 11199999999999999910 2 202239 7299999999999999
 79 92106116119114 99 79 56 35 21 17 25 44 69 94112122122112 97 81 68 6126 9 9MI 3521191728123999999999999991051 172315 6099999999999999
 63 76 94112124127119102 78 53 32 20 19 32 56 83106121126119103 84 66 5426 910MI 4461271753126999999999999991133 182349 5099999999999999
 50 59 77100119130131120 99 74 50 31 23 28 46 72 99118127125111 91 70 5326 911MI 53313218171289999999999999912 9 23999999999999999999999
 43 45 59 82106124133130115 93 68 47 33 31 42 64 91113126128118 99 77 5626 912MI 615133184012999999999999999 022 421241 3099999999999999
 42 37 44 63 88111126131124108 85 64 47 39 44 60 84107123129124108 86 6326 913MI 65513119 212999999999999999 055 371310 3999999999999999
 45 35 36 48 70 94113125125115 98 78 61 51 50 60 79101118127126114 95 7326 914MI 734126192312899999999999999 127 341335 4999999999999999
 53 38 33 39 54 76 97112119116105 90 74 63 59 64 77 95112123125118103 8226 915MI 813119194412699999999999999 2 0 331358 5999999999999999
 62 45 36 35 44 60 80 96108111106 96 84 74 68 70 78 92106118122119107 9126 916MI 85511120 412299999999999999 234 341420 6899999999999999
 72 55 42 37 39 49 64 80 93100102 98 91 83 78 77 81 90101111116116109 9726 917MI 944102202611799999999999999 312 371442 7699999999999999
 81 66 52 43 40 44 52 64 76 86 92 94 93 89 86 84 86 90 9710410911010710026 918MI1057 94204911099999999999999 358 4015 4 8499999999999999
 89 76 64 54 46 44 46 52 61 71 79 86 90 92 92 92 92 93 95 98101102102 9926 919MI2119102999999999999999999999 5 1 44999999999999999999999
 93 86 76 66 57 50 46 45 49 56 64 74 83 90 95 98 98 97 95 94 93 93 94 9426 920MI1536 982321 9499999999999999 634 452018 9399999999999999
 94 92 87 80 71 61 51 45 42 44 50 60 73 85 95102104102 98 92 87 84 84 8626 921MI16 1104999999999999999999999 8 8 422130 8399999999999999
 91 94 96 93 86 75 63 50 41 36 38 47 61 77 92103109108102 93 83 76 73 7626 922MI 150 96162310999999999999999 913 3622 1 7399999999999999
 83 92100103100 91 77 61 46 36 32 36 49 67 86102112114108 97 83 71 64 6426 923MI 3 3103164411499999999999999 959 322229 6399999999999999
 72 85 98108111106 94 76 57 41 31 30 39 56 78 99113119115102 86 69 57 5326 924MI 35411117 5119999999999999991038 292257 5399999999999999
 58 73 91108118119110 94 73 52 36 29 32 47 70 93112121121110 92 72 55 4526 925MI 4361201726122999999999999991112 282327 4499999999999999
 45 57 78100118126123110 90 67 47 34 31 41 61 86108122126117100 77 56 4126 926MI 5161261747126999999999999991144 312359 3599999999999999
 35 42 61 86110126130124107 84 62 45 36 39 55 79103121128124109 86 62 4226 927MI 55613118 9129999999999999991215 36999999999999999999999
 30 29 43 67 94117130131120101 79 59 46 43 52 72 96117129129118 97 71 4826 928MI 636132183213099999999999999 032 281246 4399999999999999
 30 22 28 46 73100120129127114 95 75 60 52 55 68 90111126130124107 83 5826 929MI 718130185513099999999999999 1 7 221316 5299999999999999
 36 23 19 29 50 77101118124119106 90 75 65 62 69 85104120128127115 96 7226 930MI 8 4124192112999999999999999 145 191346 6299999999999999
 48 30 20 20 33 54 78 98111115111100 88 78 73 75 83 97112122125119105 862610 1MI 856115194912599999999999999 228 191416 7399999999999999
 64 44 29 22 24 36 54 74 91102105103 96 89 84 83 86 94104113118117110 972610 2MI10 2105202111899999999999999 317 211449 8399999999999999
 80 62 45 33 27 28 37 51 67 82 92 97 98 97 94 92 92 94 981031071091081022610 3MI1147 9821 511099999999999999 419 261539 9199999999999999
 92 80 65 51 40 32 31 36 46 60 73 84 93 98100100 98 96 95 94 95 97 991002610 4MI1422100225210099999999999999 542 311850 9499999999999999
 98 93 84 73 60 47 37 32 34 41 53 68 82 94102106105101 95 89 84 83 85 902610 5MI1521106999999999999999999999 718 322054 8399999999999999
 95 99 99 93 82 68 53 40 32 31 37 51 68 85100109111108 99 88 77 71 69 752610 6MI 125 99155311299999999999999 839 302141 6999999999999999
 85 96104107102 91 74 56 41 31 29 38 54 74 94109116114105 91 75 62 56 582610 7MI 253107161911699999999999999 939 292218 5599999999999999
 68 84101112116110 96 77 57 40 31 32 44 64 86105117120112 97 78 60 47 442610 8MI 3551161644120999999999999991026 302252 4399999999999999
 51 68 89108120122114 97 76 56 40 34 39 55 78100116123119105 84 63 45 352610 9MI 44412317 71239999999999999911 5 342325 3499999999999999
 36 50 72 96116126125114 95 73 54 42 40 51 71 94113124124113 93 69 48 33261010MI 5271271730126999999999999991140 402356 2799999999999999
 27 35 54 80104121128124109 89 69 54 47 51 66 88109123127120102 79 55 36261011MI 6 71291752127999999999999991210 47999999999999999999999
 25 25 39 62 88110124127119102 83 66 56 55 64 82103119127124110 89 64 43261012MI 644127181412799999999999999 028 231238 5499999999999999
 27 22 28 46 71 95114123121110 94 78 66 61 65 78 97113124125115 98 75 52261013MI 721123183512599999999999999 059 2213 3 6199999999999999
 34 23 23 35 55 78 99113118113101 87 75 68 68 77 91107118123118104 84 62261014MI 758118185812399999999999999 130 221328 6799999999999999
 43 29 23 28 42 62 83100109110104 94 83 75 72 77 87100111118116107 92 73261015MI 838111192111899999999999999 2 3 231353 7299999999999999
 54 38 28 27 34 49 67 84 97103102 97 89 82 78 78 84 94103110112107 96 81261016MI 924103194611299999999999999 239 261421 7799999999999999
 65 49 37 31 32 40 53 68 81 91 96 96 92 87 84 82 84 89 96102105103 97 87261017MI1026 96201410599999999999999 321 301457 8299999999999999
 75 61 49 39 35 37 43 54 66 77 86 91 92 92 89 87 86 87 89 92 95 96 94 90261018MI12 6 922054 9699999999999999 415 3516 6 8699999999999999
 82 73 62 52 44 39 40 44 52 63 73 82 89 93 95 93 91 88 85 84 84 86 87 88261019MI1356 952249 8899999999999999 528 391915 8499999999999999
 86 82 75 67 57 48 42 40 43 50 60 72 83 92 98 99 97 91 84 78 75 74 76 81261020MI1448 99999999999999999999999 656 402041 7499999999999999
 85 88 87 82 73 62 51 43 39 41 49 61 75 89 99104103 97 87 76 67 62 63 70261021MI 115 88152010599999999999999 811 392119 6299999999999999
 79 88 94 95 90 79 66 52 42 38 41 51 66 84 98108110104 92 77 63 53 50 55261022MI 237 96154511099999999999999 9 8 382152 5099999999999999
 67 83 96104104 97 84 67 52 41 38 43 58 77 95109115112100 82 63 47 39 40261023MI 33310516 911599999999999999 953 382224 3899999999999999
 51 70 90106114113102 85 66 51 41 41 51 69 90108119119109 90 68 47 32 26261024MI 4211151632120999999999999991033 402257 2699999999999999
 33 52 76100116123118104 84 65 50 44 47 62 83105120124118101 77 51 30 18261025MI 5 51231656124999999999999991110 442332 1699999999999999
 18 31 56 84109124127119103 82 64 52 49 58 76 99117127125112 89 62 36 17261026MI 5481281721128999999999999991146 49999999999999999999999
  9 14 33 62 91115127128117 99 80 65 57 58 71 91111125129121102 76 48 24261027MI 632129174912999999999999999 0 9  81221 5699999999999999
  8  4 14 37 67 96116126124112 95 79 68 64 69 84103120128126113 91 64 37261028MI 718126181812899999999999999 048  31257 6499999999999999
 16  4  3 17 42 71 96113120117106 92 79 72 72 80 94110122125119103 81 55261029MI 8 8120185112599999999999999 131  21333 7199999999999999
 31 13  4  7 22 45 71 93107112109100 90 82 78 80 88100112119118110 94 73261030MI 9 4112192711999999999999999 217  41412 7899999999999999
 51 31 16  9 13 27 47 69 87 99104102 97 90 85 83 85 91 99107111109101 87261031MI1012104201111199999999999999 310  915 3 8399999999999999
 70 52 35 22 17 20 31 48 66 81 92 98 99 96 92 88 85 85 88 93 97100 99 942611 1MI1139 99211710099999999999999 410 171632 8599999999999999
 85 72 57 43 31 25 26 34 47 63 77 89 96 99 98 94 89 84 80 79 81 85 89 912611 2MI1311 992321 9199999999999999 523 251851 7999999999999999
 90 86 77 65 52 40 33 31 37 48 62 77 89 98102100 95 86 77 70 66 67 72 802611 3MI1412102999999999999999999999 643 312018 6699999999999999
 87 91 91 85 74 61 48 39 36 40 50 65 81 94103106101 92 79 66 56 52 54 632611 4MI 124 92145210699999999999999 758 362110 5299999999999999
 75 87 96 98 93 82 68 54 44 40 44 55 72 89102109108100 85 68 52 41 38 452611 5MI 248 98152411099999999999999 9 0 402150 3899999999999999
 58 76 92103105100 88 72 57 47 44 50 64 82 99111114108 94 74 54 38 28 292611 6MI 350106155211499999999999999 950 442227 2799999999999999
 40 60 81 99110112104 90 73 59 51 50 59 76 94109117115103 84 61 40 25 192611 7MI 4391121618117999999999999991032 4923 1 1999999999999999
 25 42 66 89107116115104 89 72 60 54 58 70 88106117119111 94 71 47 27 152611 8MI 52211716441209999999999999911 9 542334 1499999999999999
 15 27 49 74 98114119114101 85 70 61 59 67 82100114121117103 82 57 34 172611 9MI 6 111917 9121999999999999991141 59999999999999999999999
 11 16 33 58 84105117118110 96 80 68 63 65 77 93109119119110 92 68 44 24261110MI 637119173412099999999999999 0 5 101211 6299999999999999
 11 10 21 42 68 92109117114103 89 76 67 66 73 86102114119114100 79 55 33261111MI 71311718 011999999999999999 037  91240 6599999999999999
 17  9 14 29 52 76 97110113107 96 83 72 67 70 80 94107115114105 88 66 44261112MI 749113182711699999999999999 1 9  913 9 6799999999999999
 25 13 11 20 38 60 82 99107107 99 88 78 71 70 75 86 98108111107 94 76 55261113MI 826108185511199999999999999 142 101340 6999999999999999
 36 21 13 15 27 45 66 85 98103100 93 83 75 71 73 79 89 99105104 97 84 66261114MI 9 8103192710599999999999999 218 131415 7199999999999999
 48 31 20 16 21 34 52 70 85 95 97 95 88 81 75 73 75 81 89 95 98 96 88 75261115MI 957 9720 4 9899999999999999 256 1615 0 7399999999999999
 60 44 31 23 22 28 40 56 72 84 92 94 91 86 80 75 73 75 79 84 88 90 87 81261116MI1055 942054 9099999999999999 340 2116 7 7399999999999999
 70 58 45 34 28 28 34 45 59 72 84 90 93 91 87 81 75 72 70 72 76 80 82 81261117MI12 4 932221 8299999999999999 433 271751 7099999999999999
 77 70 60 49 40 35 34 39 49 61 74 85 92 95 93 88 80 72 65 62 62 66 71 77261118MI13 6 95999999999999999999999 537 341925 6299999999999999
 80 79 74 66 57 47 41 39 43 52 64 78 89 97 99 96 87 76 64 55 50 50 56 66261119MI 022 801354 9999999999999999 649 392025 4999999999999999
 76 83 85 83 75 65 54 46 44 47 56 70 84 96103103 96 84 68 52 41 36 39 49261120MI 159 85143110499999999999999 758 4421 9 3699999999999999
 64 79 90 95 93 84 72 60 51 48 51 62 77 93105110106 94 76 55 37 25 22 29261121MI 310 9515 411099999999999999 859 482149 2299999999999999
 46 66 86100105102 91 77 64 54 52 57 70 87103113114105 87 64 41 22 11 11261122MI 4 7105153611599999999999999 951 512229  999999999999999
 24 46 72 94109114109 96 80 66 57 56 64 80 98113119115101 78 51 26  7 -1261123MI 45811416 8119999999999999991038 562310 -299999999999999
  3 21 49 78102116119112 98 81 68 61 62 73 90108120122113 94 67 38 13 -4261124MI 5461201642123999999999999991122 602353 -999999999999999
 -9  0 23 53 84107120121111 96 81 69 64 68 81 99115124122108 85 57 28  4261125MI 63412217181249999999999999912 5 64999999999999999999999
-11-13  0 26 58 88109119118108 93 80 70 68 74 88105119123117101 77 48 20261126MI 723120175712399999999999999 038-141248 6899999999999999
 -1-13-12  4 31 62 89108115113102 90 78 71 71 79 93107117119111 93 69 42261127MI 813115184011999999999999999 124-141332 7099999999999999
 17 -2-10 -6 11 37 65 89104110106 97 86 76 71 72 80 93105112111103 86 64261128MI 9 5110192711399999999999999 212-111420 7199999999999999
 40 18  3 -3  2 19 43 68 88100104100 92 83 75 71 72 78 88 98103102 94 80261129MI 959104202210399999999999999 3 1 -31518 7099999999999999
 61 41 23 10  7 13 29 50 70 87 96 99 96 89 80 73 68 68 72 80 87 92 92 87261130MI1055 992133 9399999999999999 353  71633 6799999999999999
 76 62 45 31 21 19 25 38 56 73 87 95 97 94 87 78 69 63 61 63 68 75 81 842612 1MI1152 972311 8499999999999999 447 1918 3 6199999999999999
 82 76 65 53 41 33 31 36 47 62 76 88 95 97 93 85 75 64 55 50 51 56 63 722612 2MI1246 97999999999999999999999 547 311927 5099999999999999
 78 81 78 71 62 52 45 43 46 55 68 81 92 98 99 93 83 70 56 45 38 38 44 552612 3MI 1 0 811335 9999999999999999 653 422031 3799999999999999
 67 77 84 84 79 71 62 54 52 54 62 74 87 97102100 92 79 62 46 33 26 27 362612 4MI 235 85141810299999999999999 8 2 522122 2699999999999999
 51 67 81 89 91 87 78 69 61 58 60 68 81 93102105101 89 72 53 34 21 16 202612 5MI 346 91145610599999999999999 9 6 5822 4 1699999999999999
 33 52 72 88 97 98 93 83 73 65 62 65 74 87 99107107 99 83 63 41 23 11  92612 6MI 440 9915311089999999999999910 0 622242  999999999999999
 18 36 58 80 96104103 95 84 73 66 64 69 81 94105110106 94 74 51 29 12  42612 7MI 52410416 4110999999999999991044 642317  499999999999999
  7 20 43 67 89103108104 94 81 71 65 66 74 87101109110102 86 63 39 18  42612 8MI 6 11081636111999999999999991122 642350  099999999999999
  0  8 27 52 77 97108109102 89 76 67 64 68 79 94106111108 95 75 51 28  92612 9MI 63611017 8111999999999999991156 64999999999999999999999
 -1  1 14 37 63 87103109106 96 82 70 64 64 72 85 99108110102 86 64 39 18261210MI 7 8109174011099999999999999 023 -21228 6399999999999999
  2 -3  4 22 47 73 94105107100 88 75 65 61 65 76 90102108106 94 75 52 28261211MI 741108181210999999999999999 056 -313 0 6199999999999999
 10 -1 -1 11 33 58 81 97105102 93 80 68 61 61 68 80 93103105 98 84 63 41261212MI 814105184510599999999999999 129 -21333 6099999999999999
 20  5 -1  5 21 44 67 87 99102 96 85 73 63 59 61 70 82 94100 99 90 73 53261213MI 848102192110199999999999999 2 1 -11410 5999999999999999
 32 15  5  4 13 32 54 75 91 98 97 90 79 68 60 58 62 71 82 91 95 91 80 64261214MI 924 9920 0 9599999999999999 235  31452 5899999999999999
 46 28 14  8 12 24 43 63 81 93 97 94 85 74 64 58 57 61 69 78 85 87 83 73261215MI10 2 972049 8799999999999999 310  81544 5699999999999999
 58 42 28 19 16 22 35 53 71 85 94 95 90 82 71 62 55 54 57 64 72 78 80 77261216MI1043 952154 8099999999999999 347 161650 5399999999999999
 68 57 44 33 27 27 34 46 62 77 89 95 94 89 79 68 58 50 47 49 55 63 70 74261217MI1128 952326 7599999999999999 431 2618 6 4799999999999999
 74 69 61 51 43 38 38 45 56 69 82 92 96 95 88 77 64 52 42 37 38 44 54 64261218MI1216 96999999999999999999999 525 371920 3799999999999999
 72 76 75 69 62 54 49 49 54 63 75 86 95 99 96 88 74 58 43 31 25 26 33 46261219MI 116 7613 7 9999999999999999 635 492023 2499999999999999
 61 74 82 84 80 73 65 60 57 60 68 79 91100103 98 87 70 50 32 18 11 13 24261220MI 252 84135610399999999999999 757 572117 1099999999999999
 42 61 79 90 94 91 84 74 67 63 65 72 84 96105107100 85 64 41 20  4 -3  2261221MI 4 3 94144410799999999999999 913 6322 8 -399999999999999
 17 40 65 86 99104100 91 80 70 66 67 75 89102110110101 83 58 31  8 -8-14261222MI 5 11041531112999999999999991018 652257-1499999999999999
 -6 14 41 70 93107111105 94 81 71 66 68 78 93107115113100 79 51 22 -2-18261223MI 5521111618115999999999999991112 662345-2299999999999999
-21-10 14 45 76 99112113106 93 79 69 65 69 81 98112118113 98 74 44 15 -9261224MI 63911417 51189999999999999912 1 65999999999999999999999
-23-24 -9 18 51 81103113112102 88 74 65 62 69 83101114118111 94 68 38 10261225MI 724114175411899999999999999 033-261247 6299999999999999
-13-24-21 -3 27 59 86105112108 96 81 68 60 60 69 84101112114106 88 62 33261226MI 8 6112184311599999999999999 119-251332 5999999999999999
  7-12-20-13  8 37 67 91105108101 88 73 62 55 57 67 83 98107108 99 81 56261227MI 847108193410999999999999999 2 3-201418 5599999999999999
 30  8 -7-10  0 22 50 75 94103103 93 80 66 56 51 54 65 79 92 99 98 90 73261228MI 925104202710099999999999999 245-1115 8 5199999999999999
 52 30 13  3  4 17 38 62 83 96101 97 86 73 60 51 47 50 59 72 82 88 88 80261229MI10 21012127 8999999999999999 325  216 3 4799999999999999
 67 50 34 22 17 22 35 53 72 88 97 98 92 81 68 55 47 43 45 52 62 71 77 78261230MI1039 982241 7899999999999999 4 3 1717 8 4399999999999999
 73 64 52 42 35 34 40 52 67 82 92 97 95 88 76 63 51 41 36 37 42 51 60 67261231MI1114 97999999999999999999999 439 341824 3699999999999999
