 96 50 25 20 39 8615522327730931829625120316513912714017922425526324820826 1 1MM 947318205226399999999999999 246 2016 212799999999999999
146 83 37 12  6 25 7915623028832533430925920816713612213818223025926524826 1 2MM1047335214726699999999999999 349  517 212299999999999999
204137 72 27  2 -5 18 8016424129933534130925320116012811714119224226827126 1 3MM1139343223927299999999999999 449 -5175211699999999999999
250198127 62 20 -4-10 21 9217925430934233929723818714711811314920725327526 1 4MM1226346233027799999999999999 544-11183811199999999999999
274248189115 55 17 -6 -7 3511520127032034332727521516713010611416122026226 1 5MM13 8343999999999999999999999 632-11191910499999999999999
279275241176103 49 15 -3  7 62147228288328337305246188144111 9611817423126 1 6MM 019280134533899999999999999 715 -41957 9699999999999999
266280270228160 94 47 19  9 35101183254303329321276214160120 93 9112618426 1 7MM 1 8280141833199999999999999 752  92034 8899999999999999
235266275258211147 90 51 31 34 73143217275311320295242183134 99 81 9313526 1 8MM 155275144832199999999999999 826 282110 8199999999999999
190234260265244196140 94 64 53 68115180241285305299263209155113 85 77 9826 1 9MM 243266151730799999999999999 859 532148 7799999999999999
141189228251253230189144108 87 84107151205251280287270231182135 99 78 7826 110MM 336255154928899999999999999 937 832230 7599999999999999
102141183219240243225194160132116118138174213245263262241205163122 91 7626 111MM 43724416272659999999999999910261142320 7599999999999999
 79101136175210233240231210184160145144156180206229242239220189152115 8726 112MM 5552401718242999999999999991135142999999999999999999999
 73 76 9512716720523424824723320918416515615917219221222522420918114611026 113MM 726250182722699999999999999 020 72131515599999999999999
 82 66 68 8612016320724326526825522819717115415016018020321922120717914126 114MM 842269193922299999999999999 125 65144714999999999999999
103 72 55 57 7711616621826028428726923619716314213715017620522522721117826 115MM 939289203722999999999999999 226 54154713699999999999999
134 90 57 42 45 7111917823527930129927222918414812712714918522023923721426 116MM1024303212524099999999999999 319 40163112499999999999999
172121 74 42 28 37 7213119725629631230026121116513111512415920423925424526 117MM11 431222 725499999999999999 4 8 2817 911499999999999999
212160102 55 27 18 35 8315222127631031628924018714411510813118022825926526 118MM1141317224726699999999999999 454 18174610799999999999999
247202140 80 38 15 13 4210518124729431831026821216212510310814820525127226 119MM1216319232527499999999999999 537 11182210199999999999999
270241184115 59 25  8 16 62138215273310320293239181138107 9411517023026826 120MM1248321999999999999999999999 616  71857 9499999999999999
280268226158 89 42 16  8 32 96179249296320312267204151115 91 9113019324926 121MM 0 2280131832199999999999999 651  81931 8799999999999999
277281259205132 70 33 15 19 61138220279312319292232168122 93 79 9514821426 122MM 040282134532099999999999999 723 1320 4 7899999999999999
261281277245182111 60 33 24 43101182254299317306261194135 96 74 7110316426 123MM 121282141031799999999999999 754 242036 6999999999999999
226266280270230166104 63 44 46 78142217274304307280225159107 75 60 7011226 124MM 2 7280143730999999999999999 828 422110 6099999999999999
173229263275261220163112 80 68 77115175236278294285249192133 87 60 53 7126 125MM 25927515 929599999999999999 9 7 682149 5299999999999999
115172223256267255220175135109100111144191236266273258221169117 77 53 5026 126MM 4 0267155027499999999999999 9581002239 4999999999999999
 70110161209244260256233200168144134139159190222244249235203160114 75 5226 127MM 51826116462499999999999999911111342344 4799999999999999
 47 62 96142191232257265256233204177160153159176201222230223200163119 7926 128MM 65726518 42309999999999999913 5153999999999999999999999
 51 41 49 7511917322226028128326523420117315414715618120822422520917512926 129MM 835284193322799999999999999 1 5 41145714799999999999999
 83 49 31 31 53 9816022026829930728925120817214312913917020723123722419026 130MM 949307205123899999999999999 231 2916 912999999999999999
137 82 42 19 14 33 8515722628031532429925120116012711312917321824625424126 131MM1046325215525599999999999999 347 1317 111399999999999999
200137 76 34  8 -1 23 8616623929332833029323618314210910113118723726427126 2 1MM1133334225127199999999999999 451 -11745 9999999999999999
253200129 66 25 -1 -7 28103188257308335322270209159120 92 9714420825628026 2 2MM1213336233828599999999999999 542 -91824 8899999999999999
283254189114 56 19 -6 -1 51136218279320332300236176131 96 7810316523027226 2 3MM1248333999999999999999999999 625 -91859 7899999999999999
291286243170 97 48 15  0 22 91178250300327317265197142103 74 7411818824726 2 4MM 021293131732899999999999999 7 1  01932 6999999999999999
282295278222147 84 43 19 19 62141221279313320287223157110 76 60 8013820726 2 5MM 1 0295134232299999999999999 732 1420 2 6099999999999999
258286290259197129 78 47 34 53112190256297313297247180122 82 58 59 9615926 2 6MM 13829214 331399999999999999 759 342030 5499999999999999
221263283276237176120 81 60 62 98161227275298295261203142 95 64 52 6911626 2 7MM 217284142430099999999999999 827 582058 5299999999999999
175226260272257217167124 96 86100142196244274281263220166116 79 58 59 8626 2 8MM 259272144828299999999999999 858 862128 5599999999999999
132183225252258241208171140120118137173212242256251226185141102 75 63 7226 2 9MM 347259151625799999999999999 93811622 6 6399999999999999
100140182217240246234212186164149148162184207223229220197164130101 80 7326 210MM 44924615542299999999999999910351472257 7399999999999999
 82106138173205229241239227209190174167169178189199203199183160133108 8826 211MM 62024217 3203999999999999991216166999999999999999999999
 79 8310112816119522624625324823221018616815915916717919119518716914411626 212MM 8 2253185219599999999999999 011 79142815899999999999999
 91 76 74 8711315019223226027226824721618215514013915217419620720318515526 213MM 913273201420899999999999999 137 73153513899999999999999
118 85 63 57 69 9914620024727829028024920616513512012515018621622922419926 214MM10 4290211223099999999999999 250 57161611999999999999999
158110 69 45 39 54 9515521726629630328123618514211310412216421024225324126 215MM104430422 025399999999999999 350 38165310499999999999999
205149 92 51 27 23 48104176240286311305266210158119 95 9613218923926627126 216MM1120312224327299999999999999 441 221728 9299999999999999
249197130 72 34 13 16 57130206265304317293238177131 98 81 9915521926428526 217MM1154317232328699999999999999 526 1118 4 8199999999999999
281245178105 53 22  7 23 84168240289316312266200144105 78 7411318324728326 218MM1224319999999999999999999999 6 5  71838 7199999999999999
296281228151 84 42 17 12 48127211272307318291227159111 80 61 7613521226826 219MM 0 2296125131999999999999999 641 101910 6199999999999999
295299271204127 70 38 21 32 90176251295315305255181119 81 57 52 8816123526 220MM 041301131431699999999999999 714 201941 5099999999999999
281301296253181111 68 44 38 68138220278306308276211137 85 55 40 5310718426 221MM 120303133531099999999999999 746 3720 9 4099999999999999
250288301286235166110 77 61 68111182249289300285237168102 60 37 34 6312526 222MM 2 2301135730099999999999999 818 602039 3399999999999999
197254286294273223166122 97 89105150210258281279252199135 81 47 32 39 7626 223MM 249294142528399999999999999 855 892114 3199999999999999
135198247276282262223180147127123139175216246258249219172121 77 49 38 4926 224MM 34528315 425899999999999999 94412222 1 3899999999999999
 83133186230259270260235205178160154160179202221228221199164125 88 62 5126 225MM 5 027016 12289999999999999911 11542310 5099999999999999
 57 80118163207242262267256236211188172163165176191203206196175144109 7926 226MM 6472671744206999999999999991319163999999999999999999999
 61 56 67 9413618523026328128126423520217215114114816819220821119917113226 227MM 831283194221299999999999999 048 5615 714199999999999999
 92 63 47 47 6911317122727129830328224219715912811512716119922523622819626 228MM 94130421 723699999999999999 230 4516 411599999999999999
146 95 57 34 27 49103172236285315315282230178136103 9412017121925026325226 3 1MM103231922 726499999999999999 347 271648 9399999999999999
209146 88 47 20 14 44111188253300325313263202151110 81 8513019424527628626 3 2MM1112326225428699999999999999 444 121726 7799999999999999
265206134 77 38 11 13 60139216274314325292228167121 84 66 9015322227029626 3 3MM1147326233530199999999999999 530  718 0 6699999999999999
298260188116 66 31 11 30 95179247295320309255185130 91 62 6110818324828926 3 4MM1216322999999999999999999999 6 7 111832 5699999999999999
308295241164 99 58 30 25 66144222277309314278209142 96 64 48 7113621326926 3 5MM 011308123931799999999999999 639 2219 0 4899999999999999
301309279213140 88 55 38 55115195260298311291234161104 67 44 48 9316823726 3 6MM 046310125931199999999999999 7 7 381926 4199999999999999
283306299253185124 84 60 60 98167237283303295253185120 74 46 38 6312419626 3 7MM 119307131630499999999999999 732 561949 3799999999999999
254289301279226165118 87 75 93144209261289290263207142 89 54 38 47 9015426 3 8MM 153301133429399999999999999 759 752012 3899999999999999
217263288287256206157121101102131183233265275261221164110 71 48 45 6911926 3 9MM 229292135627599999999999999 829 982038 4399999999999999
177227263279270238197161135123132163203235251248224182135 94 67 55 63 9426 310MM 3 9279142125299999999999999 9 612321 9 5599999999999999
140187227254264254229200174155148158180204220225216192159124 95 76 71 8226 311MM 359264145322599999999999999 9561482151 7199999999999999
110147184217241251247233213193176167169177188196198192177155130109 93 8626 312MM 512251155119899999999999999112216723 1 8699999999999999
 9311213917020122824625124623221219117316316016417218118618216915012810726 313MM 65825118 6186999999999999991349160999999999999999999999
 92 9010012115218822425126526424922319116214413714216018219920419517414426 314MM 827266195020499999999999999 043 8915 313699999999999999
111 86 75 7910013718523126528328025821917614111911413016420122623422319326 315MM 924284205623499999999999999 213 74154511399999999999999
148103 70 55 57 84134195248284299289251199150115 95 9913318423025726324426 316MM10 8299214626499999999999999 322 531623 9399999999999999
199139 87 53 36 43 82148217269302309282227167122 90 76 9615021426128528526 317MM1045310223128899999999999999 418 351659 7699999999999999
253190121 71 39 25 42 99178245290313305257190133 94 68 6610617824528730526 318MM1117315231430699999999999999 5 4 251735 6299999999999999
296247171103 60 33 25 59134215273306315285218148100 68 50 6612821027230626 319MM1147316235531799999999999999 546 241810 4999999999999999
317294229150 92 57 35 40 94179251294312301248171107 70 45 39 7815723829126 320MM1213313999999999999999999999 624 321842 3799999999999999
318320281207135 90 61 47 71140222278304305272202125 73 44 28 40 9918625926 321MM 035323123530899999999999999 7 0 471913 2799999999999999
303324314263190130 95 72 71111185253291301284232156 88 48 26 21 5312520826 322MM 115325125530199999999999999 735 671943 2099999999999999
271309322301246182135106 91102151217267288283252192120 65 33 19 27 7214626 323MM 157322132028999999999999999 811 902013 1899999999999999
219274305312287237185148125117135180229261270256218161101 58 33 26 44 9126 324MM 244313135327099999999999999 8521162051 2599999999999999
156218265293297276237199168148143159190221240242226193147102 67 46 43 6126 325MM 339299143824399999999999999 9461432141 4299999999999999
101153205248276284273248218191171162166180197211214206185154120 90 69 6326 326MM 45428415502149999999999999911121622256 6399999999999999
 72 98138183226259277278265240212186166155156167183196202196178151119 9226 327MM 63527918 0202999999999999991326154999999999999999999999
 76 73 8611615920724927829028325722218515313212613916719521522121118314426 328MM 8 8290195522199999999999999 042 72144812699999999999999
106 78 64 68 9514320025028630329526221516812910310012516821124025324420826 329MM 91230421 725399999999999999 220 631538 9899999999999999
156108 73 52 52 84142207261298313296248191141101 77 8412718623727028326626 330MM10 031322 028399999999999999 331 491619 7699999999999999
216154102 65 42 47 90159226277309313279217157110 74 60 8514721426529730326 331MM1038316224330599999999999999 424 401655 6099999999999999
271208141 92 58 40 57116191252293314299244176120 81 53 5510217724429031526 4 1MM11 9314232131799999999999999 5 6 401728 4999999999999999
308260188126 85 55 49 85156227276305306268199133 88 56 41 6513221027030926 4 2MM1134310235532399999999999999 542 471758 4199999999999999
323298236166114 80 60 72127202260294305283225152 96 61 38 42 9016724029126 4 3MM1154305999999999999999999999 613 591825 3699999999999999
319318275208147106 80 74108174241283300291247177111 67 41 33 5912420226426 4 4MM 028323121230199999999999999 641 721849 3299999999999999
305321301248184135102 86 99150216267292292262202133 80 48 32 42 8916123126 4 5MM 1 0321123029599999999999999 7 8 861912 3299999999999999
282311312278222168129104101132188243276285268223159100 60 38 37 6612519426 4 6MM 132316125228699999999999999 737 991935 3499999999999999
252292309296255204160129114124163213252270265235183125 80 52 41 55 9715726 4 7MM 2 6309131727199999999999999 8 911320 0 4199999999999999
217264293298277237195160136130149185222245251236201153107 74 56 56 7912426 4 8MM 243299134725199999999999999 8461292031 5399999999999999
178227264285283261228195167149148165192215227226209178140105 81 70 7510026 4 9MM 327287142522999999999999999 9341462113 6999999999999999
140184225255272271254229202178162159168183197206205194172145119 98 88 9126 410MM 42627415302079999999999999910451592217 8799999999999999
11014017621224226226625823921418916815715616317518819719618516514111810126 411MM 55026717271989999999999999912351552352 9699999999999999
 9610512816019723325927126825122319116114113414015918420621621219416613226 412MM 71727219132169999999999999914 2134999999999999999999999
105 90 9110814218723326728328126022117814111710912115419522924624522318326 413MM 824285202524899999999999999 125 88145510999999999999999
136 98 77 74 91133190244281297290256204152113 90 8711216321925927827524326 414MM 914298212228099999999999999 241 731538 8599999999999999
188130 88 65 61 84140207263296306287236172119 84 65 7211718624928930729626 415MM 955306221130799999999999999 343 601618 6499999999999999
250181121 82 59 57 93162234282307306269201133 86 58 46 6913421427731432726 416MM1030310225732799999999999999 435 541657 4699999999999999
305244170115 81 60 67118195260297309292235158 95 59 37 35 7815924229933126 417MM11 0309234133999999999999999 521 581735 3299999999999999
337301230161115 85 69 89154230281303302265193116 65 37 21 35 9718726431426 418MM1128306999999999999999999999 6 4 691811 2199999999999999
341337289217158120 93 85120191257292300283230151 82 43 21 14 4512121027926 419MM 025344115330099999999999999 645 841846 1399999999999999
323344329274209160127104108154220270291287256193118 61 30 13 18 6514522726 420MM 1 8344122129299999999999999 7251011921 1199999999999999
287326339316262206165135119133180235270280267228164 99 53 27 16 33 8716326 421MM 153340125628099999999999999 8 71181959 1699999999999999
235289322329302255208172145135153193234257261244204149 96 58 35 31 5410526 422MM 242330134126299999999999999 8541352042 3099999999999999
172234283312315293254214180156148161190218236239224193150108 75 55 53 7326 423MM 338317144023999999999999999 9531482137 5199999999999999
116171225270297303288257222189164152156173194212220216197167132101 80 7326 424MM 44630416102209999999999999911161512252 7399999999999999
 8511716221125528429628826422919416414313714816919421322121519416212910226 425MM 6 629618 6221999999999999991251137999999999999999999999
 87 8911014919724327829529226923118915112411212215018721923924222519115126 426MM 722297194024399999999999999 024 8614 411299999999999999
116 93 87101139190241279299296268222171129 98 8710314419523826527225321126 427MM 824301204727399999999999999 151 861456 8799999999999999
161120 92 82 96138196248285303294255198143101 73 68 9815421526329329726926 428MM 912303214029999999999999999 3 0 821540 6699999999999999
216161118 89 79100151213263294303281227164111 74 53 6110817824228931631126 429MM 951303222331899999999999999 354 791617 5199999999999999
270208153114 88 84117177237278299294254189126 82 52 42 6813220726931132926 430MM102130123 232999999999999999 438 821651 4299999999999999
310256193144109 90 99147210261290297273217148 93 58 38 44 9016423829332626 5 1MM1046298233733399999999999999 515 891721 3699999999999999
331296235177135107 98125183242280295284241175111 68 42 34 5912219926531026 5 2MM11 8295999999999999999999999 548 971749 3499999999999999
333320273212163128107115157217265289289261203136 83 50 34 42 8715823128726 5 3MM 011333113029299999999999999 6191061815 3399999999999999
322329301247193151122114138190244278288273229165105 64 41 36 6312119425726 5 4MM 043331115528899999999999999 6491131841 3599999999999999
303326317278224177141121126163216259280277248194133 83 53 39 50 9215722426 5 5MM 116327122328199999999999999 72011919 8 3999999999999999
278313322300255206165136125144186231262271257219164110 71 49 47 7112318826 5 6MM 148322125527199999999999999 7541251937 4599999999999999
247291314311282237193158136135160199235255255234193143 99 69 55 63 9614926 5 7MM 224317133125899999999999999 8321332011 5599999999999999
208259294309298266226187157141145169202229242238216179136100 76 68 8111626 5 8MM 3 5309141824399999999999999 9181402054 6899999999999999
165217261290299287257221186159146149168193216228226209179143112 90 84 9626 5 9MM 35529915232299999999999999910171452152 8499999999999999
126169215255282291281255221187159144143156178201219225216193163132107 9726 510MM 45829116542259999999999999911341412310 9699999999999999
10312616320624727628828125722318415213112613716119322123723621918915312126 511MM 6 72881828239999999999999991249125999999999999999999999
10310211815219724327629128526021817213310910211614919423526026525021517026 512MM 713291194626699999999999999 034100135110299999999999999
129104 97109144195247283297288255203148106 83 78 9914720725828829627823426 513MM 8 8297205129699999999999999 153 971442 7799999999999999
178131103 93104144203259292301285240176116 77 57 59 9115522728331532229826 514MM 854301214732399999999999999 3 4 931529 5599999999999999
243180133105 93107156221273299300273214141 84 51 37 46 9317225030533634026 515MM 934303223834299999999999999 4 4 931613 3699999999999999
306243180137110 98119177243286302293252180106 58 32 23 4210519226932135026 516MM1010302232835499999999999999 458 981658 2399999999999999
348304238181143116108139202262293299279225147 80 40 20 15 4712221128333126 517MM1045299999999999999999999999 5461071742 1499999999999999
357346296233183148122121162224273294290260197121 63 31 13 16 6014122729326 518MM 016358112129599999999999999 6331171826 1099999999999999
338357339286228184150128136182239277289278240175106 56 27 13 25 7816023926 519MM 1 335712 328999999999999999 7181261910 1299999999999999
300340352327276223182149133149194243272279265224162101 57 31 21 41 9917626 520MM 151353125028099999999999999 8 41331954 2199999999999999
249304338343315266217177147137156197238262267252213158105 66 42 38 6311926 521MM 239345134626899999999999999 8531362042 3699999999999999
190254303331331302256210172144137155191226248255243210164117 82 61 60 8526 522MM 330335145325599999999999999 9481362135 5799999999999999
136198255298321318290247203166140132146177209234246241216178138105 85 8326 523MM 42332316142469999999999999910511322237 8199999999999999
10414720025128930930628023919615813012013115919322424424723220116313010826 524MM 52131117412489999999999999912 0120234810299999999999999
10211715119824528129929627123118614511610311214218222225126225422618815226 525MM 62230119 52629999999999999913 5103999999999999999999999
126115123152195240275292289263220170126 96 84 9613218223026628327824920726 526MM 720294201628499999999999999 1 611514 2 8499999999999999
166136121125152196242275289282251201147104 76 68 8613219224728730629826326 527MM 812290211430799999999999999 2191201451 6799999999999999
215171139123127157205249278287272232174120 81 58 57 8714521227030932430926 528MM 85628722 132499999999999999 3201211533 5499999999999999
265213169138123133170220261282283257205144 94 61 46 5710016823729232733426 529MM 931285224333599999999999999 4101221610 4699999999999999
307256203162134125145191240273285273234174115 73 48 43 6712319626231133726 530MM10 2285232133999999999999999 4511241644 4299999999999999
332293239190153130132165215259282283257206144 91 58 41 48 8715322528532526 531MM1031285235633999999999999999 5271271717 4099999999999999
339319273219175143129145188239274286274235177117 74 48 41 6211418525230426 6 1MM11 1286999999999999999999999 6 11291749 4199999999999999
333333300249199160135133163212258282283259210149 96 61 44 48 8414721727726 6 2MM 030337113328699999999999999 6341301821 4399999999999999
318335320277226180147131142183232269284274239184125 80 54 45 6311218024726 6 3MM 1 333512 728499999999999999 7 81301853 4599999999999999
297327330302254204164137131155201246274279260217160107 70 51 54 8414221126 6 4MM 135333124328099999999999999 7431301925 4999999999999999
271312330320282232185151132136168214252272269244198143 96 66 56 6810917126 6 5MM 2 9330132327399999999999999 82013020 0 5699999999999999
237288320326306263213171142130142176219251265259231185135 94 71 67 8713326 6 6MM 245327141126699999999999999 9 21302041 6699999999999999
194253297319317290246198160135128144178216246258252225183138103 84 8310626 6 7MM 326322151125999999999999999 9501282131 8199999999999999
15120725929631330627623218715012812313817120823925525323119515412110110126 6 8MM 41331316232569999999999999910451222233 9999999999999999
12116021025729130429526622217713911511012615819923625926324821717914312026 6 9MM 5 63051744264999999999999991145110234611599999999999999
115129162206251284297288258213163122 97 9210814419223827028327424620516426 610MM 6 429719 5283999999999999991245 92999999999999999999999
136125132159201247281293283251201145100 76 72 8913219024728830730327422726 611MM 7 2293202030899999999999999 1 71251342 7199999999999999
181148132133155199248282292279242184122 77 54 52 7412519526030633032729526 612MM 756292212633299999999999999 2291301438 5199999999999999
242192157136133156204254285291274229163 99 57 37 37 6412520427432234834426 613MM 846292222435099999999999999 3411311532 3499999999999999
306249198162139134162214264289291267215143 80 43 25 27 6013121528533435926 614MM 933293231836199999999999999 4411331628 2399999999999999
352308249200165140138172227273293289259200126 68 35 18 22 6314122629534226 615MM1019294999999999999999999999 5351351724 1699999999999999
365351302245198163139142184240280294286251187115 62 32 15 24 7315623930426 616MM 01036511 829499999999999999 6251361817 1499999999999999
348365344291235191156135148195250284294283243177109 61 32 17 33 9117525426 617MM 05836512 029499999999999999 71213519 6 1799999999999999
313352361330275221179145131152204254284292278235169107 63 36 26 5111619826 618MM 144362125529299999999999999 7571311951 2699999999999999
270322353350311255203162133127156208254281288272227165110 70 46 45 7914526 619MM 226356135228899999999999999 8411252035 4299999999999999
221284328347333288233184145121123157207249275282265222167118 84 65 7111026 620MM 3 7347145128299999999999999 9261182119 6499999999999999
174239292326334311265212166130112120155201240267275260223176135105 9210326 621MM 347335155327699999999999999101311122 6 9299999999999999
14019525029231531528824319315011810511614819123126027126123219415813112126 622MM 42831817 32719999999999999911 410523 212199999999999999
131162206250284300294267225179137108 9710813918122425727327024921718315726 623MM 51530018212749999999999999912 0 97999999999999999999999
145151173207243271283276251211166125 98 88 9913017522226128328727124020526 624MM 6 8283194028899999999999999 0131451259 8899999999999999
177160159174202235261271264239198152112 87 78 9112517522827230030629025726 625MM 7 6271204730799999999999999 1361581356 7899999999999999
218186164158170198231257266257229185137 98 74 69 8612718424229031832330226 626MM 8 2266214132499999999999999 2521581446 6899999999999999
263219183159153168200236260267253218169120 83 63 63 8713720026230833333126 627MM 850267222633699999999999999 3501521531 6099999999999999
302256210173151149172210247269269247205151103 70 55 62 9615422228232434226 628MM 93127123 634299999999999999 4351471613 5499999999999999
329291240194160143151184228263278270238187131 86 59 51 6711217924730133526 629MM10 9278234334399999999999999 5131421654 5099999999999999
342317270218176147139160204250279285267225167112 72 52 51 7913620727131826 630MM1045285999999999999999999999 5481391733 4899999999999999
341334297244195158137141176227269289286258206144 93 62 48 57 9916723829526 7 1MM 017342112129199999999999999 6221351810 4799999999999999
331341319271217173143131149196248283294281242183122 78 54 49 7212820326926 7 2MM 050342115829499999999999999 6571311845 4899999999999999
316340335297242191154130130163217265291293271222159103 68 52 58 9616423926 7 3MM 121342123629599999999999999 7311271918 5199999999999999
296331341320270213167136122135178234276293288257201139 91 64 57 7612820226 7 4MM 151342131629499999999999999 8 61221951 5799999999999999
270316339334298241186146122117142193245280291280243185128 89 70 7210216226 7 5MM 22134014 129199999999999999 8421162026 6899999999999999
233292326336317271212162128110115149201249279288273234180131 99 86 9513226 7 6MM 252336145328899999999999999 91910921 7 8699999999999999
19125330032432229424418814211210111315120124727628527123618914712011012226 7 7MM 32732615552859999999999999910 1101215911099999999999999
157208259296312303271222170126 99 9210814519424027328627725021117414713726 7 8MM 4 931217 7286999999999999991050 9223 413799999999999999
145172211253284295285254208157114 88 82 9713318223227129229227424120417526 7 9MM 5 12951831295999999999999991147 81999999999999999999999
159159175205241270281273245200149104 76 69 8211616822527330331330227123226 710MM 6 4282195931399999999999999 0301581252 6999999999999999
197174165170194229260275269243198143 95 65 55 6610015622127831633432729526 711MM 712275211433599999999999999 21016414 0 5599999999999999
251210180162162184223259276272246198139 86 54 42 50 8514822128532935134526 712MM 818277221835399999999999999 33215915 8 4299999999999999
309259213179156153180226265283279251199133 78 46 32 38 7614722729434036326 713MM 918284231436499999999999999 4361511616 3199999999999999
353310255208172147148183236276293287256197127 72 40 24 31 7615623930434926 714MM1015293999999999999999999999 5301431719 2399999999999999
369351299241196160137146192250288302294258191119 68 37 21 32 8917425631626 715MM 0 4369111030299999999999999 6171351813 2099999999999999
357368337278221179144127149206264298309298254182113 66 37 23 4611520227726 716MM 04736912 531099999999999999 7 01271859 2399999999999999
330362359314250197157125120156220274304313296243170108 68 41 37 7415123426 717MM 126366125631399999999999999 7401171940 3499999999999999
299342360339282219170133109118167231280306312287229161108 73 54 6311419226 718MM 2 0360134431399999999999999 8181072016 5399999999999999
264316346346309247189144111 99123178237280304304274217159115 87 7810115826 719MM 231350143230899999999999999 854 992051 7899999999999999
227285323337320274214161122 97 9813118523727629729326121316613111111214226 720MM 3 0337152229999999999999999 930 94212810899999999999999
194250292315315288240187141108 9310213818623326928728325721918315514114826 721MM 33031916202889999999999999910 9 92221414199999999999999
175215255284295286256214168130103 9410814018322626027928026323620718417226 722MM 4 52951731282999999999999991054 94231717199999999999999
175193219246265270259233198159125103 9711013817621825427828627825923320826 723MM 4512701859286999999999999991149 97999999999999999999999
192187194209228244250242222192157125103 9610613116921425528630129828025226 724MM 558250202130299999999999999 0541871255 9699999999999999
222198184183194212231242239221192157123 99 90 9812416621726530131831629326 725MM 717242212232099999999999999 23618214 1 9099999999999999
258220189171168182207232247245227194153115 89 80 9012016922828131833332526 726MM 823248221033499999999999999 3401671459 8099999999999999
294250206172155157181216246261256232191143101 76 69 8312318224629933334226 727MM 915262225134299999999999999 4241531551 6999999999999999
323281229184154142156193236267277266232181127 85 63 61 8313520426931734326 728MM 958277232734699999999999999 5 01421638 5999999999999999
342309256203163138137166215262288290269223162107 71 53 58 9415923329333326 729MM1038292999999999999999999999 5331341721 5299999999999999
348331283225177144127140186243285302296263204138 89 60 48 6511819426531526 730MM 0 0348111630399999999999999 6 712718 0 4899999999999999
344344308250194154127122153212269301310294246178115 75 54 52 8515523429626 731MM 031349115331099999999999999 6411201836 4999999999999999
334349329276213165133114125173239288311311282222151 98 68 55 6712020027426 8 1MM 059349123031499999999999999 71411319 8 5599999999999999
321345342302237178139113107135197261301315305264197132 90 69 67 9616424426 8 2MM 12434813 831599999999999999 7461061938 6599999999999999
304337345321265197146114 98106151218276307314295246179125 93 81 9113520726 8 3MM 148345135031499999999999999 816 9720 9 8199999999999999
277321339329289225162119 95 8911216723228230731028523417513210910412417326 8 4MM 211339143631299999999999999 846 88204510399999999999999
238293322325303253190135 99 82 8612017623628030330427923418715213513415726 8 5MM 239327153130799999999999999 920 81213113299999999999999
201251290307302272223167119 89 77 8812317522927129629928124821218316616526 8 6MM 31530816393019999999999999910 3 77223516399999999999999
181211246273284276248206158116 87 77 8711816321425828830029427324421619626 8 7MM 4 428418 93009999999999999911 0 77999999999999999999999
187190205228250261258238205163121 91 77 8110414319324328330731430227524426 8 8MM 517262195031499999999999999 0141861217 7699999999999999
215195185188205229248254243216176132 94 73 69 8412017423328431933532829926 8 9MM 651254211233599999999999999 2161841343 6899999999999999
259220189170167187219249263259235192140 94 65 54 6410016123129133335334526 810MM 816264221435499999999999999 33816615 5 5499999999999999
308258212175151150178224263281279254204141 88 56 41 47 8916224030334636526 811MM 92528323 536699999999999999 4341471617 4099999999999999
349300242194157133140183240282301299267205134 81 49 31 41 9417725731735726 812MM1025303234836999999999999999 5201311715 3099999999999999
368337276217172137119140199262301318312269196124 75 45 29 5011820628033226 813MM1117319999999999999999999999 6 111818 3 2999999999999999
364359310242187147116110151221282316329314258180114 73 45 38 7715724230426 814MM 02436712 432999999999999999 6391071843 3699999999999999
346361335272205157121 98111170243297326333305239164109 74 54 6312020427726 815MM 056361124633499999999999999 714 971918 5299999999999999
325351346299229169127 98 89123192260306329326286218153110 82 7410217024726 816MM 123354132733299999999999999 746 881949 7399999999999999
304336343316256188137102 82 9214221127030832531226520315111810010614921626 817MM 14634414 732599999999999999 815 812018 9899999999999999
277316331319276213154113 86 8010616222427430531429424819915913512714619226 818MM 2 7331144931599999999999999 844 79205012799999999999999
246288310309283234179132 99 83 9112617823027229730027924320617715916018226 819MM 229313153830299999999999999 914 82213015799999999999999
218255279288276245201158122 98 9210714118522826428528827324922320118718826 820MM 257288163828999999999999999 950 91222718699999999999999
20322524425725724421718415112410710512014818322025327528427926524522520926 821MM 33325918 6284999999999999991038104999999999999999999999
20320521322222923122320618315813511811412314417420924427329029428526624126 822MM 441231194729499999999999999 010203115011399999999999999
21720019119119821021922121219517114512311211513216120024328130431230227726 823MM 639222205731299999999999999 231190131711199999999999999
24220818216916918320622723523021218214711710010011615120025329632232731026 824MM 8 7236214632899999999999999 3291671431 9899999999999999
273228187159148156185221249259252225184138101 83 8310515121227131533733526 825MM 9 4259222534099999999999999 4 51471531 8099999999999999
304254202161136133158203248277284268229173119 83 66 7010416523629433334726 826MM 950284225934799999999999999 4371311621 6599999999999999
330282223172137119131175233279302302274217151 99 68 55 6911919426631734626 827MM1030305233135099999999999999 51011917 4 5599999999999999
346309248189145117110141203265304319309264194128 84 59 53 8315223329633526 828MM11 9320999999999999999999999 5431091744 5299999999999999
351331274207156122101111163235292321328304243167109 76 57 6411519727332126 829MM 0 0351114632999999999999999 6161001820 5699999999999999
346343300230167127101 92123192264311331327287215145100 76 67 9216124430626 830MM 026349122333399999999999999 648 911853 6699999999999999
337344319256183131101 84 92144222287322334318265191133101 84 8813321028326 831MM 04834513 033499999999999999 718 831924 8299999999999999
326340328281208142101 80 7510316924630132833230424417813411110312117725026 9 1MM 1 6340134033399999999999999 745 74195510399999999999999
305329327297237165110 80 67 7612019126030632732429023318014613013015821426 9 2MM 125331142432999999999999999 812 66203012899999999999999
271308316301260198135 91 69 65 8513620326230131931328123619516915716218926 9 3MM 151317151632099999999999999 843 64211715699999999999999
232271292291270228174123 88 70 72 9714320025128830730528325122119818618726 9 4MM 228294162430999999999999999 927 69222518599999999999999
204229252264262243211169129 99 82 8210213818423127029530329627625122720926 9 5MM 32026518 0303999999999999991029 80999999999999999999999
199199209223235240232213184150119 96 88 9612015920625228831031530327824726 9 6MM 455240194731599999999999999 02819812 1 8899999999999999
217193180180194215233240233211177139106 86 82 9713318524229132333632529326 9 7MM 7 124021 433699999999999999 2291781343 8199999999999999
250208174153152175211244262262242201150105 77 65 7411317724530133835233526 9 8MM 832264215935299999999999999 33314915 8 6499999999999999
290234186149126133172225267290293267213149 99 66 50 6111018626031535135926 9 9MM 937294224336099999999999999 4191251611 4999999999999999
327267206158122106128186249294317315278209140 90 58 43 6312821128233135926 910MM1029320231936199999999999999 45910617 2 4399999999999999
350299230172130 99 96139212277317336325272194128 85 56 48 8616424630534326 911MM1113337235135699999999999999 536 921744 4799999999999999
355325257188139104 82 99162241300334345319252174119 84 61 7012621028032526 912MM1153345999999999999999999999 610 811820 5999999999999999
347337284210149109 81 76115192266316343342299226159116 88 7810717725430826 913MM 016348123034799999999999999 641 731851 7799999999999999
335338304236165116 85 68 83142220285325343327273205151118 9910615322528726 914MM 03734013 634399999999999999 7 9 671919 9799999999999999
322332313260189129 91 69 6810417224429732833430524919215112611914319826026 915MM 054332134233699999999999999 734 65194811899999999999999
302319311275214150104 76 66 8313320026030232431828323318915814114718023026 916MM 113320141932599999999999999 758 66201914099999999999999
274298300278232175125 92 75 7810816121926730031330026722819517216317620726 917MM 13530215 131399999999999999 823 73205716399999999999999
243269278269240196151116 93 86 9913418022726529129828626123420919118519626 918MM 2 1278155229899999999999999 855 85214918599999999999999
21723624824923621017714612110610411914918622325527828728126724722620820026 919MM 23425017 528799999999999999 937103232119999999999999999
20120821522022121419817715613712312013015017821024226828428728026324121726 920MM 3372221848288999999999999991046120999999999999999999999
19918918618919720621120619417715613712512513816219523226729130129627624526 921MM 6 221120 930199999999999999 156186122812399999999999999
21118316516016818821122723022119916913811611011914418523427730731830827826 922MM 74623121 331899999999999999 253160135610999999999999999
234190156138138160197233256261247214169127 99 89 9913418824829632433030926 923MM 847262214433199999999999999 32913515 1 8999999999999999
263208160128114128169222265289290265215157109 81 72 9013920727131633833226 924MM 933292221934099999999999999 4 21141554 7299999999999999
293232173129102100132193255298316309267201137 93 68 65 9616223829733334326 925MM1015317225134499999999999999 436 971639 6399999999999999
319259190137102 84 97152226288323335313254180120 84 64 7112020027331934126 926MM1055335231934399999999999999 510 831720 6299999999999999
334287214148106 80 73108182260313340341304232159112 84 71 9316124330233226 927MM1134345234333999999999999999 544 721759 7199999999999999
338309242165111 81 64 74130215287330348337284208147112 90 8913020728032126 928MM1213349999999999999999999999 616 621835 8599999999999999
333320270192122 82 62 55 8515924530633934932426219214511910411717324830326 929MM 0 3333125235099999999999999 647 54191010499999999999999
325321289224146 90 62 49 5810718826531634234330724518715213112515121127326 930MM 021326133234699999999999999 715 48194612599999999999999
309315297251181114 71 51 47 701302092753183383312922381931651491511822342610 1MM 045316141733999999999999999 743 46202614799999999999999
278297293266216153 99 66 52 56 891492172733113273182852432081831701752012610 2MM 117298151032799999999999999 819 51211816999999999999999
237264274265238194144102 76 65 731041552112602963133092872562272041891882610 3MM 2 1274161931499999999999999 9 8 65223518699999999999999
200220237245240221191155122 97 84 881101471942402773013082972752472201982610 4MM 3 72451753308999999999999991018 84999999999999999999999
185183191206220226223208182152123102 951041301702182632963143132942622252610 5MM 512227192731699999999999999 0391821159 9599999999999999
191166154159180208230242238217183144112 93 901091492042583013253273042622610 6MM 716242203632999999999999999 2121541339 8999999999999999
213170137123133169213250271273250206154112 85 76 921392042663113373353002610 7MM 835275212734099999999999999 3 71221455 7599999999999999
244187140107 96121175233278304304272213152106 76 66 891482202823243433282610 8MM 93230822 734399999999999999 350 961553 6699999999999999
277210152109 80 82126196262307330323276206144100 72 671031742473013333392610 9MM1019332224134199999999999999 428 761640 6599999999999999
305238168117 81 63 83147226289330346325263190134 97 75 83135211276317335261010MM11 034623 833599999999999999 5 4 631720 7399999999999999
320265190128 88 61 58100178256312345349310240174129 99 87113178251300325261011MM1137352233032899999999999999 536 551754 8699999999999999
324287217145 96 65 50 68129212281327350338285216162127105109153222282314261012MM1213351234832199999999999999 6 5 50182510299999999999999
321300244170109 72 52 52 91165242300336345317258198155127117139194257299261013MM1247346999999999999999999999 631 48185411799999999999999
314304263198131 84 58 49 69125199266313337331292235186152132136172228276261014MM 0 7314132033999999999999999 654 49192413099999999999999
300300274222158104 70 55 60 97160228283319330312269220181153143159200246261015MM 030303135433199999999999999 718 54195614399999999999999
278288275239184130 90 67 63 83129190247291316317292253213181160159180216261016MM 057288143232099999999999999 744 62203515699999999999999
248265265244206159117 89 75 81109156209256290307302278245213187171173192261017MM 129267151630899999999999999 816 75212417099999999999999
216235244238218185149119 99 92102131171214253281295290272246219195181179261018MM 2 9244161429599999999999999 858 92223617899999999999999
189202214220218204182157134117110117139171207242270286287275254228201182261019MM 31522117342889999999999999910 0110999999999999999999999
172172180192204211209197178156135122121135160193230263286293284262231197261020MM 516212185729399999999999999 026171113312099999999999999
169152148157178202222230224205177147123113120143180225266294304294265223261021MM 7 423020 030499999999999999 14714713 611399999999999999
179144124122141177217248262256231190147115 99103129176231279308315297255261022MM 813262204831599999999999999 2361211419 9899999999999999
200149113 96103138192245280295284246191138103 86 92126186250297320319286261023MM 9 6295212832399999999999999 316 951518 8599999999999999
227163114 83 73 94149219277312322301247181128 94 79 91140211274313326311261024MM 95232222 132699999999999999 353 7316 9 7999999999999999
259187123 82 59 60 99173251306336339304237168121 93 82105168243296322322261025MM1036342223132599999999999999 430 551655 8199999999999999
288218141 87 56 42 57117204279327352344294221160121 97 94132204272311321261026MM1119353225732199999999999999 5 7 421738 9199999999999999
305251171101 59 38 34 67144233300341358337277207157127107115166239293314261027MM12 1358232131699999999999999 542 32181910599999999999999
310277209129 71 41 27 35 86172256314348356324261200161134121141199263300261028MM1244357234830899999999999999 617 2619 012199999999999999
307291244170 98 53 32 25 46109196270320348347308249199166143138167222272261029MM1328352999999999999999999999 652 24194213699999999999999
294292266212142 83 47 31 32 64132211277321342334295244202172153154185231261030MM 022296141634399999999999999 729 28202815099999999999999
266279271241190130 82 52 40 47 85148218275314332322288245208179162164189261031MM 1 527915 933299999999999999 812 39212416099999999999999
223248257249224182134 94 68 57 661011552152663023193122862492141851671642611 1MM 2 2257161332099999999999999 9 6 57223916399999999999999
179202223235234219189153118 92 79 831091522042522893093082882552201871622611 2MM 3262361728311999999999999991017 78999999999999999999999
151156175199219230228211182148118 98 941091431902392793043092932592181782611 3MM 522231184331099999999999999 0111501145 9399999999999999
146127128148181215240250241215177139111 971041331802322773053122952552062611 4MM 7 4250194831299999999999999 1281251313 9799999999999999
158120 98101130177224261279274243197151115 96 981261782352813093132892392611 5MM 818280204031599999999999999 225 961427 9499999999999999
180128 90 71 82125187245287308300260204153115 94 961311902482913133082712611 6MM 915309212231599999999999999 312 711526 9199999999999999
209145 96 63 52 77137209271313330313262200149114 941031492122663003112922611 7MM10 3331215631199999999999999 352 521615 9399999999999999
239169109 68 43 45 871612372963333423112511891441131001221772392843053012611 8MM1044343222430799999999999999 428 40165610099999999999999
264198129 79 47 34 521121922643163443392952321771391141131502102652953022611 9MM1122347224730299999999999999 5 1 34173210999999999999999
281227156 95 57 35 36 73144224287330345324271212166134119134182241282298261110MM1158346231029899999999999999 531 3218 511999999999999999
289251187120 71 43 33 50104180252305336337302246194155131128159212262289261111MM1231341233529499999999999999 558 33183612699999999999999
291267216150 93 56 38 41 75140213275318335320277223178146131143184234272261112MM13 4335999999999999999999999 624 3619 713199999999999999
286276239182121 75 49 41 59107175242293323327300253205166141136160203246261113MM 0 5286133732999999999999999 651 41194113599999999999999
271274253209153102 67 49 53 84140205263303322313280234191158140145174213261114MM 038276141132399999999999999 721 48201813999999999999999
246261256229184134 93 67 58 72111168226275306314298263221183155144154181261115MM 115262145131599999999999999 755 5821 314499999999999999
213237245236209169128 94 75 73 93133185237277301303285251214180155147155261116MM 2 1245153730599999999999999 836 7222 014799999999999999
177203222230223201168134106 90 90109146192237272293294277246211178153142261117MM 3 2230163429699999999999999 930 88231214299999999999999
147164187208221221207181152125107104118148188230265286289274245208172143261118MM 4302221740291999999999999991042103999999999999999999999
128129145172200223232226206176144120110117141179223261285290275243200156261119MM 6 6232184429199999999999999 02612612 611099999999999999
123105105126162204238256255235199159127111112133172221264289293274234180261120MM 727258194029499999999999999 128103132610999999999999999
130 95 78 82112163219262285286261216166129108106127173229274296295267214261121MM 832288202729899999999999999 219 76143710499999999999999
150 97 65 52 64109176242289314312279223167128106103130185244285300290250261122MM 92731721 830199999999999999 3 4 52153810299999999999999
183114 65 39 33 56116196266313336329284221166130108107143205262294300278261123MM1017338214430199999999999999 347 32163210499999999999999
223147 80 39 20 21 57132218287331350334280216166133112118163228277298293261124MM11 5350221829999999999999999 430 17172111099999999999999
259192113 54 22  8 18 68152238302342355329271210167136119133186247286295261125MM1153355225329599999999999999 513  818 811899999999999999
280235162 87 38 13  4 22 84172253311347353319260205167138126150205259286261126MM1240355233329099999999999999 558  4185412699999999999999
288265212139 72 31 10  6 34104191265317347345306249200164138133164217261261127MM1327351999999999999999999999 643  4194013199999999999999
280277249194125 67 32 13 15 52124206273320343334292239194159136138171219261128MM 019282141434499999999999999 728 11202813399999999999999
255270264235183121 71 40 24 32 74143218278319335320278229186153133138169261129MM 11327015 333599999999999999 815 23212013199999999999999
211242256252227181128 84 55 42 54 95159225278313323306265219177145127132261130MM 218257155332499999999999999 9 6 42221912699999999999999
159196226243244226188144105 78 66 771141692262733033102922542101681351162612 1MM 33524616483119999999999999910 5 66232411499999999999999
119142176209233243233205167131104 91 971271722222652922982812452001571212612 2MM 5 22431746298999999999999991112 90999999999999999999999
1001001211581972312502492291961591291111111321712172572822882712351871402612 3MM 629252184628899999999999999 031 97122910999999999999999
102 80 791031451952372652722562221821471241181331682132522762812622221692612 4MM 749272194228299999999999999 133 77134911899999999999999
118 80 59 61 911432022522862962792411951561301201331702162542752752502022612 5MM 854296203127899999999999999 226 57145812099999999999999
144 93 58 41 50 901532192733073152922461971571291201371792262602752672322612 6MM 946316211227599999999999999 313 41155312099999999999999
176116 69 40 30 501021732412943243252922401901511261221481952402672732542612 7MM1031329214627499999999999999 354 30163912099999999999999
208146 89 50 28 28 611241992643113333222792251771421231301662162562732682612 8MM1111334221727499999999999999 431 25171712199999999999999
236180117 67 36 23 36 821532262853233333082582051621321231431892372682752612 9MM1147333224727699999999999999 5 5 23175112399999999999999
257213151 92 50 28 25 52111185253302328323286233183146124128162212255275261210MM1221330231927699999999999999 537 23182312299999999999999
270240187124 72 39 25 36 77144217276315327306260207162132121138182232265261211MM1253327235327599999999999999 6 8 25185512199999999999999
275259218160100 56 32 29 54108180247296322318285233183144121122152200245261212MM1324324999999999999999999999 639 28192911899999999999999
268268243194134 81 47 32 41 79143214272309322304261208162130116128166214261213MM 029271135632299999999999999 711 3220 511699999999999999
250264256223171114 69 44 39 59109176242290315314285236186146120115135176261214MM 1 8264142831899999999999999 744 38204411499999999999999
219248255242206154103 67 50 54 83138203260298312301264214168133114115140261215MM 15225615 431299999999999999 820 48212811199999999999999
179217241246230195148105 75 64 74108162220268296302284245197154123107112261216MM 245246154530399999999999999 9 4 64221710699999999999999
137175210233239227196156118 93 84 95127175225266288289268229183142111 97261217MM 351239163329299999999999999 959 842314 9799999999999999
103127164201228240234210176141116105112138178222258278277256217171127 96261218MM 5 924017282809999999999999911 7105999999999999999999999
 81 87111151194230250252235204168138122123140173214251270269248208157109261219MM 634253182727299999999999999 014 81122812099999999999999
 76 61 67 94140194239268277264232191155133126137167209247267266242198140261220MM 755277192626999999999999999 115 61135712699999999999999
 88 53 39 46 78134199253289303291254206166139126132164210250269265237185261221MM 9 4303202027099999999999999 212 39151412599999999999999
120 65 32 20 29 68135209269308324310267214170140123130167218257273264230261222MM10 332421 927399999999999999 3 7 20161712299999999999999
170100 46 15  5 17 64141220283324339319269214170139121132175229266276263261223MM1058339215627699999999999999 4 3  5171212199999999999999
221154 82 31  4 -6 11 67151233294334345318264208167135119137188242273279261224MM1149346224427999999999999999 459 -618 311999999999999999
260212139 69 23 -2-11 12 78167246304341345310251198158127117144201252278261225MM1237348233428199999999999999 553-11185011699999999999999
279256202127 61 19 -5-10 22 97186261314344338294234184145117115152211258261226MM1322347999999999999999999999 643-12193511199999999999999
279278250192118 58 20 -2 -1 43123208276322342324272213165129105113159216261227MM 02828114 434299999999999999 729 -6201810499999999999999
258276273242182113 60 26  9 20 73153231289325333303246190145111 95113162261228MM 124278144333499999999999999 813  821 1 9599999999999999
215253270266233175115 69 40 30 51108182248295320314276220167125 96 88112261229MM 221272152132299999999999999 855 302146 8799999999999999
160209244262257226176125 87 64 60 86140203256292305290249196148109 84 83261230MM 321263155930599999999999999 939 582234 8099999999999999
108152198233253251226185144112 93 95120165215257282285264224176130 94 74261231MM 4262551639287999999999999991028 912326 7299999999999999
