 80 96106110109107105106110117125131133128115 95 69 41 16 -1 -8 -3 12 3526 1 1MY 321110115013399999999999999 61310520 5 -899999999999999
 60 83102113118116113110109113120128135137132117 94 64 33  5-13-18-11  826 1 2MY 412118125113799999999999999 7331092056-1899999999999999
 34 63 89107118120117111107107111120130139142135118 92 59 26 -2-19-22-1226 1 3MY 450120135114299999999999999 8361062144-2399999999999999
 11 40 70 95112119119113105101101107118131142144136117 88 54 20 -6-20-1926 1 4MY 523120144614499999999999999 9261002228-2199999999999999
 -5 20 51 79102114118113104 96 92 94102116131141142132111 81 48 17 -5-1526 1 5MY 5521181537143999999999999991012 9123 8-1599999999999999
 -9  9 35 65 91108116114105 94 85 82 86 97113128137136124102 73 43 17  026 1 6MY 6171161626138999999999999991056 822345 -499999999999999
 -3  7 28 54 81102113115108 96 83 75 73 80 92108121128125112 91 65 40 2126 1 7MY 6391151714128999999999999991141 73999999999999999999999
 11 14 28 49 74 97111116112101 87 74 66 66 74 86100112116112 99 81 60 4126 1 8MY 7 011618 111699999999999999 017 111229 6599999999999999
 29 26 34 50 71 93109118117108 94 78 66 60 61 68 79 91100103 98 88 74 5926 1 9MY 722118185310399999999999999 046 261321 5999999999999999
 48 42 45 55 71 90107118120114102 87 72 61 55 56 62 71 81 88 90 87 80 7226 110MY 7471201956 9099999999999999 112 421421 5599999999999999
 64 58 58 63 74 89104116121119110 97 82 67 57 51 51 55 62 70 76 80 80 7826 111MY 8141222138 8099999999999999 135 571533 5099999999999999
 75 72 71 74 80 89101112120121116106 93 78 64 53 46 44 46 52 60 68 74 7926 112MY 846121999999999999999999999 154 711655 4499999999999999
 82 83 84 85 87 92 99108115120119114104 90 75 60 47 39 35 37 43 52 63 7426 113MY 92612099999999999999999999918 9 35999999999999999999999
 82 89 93 95 95 96 99104110115119118113103 89 72 55 40 30 25 28 36 48 6326 114MY102111999999999999999999999919 8 25999999999999999999999
 77 89 98102103102101101105110115118118113103 87 68 48 31 19 16 20 32 4826 115MY 344103113111999999999999999 6111011956 1699999999999999
 67 84 98106109107103100100103109116121121115103 83 61 38 20  9  8 16 3226 116MY 4 2109123812299999999999999 7371002038  799999999999999
 53 74 93106112111106101 97 97101109118125125117100 77 51 27  9  0  3 1626 117MY 424112133312699999999999999 830 962116  099999999999999
 37 61 84101111114109102 95 91 93101112123130128116 95 68 39 15  0 -5  326 118MY 447114141913099999999999999 910 912151 -599999999999999
 22 46 72 94108114112104 94 87 85 90102116128133127111 86 56 28  6 -5 -426 119MY 5 911415 113399999999999999 945 852224 -699999999999999
 10 32 59 84103113113106 95 85 79 80 89104120131133123103 75 45 19  1 -426 120MY 5321141541133999999999999991019 782255 -499999999999999
  4 22 48 75 97111115109 98 84 74 71 76 89106122131129116 93 64 36 14  326 121MY 5531151622131999999999999991054 712324  299999999999999
  4 18 40 66 90108115112102 87 73 64 64 73 89106121127122106 82 56 32 1726 122MY 61311517 3127999999999999991130 632352 1299999999999999
 12 19 37 61 85104115115107 91 75 61 56 59 70 87104116119112 95 74 52 3526 123MY 6331171749119999999999999991210 55999999999999999999999
 26 28 40 59 81101115118112 98 80 63 52 48 53 66 82 97107109101 87 70 5426 124MY 651118183910999999999999999 019 251254 4899999999999999
 44 42 49 63 81100114121118106 89 70 54 44 41 47 59 74 87 96 97 92 82 7126 125MY 7111211942 9799999999999999 043 411345 4199999999999999
 62 58 61 70 84100114122122114100 81 63 47 38 35 40 50 62 75 83 87 85 8226 126MY 7321232114 8799999999999999 1 5 581450 3599999999999999
 77 75 75 81 90102113122125121111 96 78 59 44 33 28 30 38 49 61 71 78 8326 127MY 758125999999999999999999999 117 741612 2899999999999999
 85 87 89 92 97105113120125125120110 95 78 59 42 28 20 19 24 35 48 62 7426 128MY 8331269999999999999999999991742 19999999999999999999999
 84 92 98101104108112117122125125121112 99 82 62 41 23 11  7 11 22 38 5726 129MY 93112599999999999999999999919 0  7999999999999999999999
 74 89101107110110111112115118122125124118105 87 63 39 17  2 -4  1 14 3526 130MY111712599999999999999999999920 3 -4999999999999999999999
 58 79 97108113113110107106108113120126129124112 90 63 35 10 -7-11 -4 1326 131MY 424113125512999999999999999 7511062054-1299999999999999
 38 64 88104113114109102 97 95 99107119129134130115 91 60 29  4-11-13 -226 2 1MY 43611414 413499999999999999 849 952138-1499999999999999
 20 48 76 98111115110100 90 83 83 90103119132137131114 87 54 23  0-11 -726 2 2MY 45311515 013799999999999999 932 822216-1199999999999999
  9 35 64 90108115112101 87 75 69 72 83101119132136127107 79 47 19  1 -326 2 3MY 5101151549136999999999999991011 692249 -499999999999999
  6 27 55 83104115115105 89 72 60 57 64 79 99118129130119 97 70 41 19  926 2 4MY 5271161633131999999999999991049 572319  899999999999999
 11 26 50 78101115118110 94 75 58 49 49 60 77 97114123120107 86 61 39 2526 2 5MY 5441191716123999999999999991126 482344 2199999999999999
 22 31 50 74 98115122116102 82 62 47 41 45 58 76 95108113108 94 76 57 4226 2 6MY 6 212217591139999999999999912 5 41999999999999999999999
 36 40 53 74 96114123122110 92 71 52 40 38 45 58 75 90 99101 95 84 70 5826 2 7MY 622124184310299999999999999 0 7 361245 3899999999999999
 50 51 60 75 94111123125117101 81 62 46 38 38 45 58 71 83 90 90 85 77 6926 2 8MY 6431251934 9199999999999999 027 501329 3799999999999999
 64 63 68 79 93108120125121109 92 74 57 44 38 39 46 55 66 75 80 81 79 7626 2 9MY 7 51252049 8199999999999999 040 621422 3899999999999999
 74 74 77 83 93105115121121114102 86 70 56 45 40 40 44 50 58 66 72 75 7826 210MY 730122999999999999999999999 036 731533 3999999999999999
 80 82 85 89 95103110116118116108 97 83 70 57 47 40 37 38 43 50 58 67 7426 211MY 8 01189999999999999999999991710 37999999999999999999999
 81 87 92 95 98102105109112113111105 96 85 72 58 46 36 31 30 34 43 54 6626 212MY 8461139999999999999999999991837 30999999999999999999999
 78 88 96100102102102103105107109109106 99 88 74 57 41 29 21 21 27 38 5326 213MY10281099999999999999999999991937 20999999999999999999999
 70 85 97103105104100 98 97 99104108111110104 91 73 53 33 19 11 13 22 3926 214MY 357105121711299999999999999 740 972021 1199999999999999
 58 78 94104108106100 93 89 90 95103111117116107 91 69 44 23  8  3  9 2426 215MY 4 3108132511799999999999999 826 892058  399999999999999
 45 68 89103110108100 91 83 79 83 92105117123121108 87 61 34 13  1  1 1226 216MY 415110141612499999999999999 9 1 792132 -199999999999999
 32 58 82101110111103 90 78 70 70 78 92109123128122106 80 51 25  6 -1  526 217MY 43111215 112899999999999999 933 6922 3 -199999999999999
 23 47 74 96110113106 92 76 63 57 61 75 94114127130120 99 72 43 19  6  626 218MY 44711315441309999999999999910 5 572232  499999999999999
 18 40 67 92109116111 96 77 59 48 46 56 74 97117128127114 91 63 38 20 1426 219MY 5 31161626129999999999999991038 452259 1499999999999999
 20 38 62 88108118115102 82 60 43 35 38 53 75 98117125121105 82 58 38 2726 220MY 51911817 9125999999999999991112 342325 2699999999999999
 28 41 62 86107119120110 90 66 44 30 26 34 52 75 97113117111 96 76 57 4526 221MY 5361211755117999999999999991148 262347 4199999999999999
 42 49 65 86106120125118100 77 52 32 21 21 32 51 73 92104107100 88 73 6226 222MY 5531251845107999999999999991229 20999999999999999999999
 57 60 71 88106121128124111 90 66 43 26 18 20 32 49 67 83 93 95 90 83 7526 223MY 6121281946 9599999999999999 0 6 571316 1899999999999999
 71 72 79 92106120128128120103 82 60 40 25 19 21 30 43 58 71 80 83 83 8226 224MY 6331292128 8499999999999999 018 701415 1999999999999999
 81 82 87 96107117125128125114 98 79 60 43 29 22 21 26 35 47 59 68 75 8126 225MY 658128999999999999999999999 0 1 811539 2199999999999999
 85 89 94 99106113120123123119110 97 82 66 49 35 25 19 20 26 36 48 60 7226 226MY 7311249999999999999999999991725 19999999999999999999999
 83 91 98102106109112114116116114109101 89 74 57 39 24 15 12 16 27 42 5926 227MY 8361169999999999999999999991853 12999999999999999999999
 75 89 99104106105103103103106109112112108 99 83 62 41 21  9  5 10 24 4426 228MY 4 0106113711299999999999999 7 31031955  599999999999999
 64 83 98105107103 97 91 89 90 96104113118116106 88 64 38 17  4  2 11 2926 3 1MY 341107131711899999999999999 8 9 882041  199999999999999
 52 76 94106108103 93 82 75 73 78 89103116124122110 88 61 34 13  3  5 1926 3 2MY 349109142012499999999999999 848 732119  299999999999999
 42 68 90106111106 94 79 65 57 59 69 85104120127123108 83 55 29 12  7 1626 3 3MY 4 1111151012899999999999999 923 572152  799999999999999
 35 61 86105114111 99 80 61 47 43 48 64 85107122127120102 76 49 28 17 1926 3 4MY 415114155412799999999999999 957 432221 1699999999999999
 33 56 82104116117106 86 63 44 32 32 44 64 88109122123112 92 68 46 31 2726 3 5MY 4311181636124999999999999991030 312247 2799999999999999
 36 55 79102118122113 95 71 47 29 23 28 44 67 90109117115102 83 63 46 3926 3 6MY 44812217151189999999999999911 3 232310 3999999999999999
 42 57 78100117125120104 81 55 34 21 19 30 48 71 92106110105 92 76 61 5226 3 7MY 5 71251755110999999999999991136 182332 5099999999999999
 51 61 77 97115126125113 92 67 43 25 18 22 35 54 74 91100101 95 84 72 6326 3 8MY 5261271836102999999999999991210 182350 6199999999999999
 61 66 79 95112123126119102 79 55 36 24 21 28 41 58 74 87 92 92 86 79 7326 3 9MY 5471261922 93999999999999991246 21999999999999999999999
 70 73 81 94108119124121109 90 69 49 34 27 27 34 46 59 71 80 84 84 81 7826 310MY 6 81242026 8499999999999999 0 1 701328 262356 779999999
 77 79 85 93104113119119112 99 82 64 48 37 32 32 38 46 56 65 72 76 79 8026 311MY 6311209999999999999999999991425 32999999999999999999999
 82 85 89 94101107113114112104 92 78 64 52 43 37 35 37 43 50 58 65 72 7826 312MY 6551149999999999999999999991555 35999999999999999999999
 84 89 93 96 99102105107107104 98 90 79 68 57 47 39 34 33 36 42 51 62 7326 313MY 7271079999999999999999999991744 32999999999999999999999
 83 91 96 98 99 98 98 98 99100 99 97 92 84 74 61 48 36 28 25 28 37 49 6426 314MY 348 99 91810099999999999999 610 981858 2599999999999999
 78 90 98101100 96 92 89 88 91 95 99101 99 91 78 62 45 30 20 18 24 36 5326 315MY 31010112 110199999999999999 736 881947 1899999999999999
 72 88 99104102 95 87 79 76 78 84 94103108106 97 81 60 39 23 14 15 25 4226 316MY 312104131810899999999999999 810 762026 1399999999999999
 63 84 99106105 97 84 72 63 62 69 81 97109116113100 79 55 33 18 12 18 3326 317MY 321107141211699999999999999 840 6221 0 1299999999999999
 55 78 97108109100 84 67 53 46 50 63 82102117122116100 76 51 30 18 17 2926 318MY 33411015 012299999999999999 910 462132 1699999999999999
 49 73 95110114106 89 67 47 33 31 41 60 85107122126116 97 72 48 31 25 3026 319MY 349114154512699999999999999 942 3122 1 2599999999999999
 47 70 93111118113 96 72 46 26 17 20 36 61 88112124124112 92 68 49 38 3826 320MY 4 51181630126999999999999991015 162229 3699999999999999
 49 69 92112122120106 82 53 27 10  5 14 35 63 91112122119106 87 67 54 5026 321MY 4221231716122999999999999991050  52254 5099999999999999
 56 71 92112125127117 95 66 37 13  0  0 14 37 65 91108114110 98 83 70 6326 322MY 44012818 4114999999999999991128 -22315 6399999999999999
 65 76 93111126132126108 83 53 25  5 -3  1 17 40 65 86100104100 91 81 7526 323MY 5 113218571049999999999999912 9 -32332 7499999999999999
 75 82 94110124132131120 99 73 45 22  6  1  7 21 41 62 79 89 93 91 87 8326 324MY 52413320 6 93999999999999991257  12339 8299999999999999
 82 86 95107119128131125111 91 67 44 25 13  9 14 25 40 56 69 78 83 85 8626 325MY 5501319999999999999999999991356  9999999999999999999999
 87 90 96104113121125124117104 87 68 50 34 23 18 19 26 36 49 60 70 78 8426 326MY 6211259999999999999999999991520 18999999999999999999999
 88 92 96101105110114115113108 99 88 74 60 46 33 25 22 24 32 43 55 68 7826 327MY 7 011599999999999999999999917 4 22999999999999999999999
 87 93 97 99 99 99100101102102102 99 93 83 71 55 40 28 22 22 29 41 56 7126 328MY 9 41029999999999999999999991829 21999999999999999999999
 85 94 99 99 95 90 86 84 85 88 94 99102100 93 79 62 43 29 21 21 30 45 6326 329MY 229 99121210299999999999999 715 841926 2099999999999999
 81 94102102 96 86 76 68 66 69 78 89101108108100 84 64 43 28 22 25 37 5626 330MY 232103133210999999999999999 756 662010 2199999999999999
 76 94104106100 87 71 57 50 49 57 72 90105114113103 85 62 42 29 26 34 5026 331MY 244107142811599999999999999 831 482046 2699999999999999
 72 92107112106 92 73 53 38 33 37 51 72 93110118115102 82 59 42 33 35 4826 4 1MY 259112151511899999999999999 9 4 332118 3299999999999999
 68 90108116114100 79 55 34 22 21 31 51 75 98114119113 98 77 57 44 41 4926 4 2MY 316117155712099999999999999 935 202147 4199999999999999
 66 87107119120109 88 62 37 18 10 15 31 56 82103116117108 92 73 58 50 5326 4 3MY 33512116371189999999999999910 7 102214 5099999999999999
 65 84105120125117 99 73 45 21  7  5 16 37 63 88106114112101 86 71 61 5926 4 4MY 3551251715115999999999999991037  42239 5999999999999999
 67 83101118126124109 85 57 30 11  3  7 23 46 71 92106110105 94 81 71 6726 4 5MY 41612717541109999999999999911 9  323 2 6799999999999999
 70 82 98114125126117 97 70 43 21  8  5 15 33 55 77 93102103 97 88 79 7426 4 6MY 4381271834103999999999999991141  52323 7399999999999999
 75 82 95109121126121106 83 58 35 18 10 13 24 42 61 79 91 96 95 90 84 8026 4 7MY 5 11261919 96999999999999991215 102338 7999999999999999
 79 83 92104115122121111 94 72 50 32 20 17 22 33 48 64 77 85 89 89 86 8426 4 8MY 5251222022 89999999999999991254 172345 8399999999999999
 83 86 91100108115117113101 84 65 48 34 26 24 29 38 50 62 73 80 84 86 8626 4 9MY 5501179999999999999999999991343 24999999999999999999999
 87 88 91 96102107110109103 93 79 64 50 39 33 31 33 40 49 59 68 76 82 8726 410MY 6171109999999999999999999991454 31999999999999999999999
 89 91 93 94 96 99101102100 96 88 78 66 55 46 38 34 34 38 46 55 66 76 8526 411MY 6551029999999999999999999991631 33999999999999999999999
 91 95 95 94 92 91 90 91 92 92 91 88 82 73 62 51 41 34 32 35 43 55 69 8126 412MY 153 95 9 0 9299999999999999 556 901754 3299999999999999
 91 97 99 96 90 84 79 77 78 83 88 92 93 89 81 69 55 42 33 30 35 45 60 7626 413MY 147 991143 9399999999999999 7 1 771853 3099999999999999
 90100103 99 90 79 68 62 61 67 77 88 97101 98 89 73 56 42 32 31 39 53 7026 414MY 15710313 710199999999999999 735 611938 3199999999999999
 88101107104 93 77 61 48 43 46 58 74 92105110107 94 77 58 43 35 37 48 6626 415MY 21110714 711099999999999999 8 8 432017 3599999999999999
 85102111110100 81 59 39 26 24 34 52 75 98113118113 98 78 60 47 43 49 6426 416MY 227112145911899999999999999 840 242053 4399999999999999
 83102115117109 89 63 37 16  7 10 26 51 79104119123115 99 79 63 54 55 6526 417MY 245118154812399999999999999 915  62126 5399999999999999
 82102118124119102 75 44 16 -2 -8  1 23 53 83108121122113 97 81 69 65 7026 418MY 3 5124163712399999999999999 952 -82156 6599999999999999
 83101119129129115 91 59 27  0-15-15 -1 25 56 86108119118109 95 83 76 7726 419MY 3271311726120999999999999991031-172223 7599999999999999
 86101118131135128108 79 46 15 -8-19-14  3 29 59 86104112111103 93 85 8326 420MY 3531361819112999999999999991112-192247 8399999999999999
 88100115129137135122 99 69 38 10 -9-15 -8 10 35 61 83 97103102 97 91 8826 421MY 4221381919104999999999999991158-1523 9 8899999999999999
 90 98109122132136130114 91 63 35 12 -2 -5  2 18 39 60 78 90 95 95 93 9126 422MY 4541362036 96999999999999991248 -52329 9099999999999999
 91 95103113122128128120105 85 61 39 21 10  7 13 25 42 59 73 84 89 92 9226 423MY 5301299999999999999999999991348  7999999999999999999999
 92 93 96102109115118117110 98 82 65 47 33 23 19 23 31 44 58 71 82 88 9226 424MY 61511899999999999999999999915 2 19999999999999999999999
 93 93 93 93 96 99102104104100 93 84 71 58 45 35 30 30 36 47 60 73 84 9126 425MY 7271049999999999999999999991626 29999999999999999999999
 95 95 92 89 85 83 83 85 89 92 94 93 88 80 68 55 44 37 36 41 52 66 80 9126 426MY 030 9510 9 9499999999999999 526 831740 3699999999999999
 98100 96 89 80 72 66 65 69 76 84 91 95 95 88 77 63 50 42 42 48 60 75 9026 427MY 0501001222 9699999999999999 643 651837 4199999999999999
100105103 94 81 66 55 48 48 55 67 81 93101102 95 82 67 54 47 48 57 71 8826 428MY 110105133610299999999999999 728 471924 4799999999999999
102110110102 87 68 50 36 31 35 47 64 83 98107107 99 85 70 58 53 57 68 8426 429MY 132111143110899999999999999 8 5 3120 4 5399999999999999
101113117111 96 75 51 32 20 18 27 45 67 89105113111101 86 71 62 60 67 8126 430MY 155117151811399999999999999 839 182040 6099999999999999
 98113121119106 85 59 34 16  7 11 26 48 74 96111116111 99 85 72 66 69 7926 5 1MY 21812116 011699999999999999 911  72114 6699999999999999
 95111122125116 97 70 42 19  4  1 11 31 56 82103114116109 97 84 74 72 7926 5 2MY 243125163911799999999999999 943  02145 7299999999999999
 91107121127123108 84 55 28  7 -2  1 16 39 66 90107115113104 93 83 77 7926 5 3MY 3 91281718115999999999999991015 -32215 7799999999999999
 89103117127128117 97 70 41 17  2 -2  7 25 50 75 95108111108 99 89 83 8126 5 4MY 3351291756111999999999999991047 -22242 8199999999999999
 87 98112123128123108 84 57 31 11  2  3 16 36 59 81 97106106101 94 87 8426 5 5MY 4 21281836107999999999999991121  123 8 8499999999999999
 86 94106117125125115 97 72 47 25 11  6 12 26 46 66 84 96101101 96 91 8726 5 6MY 4301261921102999999999999991156  62334 8699999999999999
 87 91100110119122118105 86 63 41 24 14 14 21 36 53 71 85 94 97 97 93 9026 5 7MY 4591222016 98999999999999991235 13999999999999999999999
 88 90 95102110116116109 96 77 57 40 27 21 22 30 43 58 73 84 92 95 95 9326 5 8MY 5311172124 9599999999999999 0 5 881319 2099999999999999
 91 90 91 95101106109107100 88 72 56 42 32 28 30 37 48 61 74 85 92 95 9626 5 9MY 6 91092236 9699999999999999 054 901414 2899999999999999
 94 92 90 90 91 94 98 99 98 93 84 72 60 48 40 36 36 42 52 64 76 87 95 9826 510MY 7 9 992327 9999999999999999 240 891522 3599999999999999
 98 95 90 86 82 81 83 86 89 91 89 85 77 67 56 48 42 42 47 56 69 82 9310026 511MY 9 4 91235910299999999999999 452 811636 4299999999999999
102100 93 84 75 69 66 68 74 81 87 91 90 85 76 66 56 49 48 53 63 76 9010026 512MY1121 91999999999999999999999 6 4 661742 4899999999999999
106105 99 87 72 59 50 48 52 63 76 88 96 99 95 87 75 64 57 56 61 73 8710026 513MY 0251071256 9999999999999999 650 481838 5599999999999999
110112106 93 75 55 38 29 29 38 54 74 92104109106 96 83 71 65 65 73 8510026 514MY 04911214 410999999999999999 730 281926 6499999999999999
112119116104 84 59 34 16  9 13 27 50 75 97112117113102 89 79 74 76 8610026 515MY 11411915 211799999999999999 810  820 9 7499999999999999
114124126117 98 71 41 14 -3 -8  1 21 49 78102117122117106 94 85 83 88 9926 516MY 141127155712299999999999999 851 -82048 8399999999999999
114127134130115 90 58 25 -2-17-18 -5 20 51 82105119123117107 97 91 92 9926 517MY 211134165012399999999999999 934-192124 9099999999999999
112126137140131110 81 46 13-12-24-21 -4 23 55 84106117119114105 98 95 9826 518MY 2451401743120999999999999991019-242158 9599999999999999
108121135143141128104 73 38  7-14-22-17  2 29 59 85103113114109102 97 9726 519MY 32214318381149999999999999911 5-232233 9699999999999999
103113126138143138122 97 67 35  8-10-15 -7 11 36 63 85100107108104 98 9526 520MY 4 31431932108999999999999991154-152312 9599999999999999
 97104114126135137130114 91 64 36 14  0 -3  6 23 45 68 86 98103103 99 9526 521MY 4471372024104999999999999991244 -3999999999999999999999
 92 94101110119126127120106 86 63 41 23 13 12 20 35 54 73 88 98101100 9626 522MY 538127211210199999999999999 0 3 921336 1199999999999999
 91 89 89 94101108113114109 98 83 66 49 35 28 27 35 48 64 80 93100102 9926 523MY 639114215310299999999999999 116 881431 2799999999999999
 94 88 83 81 83 87 93 98101 99 93 83 71 58 48 42 42 48 60 74 88 9910410426 524MY 8 5101223110599999999999999 258 811530 4199999999999999
100 92 83 75 70 69 72 78 84 89 92 91 86 78 68 59 54 54 60 71 84 9710610926 525MY1013 9223 710999999999999999 445 691630 5399999999999999
107100 88 76 64 57 54 57 64 73 82 89 93 92 86 78 70 65 65 71 81 9410611326 526MY1216 93234211499999999999999 6 0 541729 6499999999999999
114109 98 82 66 51 42 39 43 53 67 80 92 98 99 94 86 78 73 74 80 9110311426 527MY1338 99999999999999999999999 653 391824 7299999999999999
119117108 93 73 53 37 27 27 34 48 66 84 97105106101 92 84 79 81 88 9911226 528MY 017119143710799999999999999 736 261915 7999999999999999
121123118105 84 61 39 23 15 18 30 49 71 90105112111105 95 87 84 87 9610726 529MY 052123152411399999999999999 814 1520 2 8499999999999999
119126126116 97 73 48 25 11  8 15 32 54 78 98112117114106 96 89 88 9310326 530MY 12712716 611799999999999999 849  72045 8899999999999999
115125130125110 88 61 34 14  3  4 17 38 63 87106116118113104 96 90 91 9826 531MY 2 1130164411899999999999999 925  22123 9099999999999999
110122130131121102 76 48 23  6  0  6 23 46 72 94110117116110101 94 91 9426 6 1MY 23413217211189999999999999910 0  02158 9199999999999999
104116127133129115 92 64 37 15  3  2 12 32 56 81100112116112105 97 92 9226 6 2MY 3 81331758116999999999999991035  12230 9199999999999999
 98109121130132124106 81 54 29 11  3  7 21 43 66 88104112112107100 93 9126 6 3MY 3421321834113999999999999991110  323 3 9199999999999999
 93101113124130128116 96 70 45 24 11  8 16 32 53 75 93105110108103 96 9126 6 4MY 4161301912110999999999999991145  82339 9099999999999999
 90 95104115123126121106 86 62 39 23 14 16 26 43 64 83 98107109105 99 9326 6 5MY 4521261949109999999999999991221 14999999999999999999999
 89 90 95104113119119112 97 77 56 38 25 21 26 38 54 73 90102107107103 9626 6 6MY 531120202710899999999999999 021 891259 2199999999999999
 90 87 88 93100108112111103 89 72 55 41 32 31 37 49 65 82 9610510910610026 6 7MY 61811221 410999999999999999 116 861339 3199999999999999
 93 86 82 82 86 92 99103102 96 85 72 59 48 42 43 50 61 76 9110210911010626 6 8MY 723103213911099999999999999 228 811425 4299999999999999
 97 88 79 73 72 75 81 88 93 95 93 86 77 67 59 55 56 62 73 87 9910911311126 6 9MY 857 95221211399999999999999 351 721519 5599999999999999
104 93 81 69 61 57 60 67 76 86 92 94 92 86 79 72 69 69 75 85 9710811611726 610MY1059 94224611799999999999999 5 4 571621 6899999999999999
113102 87 70 55 44 40 43 52 66 80 92 99101 98 92 86 82 82 87 9710811712326 611MY1252101232312399999999999999 6 4 401725 8199999999999999
122114 99 79 58 38 25 21 26 40 58 78 94106110109103 97 93 93 9810711712626 612MY1415110999999999999999999999 656 211826 9399999999999999
130126114 95 70 44 21  7  4 12 30 53 78 9811211811711210510110210711612726 613MY 0 3130152011999999999999999 746  4192310199999999999999
135137130115 90 61 31  7 -7 -9  3 24 52 7910211712312211611010610811412426 614MY 047137161612499999999999999 836-10201510699999999999999
134142143133114 85 52 21 -4-17-16 -1 24 54 8210511912512211611010711011726 615MY 13414417 812599999999999999 925-1821 310799999999999999
129140147146134111 81 46 14 -9-20-16  1 28 58 8610712012311911210610510926 616MY 2231481754123999999999999991014-20214910599999999999999
118131143149146132108 76 42 12 -9-16-10  9 36 66 9110911811911310610010026 617MY 31415018341199999999999999911 2-162236 9999999999999999
105116130141147142127102 72 40 14 -3 -7  2 22 48 75 97111116114106 98 9326 618MY 4 514719 8116999999999999991147 -72327 9299999999999999
 93100111125136140134119 96 69 41 20  8  7 19 39 63 86104113114108 99 9026 619MY 4571401938115999999999999991230  6999999999999999999999
 85 86 93104116126129123109 90 67 45 29 22 25 38 57 79 98111115112104 9326 620MY 55212920 411599999999999999 021 851310 2299999999999999
 83 78 78 85 94105113116111100 85 68 52 41 39 45 58 76 94109116117110 9926 621MY 652116203111899999999999999 123 771348 3999999999999999
 87 77 71 70 75 83 92 99103100 93 83 72 62 56 56 63 76 9210611712111710826 622MY 8 510321 112199999999999999 235 701426 5599999999999999
 96 82 71 63 61 64 71 79 87 92 93 91 86 79 73 70 72 79 9110411612312311726 623MY 949 93213612499999999999999 355 6115 8 7099999999999999
107 92 77 64 55 51 53 59 68 78 86 91 93 92 89 85 84 86 9210111212112612426 624MY12 8 93221612699999999999999 511 5116 0 8499999999999999
117104 89 72 57 46 41 42 50 61 73 85 94 99101 99 96 94 9510010811712412726 625MY135310123 312799999999999999 615 4017 9 9499999999999999
125116102 84 65 48 36 31 34 43 57 73 8810010710910710310010110511212012726 626MY1455109235412999999999999999 7 7 31182410099999999999999
129125115 98 77 56 38 26 22 28 40 58 78 9510811511511210710310310711412326 627MY1538116999999999999999999999 753 22193110299999999999999
129131125112 92 69 46 27 17 16 25 42 63 8510311512011811310710310310811726 628MY 045131161412099999999999999 834 15202510299999999999999
126133133125108 85 59 36 18 10 14 27 47 71 9311012012211811110410110311026 629MY 132134164712299999999999999 913 1021 910199999999999999
120130136134122102 76 49 26 11  7 15 32 55 80101115122120114106100 9810226 630MY 216136171712299999999999999 950  72146 9899999999999999
112124135138133117 93 65 39 18  7  8 20 41 66 90108119121116108100 95 9626 7 1MY 2561381747121999999999999991026  62221 9499999999999999
103115128137138128109 83 55 30 14  8 14 30 53 78 99114120118111101 94 9126 7 2MY 3351391814120999999999999991059  82257 9199999999999999
 95105118130137134121 99 72 46 25 13 13 24 43 67 90108118120114104 94 8826 7 3MY 4131371840120999999999999991131 122334 8799999999999999
 87 94106119130133127111 88 63 40 24 18 23 38 59 82102115120117108 97 8726 7 4MY 45213319 51209999999999999912 2 18999999999999999999999
 82 84 92105117125126118101 80 58 40 29 29 38 55 76 96112120120113101 8926 7 5MY 534127192912199999999999999 015 821232 2899999999999999
 80 76 80 89101112118117108 93 75 57 45 40 44 56 73 92109120123118107 9426 7 6MY 623119195312399999999999999 1 1 7613 3 4099999999999999
 81 72 70 73 82 93104109109101 89 75 63 56 55 62 74 9010611912512311510126 7 7MY 723110201712599999999999999 155 701335 5599999999999999
 86 73 64 61 64 72 83 93100101 97 90 81 74 71 73 80 9210511812612812211126 7 8MY 844102204412899999999999999 259 6114 8 7199999999999999
 96 80 65 54 50 52 59 70 82 91 96 97 95 92 88 87 90 9710711712613113012226 7 9MY1046 98211713199999999999999 412 501446 8799999999999999
109 92 74 56 43 37 37 45 57 71 84 9510110410410310210511011712613213513226 710MY132910422 213599999999999999 525 36153710299999999999999
123109 90 69 48 32 23 22 30 45 62 80 9610711311511411411411812413013613926 711MY151011523 313999999999999999 633 2117 511499999999999999
136127111 90 65 40 21 10  9 18 35 57 79 9911312112312111911812112613313926 712MY1559123999999999999999999999 735  8184511899999999999999
143141132114 89 61 33 11 -1 -2 10 30 56 8210411812612612311911711912413326 713MY 014143163512799999999999999 831 -320 311799999999999999
142148147137117 89 57 26  3 -8 -7  8 32 60 8810912312712511911311011312126 714MY 12314917 712799999999999999 923 -921 211099999999999999
132144152151139117 86 53 22  0-10 -5 13 40 69 9611512512511911010310110526 715MY 22515217341269999999999999910 9-10215210199999999999999
116130144153151137114 82 49 20  1 -4  5 26 54 83106120125121111 99 91 9026 716MY 3211531758125999999999999991052 -42238 9099999999999999
 97111127142149146131107 77 46 22  8  8 21 45 72 98116125123113100 87 8026 717MY 4141501819125999999999999991130  62324 7999999999999999
 81 90105122136142137122 99 72 46 28 21 26 43 67 92113125126119105 89 7626 718MY 5 414218391279999999999999912 3 21999999999999999999999
 70 73 83 99115127131125111 91 69 50 39 38 48 67 89110125130125113 96 8026 719MY 55413119 013099999999999999 011 701233 3799999999999999
 68 63 67 78 92106116118112101 85 70 58 54 58 71 89108124132131122106 8926 720MY 647118192313399999999999999 1 1 631259 5499999999999999
 73 62 59 63 72 84 96104106102 94 84 75 70 71 78 9110712213213512911710026 721MY 748106194813599999999999999 156 591322 6999999999999999
 83 68 59 56 59 66 76 86 93 96 95 92 88 84 84 87 9510611912913513412511226 722MY 917 96201813599999999999999 3 0 561341 8399999999999999
 96 80 66 56 52 54 59 68 77 85 90 94 95 96 96 9710110711612513113413012226 723MY2055134999999999999999999999 415 52999999999999999999999
109 94 78 64 54 48 47 52 60 70 81 90 9710210510610711011412012613013112826 724MY2147131999999999999999999999 534 47999999999999999999999
120108 93 77 61 49 41 40 45 54 67 81 9310411111411411311311511912412813026 725MY153711423 013099999999999999 642 40173411399999999999999
128121109 92 74 56 41 33 32 39 51 67 8510011211812011811411211311712212826 726MY1550120999999999999999999999 737 32191911299999999999999
131130123109 90 68 48 33 25 26 36 52 72 9210811912312211711110810911412226 727MY 018131161112399999999999999 823 24201810899999999999999
130135133124107 84 60 38 23 18 23 37 57 8010111612412411911110510210511326 728MY 119135163212599999999999999 9 2 18205910299999999999999
124134139136123102 76 50 28 16 14 24 43 67 91111123126122113103 97 9610326 729MY 2 8139165312699999999999999 937 142135 9699999999999999
114128139142135118 93 65 39 21 13 17 32 55 81104120126124115103 93 89 9126 730MY 2511421713127999999999999991010 1222 9 8899999999999999
102117132142142131110 83 55 31 17 15 26 46 71 96116126127119106 92 83 8126 731MY 3321431733128999999999999991040 152242 8199999999999999
 88102120135142138123100 72 47 28 20 25 41 64 89111125129123110 94 81 7426 8 1MY 41114217521299999999999999911 8 202317 7399999999999999
 76 86103121134138131114 90 65 44 31 30 41 60 84107124131127115 99 82 7026 8 2MY 4521381810131999999999999991135 292354 6699999999999999
 66 72 85103120130131122104 82 61 47 41 47 61 82104122132132122105 86 7026 8 3MY 53513218281339999999999999912 0 41999999999999999999999
 60 60 68 83100115123122112 97 79 64 57 58 67 84103121133136129114 95 7626 8 4MY 623124184713699999999999999 034 591223 5699999999999999
 61 53 55 64 79 94107114113105 93 81 73 72 77 89104120133138135123106 8626 8 5MY 72011419 713899999999999999 120 531245 7199999999999999
 68 54 48 50 58 71 85 97103104100 94 89 86 89 9710812113213914013211810026 8 6MY 837104193214099999999999999 216 4813 0 8699999999999999
 81 63 50 44 44 50 61 73 85 93 98 99 99 9910110611312213113814113913011626 8 7MY20 3141999999999999999999999 330 43999999999999999999999
 99 81 63 48 39 36 39 48 60 73 85 9510210711111411812312913513914013813026 8 8MY2052140999999999999999999999 458 36999999999999999999999
118102 84 64 46 33 26 27 35 48 65 81 9610811612012312412612913213613913826 8 9MY2226139999999999999999999999 623 26999999999999999999999
134124109 89 66 43 26 16 16 25 41 61 8210111512312612512312212312613213826 810MY16 9126999999999999999999999 732 1519 512299999999999999
141140132115 92 65 39 19  8  8 20 40 65 8910912212712612111511111211812826 811MY 017142161512799999999999999 828  7201811199999999999999
138146146138120 93 63 34 13  4  7 23 47 74 99118127127120110102 9810111026 812MY 136147163012899999999999999 914  321 6 9899999999999999
124139149150141120 90 58 30 11  6 14 34 61 89112126129122109 96 86 83 9026 813MY 237151164712999999999999999 954  62148 8399999999999999
104122139150150138115 85 54 29 15 15 29 53 81107124131126113 96 80 71 7126 814MY 33015217 4131999999999999991029 142228 7099999999999999
 81 99120138147145130107 78 51 32 26 32 51 76103123133131119101 81 65 5926 815MY 41814817211349999999999999911 0 2623 7 5899999999999999
 63 76 96118134140135120 98 73 53 41 42 54 75100122135137128110 88 67 5426 816MY 5 41401739138999999999999991127 402347 5199999999999999
 51 59 74 95114127130123109 90 72 59 55 62 78 99120136141135120 98 76 5826 817MY 5491301758141999999999999991150 55999999999999999999999
 48 48 58 74 92108117118111100 86 75 69 72 83100118134143141129110 88 6826 818MY 636119182014399999999999999 028 471210 6999999999999999
 53 47 49 59 74 89101107107102 95 87 82 83 90102116131140142135121101 8226 819MY 730108184314399999999999999 112 471225 8299999999999999
 64 53 49 52 60 72 83 93 98 99 97 95 93 93 97104115126135140137128113 9626 820MY 848 9919 914099999999999999 2 4 491224 9299999999999999
 79 65 56 52 53 59 68 77 85 91 94 97 9910110410911512212913413513012110826 821MY1940135999999999999999999999 312 52999999999999999999999
 94 80 68 58 53 52 55 61 69 78 87 9410110611011311611912312712912912511826 822MY2025129999999999999999999999 444 52999999999999999999999
108 96 83 70 59 50 47 48 54 63 75 87 9910811411811811811811912112312412326 823MY22 7124999999999999999999999 614 47999999999999999999999
119111100 85 70 55 44 39 40 48 61 76 9210611612112111811511211211511912426 824MY1532122999999999999999999999 717 39192911299999999999999
126123116102 84 65 48 35 31 35 46 63 8310111512312412011310610310411011926 825MY 0 3126154012499999999999999 8 3 31201410399999999999999
127131129119102 80 57 38 27 25 34 50 72 94112123126122113103 95 93 9810826 826MY 112131155312699999999999999 840 252047 9399999999999999
121132137132119 97 72 48 30 22 25 39 61 85107122128125114101 89 83 84 9426 827MY 2 413716 712899999999999999 913 222118 8299999999999999
109126138141133114 89 62 40 25 23 32 52 77101120130128118102 86 74 71 7826 828MY 248141162313099999999999999 943 222149 7199999999999999
 93113131141141129107 81 55 36 27 31 47 70 96118131132123106 86 69 60 6226 829MY 3291431639133999999999999991010 272221 6099999999999999
 74 94117134142138122 99 73 51 38 36 47 67 92115131136129112 90 69 54 4926 830MY 4101421655136999999999999991037 352254 4999999999999999
 57 74 97119134139131114 91 69 53 47 52 68 90113131139135120 98 74 54 4226 831MY 45213917111399999999999999911 1 472328 4199999999999999
 43 54 75 98119131132123106 87 70 61 62 73 91112131141141129109 84 60 4226 9 1MY 5361331728142999999999999991124 60999999999999999999999
 35 40 54 75 97114123123114100 86 77 75 81 95113130142145137120 97 72 5026 9 2MY 624124174714599999999999999 0 6 351143 7499999999999999
 37 33 40 54 73 92106113112106 97 90 87 91101115129141147143131111 88 6526 9 3MY 72211318 814799999999999999 050 331156 8799999999999999
 47 36 34 40 53 68 84 95101103101 98 98100107117128138145145138124106 8526 9 4MY 850103183314699999999999999 145 341151 9799999999999999
 66 50 40 36 39 48 60 72 83 91 9710010310711211912613414014214013312010526 9 5MY19 4142999999999999999999999 3 1 36999999999999999999999
 88 71 56 44 37 36 40 49 61 74 85 9510411111612012412813113413513412912126 9 6MY1958135999999999999999999999 443 36999999999999999999999
110 96 80 63 47 36 30 32 40 53 69 85 9911111812212212212112212312612812926 9 7MY1550122224512999999999999999 616 3018 712199999999999999
126119106 88 67 47 32 24 25 35 51 71 9110711812312211711210810711111712526 9 8MY1516123999999999999999999999 722 23193810799999999999999
132133127114 93 68 45 28 20 23 37 57 81102117125123116105 96 91 92 9911226 9 9MY 044133152212599999999999999 812 202021 9099999999999999
125136140134118 93 66 42 26 21 29 47 71 96115126127118104 88 77 73 77 9126 910MY 154140153412899999999999999 852 212058 7399999999999999
109127140144135116 90 63 40 28 29 42 64 90113128131124107 87 69 58 58 6826 911MY 248144154813199999999999999 927 272134 5799999999999999
 86109129142143132111 85 60 42 36 43 62 86111129136131115 92 69 51 43 4826 912MY 33614416 413699999999999999 957 3622 9 4399999999999999
 63 86110130140138125104 80 60 49 50 63 84109129140138124102 76 52 38 3526 913MY 4201411622141999999999999991024 482244 3499999999999999
 44 63 88112129135130116 97 78 64 61 68 85107128141144133113 87 61 40 3026 914MY 5 21351641144999999999999991049 612318 3099999999999999
 33 46 67 91112124127120107 92 79 73 76 88106125140146140124100 73 50 3426 915MY 54512717 2146999999999999991111 722354 2999999999999999
 30 36 52 72 93109117117111100 90 84 84 91105122136145144132112 87 63 4526 916MY 6291181724146999999999999991129 83999999999999999999999
 34 34 43 58 76 92104109108103 97 93 92 96105118131140142136121100 79 5926 917MY 719110174614399999999999999 031 331142 9199999999999999
 45 39 41 50 63 77 89 97101102100 98 98101107116125134138135126111 93 7526 918MY 83410218 913899999999999999 115 391133 9899999999999999
 60 50 46 48 54 63 74 83 90 95 98101103106109115121126130130126117104 9026 919MY1834131999999999999999999999 212 46999999999999999999999
 77 65 56 52 51 54 60 68 77 85 93 9910510911211511711912212312211811110326 920MY19 5123999999999999999999999 340 51999999999999999999999
 92 81 70 61 54 50 50 55 63 73 84 9510511211511711611411311311311411311126 921MY1455117211011499999999999999 524 49183811399999999999999
106 97 87 74 62 51 45 44 50 60 74 8810211211811911611010510210210510911326 922MY1440119235111599999999999999 637 44192910299999999999999
114111103 91 75 59 46 39 40 48 62 80 97112120122117108 99 91 89 92 9910926 923MY1445122999999999999999999999 725 381958 8999999999999999
117121118108 91 72 53 40 35 39 52 71 91109121125120109 95 83 76 76 84 9826 924MY 1 6121145512599999999999999 8 3 352026 7599999999999999
113124128123109 89 67 48 37 36 45 63 85106122128125112 94 77 64 60 66 8126 925MY 15912815 812999999999999999 836 352054 6099999999999999
100119131134126108 85 62 46 39 43 58 80103122131130118 97 75 56 46 47 5926 926MY 244134152313299999999999999 9 7 392124 4599999999999999
 81105125137136124104 80 60 48 47 58 77100121134136125104 78 54 37 31 3826 927MY 328138153813799999999999999 935 462156 3199999999999999
 58 84110130139135120 99 78 63 57 62 77 98120136141134114 87 59 35 21 2226 928MY 41113915551419999999999999910 2 572229 2099999999999999
 35 59 88114131136129114 95 79 70 70 81 98119136145142126100 70 42 21 1326 929MY 4561361614145999999999999991027 6923 5 1399999999999999
 19 37 63 91114127129122108 94 83 81 87101118136147148136115 86 56 31 1526 930MY 5421301634149999999999999991048 812345 1199999999999999
 12 21 40 66 90109119120113104 95 91 94104118133146150144128104 75 48 272610 1MY 63412116571509999999999999911 6 91999999999999999999999
 16 16 26 44 66 86101109110107102 99100107117130141148147137119 95 70 482610 2MY 741110172314899999999999999 030 141115 9999999999999999
 31 23 23 32 46 63 79 91 99102103103105109116125134141143139128111 92 722610 3MY1752143999999999999999999999 126 22999999999999999999999
 54 40 32 31 35 45 58 71 83 92 98103107110115120125130132132128120108 942610 4MY1829133999999999999999999999 243 30999999999999999999999
 79 64 51 41 36 37 43 53 66 79 901001071121141151161171181191191181151102610 5MY20 0119999999999999999999999 424 36999999999999999999999
101 90 75 60 47 39 36 40 51 65 80 951061131161141101051021011031071121152610 6MY14 2116233211599999999999999 552 36184810199999999999999
115110100 84 67 51 40 36 41 54 71 89104115119116108 97 88 82 82 88 971092610 7MY14 3119999999999999999999999 654 361931 8299999999999999
118122119107 90 70 52 41 39 47 63 83102116123121110 95 79 67 62 65 76 932610 8MY 1 5122141512399999999999999 740 3920 7 6299999999999999
110123128125111 91 70 53 44 46 59 78 99117127127117 99 78 59 47 45 53 712610 9MY 2 6128143012899999999999999 819 442041 4499999999999999
 92113128133127111 90 70 56 52 59 75 96117130134126107 83 58 39 30 33 48261010MY 256133144813499999999999999 852 522114 3099999999999999
 70 96118131133125108 88 70 61 63 74 94115132139134118 93 64 39 23 19 29261011MY 34113415 713999999999999999 922 612147 1999999999999999
 49 75101122132131120103 86 74 70 77 92112130142141128105 76 47 25 14 16261012MY 423133152814399999999999999 950 702219 1399999999999999
 31 55 82106123129125114 99 86 79 81 92109127141145137117 90 60 34 17 12261013MY 5 41291551145999999999999991016 792252 1299999999999999
 20 39 63 89109121124118107 96 88 87 93106123137144141127103 75 48 27 16261014MY 5451241614145999999999999991041 862325 1499999999999999
 16 29 48 72 93109117117111103 95 92 95104118131140142133114 90 64 41 26261015MY 62711816381429999999999999911 2 92999999999999999999999
 20 25 39 58 78 95106111110105100 97 98104113124134138134121102 79 57 40261016MY 71711117 313899999999999999 0 0 201120 9799999999999999
 30 28 35 48 64 80 93101105104103101101104110118126131130123110 92 73 56261017MY 826105172713199999999999999 040 28112910199999999999999
 43 37 37 43 54 66 79 89 96101103103104106108113118122123120113101 87 72261018MY1753123999999999999999999999 128 36999999999999999999999
 59 50 45 44 48 56 66 76 86 94100104107108109109110112113113110104 96 86261019MY1822113999999999999999999999 235 44999999999999999999999
 75 65 56 51 48 50 55 64 75 86 96104109111110108105102101101102102100 96261020MY1315111203610299999999999999 4 6 48182310199999999999999
 90 81 72 62 54 49 49 55 64 77 90102110114114109101 94 89 87 89 93 98101261021MY1319115233210299999999999999 528 481859 8799999999999999
101 97 89 77 65 55 49 49 56 68 84 99111118118111100 88 77 71 72 78 88 98261022MY1330118999999999999999999999 627 481927 7199999999999999
106109105 95 81 67 55 50 52 62 78 95111120123116102 85 68 57 53 58 71 87261023MY 057109134512399999999999999 712 501955 5399999999999999
103115118113100 84 68 57 54 60 73 91109123128123108 87 64 46 36 37 48 68261024MY 15411814 112899999999999999 751 542025 3599999999999999
 91111123126118103 85 70 62 62 72 89108124133131117 94 67 41 24 18 25 44261025MY 244126141913399999999999999 826 612057 1899999999999999
 70 97118130130120104 87 74 70 75 88107125137139128106 77 46 20  6  5 19261026MY 331131143913999999999999999 858 702132  399999999999999
 44 74102123133130119103 89 81 81 90106124139145139121 92 59 27  4 -6 -1261027MY 41813315 214599999999999999 928 8022 9 -699999999999999
 18 47 78106124131127116103 92 89 94106122138148148135110 78 44 14 -4 -9261028MY 5 6131152715099999999999999 955 892249 -999999999999999
  1 22 52 81106120125121111102 97 98106119135147151145126 99 66 35  9 -5261029MY 5571251555152999999999999991020 962333 -799999999999999
 -5  7 29 56 82102114117114108102101106116128141149148137117 90 60 32 12261030MY 6561171627150999999999999991043101999999999999999999999
  2  4 16 36 59 80 97106109108105103105111120131140143140127108 84 59 37261031MY 8 810917 214399999999999999 021  111 510399999999999999
 21 13 15 26 42 60 78 92100104105105105107112119126131132128117101 83 632611 1MY1744132999999999999999999999 117 13999999999999999999999
 46 33 26 27 34 47 62 77 90 98103105105105105107110114117118115108 98 862611 2MY1845118999999999999999999999 225 26999999999999999999999
 72 58 46 39 37 42 52 65 79 92101106108106103 99 97 96 97 99102104103 992611 3MY1157108211010499999999999999 345 371654 9699999999999999
 92 81 69 58 49 46 49 58 71 85 98107111110105 96 88 81 77 78 82 89 961012611 4MY1218111235110399999999999999 5 2 461821 7799999999999999
103100 91 79 67 57 53 56 66 80 95108115117111 99 85 71 61 57 59 68 81 942611 5MY1240117999999999999999999999 6 4 5319 7 5799999999999999
104109108 99 87 73 64 60 65 77 92108119123119107 89 70 52 41 39 45 59 782611 6MY 11710913 212399999999999999 654 601946 3999999999999999
 96109116114105 91 78 69 68 76 89106120128128118 99 75 51 33 24 26 38 572611 7MY 217116132612999999999999999 736 682021 2399999999999999
 80101116122118107 93 81 75 77 87102119131135128110 86 58 33 17 12 19 372611 8MY 3 6122135213599999999999999 815 752054 1299999999999999
 61 87108122125119107 94 84 81 87 99115130138136122 99 70 41 18  6  6 192611 9MY 350125141813999999999999999 850 812127  499999999999999
 42 69 95115125125117105 94 87 88 97111126138140132112 84 54 26  8  1  7261110MY 431126144514199999999999999 923 8722 0  199999999999999
 25 51 78102118124122113102 94 91 95106121134141138123 99 70 40 17  3  3261111MY 510125151314199999999999999 955 912233  199999999999999
 14 35 61 87107119121117108100 94 95102114128138140131112 85 57 31 12  5261112MY 5491211542140999999999999991024 9423 7  599999999999999
  9 24 47 71 93108116116111104 98 96 99108120131137134121 99 73 47 26 13261113MY 6291171611137999999999999991053 962342 1099999999999999
 11 19 36 57 78 96107112111106101 97 98103113123130131124109 87 64 42 26261114MY 7141121641132999999999999991122 97999999999999999999999
 18 20 30 46 65 83 97105108107103100 98100106113121125122113 98 78 58 41261115MY 8 5108171112599999999999999 019 181158 9899999999999999
 30 26 30 40 55 71 86 97104106105102100 99100105110114115112102 89 73 57261116MY 9 4106174711699999999999999 1 0 261252 9999999999999999
 44 36 35 39 49 61 75 88 98104106105103100 98 97 99102104104101 94 84 72261117MY10 6106183810499999999999999 147 351439 9799999999999999
 60 51 45 43 47 55 67 80 92101107108107102 97 92 89 88 89 92 93 93 90 84261118MY10551082027 9499999999999999 246 431651 8899999999999999
 76 67 59 54 52 54 62 73 85 97106111111107 99 89 81 74 72 74 79 85 90 91261119MY112911223 0 9199999999999999 356 5218 0 7299999999999999
 90 84 77 69 62 59 61 69 80 93105113116113104 90 76 63 56 54 59 69 81 91261120MY1157116999999999999999999999 5 5 591842 5499999999999999
 97 99 95 87 78 70 67 69 78 90103115121120111 96 77 57 42 35 37 47 63 81261121MY 045 99122312199999999999999 6 5 671919 3599999999999999
 96106109105 96 86 78 75 79 88102115125127121106 83 58 36 20 15 22 38 61261122MY 154109124912799999999999999 656 751955 1599999999999999
 84103115118113103 92 85 84 89101115127134132119 97 68 39 14  1  0 12 34261123MY 250118131713499999999999999 741 842034 -299999999999999
 62 89110122124118108 97 92 93101113127138141133114 85 52 20 -3-14-10  7261124MY 342125134814199999999999999 821 912115-1499999999999999
 34 65 94115126126119109101 98101111125139147145131107 74 38  7-14-21-13261125MY 433127142214799999999999999 858 982158-2199999999999999
  8 38 70 97116125124117108103102108120134146151145127 98 64 29  0-18-21261126MY 524125145915199999999999999 9331022243-2299999999999999
-10 13 43 73 98114121119113106103105113125139148150140120 90 57 24 -1-15261127MY 61512115391519999999999999910 91032330-1699999999999999
-15 -1 22 50 77 98111115113108103101105114126138145144132111 84 53 25  5261128MY 7 71151622146999999999999991048101999999999999999999999
 -5 -3 11 33 58 81 98108110108103 98 98102111121131136133122103 79 53 31261129MY 755111171013699999999999999 017 -61138 9899999999999999
 15  9 13 26 45 67 86100106107104 98 94 93 96103111119122119110 95 77 57261130MY 83910818 612299999999999999 1 6  91244 9399999999999999
 40 29 25 30 41 58 76 92103107106101 95 89 86 87 91 97103106105100 90 782612 1MY 918107192210699999999999999 156 251417 8699999999999999
 64 52 44 41 46 57 71 87100108110107100 91 82 76 74 75 79 85 91 93 93 892612 2MY 9541102122 9499999999999999 250 411610 7499999999999999
 82 73 64 58 57 61 70 83 97108113113108 98 86 74 64 59 58 62 70 78 86 912612 3MY10301142351 9299999999999999 347 571736 5899999999999999
 92 89 84 77 71 70 73 82 94106115119117108 95 78 62 49 42 42 47 58 71 832612 4MY11 8119999999999999999999999 449 701835 4199999999999999
 93 98 98 94 87 81 80 83 92103114122124119106 89 68 49 34 27 28 37 52 702612 5MY 130 99114612499999999999999 550 801921 2699999999999999
 86 99106106102 94 89 87 91100111121127127118102 80 56 34 20 14 19 33 522612 6MY 234107122512899999999999999 648 8720 1 1499999999999999
 74 93107114113107 99 93 92 97106117127132128115 94 68 42 21  8  6 16 342612 7MY 32211413 413299999999999999 741 922038  699999999999999
 58 82102114119116108100 95 95101112123132134126108 83 55 29  9  0  4 182612 8MY 4 3119134213499999999999999 828 942114  099999999999999
 40 66 91109119121115107 99 95 97105117129135133121 99 71 42 17  1 -3  62612 9MY 440121141813699999999999999 9 9 952149 -399999999999999
 25 50 76 99114120119112103 96 95 99110122133136130113 88 59 31  9 -2 -1261210MY 515121145413699999999999999 945 942224 -399999999999999
 13 35 61 86105116119114106 98 94 95102114126134134123103 76 47 22  5  0261211MY 5491191529135999999999999991019 932258  099999999999999
  6 23 46 71 93109116115109100 94 92 95105117128133128114 91 64 38 17  6261212MY 62211616 3133999999999999991053 912331  499999999999999
  5 16 35 59 81100110113110103 95 90 90 96107118126127119102 79 54 32 16261213MY 6551131638128999999999999991129 90999999999999999999999
 10 15 29 49 70 90104111111105 98 91 88 89 96106116121119108 91 69 48 30261214MY 727112171512199999999999999 0 4 1012 9 8799999999999999
 20 19 27 43 62 81 97108111108101 93 87 85 87 94102109112108 97 81 63 46261215MY 759111175711299999999999999 036 1813 0 8599999999999999
 34 28 31 41 57 74 91104110111105 97 89 83 80 82 87 94 99101 98 89 76 62261216MY 831111185210199999999999999 110 2814 5 8099999999999999
 50 42 40 45 56 70 86100109112110103 93 84 76 72 72 76 82 88 91 90 84 76261217MY 9 31122014 9199999999999999 146 401525 7299999999999999
 67 59 54 54 60 70 82 96107113114109100 88 76 66 60 59 62 69 77 83 86 85261218MY 9361142219 8699999999999999 228 541644 5999999999999999
 82 76 71 68 69 74 82 94105114117116108 96 81 65 52 44 42 46 56 67 78 86261219MY1011118999999999999999999999 322 681747 4299999999999999
 91 91 89 85 82 82 86 94103113120122118107 91 71 52 35 25 24 30 44 60 77261220MY 039 91105012299999999999999 431 821841 2399999999999999
 90 99102101 98 94 93 96103112121127127120106 85 61 37 17  7  7 17 35 57261221MY 212103113312899999999999999 544 931931  599999999999999
 78 96108112111107103101104110119128134132123105 79 50 22  1 -9 -7  7 29261222MY 315113122213499999999999999 6521012020-1099999999999999
 56 82102115119117112107105108116126135140138125102 72 39  9-12-21-16  2261223MY 4 7119131214199999999999999 75110521 8-2199999999999999
 29 59 86107119122118112107106110119131141146141125 99 66 31  0-20-26-18261224MY 45312214 314699999999999999 8421062155-2699999999999999
  3 33 64 91110119120115108103103109120134145149142123 95 60 25 -4-22-24261225MY 534121145414999999999999999 9301022242-2599999999999999
-13 11 41 71 96112118115108100 96 98106119133144147138118 89 55 22 -3-16261226MY 6111181545147999999999999991016 962325-1899999999999999
-15 -1 24 53 81101112114109100 91 88 91100115129139140130110 82 51 23  3261227MY 64211516361419999999999999911 4 88999999999999999999999
 -5  0 17 42 68 91107113110101 90 82 79 83 93107121129129119100 76 50 28261228MY 7 9113172813099999999999999 0 6 -51155 7999999999999999
 14 12 20 38 61 84102112112105 94 82 73 70 75 85 97109115114106 90 71 52261229MY 734113182411699999999999999 044 111251 7099999999999999
 37 30 32 42 60 80 99111115111101 87 74 66 63 66 74 84 94100100 94 84 71261230MY 758115192910199999999999999 118 291357 6399999999999999
 58 50 48 53 65 81 99112119118110 97 82 68 58 54 55 61 70 79 85 87 85 80261231MY 82212021 1 8799999999999999 146 481514 5499999999999999
