 99 48 18 17 4910517324229933233230325720616013213316120324627928826621426 1 1NI 929336205028999999999999999 232 13152712999999999999999
149 85 32  0  1 37 9917324831335034831626520815512512715920425028429326626 1 2NI1028354214629499999999999999 329 -4162512199999999999999
209140 73 18-14 -9 3310017926032736135431425819614211412416321226029530026 1 3NI1118363223830299999999999999 423-17171411399999999999999
265202129 62  6-22-10 3911119327533936534830124117712510612617122327330526 1 4NI12 4365232730999999999999999 513-23175810699999999999999
302259191118 51 -2-23 -1 5613121429435036133227921515210810113118223628426 1 5NI1245363999999999999999999999 6 0-231839 9999999999999999
311298247177105 41 -4-13 21 84161243315354349307249184126 9410114019324726 1 6NI 013312132235799999999999999 642-151919 9299999999999999
292309286230160 93 35  3  9 53120197273331350327276215152104 8610514920226 1 7NI 057309135635099999999999999 721  01958 8699999999999999
255293299268211146 85 39 22 42 94162234298335334298242181125 89 8411115626 1 8NI 141301142834099999999999999 758 222038 8299999999999999
209256285283248195138 88 55 53 82136200262309326309265209152106 82 8611626 1 9NI 226288145932699999999999999 835 502120 8099999999999999
161209250272265234189142103 83 90123172227275304305279234182132 95 80 8926 110NI 316273153330899999999999999 916 8222 7 8099999999999999
118160204240257253230195159130117126154194237271286279252210163121 91 8026 111NI 41825816122879999999999999910 611723 3 8099999999999999
 89115154194229249252238213185160148152171200231255265257232195153115 8726 112NI 53925317 3265999999999999991117148999999999999999999999
 76 8310814418622325026225723821218616816317219221723824824422318914811026 113NI 712262181224999999999999999 0 7 76125216399999999999999
 81 68 73 9713618222626128028026223220017315916117920422924324122218614326 114NI 829283192524499999999999999 113 67142115899999999999999
101 70 55 61 8913318623827930130027723919816314514716920123024824722518326 115NI 927304202725199999999999999 213 55152214399999999999999
134 88 54 40 51 8613819825529931931027823118214512813917020924426225722626 116NI1012319211826499999999999999 3 5 4016 712899999999999999
175120 70 37 27 46 9115121727631732830826521115912411714018122726427926426 117NI105132922 227999999999999999 351 27164311699999999999999
220160100 49 19 19 5010517224129833132829424118313310711515220225128529226 118NI1125334224229499999999999999 431 15171610699999999999999
263206139 76 28  6 19 64128200269320336316269211152109 9812317122627530326 119NI1156337232030599999999999999 5 9  51748 9799999999999999
296251183112 51  9  0 30 89160234299336333294238177122 91 9813819425129626 120NI1225339235731499999999999999 544 -11820 8999999999999999
313290230156 86 29 -2  7 54123199271325343317265203143 96 8110615721627226 121NI1253343999999999999999999999 618 -41852 8199999999999999
310313273204129 63 15  0 28 89164240305342336292230166110 76 7911717523526 122NI 035317132234599999999999999 652  01926 7299999999999999
286315303251179109 50 15 18 61131206276328343316258193131 83 64 8212918926 123NI 114316135134499999999999999 727 1120 2 6499999999999999
247292310287231164101 53 32 50102171241300333328286223158102 65 59 8613726 124NI 157310142333699999999999999 8 4 322041 5799999999999999
195250289298272220162109 73 64 89140203262305321301253192132 84 56 58 8826 125NI 245299145732199999999999999 846 632127 5399999999999999
137193243277285264223176134107104126169218263292296272226171117 76 54 5726 126NI 345286153929899999999999999 9391022223 5299999999999999
 84129180228262276266239204170147140153181216248268270250211163115 77 5426 127NI 5 427616352729999999999999910521402335 5099999999999999
 52 72111160208249273278265239209182165163176200225245251241211169122 8126 128NI 6442791755251999999999999991238162999999999999999999999
 52 42 54 8813619024027929829527324020517415715917720422924624622318213326 129NI 821299192924899999999999999 058 42142415699999999999999
 85 47 27 33 6511617723929032032129725721016714013815919222725426224219726 130NI 932324204826299999999999999 218 26153513599999999999999
141 85 38 10 13 4710517424530634033830725720014811812015019223727228325926 131NI1026344215028399999999999999 326  7162611599999999999999
206142 79 25 -6 -1 41105182260325354342299241177123 9811115220325529430126 2 1NI1111355224030499999999999999 422 -917 8 9799999999999999
267206135 67 11-17 -2 49120202283342357330278213146 96 8511316422227831426 2 2NI1149358232531899999999999999 510-181746 8499999999999999
310264194121 52 -1-17 12 73150233310353348305245176112 75 8112318124329926 2 3NI1223357999999999999999999999 551-181821 7299999999999999
325305248175102 36 -5 -2 42111191272333353325270203135 81 63 8713920226526 2 4NI 0 6325125335399999999999999 627-101855 6399999999999999
313323288224151 82 27  5 28 86160238307345337291227159 97 59 6110015822326 2 5NI 044325132034899999999999999 659  51927 5599999999999999
281316309263198130 70 32 32 72136210279328339308249182118 68 50 7011717826 2 6NI 121318134434199999999999999 730 261958 5099999999999999
239288307287238177117 71 53 71120185251304328314268205141 87 54 54 8513526 2 7NI 15930714 832899999999999999 8 0 532030 5099999999999999
193248284289264218167120 89 88116165221272305306277226167112 71 55 6610126 2 8NI 240291143331099999999999999 834 8421 5 5599999999999999
149202246271270247211171137121127155195237271284272238191142 98 71 65 8026 2 9NI 32827415 228499999999999999 9141202146 6499999999999999
113156200236255256242218189166155160179205232251254238209171132 99 79 7626 210NI 43325815392559999999999999910111552240 7599999999999999
 90117152190222244253249236216196182178184196212224226216196168137109 8926 211NI 61325316422279999999999999911541782357 8399999999999999
 83 9011114117721224126026625924021619317717117618820321321320117914911726 212NI 75826618312149999999999999914 4171999999999999999999999
 92 79 80 9612716721024827628727925522118716114915417319721722621919515926 213NI 9 628720 622699999999999999 126 78151214899999999999999
119 86 65 62 8011716621826429630629025420916613512614117320923825124120826 214NI 95230621 625199999999999999 239 61155212699999999999999
160110 69 44 43 6911717623528731631528623818513711011214218723326727825826 215NI1028320215227999999999999999 332 40162510799999999999999
210150 92 46 22 30 69129196261311330313268211153107 9111115621126329729826 216NI11 0330223230399999999999999 416 211656 9099999999999999
261199130 68 22  6 30 84153226292333333296240177118 81 8312117823929332026 217NI1130338231132199999999999999 454  61727 7699999999999999
305251178106 43  4  4 46112187262322344321268204138 84 63 8613920326731726 218NI1158344234833299999999999999 530 -21759 6399999999999999
331297230153 82 24 -2 19 77152229300343340294230162 99 57 57 9816022829126 219NI1226348999999999999999999999 6 4 -21831 5199999999999999
332329279205130 63 16 10 51120197271329348318256186119 64 40 6011418225026 220NI 026337125334899999999999999 638  719 3 4099999999999999
308335315255183113 55 26 40 94167241304341333282212141 80 39 34 7013220126 221NI 1 5335132034499999999999999 712 251936 3199999999999999
267315327295235169108 64 52 81141209272318331301240169104 52 27 39 8414726 222NI 146328134833299999999999999 748 512012 2699999999999999
213272310311277224168119 89 91125179236284310303263201137 80 41 29 49 9526 223NI 232315141931299999999999999 828 862053 2999999999999999
154214265295294267226182145126131160201242273284268229176122 76 47 41 5926 224NI 328298145628499999999999999 9181252145 4099999999999999
 99149202247275281267240209181164163177201227246251239210171128 90 64 5426 225NI 446281155025199999999999999103416123 0 5499999999999999
 64 92133179223257276278264241215192178175183198214224225212185150114 8326 226NI 6362791733226999999999999991245174999999999999999999999
 63 59 7510815220124628029729327124020417315515316718921222923121418013826 227NI 817298193823399999999999999 042 58143515299999999999999
 96 62 45 51 8213018724629431931628924619715212512414518021825026224620526 228NI 923321205626299999999999999 216 44153312199999999999999
153 99 53 26 29 64120188257313338327289235174122 9610413918723928029326926 3 1NI1011339215129499999999999999 324 231615 9499999999999999
217155 91 37  8 18 63127203278332347321271207141 90 75 9914820826831031426 3 2NI1050348223531899999999999999 415  71651 7499999999999999
277214144 75 20  0 24 80152232305346341299238169103 63 6710916823529833226 3 3NI1122350231533399999999999999 457  01724 6099999999999999
320267198124 55 10  8 49114191269330348319262195125 68 48 7312819526532226 3 4NI1151348235133999999999999999 532  31755 4899999999999999
339308245173100 40 13 33 89161237307344333283217146 82 43 47 9015422529226 3 5NI1216346999999999999999999999 6 4 131824 3999999999999999
334330284217145 79 35 33 73139212282332339302238167 99 48 32 5811418325326 3 6NI 026339123934299999999999999 633 281852 3299999999999999
310333310255189122 69 47 68121190258313336314258188119 62 30 38 8014221126 3 7NI 05933313 133699999999999999 7 1 471919 2899999999999999
275316319284228167110 75 75110169232289321316274210142 82 41 31 5610717026 3 8NI 134323132332499999999999999 730 701946 3099999999999999
234286309298260209156114 97112153206258295304279228166107 61 39 47 8213426 3 9NI 210309134630599999999999999 8 2 962014 3899999999999999
192246283293276242200159132128148184226261279270236188136 90 60 53 7010726 310NI 250293141128099999999999999 8391262047 5299999999999999
153202245270274260235204176159159174199225245249234203164125 93 74 74 9226 311NI 341275144325099999999999999 9291572130 7199999999999999
122160199232253260254240219198184179184195208218219208188162134109 94 9126 312NI 5 026015352209999999999999910581792240 9199999999999999
10212415318621724125526025423921819818317517518219320120219517915513010926 313NI 6572601739203999999999999991328174999999999999999999999
 97 9811113516920523826327627325522719616815114816018120321822020718014526 314NI 821277194122199999999999999 027 96144014799999999999999
113 90 81 8911615720324728029628926022017714112212615118722324825523619626 315NI 911296204625599999999999999 2 2 81152012099999999999999
148104 70 56 68105157214267304314293251199147108 9511515620725428528725526 316NI 949314213329099999999999999 3 3 561553 9599999999999999
200140 85 46 34 58108171237294326321283227166110 76 7911717423528931830726 317NI1022328221531999999999999999 350 341625 7399999999999999
259192123 63 25 24 63126197267321338312258193127 74 53 7613119726532034026 318NI1053339225534099999999999999 430 191658 5399999999999999
312249175103 44 15 32 87158232300341335288221152 87 43 42 8515122429434326 319NI1123345233435299999999999999 5 8 151731 3799999999999999
347302232157 86 34 22 58123197270327346314250177108 49 23 4410117424931726 320NI1151346999999999999999999999 544 2018 4 2399999999999999
354340284212140 76 38 46 96166238302340331278204132 66 21 16 5512219727226 321NI 014355122034399999999999999 620 351837 1299999999999999
332352324264196130 76 57 82140207271320334300234159 90 35  7 21 7314321826 322NI 054353124833599999999999999 656 571911  699999999999999
288335340305248186129 90 87122179238289318309261192122 62 20  9 37 9216126 323NI 137344131731999999999999999 734 841947  899999999999999
232292326323288238186140116122157205251286296274224161101 52 24 25 5610826 324NI 224329135029799999999999999 8181142029 2099999999999999
170233283308305278239197163146152178212244264264241199149102 64 44 46 7226 325NI 322310143126799999999999999 9131452123 4299999999999999
115167220263288292277250218190172169180199219232233221194159123 91 71 6626 326NI 44229315372349999999999999910411692246 6599999999999999
 79109151197239271288286269242213186169164171185202215219210188157123 9526 327NI 6242891751219999999999999991253164999999999999999999999
 77 75 9312817322126429330228926122318315113413715618521423624122519115026 328NI 754302194424299999999999999 035 74142013399999999999999
109 76 62 7310715721426830731930326621616412110111014218523126727825821626 329NI 855319205127899999999999999 2 5 62151010199999999999999
163110 66 45 58 98156221283324329302253192131 87 75 9814420226030130827826 330NI 939332214031099999999999999 3 8 451549 7499999999999999
224161 99 51 34 56107172243305336326284224156 94 58 6310216223029333032326 331NI1015337222133299999999999999 355 341623 5599999999999999
279216147 82 39 37 73132203273325337306250183114 59 41 6612119026332234526 4 1NI1045339225834599999999999999 434 321654 4199999999999999
321265196126 66 39 55105171242305336322272206136 72 34 39 8314822229434126 4 2NI1112337233334999999999999999 5 7 381724 3199999999999999
344304241171104 58 52 88148216282327331292228157 90 40 24 5110918125531826 4 3NI1136335999999999999999999999 538 491751 2499999999999999
347330278213146 89 62 78129193259311332308250179110 52 21 30 7514121528426 4 4NI 0 7347115833299999999999999 6 7 621818 1999999999999999
332339307251187126 84 80114171234290323316270203133 71 29 20 5010617524626 4 5NI 040342122132599999999999999 637 771843 1999999999999999
305333322281225166116 93107151207263303313283226158 95 46 23 36 7914020726 4 6NI 113334124531499999999999999 7 7 9319 9 2399999999999999
270313323300257205154119114139183233275296285242183122 71 38 35 6211117126 4 7NI 147323131029799999999999999 7401121936 3299999999999999
232282308305279239194154133139166204242269273249205152102 64 48 58 9113926 4 8NI 224310133927599999999999999 81813220 8 4799999999999999
193243280295287263229193164153160182210235249244219181139101 75 68 8211326 4 9NI 3 7295141525099999999999999 9 51532050 6799999999999999
155200241269279274256229201179168171183200217225221204177145116 96 89 9926 410NI 4 827915122269999999999999910181682154 8999999999999999
12215619322825526927025923921319017316616918019520821420919316914111710326 411NI 53527117 3214999999999999991212165233210199999999999999
10311714317821524726927827225122118916214614415618020522523222420016613126 412NI 7 527819 0232999999999999991338143999999999999999999999
105 93 9912416320724928029428625821817513811611613917721725126826022818226 413NI 8 9294201226899999999999999 111 93142911399999999999999
135 97 76 79109157212262299312294253200147104 83 9413318624128530529024526 414NI 85531221 530599999999999999 222 7415 9 8399999999999999
187129 82 57 66107165227283320322289233170111 67 57 8413920527031933530826 415NI 934326215233599999999999999 315 561547 5699999999999999
251184119 68 47 67119185251307335319268201133 72 36 41 8715422929934735226 416NI10 9335223535699999999999999 4 1 471623 3399999999999999
311246175108 60 50 84145213279327337300234161 92 37 14 39 9917425332436426 417NI1042339231836699999999999999 443 481659 1499999999999999
354304236165101 61 67113177244303336323268193120 55 10  6 4711619627634226 418NI1115338999999999999999999999 524 581735  299999999999999
369346291225157 99 74 94147210271318331297229153 83 25 -4 10 6313721729526 419NI 0 2369114733299999999999999 6 3 741812 -599999999999999
351363332277214151105 94125178237288320312263191119 56  9 -4 24 8315723526 420NI 046365122032299999999999999 644 931850 -599999999999999
306349351317264206151117118152202252292306284230163 97 43  9  9 4410317426 421NI 132356125630699999999999999 7271131931  499999999999999
247307339335303255203158134140171212252280283256206147 92 48 24 30 6511926 422NI 223342133728599999999999999 8171332018 2399999999999999
184247298324320293252207170150154177208237256257235196150104 68 50 55 8226 423NI 322326143125999999999999999 9191492119 4999999999999999
128183238283308309289255216182161156168189212230237228203169131 99 78 7526 424NI 43331115572379999999999999910461562240 7499999999999999
 9212717322326629630429126322719016014414616118521023023722620016513010126 425NI 5533041753237999999999999991225143999999999999999999999
 87 9211816020825529130729827023018614612111713416620423825925723419615326 426NI 7 9307192626199999999999999 015 86134011699999999999999
114 89 86109151202255296314304270222168120 91 9111616021226028928926121526 427NI 8 8314203029399999999999999 136 841432 8799999999999999
163115 83 79105152209265307321301256199139 88 64 7411417023328931831227426 428NI 854321211932099999999999999 238 771512 6399999999999999
220161108 77 79114167227283319319285229165103 57 46 7212619326231833932026 429NI 93032422 133999999999999999 325 731548 4599999999999999
273212149 97 75 90135193254304325306255191125 67 34 41 8414922229334034726 430NI10 1325223935099999999999999 4 5 751620 3299999999999999
315259195133 89 82112165226282319319279217149 85 38 24 5110817925431935126 5 1NI1029324231535399999999999999 441 801650 2499999999999999
341298238174118 89 99142200259305322299243175108 52 22 29 7313821228433626 5 2NI1056322235035199999999999999 514 881719 2099999999999999
351326275214153108 97124175233285316311267202134 73 30 20 4710217124430826 5 3NI1122319999999999999999999999 546 961747 1999999999999999
343340304250190136107114152206260301313286230162 98 47 22 32 7413620627326 5 4NI 024347114931399999999999999 6181051814 2199999999999999
323340322280225168126114135180231278303295253192128 72 35 28 5510617023726 5 5NI 058340121730599999999999999 6511141842 2699999999999999
295328329301256202154126128158202248283292269219159102 57 36 45 8313920226 5 6NI 131333124829399999999999999 7251231912 3599999999999999
262306324313280234186148133145176217254276272241192137 88 56 48 6811116626 5 7NI 2 6325132227899999999999999 8 31331947 4799999999999999
224275308314297262220178150143157187220249262252221177130 90 66 66 9013226 5 8NI 24531514 626299999999999999 8481432031 6399999999999999
183235277302303285252213178155149161185213237247240215178138104 84 8410526 5 9NI 33430515 724799999999999999 9481492130 8299999999999999
142188234272294296280250214180156146152172198223239240225195159126103 9726 510NI 43629816342429999999999999911 51462249 9799999999999999
11014118322726529029628225321517714713113215118221524225524922418714811826 511NI 5482961812255999999999999991225129999999999999999999999
10210613217322026329230228925621116512710510513017021625628128125621316626 512NI 656302193128499999999999999 018101132810299999999999999
125100 98122167219267301312294251196142 97 73 7911416822727931231428323326 513NI 753313203331799999999999999 135 961419 7199999999999999
177128 95 91119170227278314320291235171111 63 43 6010917524430534133930126 514NI 841322212734599999999999999 238 8815 4 4399999999999999
243182127 91 91126182241293324319276209139 77 32 21 5111318826432936335326 515NI 923327221736599999999999999 331 861546 1999999999999999
308246182125 92 99142200259307329309251178107 46  8  9 5312320328234737426 516NI10 332923 537499999999999999 420 901628  399999999999999
356306244179124 99116163221276317325289222147 78 22 -6  9 6313721929935826 517NI1042327235337699999999999999 5 6 991710 -799999999999999
376351299238174125110135184239289320313265194121 56  7 -9 18 7715323531126 518NI1121322999999999999999999999 5511091753 -999999999999999
362371341289228169127122153201252295314296242172103 44  4 -1 33 9517024926 519NI 04137312 331499999999999999 6371191838 -499999999999999
320361361328277218163131134166212258293303277223158 95 42 12 15 5311418726 520NI 130366124830399999999999999 7251281925  999999999999999
261323354348314263207159135141172214254283287262212154 98 53 29 37 7413226 521NI 220356134028999999999999999 8171342016 2899999999999999
200267320343334300251200158137143170206242268272251210160112 73 54 62 9526 522NI 312344144127399999999999999 9161362114 5399999999999999
148209268312331321288242195156136138159192225252262250219177135100 81 8526 523NI 4 833115582629999999999999910231342220 7999999999999999
11315821226430331931027923619115112812514217320924126025823720216312710526 524NI 5 73201726262999999999999991137123233510199999999999999
10312416321125829531130327323018214011210612215619823926827626122918814926 525NI 6 93121850276999999999999991245105999999999999999999999
121113129164210256292308298265218167121 90 8510614719824928629928525120626 526NI 7 7308195929999999999999999 0501131342 8499999999999999
162129117132168214260295308292252199144 96 67 68 9814921026730932230326326 527NI 758308205432299999999999999 1571171428 6499999999999999
214165129118137176224270302307280231172115 69 48 6010216323029133133831126 528NI 840308214033999999999999999 25111815 8 4899999999999999
265210159125120146191241284308300261203141 85 46 38 6411718525531534734326 529NI 917309222335099999999999999 3381181545 3699999999999999
308256198148121127162211260298309286235172110 59 32 39 7914021228133435426 530NI 95130923 235499999999999999 4181191619 3099999999999999
338295238180136121140182234280307303264205140 82 41 28 5110116824030534626 531NI1023310233935499999999999999 4561211652 2899999999999999
351324275216161128127157205256295309288238174111 60 31 35 7112919826732326 6 1NI1055309999999999999999999999 5311231723 2899999999999999
349340303249192145125138178228275304302267209144 86 44 31 50 9816123029326 6 2NI 014350112830899999999999999 6 51251755 3199999999999999
335345323278222169133128154199248288305288242179117 66 37 39 7312919526026 6 3NI 04734612 130599999999999999 6391261826 3499999999999999
314341335301251196151128137172219264295298269216153 96 54 38 5510016122726 6 4NI 119342123730199999999999999 71312719 0 3899999999999999
287328339319277225175139129148187233273294287249193134 83 51 48 7612819126 6 5NI 151340131629599999999999999 7491281937 4699999999999999
254306334332302255204159133132157197240274288274234180125 82 59 65 9915326 6 6NI 22633714 228899999999999999 8301292019 5899999999999999
215272315333321285237188149129134160199239269280265228179130 92 75 8411926 6 7NI 3 6333145728099999999999999 9191282110 7599999999999999
171229281316327310272224178142124129154191231262276266235192147113 9610326 6 8NI 35332716 62769999999999999910171232213 9599999999999999
13418123428031131930126321616913211211513917822125827927825521617413711626 6 9NI 4483201728281999999999999991123110232911499999999999999
117141183232276306314296257207157116 93 9311916221325929029928224620216126 610NI 5493141851300999999999999991228 90999999999999999999999
133125142180228272303312294251195140 94 68 69 9915021026630832531227422626 611NI 65131220 332599999999999999 0491251328 6599999999999999
180144129142178226271304313291241179118 70 42 47 8414421327832834933629626 612NI 74931321 634999999999999999 2 31291423 4099999999999999
244191149129142180229275308314285228160 96 46 21 31 7614421929034536735126 613NI 84231522 436799999999999999 3 71291514 2099999999999999
308253196149130145186236282313313276212141 77 28  6 23 7614822730235837826 614NI 931318225737899999999999999 4 413016 5  699999999999999
357311253194147131151195246290317310265197125 62 15 -1 23 8115623731336726 615NI1020319234938299999999999999 4561311655 -199999999999999
381355306246186142132158205255298320306254184114 52  9 -1 30 9216824932526 616NI11 9321999999999999999999999 5451311744 -299999999999999
372378346294233173135134166213263304321299244174106 47  9  7 4410818526626 617NI 037381115832199999999999999 6321291833  399999999999999
336374369331276214158128135171220268306317290234167102 48 17 23 6613120726 618NI 123377124831899999999999999 7181261921 1599999999999999
284345370355311253193144122136175223270304310280226163103 56 34 48 9415926 619NI 2 6370134031299999999999999 8 512220 7 3499999999999999
232301348360335288230173131118136175222267297299270221165112 72 59 7912526 620NI 247361143430399999999999999 8541182054 5999999999999999
187253311344344313264208157122114134171216259287289265222174129 97 9011126 621NI 329348153429299999999999999 9461142145 8999999999999999
15421026631133232429124319014411510912816420824927828426623319215312712126 622NI 4133331645284999999999999991042108224412099999999999999
13917622327030431730527222517613310610111915419824227428627725121518015426 623NI 5 131718 4286999999999999991143100235514599999999999999
145158188227266293303290257212164122 95 9010814519324027829829527323820226 624NI 5563031922300999999999999991243 89999999999999999999999
173159166190225260285293279245199150108 82 78 9914119424729131631529225626 625NI 653293202931999999999999999 1111591339 7699999999999999
215180162165188222257282289272234184134 92 67 68 9614420326231033533230426 626NI 749289212333799999999999999 2211601428 6499999999999999
262215176156161187225261286289266222168115 75 55 63 9915521928132834933926 627NI 838291221035099999999999999 3181551513 5599999999999999
304255204164148159192234272293289258206148 96 60 48 6611117224030134435626 628NI 922295225235699999999999999 4 51481555 4899999999999999
336292238186150142164205250286301287245187127 78 48 47 7612919526332035326 629NI10 3301232935799999999999999 4451411633 4399999999999999
353322271214165138143177224269301307280227164106 61 41 52 9315422228733726 630NI1041308999999999999999999999 5201361710 4199999999999999
356341299244188146132152195245289313306265204140 85 48 40 6611818425231226 7 1NI 0 3356111831599999999999999 5531321744 3999999999999999
349351321271214162131134167217267306320297245179115 66 39 47 8814921828526 7 2NI 033355115432099999999999999 6251281817 3899999999999999
336356339295240184140124142186238286318318282220153 93 52 40 6411818625526 7 3NI 1 2356123132299999999999999 6581241851 3999999999999999
316352353319266209157124123154204256300322309262196131 79 48 51 9015222326 7 4NI 131358131032299999999999999 7311191926 4599999999999999
289339359341294236179134114126166218268306319296244180120 76 57 7312118726 7 5NI 2 1359135231999999999999999 8 811320 4 5799999999999999
255314351353321267208155118108130173225273306311284234175123 88 7910215326 7 6NI 234357144131399999999999999 8481082047 7899999999999999
21627732534833829724118413610610412917322427030030528023618614111210813226 7 7NI 311349153930799999999999999 935101213910699999999999999
178233286323335318276221167122 97 9612116521526229430328725220917014413826 7 8NI 3553351651303999999999999991031 93224613799999999999999
155192238281311318301261208155112 86 8410815020225229130930427824120417426 7 9NI 4493191816310999999999999991135 82999999999999999999999
161168195232269296305290253202148103 74 68 8913318824429232132630727323326 710NI 554305194232799999999999999 0101611243 6799999999999999
198174170188221257285298288252200143 94 60 51 7011517623929633634933429826 711NI 7 5298205634999999999999999 1401691350 5099999999999999
254209176164178211249282300292256200139 85 47 34 5310216823830435236935226 712NI 815301215936999999999999999 2571641455 3499999999999999
313262210169154169206249287308301262200135 76 34 20 42 9516624231436538126 713NI 918310225438199999999999999 3591541555 2099999999999999
360314258200156143165207255297321311265198130 69 24 11 38 9717125132637726 714NI1015322234238799999999999999 4511431650 1199999999999999
386356305243183141136166214265310333317264194123 61 17 10 4510918626834226 715NI11 8333999999999999999999999 5381331740  899999999999999
384381342285220160126132171224278324341317257185115 54 16 20 6413221129326 716NI 025388115634299999999999999 6201231825 1299999999999999
359385367318256191136114133179235291334342308245174107 51 25 42 9416624526 717NI 1 3386124234499999999999999 7 111419 7 2599999999999999
320371377343287223160116108137188245300336334293231164102 57 46 7613420626 718NI 138380132734199999999999999 7411061945 4599999999999999
280342371358312252188133102108144196254304330319276218158106 75 8011817726 719NI 211372141333199999999999999 8201002023 7399999999999999
244307350358329278217158114 9611115120325730031730326321316212210611915926 720NI 24236015 231799999999999999 9 1 9621 310699999999999999
214271318342333297245188138104 9711615620525429030329126021917915014215726 721NI 31434316 030399999999999999 945 96215114199999999999999
19223728131232030426721916912810310012015620224627929428926723620518217426 722NI 3513211714294999999999999991036 99225517499999999999999
18421024227329329527824620416112510410211915219523727229329728526123320926 723NI 4372971843298999999999999991137100999999999999999999999
195196210233256272275263236198159125104 9911414518723327430231430728425326 724NI 54227620 631499999999999999 0271941244 9999999999999999
222200191198217241259267260236199158122 98 9210513818523628331833332529826 725NI 7 226721 933399999999999999 2 31911351 9199999999999999
259220190177183206235259272266240200154114 88 81 9713618924629933634933426 726NI 813272215834999999999999999 3101761449 8099999999999999
298251205171160174205242272286277244195143100 74 70 9414220126431835235626 727NI 9 8286223735899999999999999 3561601538 6899999999999999
329283230181151150176218261293304285240182127 83 59 6410015622228633836226 728NI 953304231236299999999999999 4331461620 5799999999999999
351312258201156136150190240286316317284227163105 63 48 6711518024931235526 729NI1032321234236599999999999999 5 51361657 4899999999999999
363335285227171134130161212266311334320271205138 82 47 46 8214221228234026 730NI11 9335999999999999999999999 5351271732 4299999999999999
366354310252192142119135180237292333343311249178112 62 39 5710917825131826 731NI 010367114534499999999999999 6 511918 4 3999999999999999
362367333277216158119114148202262315347340292222151 90 50 45 8214722129226 8 1NI 037370122134999999999999999 6361111836 4299999999999999
349373354302240178127103118164224283331350327268196130 77 52 6712019126426 8 2NI 1 3373125835099999999999999 7 810319 9 5199999999999999
328368368328265201143103 96127181242299338344308246179120 79 7010116223326 8 3NI 130374133834799999999999999 741 941944 6999999999999999
299350369347293227164114 88 96137194254306336331292233175126 9810314120126 8 4NI 159369142233999999999999999 816 862023 9699999999999999
264319352352316257193136 96 8210014420125830432731928423518614813014017726 8 5NI 230357151532899999999999999 857 8221 913099999999999999
228279319337325285229170121 89 8210214419725029331531228725121218216717426 8 6NI 3 7337162231799999999999999 946 81221216799999999999999
200237275303312298262214162119 90 83 9913518323427730631430327724621819926 8 7NI 3553121754314999999999999991049 82234619499999999999999
195206229256278288281255215169126 95 81 8911716221326230132432530928024726 8 8NI 5 628819353279999999999999912 9 81999999999999999999999
218199196209232257274278263229184137 98 74 72 9513819425230333935033730426 8 9NI 643279205635099999999999999 1401951336 7099999999999999
263221189176186213246275290283250200146 97 63 52 7211918124931235737235426 810NI 813291215637299999999999999 3 21761452 5299999999999999
314262209168153169205248288312307270211148 91 48 34 5711018025532637438426 811NI 922314224438599999999999999 3581531554 3499999999999999
357307247187143135162208261309337327280213144 80 34 23 5511619127234538726 812NI1017338232539199999999999999 4431331645 2299999999999999
384344286220158121126165221280332356336278206133 67 25 26 6913721629936626 813NI11 4356999999999999999999999 5231181729 2099999999999999
391370318254186128105126177238301352365331266191119 57 28 45 9917225333026 814NI 0 1391114736699999999999999 6 010518 8 2799999999999999
380383343283215148103 98135193258321363361314246173105 55 45 7914221729426 815NI 033388122736899999999999999 635 951843 4399999999999999
357383360306240173115 87102149211277335362344291224157 98 67 7712419126326 816NI 1 138313 736299999999999999 7 9 861916 6599999999999999
329370368326263196134 91 83113166230292339350322268207148105 9311917323726 817NI 127375134635199999999999999 742 811948 9299999999999999
300347362338284220158107 81 9012818424529933233130025219915312713016421526 818NI 152363142833699999999999999 815 80202312499999999999999
270317343336298244185132 95 8610514519825229631731228524620517215916920026 819NI 218344151731899999999999999 849 8521 415999999999999999
241282311318299260212162122 99 9912115820425028530129928125422420119220026 820NI 246319162230399999999999999 930 9622 119299999999999999
22024727328728526523319515712711211413216220124027129029628927225022921726 821NI 3222891757296999999999999991023110234621499999999999999
21422123424925825724522419516514012412213315719022726128830430629427224726 822NI 4242591939307999999999999991140121999999999999999999999
22421020521122423724524423220917915012912012414417721926029632032631228326 823NI 622246204832699999999999999 154205131211999999999999999
24821419018118921023425326025122619015212310610813017021927031333934131826 824NI 8 0260213534499999999999999 3 0181142610499999999999999
278232191164160179213249276286273237189142106 86 9112217323128933435634626 825NI 858286221135699999999999999 3391581519 8599999999999999
309258204160139150185232276307313287236177123 82 66 8212718825431535636326 826NI 941314224236599999999999999 41013916 1 6699999999999999
336286227170131125154204260309337330286222156 98 60 55 8714621528534337126 827NI1019339231037199999999999999 4401231638 5299999999999999
358313253190136110124170231291340357331271199130 74 46 5910917725132036726 828NI1055357233737699999999999999 5 91101712 4599999999999999
373337279214152107101135194259321362362317247173106 57 46 8014421829235326 829NI1131368999999999999999999999 539 981745 4599999999999999
379359304238172116 88103154219286344372353294220149 88 55 6511718926333026 830NI 0 437912 737299999999999999 6 9 871817 5399999999999999
374373328262193131 87 80115176244309358369333268197132 84 6910016323530326 831NI 030380124437199999999999999 640 771850 6999999999999999
357376349287216150 97 69 82132198265325362356311247183128 95 9914320827426 9 1NI 056376132336599999999999999 712 681924 9299999999999999
330364358311242173114 74 65 9315021527933135433929323618213912213818524326 9 2NI 12336714 635599999999999999 745 6320 212299999999999999
297337350325271204142 93 67 7110716222428232533932328423819616515717621526 9 3NI 152350145733999999999999999 822 64204815699999999999999
260299322320290239181129 91 74 8311716622127130832331428825422219819120226 9 4NI 22632516 632399999999999999 910 73215419199999999999999
227256281294288263224179137105 89 9311815720425028731031430328125423021426 9 5NI 3142941746315999999999999991017 88234921099999999999999
210218233251263265255231197160127104 9710813617722426930532532631028325126 9 6NI 4432661934328999999999999991155 97999999999999999999999
221200193202220242260266256228189148113 90 8810915020325930934335133429926 9 7NI 655266204835299999999999999 1541931337 8699999999999999
254209174161172201237272293290261213160111 75 64 8513219426232336337034326 9 8NI 824295214037199999999999999 3 11611451 6499999999999999
296239183142132155198249297327323284225161101 57 46 7413020127734438037526 9 9NI 924330222238399999999999999 3461321547 4599999999999999
335277210149112115153210272328357343291223151 85 42 41 8114622330336538726 910NI1011358225738799999999999999 4251081632 3699999999999999
363309243173114 91113165231300356375345282209134 70 39 5510817925833338026 911NI1053375232838599999999999999 5 0 911710 3899999999999999
378334271200132 86 83123186257327375376331262188116 63 51 8614922329936026 912NI1131382235538199999999999999 533 791744 5099999999999999
381353294225155 96 69 89143212284349380362306237165103 69 8013019827033526 913NI12 8380999999999999999999999 6 4 691816 6799999999999999
373364315247177113 70 67106168238308360371338279212148101 8912017824631026 914NI 019375124437299999999999999 634 631846 8899999999999999
356365331268199133 82 61 7912919426432535835231125419414211312216422228326 915NI 043367132036199999999999999 7 2 61191711299999999999999
332355338288222157101 68 6810115622028232934632928823718714913815920325426 916NI 1 5355135834699999999999999 730 63195013899999999999999
302332331298243183128 87 73 8812718123829032232730827323119216917019322926 917NI 129336144032999999999999999 759 73202816699999999999999
268299310294256207158117 92 9111315119824628530730929426823721019519821426 918NI 155310153431099999999999999 832 88212019499999999999999
23726127727625722618915312411011413416520324127229129629027425223121821326 919NI 228279165729699999999999999 916109225821399999999999999
21722724024724623421519116514313113114316519422725728029429728927024822726 920NI 3222481847297999999999999991029130999999999999999999999
21120320421322323123222521018816414513613815217821224828030331330528325226 921NI 54023320 531399999999999999 123203122113599999999999999
21919317717819321523725125323821017614612511913216220525029232133131628226 922NI 737254205333199999999999999 228176135111999999999999999
239196162148158188226261284286264222175132103 9611415621026631434334331426 923NI 835289213034799999999999999 3 51481448 9599999999999999
266211161129126153200252297322315277220161110 78 7710916522929234136034226 924NI 91932322 136099999999999999 3361231532 7399999999999999
296236174124101116162223285334352330275206140 86 60 7312218825932336436426 925NI 958352223036999999999999999 4 61011610 5999999999999999
325264196133 90 85121183253318364368327259186117 68 55 8715022229435237426 926NI1035372225937499999999999999 437 821646 5499999999999999
350292222153 95 67 84138209282347382367311238165100 62 6911918926232837126 927NI1113383232637699999999999999 5 8 661722 5999999999999999
368319249177111 64 56 94161235309367385353289217148 93 72 9916023129935326 928NI1151385235437299999999999999 540 541756 7299999999999999
372342276201132 75 45 60114186260330375375331267200139 98 9713920326932726 929NI1230382999999999999999999999 611 441831 9299999999999999
361354303229156 94 50 40 7313620928134237235831025019014011613117923929526 930NI 022364131137399999999999999 644 3919 811699999999999999
337350322260187122 70 41 49 931572272933433603392942421921541431662112612610 1NI 050351135636099999999999999 718 40194914399999999999999
304329324285224159103 64 49 661121712352923313423232872442041771721922272610 2NI 122331144934299999999999999 758 49204017199999999999999
263292304291254203151106 76 68 861241752292783123243152902572252021952042610 3NI 2 130416 232499999999999999 849 68215719599999999999999
223246265272263239203164128102 91 991251652102552913133163022782492222032610 4NI 25927217403179999999999999910 5 91999999999999999999999
1972022152322452512442241951611311101031151441852322773113263212992662282610 5NI 5 0251191532799999999999999 0 2197115310399999999999999
195173169181205233257268260233195153117 95 961201642182733193433393112682610 6NI 7 6268202234599999999999999 1441681330 9299999999999999
217170139134155193238279303298266218164114 81 761041552182833353593483082610 7NI 821305211036099999999999999 2401331438 7499999999999999
252190135104109144198258311339328285225160102 66 671041642343043543673402610 8NI 914340214836899999999999999 3221021528 6199999999999999
286220152 98 78 99151218288344365342287218147 87 59 731221892633293673602610 9NI 958365222037099999999999999 358 781610 5899999999999999
314250178111 67 66106171245319369375337273200130 78 65 97156226297351367261010NI1037379224936799999999999999 431 611646 6499999999999999
335275204133 74 50 71126199276345381368317250178115 79 87134199268329362261011NI1114382231536399999999999999 5 2 501719 7699999999999999
350297227156 91 49 48 88154230305362378349291224157107 92120176242304348261012NI1150379233935899999999999999 532 431750 9199999999999999
355317251179112 60 40 61115186261328367363323264200143110116158217278328261013NI1225371999999999999999999999 6 0 40182110799999999999999
350330275204136 79 45 47 86147218287341360341296239182138124146194250301261014NI 0 3350125936099999999999999 627 41185312499999999999999
333331292230163103 60 47 68117180246305342345318273221173145146176222270261015NI 027337133534799999999999999 653 47192614199999999999999
307319298251191132 85 60 64 97148208266312332325296255211175160171200238261016NI 053319141333399999999999999 721 5820 516099999999999999
273294291262215164117 85 75 90126174227274306316306281246211186179189212261017NI 123296145731699999999999999 753 74205317999999999999999
239262271260232194154120 99 97115148189232269294301294274247220200192196261018NI 159271155830199999999999999 834 9522 819299999999999999
209226240245238219192163137120119131156189225258281292291278256230208193261019NI 255245172329399999999999999 938117999999999999999999999
187192204218229232225209186160140130133149177212247276294299288265234203261020NI 450232184829999999999999999 0 2187111713099999999999999
178165166181205229246250239214181151129122133161201244281307314299267225261021NI 648251194931499999999999999 125163125512299999999999999
183149133140167206245275286272238193149117103115150200252298326328302255261022NI 757286203433199999999999999 21313314 310399999999999999
201150113102122166221274312321298250193138 99 85105152212272321344333289261023NI 848322211134599999999999999 2511021455 8599999999999999
229166110 77 80118179246307346348311250184123 83 77109168235298343353322261024NI 932353214535599999999999999 326 741539 7499999999999999
262192124 71 50 71127199274338372360309241171110 75 83130195264323357347261025NI1015373221735999999999999999 4 1 501620 7399999999999999
295223149 83 39 35 76145223301362384357298228159103 80104160228293343357261026NI1056384224935899999999999999 435 311659 8099999999999999
324256179107 48 19 35 91167248324376383344282214150104 97134195259316350261027NI1138386232135399999999999999 510 181738 9499999999999999
343290214138 72 24 13 46112190269339379371327266203146113122166226283327261028NI1220381235434399999999999999 546 11181811199999999999999
343316251175105 47 14 19 65134210286346372355309253195148129148194247294261029NI13 5372999999999999999999999 623 1119 012999999999999999
325324284217146 84 38 18 36 86153226294343358338295244194157148170211255261030NI 029329135335999999999999999 7 3 18194614799999999999999
291309298255195133 80 44 35 57105167233292332342324287242199170164182213261031NI 1 8310144934399999999999999 748 34204416399999999999999
248275285272236187137 93 65 58 781181722292813173283152852462091821721802611 1NI 159285155632899999999999999 845 5822 217299999999999999
201227249260255233197157120 93 83 931231672172653023183132892552191871672611 2NI 31426117153199999999999999910 2 83234116399999999999999
1641761972222432522452231901541221021001191562032512923163172972632211802611 3NI 5 72521833320999999999999991135 98999999999999999999999
149137145169203238264271257225184143111 981101441922452923223253032612102611 4NI 650271193732799999999999999 1 613713 2 9899999999999999
159120105116151198248288303290253204153112 921031401932513023323302982462611 5NI 8 2303202733599999999999999 2 410514 9 9299999999999999
186128 86 76 99147208270317333314268211152105 871031472062673173393242792611 6NI 85633321 634099999999999999 248 7515 1 8799999999999999
217150 91 56 59 97158230299345353323268205142 98 891161682302903323383052611 7NI 941355214034199999999999999 326 521545 8799999999999999
247178110 57 36 57110181258326364358316256190130 951001401982593123393242611 8NI1022367221033999999999999999 4 0 361623 9299999999999999
274206135 73 33 31 701342112883473703492992361711191001221712312883283332611 9NI11 0370223833699999999999999 432 27165710099999999999999
297234163 96 44 22 41 94165242313359364331275212152114114149204262310332261110NI113736723 533299999999999999 5 3 22173110999999999999999
314262192123 64 28 27 63124198272331359348306249188138117133178233285320261111NI1212360233332599999999999999 532 2218 411799999999999999
321285223153 90 43 26 44 92158230296341351327280223168132128156204256298261112NI1246352999999999999999999999 6 0 26183712599999999999999
316299250185120 67 36 37 70126192259313340335303254200155134143178225269261113NI 0 2316132034299999999999999 629 32191113399999999999999
299300269215153 97 56 42 58100159222280320332316279231184151142160195237261114NI 033303135433299999999999999 659 42194914299999999999999
272288277240187132 86 58 57 83130187244292318319297259216177154153172204261115NI 1 7288143232299999999999999 732 54203215099999999999999
238263270254218171124 88 71 78108153205255293311306282247208176158159176261116NI 149271151731299999999999999 813 71212715699999999999999
202229249253239209170131102 90 98125166212256288302297275242206176158155261117NI 245254161330399999999999999 9 7 90224115499999999999999
167189214235244238216185151123108111132167209250282298295275242205171148261118NI 4 72441720299999999999999991021107999999999999999999999
139147169198227247251238211176143121115129160202245280300300278242198156261119NI 545252182930399999999999999 0 1139114811599999999999999
125112121149189230263278269240200159126112121152197245286309307280233180261120NI 7 9278192731299999999999999 1 711213 911299999999999999
130 93 80 96136190244288310301266217166125105113149200253297320312272214261121NI 813310201532199999999999999 158 80141410499999999999999
151 96 58 51 79133200265317340326282225167120 98112155212268312328308254261122NI 9 7340205832999999999999999 242 4915 8 9899999999999999
185117 60 26 31 73140216289343361339287225164115 98120170229285324329293261123NI 956362213833299999999999999 324 231556 9899999999999999
226151 82 28  4 22 78154235310362372340284220158113105136190249301330320261124NI1043373221733299999999999999 4 5  4164210399999999999999
269194118 52  4 -7 25 90170253326371371333275212152115117156211267311329261125NI1130377225732999999999999999 446 -8172711099999999999999
304242164 91 30 -8 -7 36106187269337372363321263201147119132174228279315261126NI1217374233832399999999999999 529-13181111999999999999999
320283216141 72 18-10  3 52124204282343367351306249190143126145189239283261127NI13 4368999999999999999999999 613-11185812699999999999999
311305263196126 63 17 -1 19 72142219291343358336290235181141132154195241261128NI 022313135235899999999999999 659 -1194713199999999999999
279299289246184121 65 27 17 41 93160231296338345320275223174141135156193261129NI 111300144234699999999999999 748 16204113499999999999999
233267283273235182127 79 47 41 65113174238294328331305263214170140134150261130NI 2 9284153533399999999999999 842 40214513399999999999999
181217249267262234191145103 74 68 881291832402883163172942542081651351242612 1NI 318268163232099999999999999 945 67225712499999999999999
136162197231255259243210171132103 931061401862362803063072862482021571232612 2NI 4432601734310999999999999991057 93999999999999999999999
1071141401772182512672622372001611281111171441862322742993022802401911422612 3NI 614268183630499999999999999 011107121611199999999999999
103 85 911201652152592852862642261831451211211451862322732982992732271732612 4NI 733289193130299999999999999 115 84133011899999999999999
120 78 60 721091632232763083102862441951501231221481902372783012952602072612 5NI 835313201930299999999999999 2 7 60143111999999999999999
148 92 52 41 621101732412983303282972491941471201241552012492883032862412612 6NI 92633321 030399999999999999 251 40152211899999999999999
180118 64 31 30 641231932643203463352962411831371171301682182652983012702612 7NI1011346213630499999999999999 331 2616 611799999999999999
214149 87 39 18 32 781442192893383523292822241661261171421872392823042922612 8NI1052352221130499999999999999 4 7 18164511699999999999999
248184118 60 22 16 441011722463103473473142602001471181241592102602963032612 9NI1130351224430599999999999999 441 14172011699999999999999
276220153 89 39 15 24 66130202272326347332290233174130116136180233278302261210NI12 5347231730499999999999999 514 14175411699999999999999
294253189122 64 26 17 42 95162233296335339311261203151119121153203253290261211NI1237342235030299999999999999 546 16182711699999999999999
301278225159 95 45 20 28 67128197264315337325285231175132116132173223268261212NI13 8337999999999999999999999 617 1919 011699999999999999
295291255195130 72 34 24 48 98164231290327331304257202152121119146191238261213NI 025298133833499999999999999 648 23193411699999999999999
276291275230169107 59 33 37 74132198261309330318281230178136117126159203261214NI 1 129114 933099999999999999 721 31201111699999999999999
246275281257208150 95 57 42 58102163226281317324301258207160126116131165261215NI 142283144332599999999999999 759 42205411599999999999999
207245269269242196144 97 67 61 83129187244291316313284239190147119113129261216NI 231272152431899999999999999 843 60214611299999999999999
162201237259260237198153113 88 85106148200251290308300270226178137110104261217NI 332263161230899999999999999 938 83224810399999999999999
118150189226253260245214175138113107123158203248283298290261216168125 96261218NI 45026017112999999999999999910471072356 8699999999999999
 86 99131174218253270265240204167138124131159199241275292286255208156109261219NI 6172711815293999999999999991211124999999999999999999999
 75 62 75112162215261289292271234192155132132154193236272291285251199140261220NI 737294191729299999999999999 1 0 62133312999999999999999
 87 49 36 52 96156219275312320298257210165134128150190236274294286246186261221NI 845321201529599999999999999 158 36144212699999999999999
121 64 24 12 35 87156227291333342317271217166130123149193241281300286238261222NI 94334321 730099999999999999 251 11154112299999999999999
171101 42  2 -6 25 85160238307350355325274216160124121152200250290306284261223NI1037358215830699999999999999 342 -8163411899999999999999
228155 84 24-14-16 23 89169250320361360323268206150117122159210261299310261224NI1127366224731199999999999999 433-20172211499999999999999
280216141 69 11-23-17 28 99181264333366356313254191136111125168221271306261225NI1215367233631399999999999999 522-2618 811099999999999999
310272204129 59  3-25-10 42116199280343365344295234171122106129176229278261226NI1259365999999999999999999999 611-25185310699999999999999
310306261192119 52  2-17  7 64139221298349357326272210150109103133181234261227NI 025313134135999999999999999 657-17193810199999999999999
281307296248182113 52 10  2 33 94168245312348342302246185130 99102135183261228NI 114308142135099999999999999 742  02024 9699999999999999
234277298282236175114 61 29 31 68127197266318338320276220162115 92100134261229NI 2 529815 033899999999999999 827 252113 9199999999999999
180228268284269228176124 80 58 67104158220276313320295250197144104 87 97261230NI 3 1284154132199999999999999 914 5722 7 8799999999999999
127171218255271260229186143108 93103137184235278302299272227176128 93 79261231NI 4 527116243049999999999999910 6 9323 6 7999999999999999
