 23 52 88122149162161149129110 96 94104123148171184183165132 89 46 10 -926 1 1NK 5261631627186999999999999991043 932329-1299999999999999
 -9 11 45 88128158173171156132109 94 91103125153178192189167129 81 33 -426 1 2NK 6231741721193999999999999991142 91999999999999999999999
-23-19  6 47 94137168181176156128103 87 87102128160186199194167124 71 2226 1 3NK 711182181320099999999999999 020-241232 8599999999999999
-15-30-21 10 56105149177185174149119 93 80 84103133166192203193161115 6126 1 4NK 75418519 220399999999999999 1 8-301318 7999999999999999
 13-19-28-12 23 71120160182184167138107 84 74 8210513817019420018515110326 1 5NK 834185194920099999999999999 152-2814 2 7499999999999999
 52 10-15-16  5 44 91136169183177155125 95 76 71 8310914117018919017213626 1 6NK 912183203419299999999999999 234-191446 7199999999999999
 91 46 12 -3  3 29 69113150174179167141111 86 71 71 8611114016517817515426 1 7NK 947179211817999999999999999 313 -41529 6999999999999999
121 81 45 21 15 28 57 94131160174171154128101 79 69 72 8811113615516315626 1 8NK102017522 416399999999999999 349 151615 6899999999999999
137108 76 50 37 38 55 83116145164170161142117 93 75 69 73 8810712714114526 1 9NK1054170225514599999999999999 423 3517 5 6999999999999999
139122100 78 61 55 62 80105130151163163151132109 88 74 68 72 84 9911512626 110NK1129164235913099999999999999 458 5518 3 6899999999999999
130125114 99 85 76 75 83 99119138152158155143125104 85 72 66 68 76 8810226 111NK12 9158999999999999999999999 537 741915 6699999999999999
113119119114106 97 92 92 98110124139149153149138121101 83 68 60 59 65 7726 112NK 13312013 115399999999999999 630 912037 5999999999999999
 91105115120120116110104102105113124136146150147136119 99 78 61 50 48 5426 113NK 32912114 515099999999999999 7551022147 4799999999999999
 67 85103119128131127119111106105111122135146151148137118 94 70 49 37 3526 114NK 452131151215199999999999999 9321052240 3499999999999999
 44 62 85109128140141135123111103101108121137150156153138114 86 57 35 2326 115NK 54214216101569999999999999910401012323 2299999999999999
 24 39 64 93121141151149137120105 96 96107124143159164157137107 72 41 1926 116NK 6181511657164999999999999991127 95999999999999999999999
 11 19 41 72106136154159150133112 95 88 93110132155170172158131 94 56 2426 117NK 650159173917399999999999999 0 0 1112 5 8899999999999999
  5  4 20 50 88124152165162146122 99 84 82 94117144168180176155120 78 3826 118NK 719166181618199999999999999 034  21238 8199999999999999
  8 -3  4 30 67108143165170159135108 86 75 80100128158180187175146104 5926 119NK 747171185318799999999999999 1 7 -41311 7599999999999999
 21 -2 -5 13 47 89130160174170150121 93 74 70 82108141170188187168131 8626 120NK 815175192919099999999999999 138 -61344 6999999999999999
 43 10 -4  3 30 69113150173177164137105 78 64 68 8711715117718918215511526 121NK 84317820 718999999999999999 210 -41419 6499999999999999
 70 31  7  3 20 53 95136166180174152121 89 66 58 68 9212515617818417014026 122NK 912180204718499999999999999 241  21457 5899999999999999
 99 59 28 13 19 42 79119154176179165138105 75 57 55 69 9612815617217215526 123NK 942180213117599999999999999 314 131537 5499999999999999
125 89 55 33 28 41 68104139166178173153123 91 65 52 53 70 9612514816115826 124NK1013178222016199999999999999 347 281623 5099999999999999
141115 85 60 47 49 65 92124151170174164141111 82 59 48 51 67 9011513514526 125NK1048174232214699999999999999 423 461716 4899999999999999
144131111 89 73 67 72 88111136156167167155132105 77 57 46 47 59 7810011826 126NK1128169999999999999999999999 5 3 671823 4599999999999999
130133126115101 91 87 92104121139154162161149129104 78 56 43 39 46 62 8226 127NK 046133122216399999999999999 557 871948 3999999999999999
102118128130125117109105105111122136149158159151133109 81 55 36 27 30 4326 128NK 246130133915999999999999999 7261042117 2799999999999999
 64 89112130139140134124114109109117129144157163158143117 85 52 26 12 1226 129NK 43514115 716399999999999999 9261082230 1099999999999999
 26 52 83115139153155146131115103100107123143161172170154123 85 45 13 -426 130NK 53915516231739999999999999910491002328 -699999999999999
 -3 15 48 87125153167166151129107 92 88 98119146170184182162126 80 35  026 131NK 6241691723186999999999999991145 88999999999999999999999
-17-12 14 54 99140168179170148119 92 77 77 93121154181196190164121 70 2326 2 1NK 7 2179181419699999999999999 016-171230 7599999999999999
-10-22-10 24 70118158181183166136102 76 64 70 93127163191201190158110 5826 2 2NK 73618519 020199999999999999 059-221310 6399999999999999
 13-14-17  4 44 93140174188180154118 84 61 55 68 97135171195199181144 9526 2 3NK 8 7188194220099999999999999 137-191348 5499999999999999
 45  8 -9 -1 28 72120161184187169136 99 67 50 52 7210514217419218916512526 2 4NK 836189202219399999999999999 212 -91425 4899999999999999
 79 38 11  6 23 58102145175187178152116 80 55 45 54 7911214617118117114526 2 5NK 9 318721 018199999999999999 243  515 1 4599999999999999
107 68 37 23 29 53 90129162181180162132 97 66 48 46 60 8611714516216415126 2 6NK 929183213916599999999999999 312 231537 4599999999999999
125 93 63 45 42 56 83117149170177167144113 82 59 48 51 68 9111713714814626 2 7NK 954177222014899999999999999 340 411615 4899999999999999
132110 86 67 59 65 83108135157169167151127 99 74 57 52 58 73 9211112613226 2 8NK102117023 913299999999999999 4 6 591658 5299999999999999
129118102 88 78 78 87103124143157160153137115 92 72 60 57 62 73 8710111226 2 9NK1051160999999999999999999999 434 771753 5799999999999999
118117111104 96 93 95103116130142149149141127109 91 75 64 60 61 68 78 9026 210NK 023118113015099999999999999 5 8 931914 5999999999999999
100108113114112109108108112119127135140140135125111 95 79 66 58 55 58 6626 211NK 246114123614199999999999999 6151082058 5599999999999999
 79 93106117123124122118114112114120127134138137130117 99 80 63 49 43 4626 212NK 449124142013899999999999999 8571122214 4399999999999999
 56 73 93113128136136130121111105106112123134143145138123101 76 53 36 3026 213NK 533137154614599999999999999102810523 3 3099999999999999
 35 51 75102126143149144131115101 95 97108125142154156147126 97 65 38 2126 214NK 6 21491643157999999999999991115 942341 1799999999999999
 18 30 54 86118144158157144124103 87 83 91110134156169168152122 85 49 2126 215NK 6281591727170999999999999991150 83999999999999999999999
  7 12 33 67105140162169159137109 86 73 75 91118148172183175150112 69 3126 216NK 65316918 618399999999999999 015  71222 7299999999999999
  6  0 15 47 88130162177173152121 90 67 60 71 97131165187191175141 96 5126 217NK 718178184319299999999999999 046  01254 6099999999999999
 16 -2  3 29 70115155180184168137100 68 50 51 72106145178196193168127 7926 218NK 743185192119799999999999999 117 -21326 4899999999999999
 36  8  1 17 52 98143176190182155116 77 48 38 48 7711715718619718615511026 219NK 8 819020 019799999999999999 147  114 0 3899999999999999
 64 28 10 15 41 81127166189191171135 93 56 33 31 50 8412516318719017313826 220NK 835193204019199999999999999 218  91436 2999999999999999
 96 56 30 23 38 70111151181192182154114 72 40 25 30 54 9012916117817615626 221NK 9 2192212318099999999999999 248 231515 2499999999999999
123 86 57 41 44 65 98135167185186167134 95 58 32 24 34 59 9312615216315926 222NK 931188221216499999999999999 320 401557 2499999999999999
140112 85 66 60 70 92121151172181173151118 83 52 32 28 39 61 8911613714526 223NK10 2181231114599999999999999 352 601647 2899999999999999
141128110 93 82 83 94112135155168170159138110 81 55 39 34 41 58 7910111826 224NK1040170999999999999999999999 429 811753 3499999999999999
128129124115106102103110123137149157158150134112 87 65 47 39 39 49 64 8326 225NK 040130113415899999999999999 5181011926 3899999999999999
101116125128127123118116117121129137145149147138122100 76 54 38 31 35 4826 226NK 3 8128131314999999999999999 7171162110 3199999999999999
 68 91113130140142137128119112110115124137148153150136113 84 55 32 19 2026 227NK 445142151015499999999999999 9481102226 1899999999999999
 35 60 90120143156156146129111 98 94 99115135154166166151123 87 50 21  726 228NK 5311571629168999999999999991056 942320  699999999999999
 10 30 63101136161170164145119 95 79 76 88111140166181179159124 81 40 1026 3 1NK 6 61701725183999999999999991141 76999999999999999999999
 -1  8 36 77120156177179163134101 74 60 63 83115151179193186159117 70 2826 3 2NK 636181181119399999999999999 0 3 -11219 5999999999999999
  3 -1 18 54100144176188179152115 79 53 46 57 86125163190198184150104 5626 3 3NK 7 4188185219899999999999999 040 -31254 4699999999999999
 20  3 10 38 81128167189189168132 91 57 37 38 59 95137173194195173134 8726 3 4NK 730192193119799999999999999 113  21327 3599999999999999
 45 18 13 31 67112155184193180149108 67 39 29 39 6810714717819118215511526 3 5NK 75419320 719199999999999999 143 121359 2899999999999999
 73 40 26 33 59 99141174191186162124 83 48 28 28 47 8011915417618016413426 3 6NK 818192204218099999999999999 211 251430 2599999999999999
 98 64 44 41 58 90127162184187171139100 62 36 26 35 59 9212715416716314526 3 7NK 840188211716899999999999999 237 4015 1 2699999999999999
116 86 64 55 63 85116148172182174150116 80 50 33 31 46 7110112914715314526 3 8NK 9 3182215415399999999999999 3 2 551534 3099999999999999
127104 83 71 71 85108135158172171156130 98 68 46 37 42 57 8010412513613826 3 9NK 927173223713899999999999999 327 691610 3799999999999999
129115 99 87 84 90104124144158162156138114 88 65 51 46 52 66 8310111512326 310NK 955163233712499999999999999 353 831654 4699999999999999
124119111102 98 98105117130143150149141126106 86 70 59 56 59 68 80 9310426 311NK1028151999999999999999999999 423 971759 5699999999999999
112116117115112110111115121128134138138132121108 93 79 68 61 60 63 71 8226 312NK 139117112313999999999999999 5161101947 6099999999999999
 95107116123125124121118116116119124128131131126116102 87 72 60 53 54 6126 313NK 413125132313299999999999999 8251162128 5299999999999999
 74 92110125135138135126116108105107115125134139137128111 90 69 51 41 4226 314NK 45613815171399999999999999910 61052227 4099999999999999
 53 73 98122141150149139123106 94 91 97111129144153151138115 86 58 37 2926 315NK 5241511621154999999999999991051 9123 8 2899999999999999
 34 53 81113141159163154134109 88 76 77 91114140161170164144112 76 44 2426 316NK 54816417 8170999999999999991125 752343 1999999999999999
 20 34 62 99135163175170149119 88 66 58 68 92124156179185172142102 61 2926 317NK 6121761749185999999999999991157 58999999999999999999999
 14 19 44 82124161183185167134 96 62 43 44 64 98138173194193172134 89 4726 318NK 636186182919699999999999999 015 141229 4199999999999999
 20 14 30 64108152183195184154111 68 37 24 35 65108153187202194165122 7626 319NK 7 119519 920299999999999999 047 1313 3 2499999999999999
 39 20 24 50 91137176198197173132 84 42 16 13 33 7212016419320218615210826 320NK 728201195120299999999999999 119 191338 1199999999999999
 67 38 30 44 77120163193202189154107 59 21  3  9 38 8112816819119217313826 321NK 755202203419599999999999999 151 301415  399999999999999
 98 65 46 48 70105145179198196173132 84 40 10  1 14 46 8813116418017715626 322NK 824200211918299999999999999 224 451455  199999999999999
125 94 70 62 72 96129162186193182153113 69 32 10  7 23 54 9112715316415926 323NK 855193221116499999999999999 257 621539  699999999999999
142118 96 83 82 95117143167181181165137101 64 35 19 18 33 58 8911713714626 324NK 930183231614799999999999999 333 811631 1799999999999999
144133118105 99101112128146161168165151127 98 70 46 33 31 40 58 8110312126 325NK1012169999999999999999999999 414 981740 3099999999999999
132135131125118114114120128139148153152143127106 83 62 47 40 42 53 70 9026 326NK 056135111915399999999999999 5241131916 3999999999999999
109125134138136131124119116118124132139144143135120 99 77 56 42 38 44 6026 327NK 3 6138132314599999999999999 8 41162055 3899999999999999
 81105127143150148139126113104101106117132145152149136113 86 59 40 32 3726 328NK 417150151615299999999999999 95110122 6 3299999999999999
 55 82112139157163156140118 98 84 82 90109132153165164148121 87 56 33 2626 329NK 4571631626166999999999999991044 812257 2699999999999999
 35 59 93128157172172157131101 77 63 65 81108139165178175154120 82 48 2826 330NK 5291741718179999999999999991124 622337 2499999999999999
 26 42 74113149175184173147113 79 54 45 55 80115151177188178151112 72 4126 331NK 55718418 2188999999999999991159 45999999999999999999999
 27 33 58 96137171189186164129 89 54 35 34 53 87127164187190174140100 6226 4 1NK 623190184119299999999999999 012 261231 3299999999999999
 38 33 50 82123162187193178146104 63 33 22 32 60 99141174190186162126 8726 4 2NK 648194191719199999999999999 043 3313 2 2299999999999999
 56 42 48 73110149180194188161121 77 40 19 18 38 7311415317918617414611026 4 3NK 711195195218699999999999999 112 411332 1699999999999999
 77 56 52 68 99136170190191172137 94 53 24 13 23 50 8812816017717615812926 4 4NK 734193202717999999999999999 140 5114 1 1399999999999999
 97 72 62 69 92124156181189179151112 71 37 17 17 35 6610213716116916214126 4 5NK 75718921 116999999999999999 2 6 621431 1599999999999999
115 90 75 74 88113143168182180161128 90 55 30 20 28 50 8011314015515714626 4 6NK 822183213815899999999999999 233 7215 3 2099999999999999
127105 89 83 89106130153170174164141109 76 48 32 30 42 64 9111713614614426 4 7NK 849175222014699999999999999 3 1 831538 2999999999999999
133118103 94 94103120139155164162148124 97 70 50 40 42 55 74 9611512913526 4 8NK 919165231513599999999999999 331 931619 4099999999999999
133126116107103106114126140150153148134115 93 73 58 52 54 63 78 9411012126 4 9NK 955153999999999999999999999 4101031715 5199999999999999
128129126121116113114118126134140141138128114 97 81 68 61 60 65 75 8910326 410NK 045129105014299999999999999 5181131840 5999999999999999
116126132133130125119116115118123129133134130120107 91 76 65 60 61 69 8426 411NK 244133123913499999999999999 7421152018 5999999999999999
101118133142144139130118109104105111121132139139132118 99 79 63 54 54 6426 412NK 347144143514099999999999999 9201032129 5399999999999999
 82105129147156155144127108 93 87 90102120138151154146128103 77 56 45 4826 413NK 4241571548154999999999999991011 862219 4599999999999999
 63 89119146165170161141114 89 71 67 76 98125150167170158133101 70 47 3926 414NK 4531701642171999999999999991049 6723 0 3999999999999999
 47 71104139167182179159127 92 63 47 48 67 99135166184183165133 95 62 4126 415NK 5201831729186999999999999991124 452338 3799999999999999
 38 55 86126162187194179147105 64 34 24 35 64106148181197191165128 87 5626 416NK 54819418131979999999999999912 0 24999999999999999999999
 40 46 71109150184202197170127 78 35 10  7 28 67115161192203191160120 8126 417NK 617203185820399999999999999 014 401237  599999999999999
 55 47 61 93134173200207190153103 52 12 -7 -1 28 7412516919620118415211326 418NK 648208194320299999999999999 051 471316 -899999999999999
 79 60 61 81116156189207203177133 80 31 -3-14  0 34 8213117019219217314226 419NK 720209203119599999999999999 127 581357-1499999999999999
108 82 71 79103137171196205192160114 63 20 -6-10  8 43 8813216518117916026 420NK 755205212118299999999999999 2 5 711441-1199999999999999
133107 89 85 97120150177194195177144100 56 21  1  1 20 52 9212815516716526 421NK 833196221816899999999999999 244 851530 -199999999999999
150129111 99100111131154173183180162132 95 59 30 15 16 32 59 9112114315426 422NK 916184232715599999999999999 329 981627 1499999999999999
154144130118110110118132148162169165151128 99 69 46 32 31 42 63 8811313426 423NK1012169999999999999999999999 4281091736 3099999999999999
146149145136125118114117125135146153154146130108 84 63 48 43 49 64 8510826 424NK 053149113415499999999999999 6 31141858 4399999999999999
129144151150143131119111107110119130141148147138121 99 77 59 50 52 64 8426 425NK 221152132714999999999999999 8 21072020 4999999999999999
109132150159158148132114 99 92 93102118135148154149133110 85 65 53 54 6626 426NK 32316015 315499999999999999 923 912127 5299999999999999
 89116143162169164148125101 82 73 75 89111135154163159142116 88 66 54 5726 427NK 4 61691611164999999999999991016 722219 5399999999999999
 73100130158175177165141111 82 62 55 63 84113142164173166145116 86 64 5626 428NK 44117817 4173999999999999991058 5523 2 5699999999999999
 63 85116149174185179158126 90 60 42 41 57 86120153174179168142111 82 6326 429NK 5111851748180999999999999991134 392339 6099999999999999
 61 75103136167186189173143104 66 39 27 35 59 95133164181181164135103 7726 430NK 53919018281849999999999999912 6 27999999999999999999999
 65 71 92123156182193185159121 79 43 22 20 36 69108146174184177155124 9526 5 1NK 6 519319 618599999999999999 012 651237 1899999999999999
 75 72 85111144173191191173138 96 55 25 13 20 46 8312315817818216814311326 5 2NK 631193194118399999999999999 043 7113 7 1399999999999999
 89 77 82102131161184192182154115 73 37 15 13 29 60 9913716517817415613026 5 3NK 657192201617899999999999999 113 771338 1199999999999999
104 87 83 95119148173188186167134 93 55 26 14 20 43 7711414616617216314326 5 4NK 725189205117299999999999999 143 8314 9 1499999999999999
119 99 89 93109134159178184174149114 76 44 24 20 33 59 9212415016316315126 5 5NK 754184212816599999999999999 214 891443 1999999999999999
131112 98 95104122144165177175160133 99 66 41 28 31 47 7410313014915715326 5 6NK 82517822 915799999999999999 246 951519 2899999999999999
141125110102103114131149164170164146119 90 63 44 38 44 61 8511013214615126 5 7NK 9 117023 015199999999999999 32310116 0 3899999999999999
147136123113108110120134148158160152135112 87 66 52 48 55 71 9111313114326 5 8NK 943161999999999999999999999 4101081650 4899999999999999
148145136126117113114120131142149151144131111 91 73 61 57 63 76 9411413126 5 9NK 0 4148104115199999999999999 5191121753 5799999999999999
144149148141131120113111114122132141145142133117 99 81 68 63 67 78 9611626 510NK 11815012 814599999999999999 65311119 7 6399999999999999
135149156155147133118106100102110122135144147141127108 89 73 66 67 79 9826 511NK 222157134814799999999999999 8181002019 6599999999999999
121143160167163149129108 91 82 84 96115134150157153139117 94 75 66 68 8126 512NK 31016715 915799999999999999 919 822120 6599999999999999
104132157174178168147118 90 69 60 66 84111139161171167149124 97 75 65 7026 513NK 34917816131719999999999999910 6 602212 6599999999999999
 88116147173188186168136 99 65 43 37 49 76112147174185178157127 97 75 6726 514NK 42418917 8185999999999999991049 362259 6799999999999999
 76 99132165190199189161120 76 39 17 17 37 73117157185195186160127 96 7626 515NK 5 019918 0195999999999999991131 142343 7199999999999999
 72 86114150183203206186149100 52 15 -3  3 32 75124166193200187159125 9626 516NK 5362071850201999999999999991214 -3999999999999999999999
 79 80 99131167197212206178134 81 32 -2-14 -2 32 8013017119620018415512226 517NK 614212194020199999999999999 026 771259-1499999999999999
 97 85 91113146179205213200167119 66 20-10-16  1 38 8613417319319417714926 518NK 655213203119699999999999999 110 851346-1799999999999999
120 99 92102125156186206209191155108 57 16 -8-10 10 47 9313717018618516826 519NK 738210212418899999999999999 154 921435-1299999999999999
143119103100111133161186200199180145101 56 21  2  3 23 58 9913716517817626 520NK 826202221917999999999999999 242 991527  099999999999999
161140119107106116135158179190187169138100 62 32 17 20 38 6910413716117126 521NK 919190231817299999999999999 3361051622 1699999999999999
169156138121110108116131150167176174160134103 72 47 35 37 53 7910913815826 522NK1021177999999999999999999999 4411081721 3499999999999999
167166155138122110106110122137152162163154135110 84 63 52 53 67 8911514026 523NK 020168113716499999999999999 6 01061824 5199999999999999
158167166155139121107 99100109123138150156152138118 96 77 67 67 78 9812226 524NK 12116813 515699999999999999 724 991929 6599999999999999
145163171168156137117 99 88 86 94109127143153154144127107 89 78 77 8810726 525NK 216171143315599999999999999 839 862033 7699999999999999
130153169176171155132107 86 73 72 81 99121142156159151134114 96 85 85 9626 526NK 3 3176154715999999999999999 939 712131 8499999999999999
116140162177180170149121 93 70 58 58 72 95122146162165157139118 99 89 9126 527NK 3441811647166999999999999991026 562221 8899999999999999
104127152173184182166138106 75 52 43 49 69 98129155170171160140117 99 9226 528NK 42118517361729999999999999911 6 4323 5 9299999999999999
 97114139164182188179156123 87 56 37 33 46 72106139165177174159136113 9826 529NK 4551881819178999999999999991142 322345 9499999999999999
 94105125152175189188171141104 67 39 25 29 50 8211915217418117315412910826 530NK 5271911857181999999999999991216 24999999999999999999999
 97 99114138164185192184159124 84 49 26 20 32 60 9613316318018016714512126 531NK 559192193318299999999999999 021 961249 2099999999999999
103 97105125151176191191175144105 66 35 19 22 41 7411114617118117515813426 6 1NK 63119320 818199999999999999 055 971322 1899999999999999
113100101114137163184192185162127 88 52 27 19 30 55 9012615617517816714726 6 2NK 7 4192204217899999999999999 128 991356 1999999999999999
125107100107124148172187190176148111 74 43 26 26 42 7110613916317517215826 6 3NK 738191211817599999999999999 2 11001430 2499999999999999
137117105103114134157177187183164134 98 64 40 30 36 57 8712014816717216626 6 4NK 814187215617399999999999999 23710215 7 3099999999999999
150130114105108121140161177182173152122 89 60 42 39 49 7210213115516817026 6 5NK 853182223717199999999999999 3171051545 3899999999999999
160144126112107111125143161173174163142113 85 61 49 49 63 8611414016016926 6 6NK 937175232217099999999999999 4 31071627 4799999999999999
168157141124112107112124140156166166155136111 86 67 58 61 76 9812414716426 6 7NK1031167999999999999999999999 5 01071714 5899999999999999
171168156139122109103107118133148158160152135113 92 76 69 73 8710813215426 6 8NK 011171114016099999999999999 6 710318 9 6999999999999999
169174170156137117101 94 96106122139152158153140121102 86 79 82 9611613926 6 9NK 1 217413 415899999999999999 718 931911 7999999999999999
160175179172155132108 88 78 79 91110131150160160150132113 96 88 9010312326 610NK 153179142916299999999999999 824 772018 8899999999999999
147169183186175153124 94 71 58 60 74 99126151167170162144123105 95 9610926 611NK 242186154717199999999999999 924 572124 9499999999999999
130156179192192177149113 77 50 36 40 59 90125156176182173154131111 9910126 612NK 3301941654182999999999999991018 352224 9899999999999999
115138166189202198177142100 59 29 16 23 48 8512616218519218216113511310226 613NK 41720217531929999999999999911 9 16231910199999999999999
104121147176200210202176134 87 42 11  0 11 41 8413016919319918716313511326 614NK 5 521018481999999999999999912 0  0999999999999999999999
102107127156186209216204172126 75 29 -1 -9  6 41 8813617519820118716113226 615NK 554216194020299999999999999 0111021250 -999999999999999
111103110132163193214219203167119 66 22 -6-10 10 48 9614318020019918215526 616NK 644220202920299999999999999 1 11031340-1199999999999999
127108102113137168197216217198161112 61 20 -2 -2 20 5910715118419819417526 617NK 734219211619999999999999999 1501021430 -599999999999999
148122105102115139169196212210190153106 60 25  8 12 37 7511915918619518726 618NK 82621322 219599999999999999 2401011518  799999999999999
167140116102102115138166190203199179145103 64 35 24 32 57 9413316618619126 619NK 919203224619199999999999999 33210016 5 2499999999999999
180159134112100101113135159179190186167138103 71 50 44 55 7911214517118526 620NK1015190233018799999999999999 428 991651 4499999999999999
186173152128109 98 98109128149166175172157133106 82 67 66 7710012815517526 621NK1116175999999999999999999999 528 961737 6599999999999999
184181167146124105 94 94102118136152161161151133113 95 85 86 9711613916126 622NK 015184122816299999999999999 634 931827 8499999999999999
177182177162142119101 89 87 9310712414015115414913712210810110211112814726 623NK 1 1182135215499999999999999 745 86192410099999999999999
165178181174159137114 94 81 77 83 9611413314715415314413212011211212013426 624NK 150181152015599999999999999 854 77203111199999999999999
152168179180172155131106 84 70 66 73 8811013214915916015214012711811712426 625NK 241181163416199999999999999 952 66214011699999999999999
138155171181181170150123 95 72 57 55 65 8511113715716716715814312911911826 626NK 3311821730169999999999999991041 55223811799999999999999
126141160176185182167142112 82 58 45 47 62 8811814616717617316014212611626 627NK 4171851814176999999999999991123 44232611599999999999999
117128146167183189182162132 98 66 44 36 44 65 9613015917718217415613611926 628NK 5 018918511829999999999999912 1 36999999999999999999999
112117132154176190193180154119 83 52 33 31 46 7410914417118418316914812726 629NK 540193192518699999999999999 0 61121237 3099999999999999
113110120140165186197194175143104 67 39 27 33 55 8812615918118818016113726 630NK 617198195718899999999999999 0421091311 2799999999999999
117107110126150176195201191165128 88 53 31 27 41 6910614317218818717315026 7 1NK 653201202818999999999999999 1161071344 2699999999999999
126109105114135161186201201184152113 74 44 29 33 54 8812616018319118316326 7 2NK 730203205919199999999999999 1501041417 2899999999999999
138116104105120144171192202195172137 98 63 40 33 45 7210814517418919017526 7 3NK 8 6202213019199999999999999 2251031450 3399999999999999
152127108101107126151177194198186159123 87 57 42 44 62 9312916118419218526 7 4NK 84519822 219299999999999999 3 31011524 4199999999999999
167142118102 99109130155178191190174147113 81 59 51 59 8211314717419019126 7 5NK 927192223619299999999999999 344 991559 5199999999999999
179157132110 97 97109130154174184180164138108 82 67 65 7810213216118219226 7 6NK1016184231319299999999999999 431 961637 6499999999999999
188172149123103 92 93106126148166174171157134110 90 80 82 9611914617018626 7 7NK1114175235519199999999999999 524 911720 7999999999999999
191184166142116 96 85 86 98116138155165165155138118103 96 9911213215517526 7 8NK1228167999999999999999999999 626 841813 9699999999999999
188190181162137110 88 76 74 8410312414515916315914713211811111312314015926 7 9NK 043191135916399999999999999 736 74192011199999999999999
177189191182161134105 79 63 59 68 8611113615616716715914613212312112814226 710NK 141192153416899999999999999 849 59204312199999999999999
161179192195186164133100 69 48 42 50 7110013115817517917315914212912412826 711NK 245195165417999999999999999 958 4222 412499999999999999
142162183198202193169133 94 58 33 24 33 58 9413216418519118416614612812026 712NK 3502031756191999999999999991059 24231112099999999999999
124140163188206212201173133 87 46 18 10 22 52 9413717419620119016814312226 713NK 4522121847201999999999999991154 10999999999999999999999
114120139166195216222208176130 79 35  8  2 19 5410114818520520619016313426 714NK 549222193320899999999999999 0 61141245  199999999999999
113106115139171202224228211174124 71 28  3  2 25 6511516219621120618415326 715NK 642229201421299999999999999 0561061332  099999999999999
123103 99113141175208227228207167116 65 26  7 13 41 8413417720521220017326 716NK 732230205221399999999999999 143 981416  699999999999999
139110 94 95113143178209225221197156107 61 30 19 32 6410815419020920818926 717NK 820226212821199999999999999 228 921457 1999999999999999
159126100 88 93114145178204215208182143100 63 41 40 58 9213317119820819926 718NK 9 721522 120899999999999999 312 881535 3899999999999999
176145115 93 86 94116145173194200190166132 97 71 59 65 8611915418420120226 719NK 954200223420399999999999999 358 861611 5999999999999999
188162133107 90 86 96116141164179183173152126101 84 80 9111314116918919726 720NK104518323 819899999999999999 445 861646 8099999999999999
192175151124102 89 88 9711413415216416615914412511010110211413315517518826 721NK1144166234419199999999999999 539 87172210099999999999999
191182165142119101 90 88 9510812413915015415114313212211812013014416117526 722NK13 4154999999999999999999999 642 8718 911899999999999999
183183174158138118100 89 85 89 9911312814114915114814213513113213814816026 723NK 030184145215199999999999999 759 85192213199999999999999
171177178170156137117 98 85 78 80 8910512213915115715715214513813613814526 724NK 131178162915899999999999999 916 7821 413699999999999999
156167175177171157137114 93 76 68 70 8110012214416016816716014913913313426 725NK 2441771727168999999999999991019 68222313299999999999999
141154167178181174158135108 83 65 57 62 7810212915417117817416214613312626 726NK 35118118 61789999999999999911 8 57231512699999999999999
128139156173185188179158129 97 70 52 47 58 8011114216818318517515713812326 727NK 4441881838186999999999999991148 47235511899999999999999
118125142163183195195180153118 83 55 40 42 60 9112615918319318717014712526 728NK 52819719 7193999999999999991223 39999999999999999999999
113113127149175196205199177142103 66 42 34 45 7110814617719519718315813226 729NK 6 7206193419899999999999999 0281111255 3499999999999999
112104112133161189208212198167127 85 52 34 35 55 9013016819420319517214326 730NK 64321220 120399999999999999 1 11041326 3299999999999999
117100100115142174201215212190153110 70 42 33 45 7411315418720520418615726 731NK 719216202720799999999999999 133 981356 3399999999999999
126102 92 99121153185209217205176136 93 59 40 42 63 9813917720221019917326 8 1NK 755217205421099999999999999 2 6 921426 3899999999999999
140110 90 87101128162192210211194161120 82 56 47 58 8612416419421020718726 8 2NK 833213212121199999999999999 241 861456 4799999999999999
156123 96 82 85105135167193206201179146109 79 62 63 8111214918220421019826 8 3NK 914206215021099999999999999 318 811527 6099999999999999
173140108 85 77 86107137166188195187165135105 84 76 8410613616819320620426 8 4NK 959195222120799999999999999 359 7716 0 7699999999999999
186158126 98 79 75 86107134160177182174155132110 96 9510612715417919620226 8 5NK1053182225720299999999999999 446 751637 9499999999999999
195175148118 93 77 74 8310212514716316916415213612211411512514316318119326 8 6NK12 4169234419699999999999999 544 73172311399999999999999
196187169144116 93 76 71 76 9111113114915916115614713813213113814916417826 8 7NK1346161999999999999999999999 659 71183313199999999999999
188191185169147121 95 75 65 65 75 9411613815516416616215414514014114715826 8 8NK 051191154516799999999999999 829 63202814099999999999999
172184191189177156128 97 71 54 49 58 7710513315817518117716515214013513826 8 9NK 22019117 418199999999999999 952 4922 913599999999999999
149166184197200190167134 97 63 40 33 42 6710113716918919518717014913112326 810NK 3462001755195999999999999991056 33231312399999999999999
126141164189208214203176136 92 53 27 20 34 6510714918420320519016513811726 811NK 4532141835207999999999999991149 20999999999999999999999
108115137167198220226213179133 83 42 17 15 36 7512216820121520918515312126 812NK 549227191121599999999999999 0 31081235 1399999999999999
100 95108137173208231234214175124 73 34 15 21 50 9514418821422020417213526 813NK 638235194422199999999999999 046 941316 1499999999999999
103 85 86106141181215235232207164112 64 32 23 38 7412116920522221619115426 814NK 724236201522399999999999999 126 831353 2399999999999999
115 86 75 83109147187217230222192148100 61 39 41 6410415019021622120517326 815NK 8 6231204422299999999999999 2 5 751427 3799999999999999
134 98 75 71 86116153189212218204173133 93 65 55 66 9513417420421821118826 816NK 848219211121899999999999999 243 701458 5599999999999999
152115 86 70 73 92122156185201201184155121 93 76 77 9512516019020921119626 817NK 929203213721299999999999999 321 691527 7599999999999999
168134102 80 72 79 99127154176185181165141117 99 9410212114817619620419826 818NK101218622 420499999999999999 4 1 721556 9399999999999999
179151121 96 80 78 8710512714816316816415213512011211312314116218119219326 819NK11 3168223519499999999999999 444 77162511199999999999999
183163139115 96 85 84 9210612213814915415214613713012713013915216617718326 820NK1214154231318399999999999999 537 8417 112799999999999999
180170154135116101 91 88 9210111412613714514914814514214014114615316116926 821NK1423149999999999999999999999 653 88181014099999999999999
172171164152137121106 94 88 87 9310311713114415315715715314814514414715326 822NK 017173162515799999999999999 834 87204314499999999999999
160166168166157143126108 92 81 77 82 9511313215016316916715914914013613726 823NK 2 2168171416999999999999999 955 77221513699999999999999
145155166173174166149127104 83 69 66 74 9211614216417717917215814213012526 824NK 3331751745180999999999999991047 6523 212599999999999999
129141158174184185173151122 93 69 56 57 71 9712815818018918517014912911626 825NK 4311861811190999999999999991127 54233711399999999999999
114125145168188198194176146111 77 54 45 54 7811214817819619718416013311126 826NK 51519918351999999999999999912 0 45999999999999999999999
102108127154183203210199172134 94 61 42 42 61 9413417219820719817314211326 827NK 553210185920799999999999999 0 81021230 4099999999999999
 94 91106134168199217216196161118 77 48 38 48 7811916119521221018915512026 828NK 629219192321499999999999999 038 901259 3899999999999999
 92 79 86110146183212224215187145100 63 42 43 6510314718721321920417213326 829NK 7 5224194721999999999999999 1 9 791328 4099999999999999
 97 73 70 86119159196220224206172128 86 57 47 59 9013217420722221518915026 830NK 741225201122299999999999999 141 691356 4799999999999999
109 76 61 66 91128169202219216192155114 79 60 62 8311815919621822020316926 831NK 820220203722299999999999999 215 601426 5899999999999999
127 88 62 55 68 98136174201211202176141106 81 73 8311014518120821921118526 9 1NK 9 121121 521999999999999999 251 551456 7399999999999999
148108 75 56 55 73104139172192197185161132106 92 9310813516619321021119626 9 2NK 946197213521299999999999999 331 531528 9099999999999999
168132 96 70 57 60 7810613616217718017015213111510911413015317619420319926 9 3NK1041181221120399999999999999 417 5616 310999999999999999
182155124 95 73 63 66 8010212614716016516015013813012813314516017618719226 9 4NK115716523 019299999999999999 516 62164812799999999999999
187173152126101 82 70 68 76 9111113014515515815615114614314414915716717626 9 5NK14 4158999999999999999999999 640 68181814399999999999999
181181173158137114 91 74 65 66 77 9411613715416516916615915114414214515326 9 6NK 02518216 216999999999999999 824 65205714299999999999999
164175182181171152126 98 73 57 53 62 8210913816217918417816514913412712926 9 7NK 226183165818499999999999999 949 53222012699999999999999
139157176191196188166134 98 66 46 40 52 7811314917819519618416113611710826 9 8NK 3541961735198999999999999991048 40231010799999999999999
112130156184205212202174135 92 56 35 33 51 86128168197209202179148117 9526 9 9NK 45621218 8209999999999999991135 312351 8999999999999999
 89100126161195218224208174129 82 46 30 35 62104150190213216198165127 9426 910NK 5462241838218999999999999991215 29999999999999999999999
 75 75 95130171207228228206165117 72 42 33 49 8413017620922321418514410326 911NK 63023119 522399999999999999 029 721250 3399999999999999
 72 60 69 98138181215230223194151104 65 45 47 7211315919922122220116311926 912NK 711231193222599999999999999 1 4 601323 4399999999999999
 80 56 53 71106149189216224209177134 94 65 57 7010214318421322321118013826 913NK 750224195722399999999999999 139 521353 5799999999999999
 96 63 49 55 80117158192211210191158120 89 73 76 9713116920121721419215626 914NK 828213202121899999999999999 212 481421 7299999999999999
115 78 55 50 63 92128163188199192171141112 93 88 9912415618620621119817026 915NK 9 6199204521199999999999999 245 491448 8799999999999999
133 97 69 55 58 7610413516217918317315413111210210612114517119220119617826 916NK 945183211120199999999999999 320 54151510299999999999999
149117 88 69 62 70 8811213615616616615714312811811612313915817618718917926 917NK1031168213919099999999999999 357 62154311599999999999999
160135109 88 75 73 81 9611413214515315314814013312813013714816117117717426 918NK1134154221417799999999999999 442 73161712899999999999999
165148129110 95 85 83 88 9711012313414214714714514214014014314915516116426 919NK1337147231316499999999999999 549 83172614099999999999999
163156145132117104 94 88 88 9210111312613814815315515314814414114114414926 920NK1550155999999999999999999999 735 87202714199999999999999
154157156151141127112 97 86 81 83 9210712514315716516616015013913212913226 921NK 120157163616699999999999999 913 81215512999999999999999
141151160165162151134113 93 78 71 74 8710913315617217817416114312711611526 922NK 3 916517 4178999999999999991011 70223811499999999999999
123138156171178175159136108 82 65 60 69 90119149174188187174152127108 9926 923NK 4101781729189999999999999991052 602310 9999999999999999
104120144169187193184162130 96 68 53 55 73103139172194200189165134105 8726 924NK 4551931752200999999999999991125 522341 8399999999999999
 84 97124156185203205188157118 81 56 47 58 86124164195209204181146109 8026 925NK 5342061815210999999999999991156 47999999999999999999999
 66 73 97133172202216210184145103 68 49 50 72109152190213216198163120 8126 926NK 612217183821899999999999999 011 661226 4799999999999999
 56 51 68103147187215222207174131 90 60 51 63 94136179211223213182138 9126 927NK 65022219 322399999999999999 042 501256 5199999999999999
 55 38 43 71113160199220220198160118 81 61 62 8412116420122222219915911126 928NK 729223193022599999999999999 115 371327 5999999999999999
 66 36 28 44 78124169203217210183146108 81 71 8211014818621422321218013526 929NK 8 9217195822399999999999999 150 281358 7199999999999999
 88 49 27 28 50 88132172198206194168135106 89 8810513416819821621519515926 930NK 853206202821899999999999999 228 251431 8699999999999999
116 73 42 28 35 59 951341671861901781551301111021081271531792002082001772610 1NK 94219121 220899999999999999 310 2815 510299999999999999
143105 70 46 37 46 67 981291551701731641491331211191261411611791921941852610 2NK1042173214319599999999999999 4 0 37154511999999999999999
164136104 77 57 50 56 72 951191401551601581501411351331371461581701781792610 3NK12 9160224318099999999999999 5 4 50164613399999999999999
173159138114 90 72 62 61 70 871071271441551591581531471411391411461541622610 4NK1416159999999999999999999999 633 6019 613999999999999999
168168162148129106 85 69 62 64 77 961191411591691701641531401301251281362610 5NK 036169154017099999999999999 814 61211112599999999999999
149163172173164145120 93 70 57 57 69 921211491711821811691501291121051082610 6NK 238174162518399999999999999 932 55221210499999999999999
122143165182187179157126 93 66 51 52 68 98132165187195187166137109 90 832610 7NK 35518717 0195999999999999991027 492256 8399999999999999
 92114144173195201189162125 88 60 47 53 77113152184203203184153117 85 672610 8NK 4522011730205999999999999991110 472333 6499999999999999
 66 83114151185206209192159118 80 55 49 63 95135175203212201172132 91 612610 9NK 5382111758212999999999999991148 48999999999999999999999
 48 55 82121162196214210187149108 73 56 59 82119161196215212189150105 66261010NK 620215182421699999999999999 0 8 481221 5499999999999999
 41 37 54 89133174204214203174135 98 71 63 76106146184210217202168124 79261011NK 659214184921799999999999999 041 361252 6399999999999999
 45 30 36 62102146183205207190158122 91 75 77 98132169199214208183143 98261012NK 737209191421499999999999999 113 291322 7399999999999999
 58 33 28 43 75116156186200195173142112 90 84 96122155185205208192159117261013NK 813200193920999999999999999 144 271350 8499999999999999
 76 45 30 35 57 91129162184189178156129107 95 98115142170192202194171136261014NK 84918920 420299999999999999 215 291418 9499999999999999
 97 63 41 36 47 73105137162176175162142122108104113132155177190191176150261015NK 927177203119299999999999999 248 36144710499999999999999
117 85 59 46 48 62 86114139157165161150135121114116126143161175181175159261016NK101016521 218199999999999999 324 45151911399999999999999
134107 81 64 57 61 75 96117136149154151143133126123126134147158167168161261017NK11 7154213916899999999999999 4 6 5716 012399999999999999
146126105 86 73 69 73 83 98115130141146147144138133131132136143150155155261018NK1237147223715699999999999999 5 2 69171713199999999999999
150140126110 95 84 78 79 85 96110124137146150150146140134130130132138143261019NK1428151999999999999999999999 625 78194213099999999999999
147147142132119105 91 82 78 82 91106123140153160160153142131121117119126261020NK 030147152916199999999999999 8 2 78211211799999999999999
136145151151143129111 93 80 73 76 88107129151166172168155136118104 99104261021NK 22715216 517299999999999999 912 732159 9999999999999999
118135152163164155136113 90 73 66 72 90115144168182183170147120 97 82 81261022NK 33816516331849999999999999910 2 662235 8099999999999999
 93116142165178178163138108 82 64 62 74 99132164187195187163130 96 70 59261023NK 42918017 0195999999999999991041 6123 8 5999999999999999
 66 88120154181193188167135100 73 59 63 84117154186203202181146104 67 43261024NK 5131941726205999999999999991117 582341 3899999999999999
 40 56 89131170196205193165127 92 67 60 72101140178205213200167121 75 38261025NK 5552051753213999999999999991152 59999999999999999999999
 21 26 54 96143183207210191157118 85 66 67 88123164198217214189145 94 47261026NK 637211182321999999999999999 016 201227 6499999999999999
 15  6 21 58106154192210207183148111 83 72 82109146184211220206171122 70261027NK 720212185422099999999999999 052  613 2 7299999999999999
 26  2  1 24 66115161194206197172138106 87 84100129165197215214192152102261028NK 8 5206192821799999999999999 131 -21338 8399999999999999
 53 16 -1  5 33 75121162188195184160131107 95 99117146176200210202176135261029NK 85319520 521099999999999999 214 -21416 9599999999999999
 89 46 17  6 16 44 82123157177182171151129112106113130154178194198187161261030NK 946182204719999999999999999 3 1  6145910699999999999999
125 85 50 27 20 30 54 86120148165169162148132120117122136153170182183173261031NK1050169213918499999999999999 354 20155311799999999999999
152122 90 62 42 36 43 61 871141381541611581491381281231251321431561651682611 1NK1211161225416899999999999999 459 36171712399999999999999
163149127102 78 59 50 52 65 861101321501601611551441331231191201271381492611 2NK1339161999999999999999999999 619 50191711899999999999999
157159152137116 93 73 61 58 67 851081321531651681621481311151051021081202611 3NK 044159144816899999999999999 743 58204910299999999999999
136151161160149130105 83 66 61 69 87112139162175177166146122 99 85 81 892611 4NK 228162153617899999999999999 855 612149 8199999999999999
107130152167170160139112 86 69 63 72 94123152175186182164136105 78 63 622611 5NK 344171161418799999999999999 952 632234 6199999999999999
 76101131159177180167143113 86 69 67 80106139169189193181154118 83 56 432611 6NK 4421801646194999999999999991038 662313 4399999999999999
 48 70102138169186186169141109 83 70 73 93123157185198194172136 95 58 352611 7NK 5301881716199999999999999991118 692347 2999999999999999
 29 43 72111149178192186165134103 81 74 84110143175196201186155113 70 372611 8NK 6121921745202999999999999991154 74999999999999999999999
 20 23 46 82124161186193181156124 96 81 82 99128161188201195171132 88 472611 9NK 651193181220299999999999999 020 181227 7999999999999999
 21 13 26 56 96138171188188171143114 92 84 93116146176195199183150108 65261110NK 728190184020099999999999999 052 131258 8499999999999999
 31 13 15 36 71112149176185178157130106 91 91107132161185195189165128 86261111NK 8 418519 819699999999999999 123 111329 8999999999999999
 48 22 14 25 51 88126157175178165144120101 94101120146171187189174146108261112NK 839179193819099999999999999 155 1414 0 9499999999999999
 70 39 22 22 39 68103135159170167152132113101101112132155174182177158128261113NK 91517120 918399999999999999 229 20143210099999999999999
 93 60 37 28 35 55 83114140157162156142125111105108121139157170173163142261114NK 956162204417399999999999999 3 4 2815 910599999999999999
114 84 58 42 39 49 69 95120141153155149136123114110115126140154162161150261115NK1043155212516399999999999999 344 39155511099999999999999
131106 82 62 52 52 62 80102123140149151146136125117114117125136146151150261116NK1142151221915199999999999999 430 5017 211499999999999999
140125105 85 70 62 62 71 86105124139149152148139129119113113118126135141261117NK1253152234214299999999999999 528 61183511299999999999999
142137125110 93 79 70 69 76 89107126142153157153143129115105102104113124261118NK1358157999999999999999999999 638 6820 410299999999999999
134140140132118102 86 75 72 78 91111131150162165158143123104 90 84 88100261119NK 126141144816599999999999999 752 7221 6 8499999999999999
117133145149143129110 91 77 73 79 95117142162174173160137110 84 67 62 71261120NK 253149152717599999999999999 856 732152 6299999999999999
 90114139156162155138115 92 77 73 81101128156177185178156124 89 59 42 41261121NK 35816216 318599999999999999 950 732233 3999999999999999
 56 84118149170175166144116 91 76 74 87113144173191193177145104 63 31 17261122NK 4521751637195999999999999991037 732313 1799999999999999
 23 47 85126161182186172146115 89 76 78 97127161189202197171129 81 37  6261123NK 5411871713203999999999999991120 752354 -399999999999999
 -3 11 44 89135172192192173143112 87 78 86110144177202209194159111 59 14261124NK 62919417502099999999999999912 2 78999999999999999999999
-12-14  7 47 96144179196191170138108 87 83 96124158190209209187146 94 41261125NK 717196183021299999999999999 036-161244 8299999999999999
  0-21-17 10 53104150181194186162132105 89 90107136169196210204177133 81261126NK 8 5194191221099999999999999 121-221328 8899999999999999
 31 -5-20-12 18 62110152179187177154127104 93 98116144173196204194165122261127NK 855187195820499999999999999 2 8-201413 9399999999999999
 73 29 -1-11  0 30 72115152174179168147123105 97103120145170188193181154261128NK 947179204919399999999999999 258-1115 4 9799999999999999
115 73 35 11  4 16 44 81119150168171161142122107100105120140161175179168261129NK1043171214617999999999999999 350  416 410099999999999999
145113 77 47 27 23 34 58 90122148163165157140122107100102113129146159164261130NK1141166225716499999999999999 446 22171810099999999999999
157140115 86 61 45 41 51 71 98126148161164155140122106 96 941001131291422612 1NK1242164999999999999999999999 547 411843 9499999999999999
150149139120 97 76 62 58 65 83106130151163165156140120101 87 81 85 961122612 2NK 024151134016599999999999999 652 5820 7 8199999999999999
129142146141128109 90 76 71 77 92113136156167168157138114 91 73 65 68 802612 3NK 2 0146143316999999999999999 759 712115 6599999999999999
100121139148147137119100 86 80 85 99121144163173170156132103 76 56 48 522612 4NK 325149151917399999999999999 9 4 8022 8 4899999999999999
 69 93120142154155144126106 91 85 91107129153171177170150120 87 58 38 332612 5NK 43215616 01779999999999999910 1 852252 3299999999999999
 42 64 94125149162161148128107 92 88 96115139163178180166140105 68 39 222612 6NK 5261641638181999999999999991050 872330 2099999999999999
 22 38 67102135159169165148125103 90 90102124150172183178157124 85 48 222612 7NK 6101701713183999999999999991133 88999999999999999999999
 11 18 42 77115147168173163142118 98 88 93110136161180184172144106 65 302612 8NK 649173174718499999999999999 0 5 111210 8899999999999999
  9  6 22 53 91129158173172156133109 92 89 99121148171184181161127 86 462612 9NK 724175182018599999999999999 039  51245 8899999999999999
 16  3  9 32 68107142166174166146121100 89 92108133159178184174147109 67261210NK 758174185318599999999999999 112  31318 8899999999999999
 32  9  4 18 48 85123153169169156133110 93 89 98118144167181180162130 91261211NK 831171192618399999999999999 144  41350 8899999999999999
 52 23  8 12 33 65103136159168162144121101 90 92105128152171179171148114261212NK 9 416820 017999999999999999 217  81424 8999999999999999
 76 42 20 14 25 50 84118146162164153133113 97 91 96113135156170171158133261213NK 938165203617299999999999999 251 1415 1 9199999999999999
 99 65 38 24 25 41 68100130152161158145125107 95 93101117137154163160145261214NK1014162211616499999999999999 325 231543 9299999999999999
119 89 60 40 33 39 58 85114139155160153139120104 94 93102117134148154149261215NK105416022 415499999999999999 4 2 331634 9399999999999999
133110 84 62 47 45 54 74 99124145157158150135117101 92 91 98112126138144261216NK113815923 514499999999999999 443 441736 9099999999999999
140127107 86 68 58 58 68 87109132149159158149132113 96 86 83 89101115128261217NK1227160999999999999999999999 531 571848 8399999999999999
136135126111 94 79 70 70 79 96117137153161160148130108 88 74 69 73 86103261218NK 026136132016299999999999999 629 6920 0 6999999999999999
120132136132120105 91 81 80 87103122143159166163149126 99 74 56 50 55 70261219NK 2 0136141216799999999999999 739 7921 4 5099999999999999
 92115133143143133117101 90 86 92107128149166173167148120 87 56 35 28 35261220NK 32614415 417399999999999999 852 8622 0 2899999999999999
 56 85115140154155145128109 94 89 95111134158176181172147111 72 36 12  6261221NK 437156155318299999999999999 959 892251  699999999999999
 18 45 81119149166168155134112 95 89 96116142168186190176144101 55 16 -8261222NK 5361691643191999999999999991057 892341-1399999999999999
-12  5 39 83126159177176161136110 92 88 98121151179197197177140 91 40 -1261223NK 6291791732199999999999999991149 88999999999999999999999
-24-23  0 40 88134168184180160132105 88 86100127160188204201176133 80 28261224NK 718185182120599999999999999 029-261238 8599999999999999
-12-32-26  2 47 98144175187179155125 99 84 85103132166194207200171125 71261225NK 8 4187191020799999999999999 117-331325 8299999999999999
 20-16-31-20 12 59109152179186173147116 91 80 85105136169194204194163117261226NK 84918620 020499999999999999 2 5-311413 7999999999999999
 65 18-12-21 -6 29 75122160180181164137107 85 77 84106136166188195182151261227NK 932183205119599999999999999 251-2115 2 7799999999999999
108 61 22 -1 -3 16 51 94135165178173154127100 81 75 84104132158176180167261228NK1014178214318099999999999999 336 -51554 7599999999999999
139101 63 33 17 20 41 74111145167174165145119 94 78 73 81100123145160162261229NK1056174224116399999999999999 420 161651 7399999999999999
151128 98 69 48 39 46 66 95125151166168157137112 90 75 71 77 91111129142261230NK1138169235014599999999999999 5 4 391755 7199999999999999
145137121100 79 65 62 70 88112137156165163151131108 86 71 65 68 80 95112261231NK1221166999999999999999999999 548 6219 8 6599999999999999
