100111116118118116115118124133141146145138123103 79 54 31 16 13 22 39 6226 1 1NM 323118112514799999999999999 5531151946 1399999999999999
 85105118125127126123120122128136145151150142126102 74 46 20  4  2 13 3526 1 2NM 4 7127123015199999999999999 7141202040  199999999999999
 62 89110123129130127122119120127137148156156147127101 70 38 12 -4 -4 1126 1 3NM 439130133315799999999999999 8201192130 -699999999999999
 37 67 94115126130128123117113115124138151160159148126 97 64 31  5 -8 -426 1 4NM 5 7130142816199999999999999 9151132216 -899999999999999
 16 45 76102120128128124116109105109121137152160158145121 90 57 26  3 -526 1 5NM 53412915181619999999999999910 31052258 -599999999999999
  4 29 59 88111124128124116107 99 97103118136150156151136112 81 50 23  626 1 6NM 55912816 5156999999999999991048 972335  399999999999999
  5 20 47 77102119128127119108 97 90 89 98114132143146140124100 72 45 2526 1 7NM 6231281650147999999999999991133 88999999999999999999999
 16 22 41 69 95115127130124112 99 88 82 84 94109124133134126110 88 65 4526 1 8NM 648130173613499999999999999 0 8 161220 8299999999999999
 34 33 43 65 90112127133130120105 91 81 77 79 89103114120119112 98 80 6326 1 9NM 713133182512199999999999999 037 321312 7799999999999999
 52 48 53 67 87109125134135128114 98 85 77 72 75 83 94103107107100 90 7826 110NM 738136192210899999999999999 1 1 481412 7299999999999999
 69 65 67 74 88106122133137134123108 93 81 73 68 69 76 85 92 97 97 94 8826 111NM 8 41372040 9799999999999999 114 651521 6899999999999999
 82 80 81 85 92104118130136137130118104 90 78 68 62 62 67 76 83 89 92 9326 112NM 833137999999999999999999999 1 7 801633 6199999999999999
 92 93 94 97100106115125133136134127115101 87 74 62 55 54 59 68 77 86 9326 113NM 9 91369999999999999999999991739 53999999999999999999999
 98102105107109110114120128133135133126114100 84 68 54 46 45 51 62 74 8726 114NM 9591359999999999999999999991838 44999999999999999999999
 98106112115116116115117122128133135134127115 98 79 60 45 36 35 44 58 7526 115NM 4 511611 813699999999999999 5521151930 3499999999999999
 91105114120122120118116116121128134138137129115 95 72 50 33 25 28 40 5826 116NM 4 1122121813999999999999999 7161152017 2599999999999999
 79 98112121124123120115113114120129138143141131113 89 63 39 22 16 22 3926 117NM 414125131614399999999999999 8111122059 1699999999999999
 62 86105118125125121115110108112121133144148144130107 80 51 27 12 11 2226 118NM 43412514 214899999999999999 8521082137 1099999999999999
 44 71 95113123125122115108103103110123138148151143124 98 68 38 16  6 1126 119NM 456125144415199999999999999 9271022211  699999999999999
 29 55 83105119125124117107 99 95 99110126141150149137115 86 55 28 10  726 120NM 51712515231519999999999999910 2 952243  799999999999999
 19 42 70 96115124125119108 97 90 89 96111128142148143127103 73 44 22 1226 121NM 53612616 2148999999999999991037 882313 1199999999999999
 16 34 60 88111124127123112 98 87 81 83 94111128140142134116 91 63 38 2426 122NM 5551271642142999999999999991114 812340 2199999999999999
 21 32 55 82106123130127117102 87 77 73 79 92109125134133123104 80 57 4026 123NM 6131301725134999999999999991154 73999999999999999999999
 34 38 55 78103122132132123108 91 77 68 67 74 88105118124122112 94 75 5926 124NM 632133181412599999999999999 0 5 341238 6799999999999999
 50 51 61 79101120133136130117 98 81 68 62 62 69 83 98109114112103 89 7726 125NM 651136191311499999999999999 028 501330 6199999999999999
 69 67 72 84101119133139137126109 90 74 63 56 56 62 74 87 97103103 98 9026 126NM 713139203010399999999999999 044 671436 5599999999999999
 85 83 86 93104118132140141135122104 87 72 60 52 49 53 63 75 85 93 96 9726 127NM 7381412233 9799999999999999 045 831554 4999999999999999
 96 97100104110119129138142140133120104 87 72 58 47 41 42 50 62 74 85 9426 128NM 812142999999999999999999999 010 961717 4099999999999999
100105109114117121126133139141139133122108 91 74 56 40 30 29 37 50 65 8126 129NM 9 51419999999999999999999991836 29999999999999999999999
 95106114120123123124126131136140140137128115 97 75 53 32 19 17 25 41 6126 130NM10421409999999999999999999991942 17999999999999999999999
 82100114122125125123120121126132139144143136121100 74 47 23  9  7 19 3926 131NM 429126122814499999999999999 7201202036  699999999999999
 64 88108120126126122116111112118129140148150142125100 70 40 14  1  3 2026 2 1NM 431127134115099999999999999 8241112121  099999999999999
 45 73 98116125126122113104 99101112127142152153143123 95 63 31  8 -1  726 2 2NM 439127143715499999999999999 913 9922 1 -199999999999999
 29 58 88110124128123113100 90 86 92106126143152151139116 86 54 26  8  626 2 3NM 453128152615399999999999999 956 862237  499999999999999
 20 47 78104122130127116101 86 76 75 85103124141148144129105 75 47 25 1526 2 4NM 5111301611148999999999999991037 7423 9 1599999999999999
 20 41 70 99120131132122105 87 73 65 68 81102122136140133116 92 66 44 3126 2 5NM 5311331653140999999999999991117 652338 2899999999999999
 29 42 66 94118132136129113 93 75 63 58 64 80101118128128120103 81 62 4926 2 6NM 5511361735129999999999999991157 58999999999999999999999
 44 49 66 91115132139135122102 81 65 57 55 64 80 99112118116107 92 76 6426 2 7NM 610139181611899999999999999 0 0 441238 5599999999999999
 59 61 72 90112129139139129112 91 73 60 54 56 65 80 95105108105 97 86 7726 2 8NM 62914019 210899999999999999 013 591321 5499999999999999
 73 74 80 92109126137139134121102 83 68 59 55 57 66 78 90 97 99 97 92 8626 2 9NM 64913920 0 9999999999999999 012 731411 5599999999999999
 84 86 90 98108121132137135126112 95 79 67 59 56 57 64 74 83 89 92 92 9126 210NM 7131372144 9299999999999999 0 1 841515 552325 919999999
 92 94 99104110118126132133129120107 93 80 69 60 55 54 59 67 75 82 87 9226 211NM 7431349999999999999999999991635 54999999999999999999999
 96100105110113117121126129129125117107 95 82 70 59 51 48 51 58 67 77 8726 212NM 8281299999999999999999999991759 48999999999999999999999
 96103110114116117117119122125126124119110 98 84 68 53 42 38 41 50 62 7726 213NM 95612699999999999999999999919 7 38999999999999999999999
 90102111116118117115113114117122126127124115101 83 63 44 31 27 32 45 6226 214NM 4 4118114912799999999999999 7141131958 2799999999999999
 81 97110117120118113108106108114122130133130119101 78 54 33 20 18 28 4626 215NM 35912013 313399999999999999 8 51062039 1799999999999999
 68 89106117121119112104 98 97102112125135138133118 96 69 42 22 12 15 3026 216NM 4 7121135513999999999999999 841 962115 1199999999999999
 54 79101115122120113101 91 86 88 98113129140142133114 88 58 32 14 10 2026 217NM 418122144114299999999999999 915 852147 1099999999999999
 41 68 94113122123115102 87 77 74 80 95115133142141128106 77 48 25 14 1726 218NM 430124152314399999999999999 949 742217 1399999999999999
 34 60 88111124126119105 87 71 63 64 76 95117135141136120 96 67 42 25 2226 219NM 44412616 5141999999999999991023 622245 2199999999999999
 32 54 82108125130125110 90 71 56 51 57 73 96119133137128110 86 61 42 3426 220NM 4591301647137999999999999991059 512311 3499999999999999
 38 54 79105125134131118 98 75 56 44 43 53 73 97117128129119100 79 61 5026 221NM 5161341731130999999999999991137 422335 4899999999999999
 49 59 79103125136137127108 84 61 45 37 39 53 74 96113120118108 93 77 6726 222NM 5331381818121999999999999991217 372352 6499999999999999
 64 69 83102123137141135119 96 72 53 40 35 39 53 73 91104109107 99 89 8126 223NM 55214119141109999999999999913 5 352356 7999999999999999
 79 81 90104121135142140129110 88 66 50 40 36 40 52 68 83 93 98 98 94 9026 224NM 6131422029 989999999999999914 3 362337 8999999999999999
 89 93 98107119131140141135122104 85 67 54 44 38 40 48 60 71 80 87 91 9326 225NM 6381419999999999999999999991519 38999999999999999999999
 95100105111118126134137136129118104 88 73 60 48 39 36 40 49 59 70 80 8926 226NM 7121379999999999999999999991653 36999999999999999999999
 96103110115118121125129131130126119108 96 82 66 50 37 30 30 37 49 64 7926 227NM 8111319999999999999999999991825 29999999999999999999999
 92103111116118117116116119122125126123116105 89 70 49 31 21 21 30 46 6526 228NM 4 0118104912699999999999999 6111161930 1999999999999999
 84100111117118114109104104108115122128130124112 93 69 44 24 13 15 29 4926 3 1NM 343118124513099999999999999 7341032019 1399999999999999
 73 94110118119114105 95 88 89 97110123133136130114 91 64 37 18 10 17 3626 3 2NM 337119135113699999999999999 822 8821 0 1099999999999999
 61 87107119121115104 90 77 72 76 90107124136139130111 86 57 32 16 14 2826 3 3NM 344122144413999999999999999 9 3 722136 1399999999999999
 52 79104120125120107 89 72 60 58 67 85107126137137125104 78 51 30 21 2626 3 4NM 358125153013999999999999999 942 5722 9 2199999999999999
 46 73100120129127113 94 73 55 46 48 63 85109127135131117 95 70 48 35 3326 3 5NM 4161301612135999999999999991020 452239 3299999999999999
 45 68 96118131132122102 78 56 42 37 44 63 88111125129122106 85 65 51 4526 3 6NM 4351331652129999999999999991055 3723 5 4599999999999999
 50 67 92116132136129111 87 62 44 34 34 46 68 92111120121112 96 79 66 5926 3 7NM 4531361730122999999999999991130 322325 5899999999999999
 60 70 89112130137134120 98 72 51 37 31 36 52 74 95109114111101 88 77 7126 3 8NM 51113818 71149999999999999912 3 312332 7099999999999999
 71 77 89108126136136126108 84 61 44 35 34 42 59 79 95104106102 93 85 8026 3 9NM 5291371846106999999999999991237 332327 7999999999999999
 80 84 92106121132135129115 96 74 55 43 38 40 49 64 80 92 97 98 94 89 8626 310NM 5491351935 98999999999999991316 372319 8699999999999999
 87 91 97105116126131129120105 87 69 55 46 43 45 53 65 77 85 89 90 90 9026 311NM 61213121 3 909999999999999914 7 422245 9099999999999999
 91 95101106113120125126121112 99 84 70 58 50 46 47 53 61 69 77 82 86 9026 312NM 6381269999999999999999999991521 46999999999999999999999
 94 99104108111115118120119115107 97 86 74 63 54 47 45 47 53 61 70 79 8726 313NM 71312099999999999999999999917 2 45999999999999999999999
 94101106109110110110111112112111107100 91 79 66 53 43 38 38 44 54 67 8026 314NM 8471129999999999999999999991828 37999999999999999999999
 92101108110110107103101102105109111110106 96 82 66 50 36 29 30 39 53 7026 315NM 319111112211199999999999999 7191011923 2899999999999999
 87100109112110105 97 91 89 92 99108115117112100 83 63 43 28 22 26 40 5926 316NM 3 8112124911799999999999999 753 8920 4 2299999999999999
 80 97109114112104 93 82 75 76 84 97111120123116102 81 57 36 22 20 30 4926 317NM 310114134712399999999999999 823 752040 2099999999999999
 72 94110117115106 91 75 63 59 65 79 98115126127118100 76 51 32 23 27 4226 318NM 317117143612899999999999999 855 592112 2299999999999999
 65 90110120120110 93 73 55 45 45 57 77101120130129116 95 70 48 33 30 4026 319NM 328121152213199999999999999 928 432143 3099999999999999
 60 86109123126117 99 76 53 36 29 35 53 79105124131127111 90 67 49 41 4426 320NM 34412716 61319999999999999910 2 292213 4199999999999999
 59 83107126132126109 85 58 35 20 18 30 53 82108124128121105 85 67 56 5426 321NM 4 11321651128999999999999991039 172241 5399999999999999
 63 82105126136134120 97 69 42 21 11 14 30 57 85108120121112 98 82 71 6726 322NM 4211371736122999999999999991119 1123 5 6799999999999999
 70 83103124137140130111 84 55 31 15  9 15 34 61 86103112111103 92 83 7926 323NM 44214018261139999999999999912 1  92319 7999999999999999
 80 87102120135141137123100 74 48 28 16 13 21 39 62 82 95101101 96 90 8826 324NM 5 41411925102999999999999991249 1223 8 8899999999999999
 89 93102115130138138130114 92 68 48 32 22 20 27 43 60 75 85 91 92 91 9126 325NM 5291392058 92999999999999991346 192230 9199999999999999
 94 98103111122131134131121107 88 69 53 40 30 27 31 42 54 66 75 83 88 9226 326NM 5591349999999999999999999991457 27999999999999999999999
 96101105109114120124125121114103 90 75 62 49 38 31 31 38 47 58 70 80 8926 327NM 6381259999999999999999999991628 31999999999999999999999
 96102106107107108110112113112110104 95 84 71 56 42 32 29 33 42 55 70 8426 328NM 8 71139999999999999999999991757 29999999999999999999999
 95103107107104 99 95 95 98102106109108102 92 78 61 43 30 25 30 42 59 7726 329NM 235108111910999999999999999 634 951859 2599999999999999
 93104109109103 94 84 78 79 85 94103111113109 98 81 61 42 28 25 33 49 7026 330NM 222110125311399999999999999 727 781946 2499999999999999
 90105113113106 93 79 66 60 63 74 89104115118113100 81 59 40 28 29 42 6226 331NM 226114135511899999999999999 8 8 602025 2799999999999999
 85105117119111 97 78 60 47 44 52 68 88106119121114 99 78 57 40 34 40 5726 4 1NM 241120144612299999999999999 846 4321 2 3499999999999999
 80102119125119104 82 60 41 30 32 46 67 91111121122112 95 75 56 45 44 5526 4 2NM 3 1125153112399999999999999 922 292136 4399999999999999
 75 99118128126113 91 65 42 25 19 27 46 72 97114122119107 89 72 59 53 5726 4 3NM 321129161312299999999999999 957 1922 7 5399999999999999
 72 94116129131122101 75 48 27 15 15 28 52 79102116119113100 85 72 65 6426 4 4NM 3411321651119999999999999991031 132235 6399999999999999
 73 90111128134128111 86 58 34 18 11 17 35 62 87106114114106 93 82 75 7326 4 5NM 4 113417271159999999999999911 3 112255 7399999999999999
 77 88106124133131119 98 71 45 25 14 14 25 46 72 93105110106 98 88 82 8026 4 6NM 42113418 2110999999999999991135 1323 2 8099999999999999
 82 89102118130132124108 85 59 37 22 17 20 35 56 78 94102103 99 92 86 8526 4 7NM 44313218401039999999999999912 8 1723 0 8599999999999999
 86 91100112124129126114 96 74 51 34 24 22 29 44 63 80 91 95 95 92 89 8826 4 8NM 5 61291930 96999999999999991245 222255 8899999999999999
 89 93 99108117124124117104 86 67 49 36 29 29 37 50 65 77 85 89 90 90 9026 4 9NM 5301259999999999999999999991330 28999999999999999999999
 92 95 99105111116118115108 96 81 65 51 40 35 35 40 50 61 71 79 84 88 9126 410NM 5571189999999999999999999991429 34999999999999999999999
 94 97100102105108109109106100 91 79 67 55 45 39 37 40 47 56 67 76 84 9126 411NM 6281109999999999999999999991551 37999999999999999999999
 96 99101101100 99 99 99100 99 96 91 82 72 60 49 41 37 37 43 54 66 79 8926 412NM 237101 81910099999999999999 6 4 991722 3699999999999999
 97102103101 96 91 87 85 87 91 95 97 94 88 78 65 52 41 35 35 43 56 71 8626 413NM 1511031056 9799999999999999 654 851826 3499999999999999
 98104106102 94 84 75 70 70 77 86 95101101 95 84 69 53 40 34 37 48 64 8226 414NM 146106123310299999999999999 723 691913 3499999999999999
 98108110106 95 81 66 55 51 56 69 84 99108109102 88 71 54 41 37 44 59 7826 415NM 151110133810999999999999999 754 511952 3799999999999999
 97111116112100 82 62 44 33 34 46 64 86104115115106 91 72 56 46 46 56 7426 416NM 2 5116143211699999999999999 826 322029 4599999999999999
 95112122121109 88 64 40 22 15 21 39 64 91111121119108 92 74 60 54 59 7326 417NM 223123152112199999999999999 9 2 1521 5 5499999999999999
 92112126129120100 73 45 20  4  1 13 38 68 96115123119107 91 77 67 66 7426 418NM 24413016 912399999999999999 940  12139 6599999999999999
 90111128136131114 88 58 28  5 -7 -5 12 41 72 99115120115104 91 80 75 7826 419NM 3 91361656120999999999999991022 -82212 7599999999999999
 89107126138139128106 76 45 17 -3-11 -5 16 46 76 99111114109 99 91 85 8426 420NM 33514017471149999999999999911 6-112241 8499999999999999
 90103121136142137121 96 66 37 13 -4 -9  1 23 51 77 95104106102 96 92 9026 421NM 4 31421843106999999999999991152 -923 2 9099999999999999
 92 99113128138139130112 88 60 35 15  2 -1 10 31 55 74 88 96 98 96 94 9426 422NM 4331401955 98999999999999991242 -12250 9499999999999999
 95 98106118129134131121104 82 59 38 21 10  9 19 37 55 71 82 90 93 94 9526 423NM 5 71349999999999999999999991336  8999999999999999999999
 96 97100107116122124120111 98 80 61 44 30 21 20 27 40 55 68 79 88 93 9526 424NM 5471249999999999999999999991438 19999999999999999999999
 97 98 98 98102106110111109103 94 81 66 52 40 31 28 32 43 55 69 81 91 9726 425NM 6491119999999999999999999991552 28999999999999999999999
 99 99 97 94 91 90 92 95 98 99 98 93 84 73 60 48 38 34 37 46 60 74 88 9826 426NM 035100 9 9 9999999999999999 448 9017 7 3499999999999999
103103100 93 85 77 73 74 80 86 92 96 95 89 80 68 55 44 38 41 52 68 84 9826 427NM 0331041121 9699999999999999 614 7318 9 3899999999999999
107110105 97 84 71 59 55 58 67 78 89 97 99 95 86 74 60 48 44 49 62 79 9626 428NM 0501101250 9999999999999999 7 3 551858 4499999999999999
109116113103 88 70 53 41 38 45 59 75 91101105101 91 78 63 53 51 59 74 9226 429NM 113116135610599999999999999 744 381942 5099999999999999
109120121113 96 75 53 34 24 25 38 57 78 96107110105 94 80 67 59 60 71 8826 430NM 139122144811099999999999999 822 232023 5899999999999999
106120126121106 84 59 35 18 12 19 37 60 84102112113106 94 81 71 66 71 8426 5 1NM 2 5126153311499999999999999 858 1221 2 6699999999999999
101118128128117 95 69 42 20  7  6 19 42 68 92109115113104 93 82 75 74 8126 5 2NM 230129161411699999999999999 933  52138 7499999999999999
 96114127131125107 82 53 28  9  1  6 25 51 78100112115110101 91 83 80 8226 5 3NM 25513116511159999999999999910 8  12210 8099999999999999
 92108123132130117 95 68 40 18  4  2 12 35 62 87104111111104 96 89 85 8526 5 4NM 3201321726112999999999999991042  12235 8499999999999999
 90102117129132124107 83 55 30 12  4  7 22 46 72 92104107105 99 92 88 8726 5 5NM 34613218 3107999999999999991116  32251 8799999999999999
 90 98111123130127115 96 71 46 24 11  7 15 33 57 79 93100102 99 94 90 8926 5 6NM 4121301845102999999999999991151  723 3 8999999999999999
 90 95104116125126119105 85 62 39 22 13 14 24 43 64 81 91 96 97 95 92 9126 5 7NM 4401261941 97999999999999991228 122319 9199999999999999
 91 94100108116121118109 95 76 55 37 24 18 21 33 50 67 80 89 94 95 94 9326 5 8NM 5101212058 959999999999999913 8 182350 9299999999999999
 92 93 96101107112113109100 87 70 53 38 28 25 29 40 54 68 80 89 93 95 9526 5 9NM 5441132226 96999999999999991354 25999999999999999999999
 95 94 94 95 97100102103100 93 82 68 54 42 34 32 36 45 57 70 82 91 96 9826 510NM 6371032312 9899999999999999 133 941450 3299999999999999
 98 96 93 90 88 87 88 91 93 92 89 81 70 59 49 42 39 42 50 62 75 88 9710226 511NM 827 93233710299999999999999 452 8716 0 3999999999999999
102 99 94 87 79 74 71 74 79 85 89 89 85 77 67 57 50 46 48 57 70 84 9610526 512NM1033 90235810899999999999999 6 0 711711 4699999999999999
108105 97 86 74 62 54 53 59 69 81 90 94 92 86 77 66 58 54 56 66 80 9510726 513NM1214 94999999999999999999999 640 5318 9 5499999999999999
113112104 91 74 56 41 33 36 47 63 80 94102102 96 86 75 66 62 67 78 9310826 514NM 023114133010399999999999999 717 331858 6299999999999999
118121115100 80 57 35 19 14 21 38 60 83101110110104 93 82 74 72 79 9110726 515NM 050121143111199999999999999 756 141943 7299999999999999
121128126114 93 67 39 16  1 -1 11 33 61 87107116116108 98 88 82 82 9010426 516NM 120129152611799999999999999 838 -22026 8199999999999999
120132136129110 84 54 24  0-12-11  6 33 64 92110118117109100 92 89 9110126 517NM 152136161811999999999999999 923-1421 9 8899999999999999
116131141140128105 75 43 13 -9-19-14  7 37 68 94110116114108101 95 93 9826 518NM 2271421711116999999999999991010-202152 9399999999999999
109125139145140124 98 67 35  7-13-20-11 12 43 72 94107112110105100 96 9626 519NM 3 414518 7112999999999999991058-202234 9699999999999999
102115130142144136118 92 62 32  6-11-15 -3 21 49 74 92103107105101 98 9626 520NM 34314419 6107999999999999991147-152319 9599999999999999
 97104117131139138128111 86 58 32 10 -4 -5  8 31 56 76 91100103102 99 9626 521NM 42513920 4103999999999999991234 -7999999999999999999999
 94 95103115125130128119103 81 57 34 16  6  8 21 42 62 79 92100102100 9726 522NM 510130205410299999999999999 011 941322  599999999999999
 93 91 92 98107115118116109 95 77 57 39 25 19 22 35 52 70 85 9610210310026 523NM 6 7118213510399999999999999 117 901411 1899999999999999
 95 90 86 85 88 94100104103 99 89 75 60 47 37 32 36 47 63 79 9210310710526 524NM 730104221210799999999999999 245 8515 4 3299999999999999
100 93 85 78 74 74 79 85 90 93 92 86 76 66 56 49 45 49 59 74 8910211011226 525NM 917 93224811299999999999999 423 7316 4 4599999999999999
108 99 89 77 66 59 58 63 71 80 86 89 87 82 75 67 61 57 60 70 85 9911111726 526NM11 6 89232411799999999999999 537 5817 5 5799999999999999
116109 97 82 66 52 43 43 51 62 74 84 91 92 89 84 77 71 67 71 81 9510811826 527NM1246 92999999999999999999999 630 4218 3 6799999999999999
122118107 91 72 52 36 28 31 42 57 74 88 97100 98 93 85 78 76 80 9110411726 528NM 0 112214 310099999999999999 714 281855 7699999999999999
125125118102 81 58 37 22 17 24 39 59 78 94104107105 98 91 84 83 88 9911226 529NM 037126145810799999999999999 755 171945 8299999999999999
123129126114 94 69 44 23 11 10 21 41 64 86102111112108101 94 88 88 9510626 530NM 112129154011399999999999999 834  92032 8799999999999999
119129131124107 83 56 31 12  4  8 24 48 73 95109115114108101 94 91 9210026 531NM 146132161811599999999999999 912  32115 9199999999999999
113126133131120 99 72 44 21  5  1 10 30 57 82101112115111105 99 94 92 9626 6 1NM 220134165411599999999999999 950  12151 9299999999999999
106120131135129113 89 61 34 13  1  2 16 40 67 90105111112107101 96 93 9326 6 2NM 2531351731112999999999999991028  02222 9299999999999999
100112126134133123103 78 50 25  8  1  7 25 51 76 95105109107103 97 93 9226 6 3NM 32513518101099999999999999911 4  12249 9299999999999999
 95104117128133128114 93 67 41 19  6  4 15 36 61 83 97105106104 99 94 9126 6 4NM 3581331850106999999999999991139  32319 9199999999999999
 92 98108119127127119104 82 58 34 16  8 12 26 48 70 88 99104104101 96 9126 6 5NM 4311281931105999999999999991213  82357 9099999999999999
 90 92 99108117121119109 93 72 50 30 18 15 22 39 59 78 93102105103 99 9326 6 6NM 5 812220 9105999999999999991246 15999999999999999999999
 89 88 91 97104111113109 99 84 65 46 31 24 25 35 51 70 86 99105106103 9726 6 7NM 552113204310799999999999999 049 881321 2399999999999999
 91 86 84 86 90 96101103100 92 79 63 48 38 35 38 49 64 80 9510510910810226 6 8NM 656103211411099999999999999 2 5 8414 0 3599999999999999
 94 86 80 76 75 78 84 90 94 93 88 78 66 56 50 48 53 63 77 9110411211310926 6 9NM 826 94214511399999999999999 342 751445 4899999999999999
100 89 79 70 63 60 63 71 80 87 90 89 83 75 68 64 63 67 76 8910311311811726 610NM1011 90221711899999999999999 457 601545 6399999999999999
109 97 83 68 55 46 43 48 58 72 83 91 94 92 87 82 78 77 80 8910111312112426 611NM1159 94225412499999999999999 552 431653 7799999999999999
120109 93 74 55 38 27 25 33 48 66 83 95102102 99 95 90 88 9110011112212926 612NM1336102233713099999999999999 641 241758 8899999999999999
130123108 88 65 41 21 10 10 21 41 63 85101109111109104 99 9710010912013026 613NM1449111999999999999999999999 730  81857 9799999999999999
136135125107 83 55 29  7 -4 -2 13 36 63 8810611511711410910510310611512626 614NM 024137154911799999999999999 821 -5195410399999999999999
137143140128106 78 47 19 -4-14-10  9 36 66 9110911711811511110610410811826 615NM 114143164211999999999999999 913-15205110499999999999999
131143148143128104 73 41 12-10-19-12 10 40 70 9411011711711310810410310826 616NM 2 414817321179999999999999910 3-19214510299999999999999
119134146150143126100 69 37  8-13-19 -8 17 47 75 97110115114109103 99 9826 617NM 2541501815115999999999999991052-192235 9899999999999999
105119134145147139121 95 64 33  7-10-12  3 29 57 83101111113110104 97 9226 618NM 3431471851113999999999999991137-132325 9199999999999999
 93101116131139140131114 88 60 32  9 -2  1 18 44 70 91105112111105 97 9026 619NM 4331411923113999999999999991218 -3999999999999999999999
 85 87 96110123129129120104 81 56 33 17 11 18 37 61 84101111114110101 9126 620NM 526130195211499999999999999 018 851257 1199999999999999
 83 78 80 89101111116116108 94 74 54 38 29 28 38 57 78 97110117116108 9726 621NM 626117202111899999999999999 117 781334 2799999999999999
 86 77 71 72 79 89 97102103 97 86 71 58 49 44 47 58 76 9410911912111610526 622NM 736103205212299999999999999 226 711410 4499999999999999
 93 81 70 63 62 67 76 84 90 93 90 83 74 67 63 61 65 76 9110611812412311626 623NM 9 0 93212512599999999999999 341 621448 6199999999999999
103 89 75 63 54 51 56 64 74 82 87 88 85 82 79 77 77 80 9010211512412712426 624NM1043 8822 212799999999999999 452 511541 7799999999999999
114100 84 69 54 44 41 46 56 67 78 86 91 93 92 92 90 89 92 9911012012612826 625NM1321 93224512899999999999999 551 411655 8999999999999999
123112 96 79 61 44 33 31 38 50 65 79 91 98102103102 99 97 9910511412312826 626NM1452103233512999999999999999 642 3118 8 9799999999999999
129123110 92 72 51 34 23 24 33 49 67 84 9810711111010810410110210811712526 627NM1526111999999999999999999999 729 22191410199999999999999
131130122107 86 63 41 23 15 18 32 51 72 9110611311611410910410210311012026 628NM 027131155611699999999999999 814 15201010299999999999999
129134132121103 79 53 30 14  9 16 33 56 80 9911111711711310710210010311226 629NM 115134162611799999999999999 856  9205710099999999999999
123133137132118 96 70 43 21  7  6 17 39 64 88105114117115109103 99 9810426 630NM 159137165811799999999999999 937  52135 9899999999999999
115128137139130113 88 60 33 12  2  6 22 47 74 95109115115110104 98 94 9726 7 1NM 2391391729116999999999999991015  222 8 9499999999999999
105119132139137125104 77 49 23  6  2 11 32 59 84102112115112105 97 92 9126 7 2NM 3171391758115999999999999991049  22242 9199999999999999
 96108122133137131116 93 66 38 16  5  7 22 46 72 94108114113108 99 91 8726 7 3NM 3531371825114999999999999991121  42317 8699999999999999
 88 96109122131131122105 81 55 31 15 10 19 38 63 86104113115111102 92 8526 7 4NM 4311321848115999999999999991151 102357 8299999999999999
 82 85 95108119125122112 94 71 47 29 20 22 35 56 80100112117115107 95 8526 7 5NM 5121251910118999999999999991219 19999999999999999999999
 78 77 82 91103113116112101 84 64 46 34 32 39 55 75 96111119120113101 8826 7 6NM 6 0116193212099999999999999 043 771246 3199999999999999
 77 71 71 75 85 96104107104 94 79 63 52 46 49 58 74 93110120124119108 9426 7 7NM 7 0107195612499999999999999 139 701312 4699999999999999
 80 70 64 62 66 75 86 94 99 97 90 79 70 64 63 68 78 9210812112712611810426 7 8NM 815 99202212799999999999999 247 621338 6399999999999999
 88 74 62 54 51 55 64 75 85 92 94 91 85 81 80 81 86 9510712012813112711626 7 9NM 951 94205313199999999999999 359 5114 1 8099999999999999
100 84 68 54 43 38 41 51 64 77 87 94 95 95 95 95 9710010811812713313312826 710NM2134134999999999999999999999 5 8 38999999999999999999999
116100 81 63 45 31 25 27 38 54 70 85 9610310610710810811011612413213613626 711NM2232137999999999999999999999 613 24999999999999999999999
131119101 81 59 37 20 11 14 27 45 66 8610111011411611511411411812613413926 712NM16 9116234614199999999999999 715 11182311499999999999999
141136123104 80 54 29  9  0  3 18 41 66 8910611511912011711411311712513426 713NM1632120999999999999999999999 813 -1194411399999999999999
143146142128107 80 50 22  0 -9 -3 15 42 70 9411011912111911410910711212226 714NM 1 0146165612199999999999999 9 7 -9204810799999999999999
135146150146131107 77 45 15 -6-13 -4 19 48 77100114120119114106100 9910526 715NM 2 3150171812099999999999999 955-132141 9899999999999999
119134147152146129104 72 39 10 -8-10  4 31 61 88108118120114105 96 89 8926 716NM 2591521740120999999999999991038-112229 8899999999999999
 99115132145148141123 97 65 34 10 -3  1 20 48 78101116121117108 95 84 7826 717NM 35014818 3121999999999999991117 -42316 7899999999999999
 80 92110128138140132113 87 59 33 14  9 19 42 70 95114123122113 99 85 7426 718NM 4401411826124999999999999991152  9999999999999999999999
 69 73 87105120128128119102 78 55 36 26 27 42 66 91112124127121107 90 7526 719NM 531129185012899999999999999 0 4 691224 2599999999999999
 65 62 68 81 97110116115106 91 72 56 45 43 49 66 89110124131128117 99 8226 720NM 623117191413199999999999999 055 621250 4299999999999999
 69 60 57 63 75 89 99104103 96 84 71 63 60 62 71 88107123131132125111 9326 721NM 721104193913399999999999999 150 5713 8 6099999999999999
 77 64 56 54 59 69 81 89 94 94 89 83 77 75 77 81 9010411912913313012010526 722NM 832 9520 613399999999999999 251 5413 4 7599999999999999
 88 74 62 53 50 54 63 73 81 87 89 89 88 88 89 92 9610411412413113212611626 723NM1016 90203913299999999999999 357 501226 8799999999999999
101 86 72 59 49 45 48 56 66 76 84 90 94 97 9910210410611111812512912912426 724NM2125130999999999999999999999 5 5 45999999999999999999999
114100 85 70 55 44 39 41 50 61 74 85 9410110610911011011011311812412712826 725NM2233128999999999999999999999 6 9 39999999999999999999999
123114101 84 66 49 36 31 34 45 59 75 8910111011411511411111011211612312826 726NM1553115235312999999999999999 7 7 31185911099999999999999
129126116101 81 60 41 27 23 28 42 60 79 9610911611811611210810610811512326 727NM16 1118999999999999999999999 757 23195910699999999999999
130133129118 99 76 52 31 17 15 24 42 65 8610311411911811310710210110611526 728NM 058133161811999999999999999 841 15204310199999999999999
126135138131116 94 67 41 20  9 11 26 48 73 95110118119115107 99 95 9610426 729NM 149138163911999999999999999 921  92119 9499999999999999
117130139140130111 85 56 30 11  6 13 33 59 85105116120116108 98 90 87 9226 730NM 232141165912099999999999999 956  62153 8799999999999999
104120134141138124102 74 45 21  8  8 23 47 75 98114120119110 98 87 80 8126 731NM 3121411717120999999999999991027  62227 7999999999999999
 89105122135139132115 90 62 35 17 11 19 39 66 92111121122114101 87 76 7226 8 1NM 3511391734122999999999999991056 1123 2 7299999999999999
 76 88105122132133123104 79 52 31 21 22 37 60 87109122125119106 90 75 6626 8 2NM 4311341750125999999999999991122 202339 6499999999999999
 65 72 87105120127124112 93 70 49 35 32 40 59 83106122128125113 96 78 6426 8 3NM 51312718 8129999999999999991146 32999999999999999999999
 58 59 69 85103115119115103 85 66 52 46 50 62 82105122131131121104 85 6826 8 4NM 6 0119182613299999999999999 020 5712 8 4699999999999999
 56 52 55 66 82 97107110106 95 81 69 63 63 71 85104121132135128114 95 7626 8 5NM 654111184713599999999999999 1 6 521225 6299999999999999
 60 51 47 51 61 76 89 98101 99 91 83 78 78 82 91104120132137134124108 8926 8 6NM 8 2101191113799999999999999 2 3 471231 7799999999999999
 71 57 48 43 45 54 67 79 88 93 94 92 90 91 9410010711812913613813212110526 8 7NM 941 94194113899999999999999 313 431213 9099999999999999
 87 71 57 45 38 38 44 55 67 78 87 93 9610010410811211812513213713613112126 8 8NM2027137999999999999999999999 434 37999999999999999999999
107 91 74 58 43 32 28 32 43 56 71 84 9510310911411711812112513013413513326 8 9NM2148135999999999999999999999 557 28999999999999999999999
125113 97 79 58 39 23 16 20 32 49 68 8610111111711911911711712012513113626 810NM1619119234413799999999999999 7 9 16183811699999999999999
137132121104 82 57 32 14  6 11 26 47 71 9210811712011911510910711111912926 811NM1613120999999999999999999999 8 7  6195310799999999999999
138142139128108 82 53 25  6 -1  7 27 53 79101115120119113104 97 9510111326 812NM 110142161712199999999999999 856 -12046 9599999999999999
128140147144130107 78 47 19  1 -1 13 37 66 93112121121114103 90 82 82 9126 813NM 212147162912299999999999999 938 -22132 8199999999999999
108127141148143127102 71 40 16  4  8 27 55 84108122125118104 89 75 68 7026 814NM 3 61481646125999999999999991016  32215 6799999999999999
 84104125139144137119 93 64 37 19 14 24 48 78104122129124111 92 74 61 5626 815NM 35414417 6129999999999999991050 132258 5699999999999999
 62 79102122134136127108 83 59 39 29 31 47 73101121132131120100 79 61 5026 816NM 4411361726133999999999999991120 282340 4899999999999999
 49 58 78100117126125115 97 76 58 47 44 53 73 98120133136128111 89 68 5326 817NM 5261261746136999999999999991146 44999999999999999999999
 45 46 58 78 97110116113103 88 73 64 60 63 76 96117132138134121100 78 6026 818NM 61211618 613899999999999999 022 4412 3 6099999999999999
 49 44 47 60 78 93103106103 94 84 77 74 76 83 96113129137136128112 91 7226 819NM 7 0106182713899999999999999 1 7 4412 3 7499999999999999
 57 48 46 50 62 77 88 95 97 95 90 86 85 87 91 99110123132135131120103 8526 820NM 8 0 97185113599999999999999 156 461144 8499999999999999
 70 58 51 48 52 62 73 82 88 91 91 91 92 95 99104110118126131130124113 9926 821NM1922131999999999999999999999 255 48999999999999999999999
 84 71 60 53 49 51 58 67 75 82 88 92 9610110510911211511912412612411911026 822NM20 8126999999999999999999999 4 9 49999999999999999999999
 99 87 74 62 52 46 46 51 60 69 79 89 9710410911311411411411611912112111826 823NM2135121999999999999999999999 533 45999999999999999999999
112103 90 76 61 48 39 38 43 53 67 80 9310411111511511311010911011411812126 824NM1536116233212299999999999999 644 3719 510999999999999999
122117107 92 74 56 40 30 29 36 51 68 8610111111711711310810210110411011926 825NM1533117999999999999999999999 737 28195310199999999999999
125127122110 91 69 47 29 20 22 35 54 75 95109117118114106 97 92 92 9911026 826NM 049127154111999999999999999 819 202029 9199999999999999
122130132125109 86 60 37 20 15 22 40 63 87106117120116106 94 84 80 84 9626 827NM 142132155312099999999999999 855 1521 1 8099999999999999
111126135134124104 78 50 28 16 16 30 52 79102117122119108 93 79 70 70 7926 828NM 22713616 612299999999999999 927 142133 6999999999999999
 95114130137133119 95 68 42 24 18 26 45 71 97116125123112 96 78 63 57 6226 829NM 3 9137161912599999999999999 956 1822 6 5799999999999999
 76 97118132136128111 86 60 38 27 28 43 66 93115127128118101 80 61 49 4826 830NM 3491361634129999999999999991023 262240 4799999999999999
 57 76 99120131132121101 78 56 41 37 46 65 90114129133126109 87 64 47 3926 831NM 4301331650133999999999999991049 372316 3999999999999999
 42 56 78102119127124112 93 73 58 51 54 67 89112130137133118 97 72 51 3826 9 1NM 51212717 8137999999999999991112 512354 3399999999999999
 33 40 57 80101115120115103 87 73 66 66 74 90110129139138128108 84 61 4326 9 2NM 5581201726140999999999999991129 65999999999999999999999
 34 32 41 59 80 97108110105 96 85 79 79 83 94109126138141135120 99 76 5626 9 3NM 650110174714199999999999999 038 321136 7899999999999999
 42 34 34 43 58 76 89 97100 97 92 89 89 93100110123135140138129113 93 7326 9 4NM 758100181214199999999999999 132 331124 8899999999999999
 57 45 37 36 42 54 67 78 86 91 92 93 96100106112120129136137133123110 9326 9 5NM1844137999999999999999999999 241 36999999999999999999999
 77 63 50 41 36 38 46 56 67 77 85 92 9810411011411812212713013112812111126 9 6NM1937131999999999999999999999 411 36999999999999999999999
 99 85 70 56 42 33 31 36 45 58 72 85 9610511211511611611611812112412512326 9 7NM2154125999999999999999999999 546 31999999999999999999999
117108 94 77 58 40 27 22 27 39 56 74 9110411211611511110610410611111812426 9 8NM1519116999999999999999999999 659 2219 210499999999999999
128125116101 81 57 35 20 15 23 39 61 83101113117116109 99 91 88 9210211526 9 9NM 0 9128151111899999999999999 751 151954 8899999999999999
126133132122104 80 53 30 15 15 27 48 73 97113120118110 96 82 73 72 80 9626 910NM 124134151612199999999999999 833 132037 7199999999999999
114129137136123102 76 49 27 17 22 40 65 91112124124114 98 80 64 55 58 7126 911NM 221138153012599999999999999 911 172117 5599999999999999
 92114131139135120 97 71 46 29 26 37 59 86110126130122105 83 62 47 41 4926 912NM 310139154913099999999999999 946 252156 4199999999999999
 67 92115131136129113 90 66 48 38 41 57 82108127135130114 91 67 46 34 3326 913NM 35613616 8135999999999999991018 372235 3299999999999999
 45 68 94116128130121104 83 66 54 51 60 80104126137137124103 76 52 35 2726 914NM 4391301628138999999999999991046 512312 2799999999999999
 31 48 73 97115123121111 95 80 69 65 68 80101122136140132114 89 63 43 3026 915NM 52012316471409999999999999911 9 642348 2799999999999999
 27 35 55 79 99112116112102 90 81 77 77 84 99118133139136123101 77 54 3926 916NM 55911617 7140999999999999991120 76999999999999999999999
 31 32 43 63 83 99106107103 95 88 85 86 91 99113127136136127111 90 68 5126 917NM 641108172813799999999999999 024 301111 8599999999999999
 40 36 40 51 68 84 95 99100 96 92 91 93 96102111121130133128117102 83 6626 918NM 733100175213399999999999999 1 5 361057 9199999999999999
 53 45 43 46 57 70 81 88 92 94 94 94 97101105110116123126125120109 96 8126 919NM1819127999999999999999999999 155 43999999999999999999999
 68 57 50 47 50 57 66 74 81 87 91 95 99104108111113116118119118113105 9526 920NM1856119999999999999999999999 3 5 47999999999999999999999
 84 73 62 54 49 48 52 59 67 77 85 9310010611011211111011011011111211010626 921NM1520112204411299999999999999 440 4818 411099999999999999
 99 89 77 65 54 45 42 44 52 63 76 89 9910711211311010610210010110510911126 922NM1443113231511199999999999999 6 7 4219 710099999999999999
110104 94 80 65 50 39 35 39 50 65 81 96108114115110103 95 89 88 9210110926 923NM1437115999999999999999999999 7 2 351940 8899999999999999
115116110 98 80 61 44 32 30 38 53 73 92107116117112102 89 79 74 77 8610026 924NM 039116144211899999999999999 743 3020 8 7499999999999999
113121122114 98 77 56 38 29 32 44 64 87106118121115103 87 71 61 60 68 8426 925NM 135123145112199999999999999 818 292038 5999999999999999
103119127126115 96 73 51 36 32 40 58 81104120125121107 88 67 51 44 48 6326 926NM 22212815 312599999999999999 849 3221 8 4499999999999999
 85108125132127113 91 68 49 40 42 55 77101121130128115 94 69 47 33 31 4126 927NM 3 6132151813199999999999999 919 392141 3099999999999999
 62 89113129133125108 86 66 53 49 57 75 99120134135124103 77 50 30 20 2326 928NM 348133153513699999999999999 948 492216 2099999999999999
 40 66 94117130130119102 83 68 61 63 76 96119135141133115 89 60 35 19 1326 929NM 4301311555141999999999999991015 612254 1399999999999999
 22 42 71 98118126123112 96 83 74 73 80 96116134144141127104 75 48 26 1426 930NM 5131261616144999999999999991039 732335 1299999999999999
 13 25 48 76 99113118114104 93 86 83 87 97113131143145136117 92 65 41 252610 1NM 6 01181639145999999999999991055 83999999999999999999999
 16 18 31 53 77 95105108105 98 93 92 94100111125138144140127108 85 61 422610 2NM 65610817 414499999999999999 022 151051 9299999999999999
 29 22 25 37 56 73 86 95 98 98 96 96 99103110119130138138132119102 82 642610 3NM 820 98173313999999999999999 116 221023 9699999999999999
 48 37 30 31 40 53 66 77 86 91 95 98102106110115121127130129123114100 852610 4NM1810130999999999999999999999 223 29999999999999999999999
 71 57 45 37 35 39 48 59 70 81 90 971031071101111121141171191181161111032610 5NM1925119999999999999999999999 348 35999999999999999999999
 92 80 66 53 41 35 36 43 55 68 82 941031091111101061021001021051091121122610 6NM1410111223911399999999999999 521 3518 210099999999999999
109101 89 74 57 42 34 34 42 57 74 90104111114111104 94 86 83 86 931021112610 7NM1354114999999999999999999999 629 3319 0 8399999999999999
116116108 95 78 59 42 33 35 47 65 85103115118114105 91 76 66 64 71 84 992610 8NM 025117135711899999999999999 718 331942 6399999999999999
113122122114 99 79 58 42 36 43 59 80101117124121110 93 73 56 46 48 60 792610 9NM 132123141212599999999999999 759 362020 4599999999999999
100117126126116 99 78 59 46 44 55 75 97117129129119100 76 54 37 30 37 56261010NM 226127143213199999999999999 837 432058 3099999999999999
 80103121129127114 97 77 61 53 57 72 93115131136128110 85 58 36 22 21 34261011NM 314130145413699999999999999 913 532135 2099999999999999
 57 84109124129124110 94 78 67 64 72 90112130139136121 97 68 42 23 14 19261012NM 358129151614099999999999999 946 642211 1499999999999999
 37 64 92113125126118105 91 80 74 76 88107126139141131110 82 54 30 16 13261013NM 4381271538142999999999999991017 742246 1399999999999999
 23 45 74 99115122120111100 90 84 83 89103121136141136120 96 68 43 25 16261014NM 51512316 0141999999999999991041 832320 1599999999999999
 18 33 57 83103114117113104 96 91 90 92101115130139138127108 83 58 37 24261015NM 5521171623140999999999999991053 902354 2199999999999999
 21 27 44 68 89103110110105 99 95 94 96101111123133136130116 96 74 52 37261016NM 6311101647136999999999999991047 94999999999999999999999
 28 28 38 55 74 90100103103100 97 97 99102108117126130128120106 87 68 52261017NM 723104171313099999999999999 031 271041 9799999999999999
 40 35 37 46 61 76 87 94 98 99 99 99101104107112118122123119110 98 83 67261018NM1740123999999999999999999999 114 35999999999999999999999
 54 45 41 43 51 62 73 83 90 95 98101103105107109111113114113110103 94 82261019NM1811114999999999999999999999 2 9 41999999999999999999999
 70 59 51 47 47 52 60 70 80 89 96102106108108107105103102103103103100 94261020NM1343108201010399999999999999 326 4618 810299999999999999
 85 75 65 56 50 47 50 58 69 81 93102108111110106101 94 90 89 92 96100101261021NM1316111224910199999999999999 456 471844 8999999999999999
 98 91 81 70 59 50 47 50 60 73 88101110114113107 98 87 78 73 75 83 92101261022NM1317115999999999999999999999 6 3 471912 7399999999999999
106105 98 87 74 60 51 48 53 66 83 99112119118111 98 83 68 58 57 64 77 93261023NM 023106132611999999999999999 651 481939 5699999999999999
106113113105 92 76 62 53 53 62 78 97113123125117102 82 62 46 38 42 56 76261024NM 127114134012599999999999999 730 5220 9 3899999999999999
 97114122120110 94 78 64 58 62 75 94113127132126110 88 63 40 25 22 33 53261025NM 218122135813299999999999999 8 6 582042 2299999999999999
 79104122128124112 95 80 69 67 76 92111128138136122 99 71 43 20  9 12 29261026NM 3 5128142013999999999999999 840 672118  899999999999999
 55 85111127131124111 95 83 77 79 91108128141144135114 85 54 26  6  0  8261027NM 349131144514599999999999999 914 762158  099999999999999
 30 61 92115128128120108 96 88 86 92106124141149145129103 72 41 15  0 -3261028NM 434129151114999999999999999 946 852241 -499999999999999
 10 35 67 96115124123115105 97 93 95103119136149151141121 93 62 33 12  0261029NM 5211241540151999999999999991015 932326 -299999999999999
  1 16 43 72 96110116115109103 99 99103113129143150146133112 85 57 32 14261030NM 6141171610150999999999999991038 99999999999999999999999
  5  9 25 50 74 92104108108105103102104109120133143144138124104 80 56 36261031NM 721109164314599999999999999 015  5104210299999999999999
 21 14 19 34 55 73 88 97102104103104105107112120130135134127115 99 79 602611 1NM1721135999999999999999999999 1 7 14999999999999999999999
 43 31 25 29 41 57 72 84 94101103105106106106109114120122121117109 96 812611 2NM1815122999999999999999999999 2 5 25999999999999999999999
 66 52 41 36 38 47 59 73 85 96103107108107104101100101104107109108105 972611 3NM1159108202310999999999999999 314 3616 310099999999999999
 86 74 62 52 45 45 52 64 77 91103110112110106 98 90 85 83 86 92 981031042611 4NM1159112224810499999999999999 430 441745 8399999999999999
101 93 83 72 60 52 51 58 71 86101113118117110100 87 74 65 64 70 80 911012611 5NM1219118999999999999999999999 538 511839 6499999999999999
107107101 91 80 67 59 59 67 82 99113123125119106 90 71 55 46 47 58 73 892611 6NM 028107124412599999999999999 632 571921 4599999999999999
104112114108 98 85 73 66 68 79 95112125132129116 97 75 53 36 29 35 51 712611 7NM 140114131113299999999999999 718 6520 0 2999999999999999
 92109119120113102 89 78 73 78 91108124135137127109 84 58 35 20 18 30 512611 8NM 236120133913899999999999999 8 1 732038 1899999999999999
 76 99116125124116104 92 83 81 89103121135141137121 97 69 42 21 11 14 312611 9NM 32212514 714299999999999999 842 812115 1099999999999999
 57 84107122127124115104 94 88 90 99115131142143132111 83 54 29 12  7 16261110NM 4 3127143514499999999999999 921 882151  799999999999999
 38 67 94114125127121112102 96 93 97109125139145140124 99 69 42 20  9  9261111NM 44012715 214599999999999999 956 932227  799999999999999
 24 50 78102118124122116107101 97 98105118133143143132113 86 58 33 17 10261112NM 5161241529144999999999999991025 9723 2 1099999999999999
 16 35 62 88107117120116110104100 99103112126138142137122101 75 49 29 17261113NM 5531201557142999999999999991047 992337 1599999999999999
 16 27 48 73 94108114114111106102101102108118130137136127111 90 66 44 28261114NM 63411516261389999999999999911 2101999999999999999999999
 21 24 38 59 80 96106110110107104102102105112121129131127117101 80 59 42261115NM 725110165613299999999999999 012 21112110299999999999999
 30 28 34 48 67 84 97104107107106104103104107112118122122117106 92 74 57261116NM 829108172812399999999999999 049 27115910399999999999999
 43 36 36 44 57 72 87 97104108108107105104104105107110112111107 98 86 72261117NM 938108181511299999999999999 129 35133110399999999999999
 59 49 44 45 52 64 77 90100107110110108105102 99 97 97 98100101 99 94 86261118NM1030111195810199999999999999 217 441643 9799999999999999
 75 65 57 54 54 60 70 83 95106112115113108102 95 88 83 81 84 89 94 96 95261119NM11 31152211 9699999999999999 319 531751 8199999999999999
 90 82 74 67 63 63 68 78 91104114119119114105 94 82 71 64 64 71 81 91 98261120NM1129120999999999999999999999 434 621829 6399999999999999
101 98 92 85 77 72 71 76 88101114123126122112 97 80 63 50 45 49 61 76 92261121NM 0 1101115612699999999999999 539 7119 3 4599999999999999
104109109103 94 86 80 80 87 99113125132131122106 85 62 42 29 27 37 55 76261122NM 120110122413399999999999999 632 791939 2699999999999999
 97112119118111102 93 88 89 98111125136140135119 97 70 43 22 11 14 29 53261123NM 220119125614099999999999999 718 872019 1099999999999999
 80104120126124117107 99 95 99109123137146146135114 86 55 27  6 -2  5 26261124NM 312127133014899999999999999 8 2 9521 2 -299999999999999
 55 85110125130126118109103101107119134148154149133107 75 43 15 -4 -9  3261125NM 4 013014 615499999999999999 8441012148 -999999999999999
 27 59 90113126128124117110106106114127143155157148128 99 66 34  8 -8-10261126NM 449129144415899999999999999 9261052235-1199999999999999
  5 33 65 93113123124120115109107109118133149158156144122 92 60 30  6 -7261127NM 54112515231589999999999999910 81072322 -899999999999999
 -5 13 42 71 95111119119116111108106110121136149155150136114 86 56 29  9261128NM 63512016 3155999999999999991051106999999999999999999999
  0  5 25 51 77 96109115115112108105104109120134144146140127106 81 55 32261129NM 729116164714699999999999999 0 8  0114010499999999999999
 16 11 19 39 62 83 99109114113109105102101106115126132133128117 99 78 57261130NM 817114173913499999999999999 054 11124110199999999999999
 39 28 26 35 53 72 90104112115113108102 98 96 98105112117119116107 94 772612 1NM 858115185011999999999999999 140 2514 2 9699999999999999
 62 49 42 42 51 67 83 99111117118113106 99 92 87 86 90 96101105105100 922612 2NM 935119203510599999999999999 228 411541 8699999999999999
 81 70 62 58 58 66 80 95109119123121114105 94 83 75 71 73 79 87 94 98 982612 3NM10121232232 9999999999999999 324 5717 7 7199999999999999
 94 88 82 76 72 72 79 92106118127129124114101 87 72 59 54 57 66 77 87 962612 4NM1050129999999999999999999999 428 7218 8 5499999999999999
101101 98 94 89 84 84 91102116127133133126112 95 76 57 44 39 44 57 72 872612 5NM 032101113013499999999999999 533 831856 3999999999999999
100108110109105 98 93 93100111123133138136125107 86 63 43 29 28 37 53 732612 6NM 2 6110121113899999999999999 632 921939 2799999999999999
 92107116119117111104 99100107118130139142136121 99 74 49 29 19 21 35 552612 7NM 3 0119125214299999999999999 727 992020 1899999999999999
 79100116124125121114107103104112124136144144134115 89 62 37 19 12 19 372612 8NM 340125133114599999999999999 81810221 0 1299999999999999
 62 88109123128127121114107104107117130142147143129106 78 50 26 12 10 222612 9NM 41512814 714799999999999999 9 31042139  999999999999999
 45 72 98116126128124118111106105110122136146148140122 96 66 39 18  8 12261210NM 448128144214999999999999999 9421042216  899999999999999
 29 55 83105120126125120113107104106114128141148146133112 84 55 30 14  9261211NM 52212615161499999999999999910141042251  999999999999999
 18 40 67 92111121123120114108104103107118133144146140124100 72 45 24 13261212NM 55612315481479999999999999910431022325 1299999999999999
 14 28 52 79100114120120116109104101103110122134142140130112 88 62 38 22261213NM 63112116211429999999999999911111012356 1799999999999999
 17 24 42 66 89106116119117112105101100103112123132135130118100 77 53 35261214NM 7 61191655135999999999999991144 99999999999999999999999
 25 26 37 57 79 98111118119115108102 98 98102110118124125119107 89 69 50261215NM 738119173412599999999999999 025 241228 9799999999999999
 37 33 39 53 72 91107117120119112105 98 95 95 98104110114114108 97 82 66261216NM 8 9120182711599999999999999 055 331332 9499999999999999
 53 46 47 55 68 86102115122122118110101 94 89 87 89 93 98103104100 92 81261217NM 838123194510499999999999999 125 4515 6 8799999999999999
 70 62 59 62 71 83 99112122126124117106 96 87 80 75 75 79 86 93 97 97 93261218NM 9 81262131 9899999999999999 159 591632 7499999999999999
 86 80 76 75 78 86 97110122129130125115102 89 77 66 59 59 65 75 85 94 98261219NM 9411302334 9999999999999999 242 751733 5899999999999999
 99 96 93 91 90 92 98109120130135133126113 98 81 64 50 42 42 51 65 81 94261220NM1020135999999999999999999999 351 901824 4199999999999999
104108108107104102103109118129137140138128112 92 71 49 32 24 27 40 59 79261221NM 13710811 614099999999999999 5161021914 2499999999999999
 98111117119117114111111117126136143146142130111 86 60 35 17  9 15 32 55261222NM 253119115914799999999999999 62711120 4  999999999999999
 80102117125126123119116116121131141150153147132109 80 50 23  4 -2  7 27261223NM 345126125315399999999999999 7301152055 -299999999999999
 55 84107122128128125120116117123134147156159151133106 74 42 13 -5 -9  3261224NM 430129134615999999999999999 8271162144-1099999999999999
 28 59 89111124129127123117113114123136151161162152131102 69 35  7-10-10261225NM 512129143616399999999999999 9201132231-1299999999999999
  7 35 67 95114125127124118111107110121137152161160148126 96 62 30  5 -8261226NM 55012715251629999999999999910 91072314 -899999999999999
 -3 17 47 77102118125124118110103100105118135150157154141118 89 57 28  8261227NM 62312516131579999999999999910581002355  199999999999999
  1 11 34 63 90110121125120112102 95 93 99113129142147143130108 81 53 31261228NM 65212517 3147999999999999991147 93999999999999999999999
 17 17 31 55 81103118126124116105 94 87 86 93106120130133129117 97 75 54261229NM 720126175713399999999999999 032 151242 8699999999999999
 39 33 37 53 76 99116126129123112 99 88 81 79 85 96107115118115105 90 73261230NM 74812919 011899999999999999 1 7 321345 7999999999999999
 60 53 52 61 77 98116128134132122107 93 82 74 71 74 83 93100103102 96 86261231NM 813134201710499999999999999 135 521459 7199999999999999
