 36 30 5711118024629832532329525220616514114317021225528529427623116910426 1 1O3 725328185129599999999999999 041 28132613999999999999999
 47 10  6 4010518426031934834330925820315613013416821626429730528122915926 1 2O3 821350194630699999999999999 137  3142212899999999999999
 87 25-12-11 3210819727933936535230925018914011712917222827931231528422326 1 3O3 9 9365203731899999999999999 229-17151011699999999999999
146 70  7-26-17 3912421729935537234829623116912210713018224329432332027926 1 4O3 954372212532699999999999999 318-28155410799999999999999
211131 55 -4-29 -7 5915024231836336733227320614610710313819625730432731526 1 5O31035371221132799999999999999 4 3-29163510099999999999999
267194116 44 -5-17 19 93183267332362351306243179126 9810715121026730732126 1 6O31114364225532199999999999999 445-181716 9699999999999999
300247176103 42  6 11 58134217289338351325273212154111 9611616422027030226 1 7O31150351233930999999999999999 525  31755 9699999999999999
307278224159 98 51 32 5110417524630233232829324018413510410112817422426526 1 8O31223335999999999999999999999 6 2 321835 9899999999999999
288285254205151103 72 69 9714920926530331629926021016212410410913717822026 1 9O3 024290125631699999999999999 637 66191710399999999999999
25326926223419415312010411014018423127029329226923118914912010811614117526 110O3 112270132929699999999999999 71410320 610899999999999999
21023725024422319516714613814717220523826427426724421217614412111111813726 111O3 21125014 627499999999999999 75913821 711199999999999999
16619722223623622620818917416817318821023324925524822920317214412110911126 112O3 333238145625599999999999999 9 5168222210999999999999999
12715318421223224224022921319718618318920322023524223922520217214211610026 113O3 52124216122429999999999999910501832335 9799999999999999
 9811314117721224125826125123220918917817919121022823924122920417113410326 114O3 6432621736242999999999999991224177999999999999999999999
 83 8110013517922426028028226623820617816416518220723224825123620416311926 115O3 735284183825299999999999999 035 80132416299999999999999
 82 62 65 9213819324628530329627023019015914615518221624726526324019814626 116O3 814303192526799999999999999 124 6014 514699999999999999
 96 57 41 54 9415321827431031930026021116613713315419323626928327223618226 117O3 84831920 528399999999999999 2 5 41144013199999999999999
122 68 32 26 5310918024930333032429023818313911812716421426229229727322226 118O3 920331204129999999999999999 242 24151211799999999999999
157 92 40 12 21 6613721528332834031726820915311410613318424128731030326326 119O3 950341211731299999999999999 317 11154410599999999999999
199128 62 16  3 31 94175253314345339298238175123 9510414820926730832029826 120O31020347215332099999999999999 351  31617 9499999999999999
243171 98 38  4  9 56133216289337350324269203142 98 8511116823328832032026 121O31050350223032499999999999999 424  11650 8599999999999999
283218143 74 25  7 31 94176255316347340297234168113 81 8412518825230032226 122O31120349231032299999999999999 457  71725 7799999999999999
310262193121 63 27 27 67138217285330343317263197137 91 72 9014020426230226 123O31150343235231599999999999999 531 2218 2 7299999999999999
315292240174113 66 46 61111180248301329324285227166113 79 72 9915121026226 124O31221331999999999999999999999 6 7 461842 7199999999999999
295300273224168119 87 79102151211265301313295252197144100 75 7710615420626 125O3 040301125431399999999999999 646 781927 7299999999999999
251279281259220177141119119141181226265288289266226179134 98 78 8010514526 126O3 136284133329199999999999999 7331162024 7699999999999999
191232259266254229200174157155168194225251266264246214175136103 82 78 9426 127O3 250267142526799999999999999 8391542141 7799999999999999
127168209242260262251231209190179179191210231245249239217184146109 81 6726 128O3 43826315482499999999999999910291772312 6799999999999999
 74100142189233265281280264238210186173174190212234248249233201158112 7226 129O3 6252831733250999999999999991224172999999999999999999999
 47 47 7212017823628230830928925421317615315217120223626227025521716410626 130O3 734312185327099999999999999 032 44133515099999999999999
 55 22 19 5010918125230633533130025219915312713016120625228529527422616126 131O3 823337195129599999999999999 136 17142412599999999999999
 92 33 -2  0 4211519927733335533929423417212410311816422227531031628522326 2 1O3 9 4355203931899999999999999 228 -715 510299999999999999
148 72 11-19 -5 54139229307355363330271203139 95 8611817824530033132628126 2 2O3 941365212333399999999999999 312-201542 8499999999999999
209127 52 -4-22 11 84176265334367355305236165105 73 8213120126831934032126 2 3O3101436822 334099999999999999 352-221618 7199999999999999
263185105 36 -6 -4 46129220299351362330267195128 79 63 9215322428732833526 2 4O31045364224133799999999999999 428-121651 6399999999999999
302236160 87 32  9 32 97180261323353341292224155 97 64 6811117724329732526 2 5O31113354231832699999999999999 5 1  91724 6099999999999999
317273207138 79 43 42 82151226291332338306248182122 78 63 8413519725529626 2 6O31140340235530999999999999999 531 371756 6399999999999999
309289242183127 86 70 87136199259304322307264205148101 74 7510615621025626 2 7O312 4322999999999999999999999 6 0 701827 7099999999999999
284285260217170131107108135181232274298297269223173127 95 82 9412616921326 2 8O3 033288122730199999999999999 62910419 1 8299999999999999
247264259236204172148139148175211245270277264233194155122101 9711113817226 2 9O3 116265125227799999999999999 7 11391943 9799999999999999
20523024223922520618817517218119922124025124923420918115312911411212013926 210O3 216242132225299999999999999 745171204411199999999999999
16418921122523022822121220219719820421322222722521620218316214212611711826 211O3 413230141522799999999999999 922197222711699999999999999
12814717119721923624524523622220819719319420020821421621019717715212811026 212O3 6272461643216999999999999991215192999999999999999999999
10310912815819422825526926825322820218117117218520322123122921418715211726 213O3 725271182423299999999999999 0 5103132117099999999999999
 91 79 8711515720625128229428425521818115514715718321524225625122718613826 214O3 8 1294191725799999999999999 1 7 79135714799999999999999
 94 63 54 7211517323328231131128524219315112712815519824127228326822817226 215O3 831314195628399999999999999 151 54142612499999999999999
113 64 34 36 7113220426931533231527121415811610212216822527430330427221526 216O3 859332203230799999999999999 228 31145510299999999999999
146 81 32 12 32 89166244307343340302241175118 85 8813019425830732831326326 217O3 92634621 732899999999999999 3 1 121525 8299999999999999
191115 50  9  6 49124210287340356331272201133 81 63 8815022529033334230926 218O3 953357214334399999999999999 334  21556 6399999999999999
242161 85 27  0 20 84171257324359352303231156 91 52 5410117725531634934126 219O31020362222035199999999999999 4 6  01628 4799999999999999
291215134 65 19 12 54132220296346359328263185113 58 36 5912320427933135126 220O31048360225835199999999999999 439  917 1 3699999999999999
327266189116 59 30 44102182261320350340290217142 79 39 35 7614722529133326 221O31116352233934199999999999999 512 291735 3299999999999999
338304241172112 71 60 90152224286326334305246175110 61 36 48 9616523429026 222O31144335999999999999999999999 547 591812 3599999999999999
319315278224168124 99103138193249292312303265207147 95 59 47 6711317323026 223O3 023322121331399999999999999 624 971854 4799999999999999
274295288259219180151138147176216253278284267231185138 99 73 66 8312016626 224O3 115296124628599999999999999 7 81381947 6699999999999999
212247266266251229205186177181197219239252252239214182148117 94 84 9011326 225O3 229269133225499999999999999 81417721 7 8499999999999999
146183218243257259251237221206197196202212222228227217198172142113 92 8426 226O3 441259152122999999999999999103619523 0 8499999999999999
 92117153194233263279280267244216192176173183200220234238227201164123 8726 227O3 6342821748239999999999999991244173999999999999999999999
 65 65 8813218624028330730728524920716914514216119423025827025822417311926 228O3 73031019 227099999999999999 031 62133714099999999999999
 70 40 39 7012819626231233332328623417913411011815420525429130228123316926 3 1O3 810334195230299999999999999 132 35141510999999999999999
102 47 16 24 71144224294340349321267203141 96 8311016522928632232528922626 3 2O3 844351203432899999999999999 219 141449 8399999999999999
151 79 24  4 29 94179262327359348300232161100 64 7111918926031734433127926 3 3O3 915360211234599999999999999 258  41521 6299999999999999
205126 57 12 10 57136223300351361327262187116 64 47 7714222029133935132026 3 4O3 943363214735299999999999999 333  51552 4799999999999999
255177102 43 16 38102187268331359343288214140 77 41 48 9817425131434834226 3 5O310 9360222235199999999999999 4 4 161622 3899999999999999
295224150 85 43 40 83157237304345347308240165 98 50 36 6613020627632634226 3 6O31033352225534299999999999999 434 361650 3699999999999999
318262194129 80 60 80136208275323339317261191123 70 41 50 9516323329132426 3 7O31056339232832899999999999999 5 1 601718 3999999999999999
322287230171121 91 92128186248297322314274214150 95 58 50 7612819125029226 3 8O31118323999999999999999999999 528 871745 4999999999999999
309294255207161127116132173224269297301277230175123 84 65 7310615620825326 3 9O3 0 2309113930399999999999999 5561161814 6499999999999999
280284265232196165147148171206242269280269238196152115 91 8510013217221126 310O3 03928612 128099999999999999 6261451847 8499999999999999
24225925824322119918217418019822124125325223620917814812410910912214517326 311O3 125261122625599999999999999 7 4174193310799999999999999
20022323623923422621520520020120821722522822421319717916014313112713114326 312O3 25123913 222899999999999999 81819921 012799999999999999
16018120122023324224323822721620620019820020420720820519618216414513112426 313O3 5432441542208999999999999991157198231812399999999999999
12613816018821924526226725923921519317717117719120822222822220417714611926 314O3 65126718 32289999999999999913 0171999999999999999999999
10210011614919123527029028926923519716414514516419522725126024821817513126 315O3 728292185726099999999999999 037 99133014399999999999999
 94 74 7610515421226530231530026121216312711412916821626028829026521816026 316O3 757315193729399999999999999 124 71135811499999999999999
105 64 47 63112179247302332329293236174121 88 9112818825029932331326920426 317O3 824335201332499999999999999 2 2 471427 8599999999999999
135 75 36 32 70138218288337351324266196128 76 57 8214322028933634932125826 318O3 850351205035099999999999999 236 291457 5799999999999999
181107 49 20 37 97180262327360351300225147 80 38 40 8917025532436336131426 319O3 917362212736899999999999999 310 201528 3399999999999999
238156 84 34 24 63139227303353364330259176 98 39 14 4011120228735037635626 320O3 94536622 537799999999999999 344 2216 1 1499999999999999
295215136 72 37 47104187269331361348292211129 59 13  9 5513823030936137226 321O31013362224537499999999999999 418 351635  499999999999999
338271195126 76 59 87153230297340348314246166 92 34  6 21 8116525031735626 322O31042350232736099999999999999 454 581711  599999999999999
353312249184129 95 95133196259308330319273205134 73 30 18 4610718425631026 323O31112331999999999999999999999 531 901749 1799999999999999
335325286234185146126136174224269299304282235176120 73 44 43 7312718924726 324O3 013336114330699999999999999 6111261833 3999999999999999
288305296268232198172162172200232259274271248211167126 92 71 72 9513418126 325O3 1 8305122027599999999999999 7 11621929 6999999999999999
225258275275262243221202192194205221235242240228206179149121101 9410412726 326O3 229277131924399999999999999 8221912056 9499999999999999
160197230255269271262246226208195191194203214223226221205181152124105 9926 327O3 44127115562269999999999999911 21912252 9999999999999999
10913517221325027829028526523620417716216117519822324324923921117413410126 328O3 6122901754249999999999999991232159999999999999999999999
 83 8711516121326329831230127022718214412613216020024227228326823118112926 329O3 7 3312185528399999999999999 019 82131612599999999999999
 86 63 71109168232288323328303256200145106 9411616221927130631228523517326 330O3 740330194131499999999999999 115 621351 9499999999999999
113 66 49 69123193263317342331287225160103 70 7511818225030533532828622326 331O3 811343201933799999999999999 158 491423 6899999999999999
154 92 52 48 87155231298341348314253182115 64 48 7513721328433535232827226 4 1O3 839350205535299999999999999 235 441453 4799999999999999
201131 75 48 66122198271327352334280208135 73 37 43 9316924931635435331226 4 2O3 9 6352212935999999999999999 3 8 481522 3499999999999999
246175111 67 62100168243306344344303235159 91 42 27 5812520628233835933926 4 3O3 93034922 135999999999999999 338 581550 2699999999999999
285217151 98 74 90144215281327342318260186115 58 27 36 8716224130734734926 4 4O3 954342223335399999999999999 4 7 731617 2599999999999999
314255191134 98 95130190254305331322279213143 82 41 32 6212419926932034126 4 5O3101733223 534299999999999999 435 911644 3099999999999999
327283226171129111126171228279311316289235171111 65 42 53 9716022728331826 4 6O31040318233832599999999999999 5 31111712 4299999999999999
323298254206163136135161205251286301289251197142 96 65 60 8413118824328426 4 7O311 4301999999999999999999999 5331321741 5899999999999999
304297270234197167154163191227259278278256217172130 97 80 8611415720324426 4 8O3 015305113028199999999999999 6 61541815 8099999999999999
27228227325222520018117618720823225025825022819716313411210411313616920326 4 9O3 05928212 125899999999999999 649176185910499999999999999
23325326125724623021320019519921022223123422821319317115013312613014416526 410O3 2 8261125123499999999999999 759195201012699999999999999
19021523625025625424423021420219619520020821521921620719217215313813213626 411O3 41525615 721999999999999999103319522 713299999999999999
15017320122925326827126124121619217516917519021022723623421819316313812126 412O3 54427217182379999999999999912 2169234311799999999999999
11813015919823827229129127223920016614313815418622225226926524220416112426 413O3 6312941821270999999999999991243137999999999999999999999
100 9511615821126229931530426922016812610511114619724928930529425620314826 414O3 7 631619 730699999999999999 041 94131710399999999999999
103 76 79115173238294328332302248184124 82 70 9615322328632833931325919326 415O3 737335194833999999999999999 125 741350 6999999999999999
129 81 60 77131203273326349334282211138 76 41 46 9617425632436236131925126 416O3 8 7349202836799999999999999 2 5 601423 3799999999999999
177111 66 57 92162240308350355317247166 90 33 11 3911020329035538536831226 417O3 83735821 938599999999999999 243 551458 1199999999999999
236161 98 63 70122200276334360344286204121 49  2 -1 4713423131737539236126 418O3 9 9360215139299999999999999 321 601535 -699999999999999
297221150 96 74 98160236303345353317247163 84 22-11  5 6916125433237938226 419O3 941355223438799999999999999 4 0 741613-1299999999999999
343278209147105 98133197263315341331283210132 63 12 -5 25 9518326733436826 420O31015342232037099999999999999 440 951653 -599999999999999
361320262203153124129168223276312323301250183116 59 21 17 5311919726832226 421O31051323999999999999999999999 5221211736 1499999999999999
345335299252205167149158192235272295296271225171117 72 45 47 8113720025826 422O3 011346113229999999999999999 6101481826 4299999999999999
300318311285250214185172179202230255269268249215174133 97 76 7710214419426 423O3 111319122527199999999999999 7 91721927 7499999999999999
24027629529528025622820218718519521222924324723922019215912810610111314226 424O3 230297135324799999999999999 838184204910099999999999999
18122125728129028426623921118817517418520322323824523821818915612911311426 425O3 4 629016 0245999999999999991033173222511199999999999999
13416720824928029729427524420717415114615718321524526326424621417513911426 426O3 5222981732266999999999999991149145234610899999999999999
10812516120825529130930327623518814612011613817722326428929026822818113826 427O3 6153101833293999999999999991238115999999999999999999999
108101122166220272308321304265212157111 88 9513218724529131631127923017626 428O3 656321192031899999999999999 0441001316 8799999999999999
128 99 99131185244295325324292239177119 76 64 8914321027432133832127722026 429O3 72932920 033899999999999999 129 951350 6499999999999999
162115 94108153214273317333315266202136 80 49 55 9916824230634534931726326 430O3 759333203635299999999999999 2 7 941421 4699999999999999
201145105 98128185247300331329291229160 96 49 35 6212420227733335934630126 5 1O3 826335211035999999999999999 241 961451 3599999999999999
241180129103114159220278320333310256187119 63 31 38 8515923830735136033126 5 2O3 853333214336199999999999999 3131021521 2999999999999999
278217160120112140194253302327321280217148 86 42 29 5711819527032835634826 5 3O3 919329221635899999999999999 3441111550 2999999999999999
308252194146121131171226278313321297245179115 64 36 43 8715522929433734826 5 4O3 945322224934999999999999999 4141201619 3499999999999999
326281227176141132156201251292312304266210149 94 56 45 6912118825430633426 5 5O31013313232333699999999999999 4461311650 4599999999999999
331301256208168145151181224266293299279236182129 86 62 66 9915321326830726 5 6O31044300999999999999999999999 5191441723 6099999999999999
321309278238198168158171201237268284279253212165122 90 78 9112717622827126 5 7O3 0 1321111828599999999999999 55715818 0 7899999999999999
298304290262229197176172186211238259267258234199161127104 9911514718923126 5 8O3 04630412 026799999999999999 6431711844 9899999999999999
26528628927825622920318518119020822824425024422619916814012211813015719126 5 9O3 14329013 225099999999999999 747181194411799999999999999
22625627628327625823420918917918219321122824024223221218515813813013615526 510O3 258283144024399999999999999 91817921 512999999999999999
18421925127528628326523820718016316017119321924225425223520717514813213126 511O3 4162871621255999999999999991044159223512999999999999999
14617621525428429829427123419415813413014718122225827928126222718715012626 512O3 5162991735283999999999999991142129234712099999999999999
120137173221267301314302267218166123 97 9912918123728531231328724119114626 513O3 6 33141832316999999999999991228 94999999999999999999999
116109132180236287320327302252190129 82 60 7312219126231734634130424818826 514O3 643328192134899999999999999 04310813 9 5999999999999999
137105104138196259310337332291226153 88 42 29 5912621129034837435931124626 515O3 72133920 837499999999999999 1321001349 2899999999999999
182129100108154220283329346326270193116 50 10 10 5814023331637239036530926 516O3 759346205539199999999999999 218 981430  499999999999999
240175124102122177245304341346310243161 84 23 -9  6 6815925433438539436026 517O3 837349214139699999999999999 3 21021513-1099999999999999
300232169124113143201266317344335289216136 63  8-12 15 8617827034438638526 518O3 917345222939199999999999999 3471121557-1399999999999999
347288224167130129165222279320336318267195121 54  8 -1 3510719527934337526 519O310 0336231937799999999999999 4321241643 -399999999999999
368330275217168140146183234282314322299248183116 59 22 21 6012920828133526 520O31046322999999999999999999999 5201381732 1699999999999999
358348312263213172151160193236275300303280236180123 74 46 50 8714821527726 521O3 011359113830599999999999999 6121511823 4399999999999999
321339328297255212177160168194228260281284267232186138 98 76 8011216221826 522O3 1 7339124228599999999999999 7111601920 7499999999999999
27030632131328725021218016316618521224026227126223619916012510610813217126 523O3 2 732214 027199999999999999 821162202510499999999999999
21826229530930328024721017815815516819322224926526424721818415213112814426 524O3 312309152926799999999999999 940154214012799999999999999
17621725728830329827624320416814313614817521024426827626423920517214813926 525O3 4163041653276999999999999991053136225613999999999999999
15017921825828930329727223319014912111412916420825128229328325622018315526 526O3 51330318 2293999999999999991150113999999999999999999999
143154183224264294306294262217168124 96 9411916521826830231329926722518426 527O3 6 1306185631399999999999999 0 31431235 9299999999999999
153143157192236276303308287245192139 96 74 8212017723929232432930726722026 528O3 641309194033199999999999999 0561431314 7399999999999999
176147143165207253291311305272221162108 70 59 8213420026631734333830525826 529O3 717312201934599999999999999 1401411350 5899999999999999
207164141147180227273305315295250191131 80 51 55 9415823029534035433629326 530O3 750315205535499999999999999 2181391424 4899999999999999
240189151139158200250292315311278223160101 58 42 6311618826132035435432326 531O3 822317213035899999999999999 2531381457 4299999999999999
274219170142144175223272307318299254193131 77 45 45 8214622028933935834426 6 1O3 85331822 435899999999999999 3271391530 4199999999999999
304250197156140156197247290314312281228166106 62 43 6010917825031134735226 6 2O3 926317223835499999999999999 4 014016 3 4399999999999999
326280227179148146174219266301314299259202142 89 56 52 8214020927532434626 6 3O3 959314231434799999999999999 4341431637 4999999999999999
338305257207166148158192237278303305281236179124 81 60 7011017023629232926 6 4O31035308235033999999999999999 5 91471712 5999999999999999
339321283237192161153171207248282298292263216163115 82 73 9313819725530126 6 5O31115299999999999999999999999 5481521750 7299999999999999
327327304265222184160159181215251278289278247203156116 91 9111716321726726 6 6O3 03033012 128999999999999999 6321571831 8899999999999999
30432131528925221217916016218321524627027926924020015912510711213818122826 6 7O3 114322125927999999999999999 724159192010699999999999999
27230231430527824220417315615817620523726227426724320817214212613015319026 6 8O3 2 331414 927499999999999999 825154201912599999999999999
23327229930929927223519616314414316019122725827627625722619116114314216026 6 9O3 258309152827999999999999999 933141213214099999999999999
19323327229930829626822718414612312013917622126228829528125021317815514826 610O3 3573081648295999999999999991039119225114899999999999999
161192233273301310297263215165122 95 9211716422027230832030827423219116026 611O3 4553101759320999999999999991137 90999999999999999999999
148158191236279308316298256199142 93 64 64 9815722628933234833329424519726 612O3 54931619 034899999999999999 0 41481230 6099999999999999
160144156194243289318322297246181116 64 35 41 8615723730835637135130625026 613O3 640324195537199999999999999 1 51441321 3399999999999999
197156140157200254301329328294233161 92 38 12 26 8216425132637538636030926 614O3 729332204738799999999999999 2 01401411 1199999999999999
249192150137161211267313337330288220144 73 19 -2 21 8717626634138639235926 615O3 817339213739599999999999999 25113715 0 -299999999999999
304241183144138168223279323342328279208131 60 10 -5 2710019128135239038826 616O3 9 6342222639499999999999999 3401351549 -699999999999999
350292228173139141178234289328342322270198122 55 10  4 4512121029435738626 617O3 956342231338799999999999999 4271351638  199999999999999
376333275214163136146187242292327336312259190119 58 22 26 7214723030535726 618O31048337235937699999999999999 5141351725 1899999999999999
376357312255199154136152193244290320325299248185122 70 45 5710517524831126 619O31140327999999999999999999999 6 21361812 4499999999999999
351359335289236185149138156195241282308310285239185132 92 77 9414020126226 620O3 044360123631299999999999999 6521371858 7799999999999999
31234033931126821917514513915719223326929329527423619115012011213117122126 621O3 127343133529799999999999999 744138194711299999999999999
27030832531829025020716814313815418422125527828326824020517315014616219326 622O3 212326144428499999999999999 843137204414599999999999999
23327129930930027323619716113813214517320924427027927225222419717717118126 623O3 3 030916 327999999999999999 948132215417199999999999999
20523726828929628626222718815312912213416320124027028528426824421719518526 624O3 3552961725287999999999999991053122231318499999999999999
18920823526328328927925421817814111610812315620024428030030128525822820126 625O3 4552891834303999999999999991151108999999999999999999999
186188206234262282288276248207164125 99 9511615620725829831931729626322726 626O3 552288192632199999999999999 0241851240 9499999999999999
196180184205237267288291274239193145105 82 8511516522428032033632729825726 627O3 64129220 833799999999999999 1191791324 8099999999999999
215183170181210246279298295270226174123 84 68 8112318324830434034832828926 628O3 724299204634999999999999999 2 317014 4 6899999999999999
241196168163184221263295308296261209151100 66 60 8614020927632835535031826 629O3 8 3308212135699999999999999 2401621441 5899999999999999
270218176155162195240283310315292245186126 78 53 6110216723930434736134226 630O3 840316215436199999999999999 3151541517 5299999999999999
300246194158149169213262302322315280224161103 61 49 7212719927132835935826 7 1O3 915323222736399999999999999 3481481552 4899999999999999
326275219172145150184234282316327308262200136 83 53 55 9415923330034636326 7 2O3 952327225936399999999999999 4221431626 4999999999999999
346303248194154139158201254298324324293239176116 72 54 7312519626632335626 7 3O31029328233236199999999999999 45713917 0 5499999999999999
357327277221172141140169218269307325314275217156103 70 6810116123029333926 7 4O311 9325999999999999999999999 5331361735 6599999999999999
357343303249196154134144181231277310320301257200145102 81 9213419525931226 7 5O3 0 4357115232099999999999999 6111341811 8199999999999999
34434832327722417614213114918823627930631128824519314611310312216622327726 7 6O3 038350124031299999999999999 653131185210299999999999999
31933933230025320416113312814918923427430030328124219815913413115119124026 7 7O3 115340133730499999999999999 740127194012999999999999999
28531732731428023518814912512314318122526629329828325221618316215817420626 7 8O3 157327144529999999999999999 836121204115799999999999999
24628330731329826622317814011611213016621225628830229527224121118817918726 7 9O3 24731416 930299999999999999 94111122 317999999999999999
210243275297303290260218172131103 9511014719724828931331529927023620819026 710O3 3503031737317999999999999991052 94233518799999999999999
188205234266291301292263218168121 86 72 8612618424529733134032629425421626 711O3 5 330118523419999999999999912 1 72999999999999999999999
189181194225262293308301270221163108 66 48 6210917624831135336534730826026 712O3 613308195336599999999999999 05318013 5 4899999999999999
213179167184221265303322315280222156 93 45 26 44 9917826032937438335931126 713O3 716323204638499999999999999 15516714 2 2599999999999999
254200162153177223276318338328286220146 77 27  9 3610219027834939039235826 714O3 812339213239699999999999999 2471521455  999999999999999
301238181144142176232290334353337286213134 64 15  5 4311921230036740038926 715O3 9 4353221540199999999999999 3331381543  399999999999999
344280214158128137183245304347360337279202123 55 13 15 6614924132338039826 716O3 954361225539899999999999999 4171271628  899999999999999
374319253188137118140194258315352359327264188114 55 26 4310318627134238326 717O31041361233239099999999999999 45811817 9 2699999999999999
385348288222162122116149206267319349347309246177113 67 54 8414822529835226 718O31127352999999999999999999999 5391141748 5399999999999999
375361315254194143115122160216271315337327287230172121 91 9413219225831426 719O3 0 7376121233799999999999999 6191131826 8899999999999999
35035632928022417213211713217122126830431830426822217614112613917722827926 720O3 03935813 031899999999999999 7 011719 312699999999999999
31833632829525020115913012414217722026028829728525722319216916417921124926 721O3 111337135429799999999999999 745123194516499999999999999
28530831429926722818915513413214717721324727228127625923621420019720722926 722O3 14531415 528299999999999999 838131204319699999999999999
25427729129027525021818515713913514617120323526127527827125623922421721926 723O3 228292164527999999999999999 945135221621799999999999999
23024726327327426424421718715913913113816019222725928129229027625723622126 724O3 33327518182939999999999999911 2131999999999999999999999
21622123425026326926424722118815613112012614918622826829831230929026323426 725O3 5 4269191831399999999999999 0 1216121111999999999999999
21220220722324526527627325522318414511610311214318924128832033232129325526 726O3 61927720 133299999999999999 11020213 610399999999999999
219193185196222253279291285260219171126 95 8610414620426431334334532328226 727O3 712292203634899999999999999 1551851351 8699999999999999
236196172172195233272300309294257205149102 74 7410616223029434036034831126 728O3 75430921 836099999999999999 2301691430 7099999999999999
260208170155168206254297322322295244182122 77 58 7312119126432536236733826 729O3 831326213736999999999999999 3 215515 5 5899999999999999
288230178146145176227281322339327284221154 95 57 52 8615222930135437636126 730O3 9 633922 637699999999999999 3331411538 5099999999999999
316256196149130146193253307342348320263193125 73 48 6211619227133537437726 731O3 941349223438099999999999999 4 41301610 4799999999999999
343285220163126122157216279328354346303237165103 61 54 8815723730936138126 8 1O3101735523 238199999999999999 4361191641 5299999999999999
363312247184134111125174239300342356334280210143 91 65 7612820227733837326 8 2O31055356233037799999999999999 5 91101713 6499999999999999
373336275210152113106136193258312346348316257191134 95 8511217224330735226 8 3O31135351235936899999999999999 5431041747 8499999999999999
36835030123817712910310914920826831634033429624118514011411815421127232226 8 4O31218342999999999999999999999 619101182411299999999999999
35035031826620715411610111715921526930932731728223719316014615619123928626 8 5O3 02935413 932899999999999999 7 010119 614599999999999999
32033432328723818814411410612316221025829431030427924621419118119021625026 8 6O3 1 4334141231199999999999999 75010520 218199999999999999
28330631129726622518314511911012215319523927529630028926924522421221222426 8 7O3 148312154430199999999999999 855110213021099999999999999
24526828529128226022819115412410811113317121525829030831029827625122921626 8 8O3 2562911737311999999999999991022107233221599999999999999
216228247267281283271244206164125 98 9110714419524929632733832730026523126 8 9O3 4402841859338999999999999991150 90999999999999999999999
205196205229260285298293266221168118 80 64 7912318625431335336534831026226 810O3 613299195436599999999999999 1 019613 2 6499999999999999
216181170185222265303323319285230165103 57 39 5911519227233837938435430326 811O3 720325203838699999999999999 1561701359 3999999999999999
243189152146175227283328350340296228153 84 35 23 5512621429936539838934426 812O3 813351211740099999999999999 2401441448 2299999999999999
280213156124132177242305353371351294216136 66 23 23 7215524833138840537726 813O3 9 0371215240599999999999999 3191221530 1699999999999999
318246177124105130191263328371380346279197119 55 25 4410819728635939939526 814O3 943381222540399999999999999 35710516 9 2599999999999999
349280207142100 99141211284344378373328256178107 57 46 8315724332137639426 815O31024381225539599999999999999 433 941644 4599999999999999
369310238169115 89106161232300350372354301232163106 75 8513520928434437726 816O311 4372232338099999999999999 5 7 891718 7399999999999999
373330266199139 99 9212418324930834635432627321315811910813318825331135126 817O31143355234936299999999999999 541 90174910799999999999999
361338287226168122 9910814720326030633132829725220516614515018223128132026 818O31223334999999999999999999999 614 98182014399999999999999
33933129724819615112011112916721526029531030127524221018617819122025729026 819O3 01334013 831099999999999999 650111185417899999999999999
31231529626222118114813012914817921725227728728226624522621321122124126326 820O3 03931614 628799999999999999 731127193921099999999999999
28229028526724021018115814514515818120823625827127427026124923923423624326 821O3 1 9290155527499999999999999 829143211223499999999999999
25326226526125023421419217215815215617119321924526628128628227125624223326 822O3 2 026518 42869999999999999910 5152235823099999999999999
23023324024725225224422920718216014614315317620824427629930830228325823326 823O3 42625319 6308999999999999991145142999999999999999999999
21520721222624426026826324521618215012812213516621025829832432931328224426 824O3 610268194433099999999999999 1 7207125112299999999999999
21118918519922725828229228325521316812810310112517122828532734834130926426 825O3 7 4292201534999999999999999 1431841336 9999999999999999
217180162170201244284311316295252197143100 79 8913019226031935636333829026 826O3 743317204236499999999999999 2121621412 7899999999999999
233182148143169218272316339332295236170112 72 64 9315322930035337736331826 827O3 81734021 837799999999999999 2401411445 6299999999999999
256194144121135183247306347359335280209139 83 54 6511619327334038038334626 828O3 851359213438799999999999999 3 81211516 5399999999999999
284214152111106143208280338370367324255179111 64 52 8615624031737139237026 829O3 92537422 039299999999999999 3381031547 5199999999999999
313240170114 88104162239311362382361303226152 92 60 7012420528735138838426 830O310 0382222639299999999999999 4 8 871618 5899999999999999
340269194129 85 78117188267334375380343276201135 89 7510517225332337038526 831O31037383225238599999999999999 440 761650 7599999999999999
358297223153 99 71 8413821428934637536531825218613310210715121928934337026 9 1O31116376231937299999999999999 513 70172410099999999999999
363320253183124 83 7210016023329834436134229523718514713214919625530834326 9 2O31159361234835299999999999999 548 7118 013299999999999999
352329279217158111 84 8512017623929332933831827923619917416919022927330826 9 3O31248339999999999999999999999 627 80184216899999999999999
326322294248197151116 9710313418023127530431330127724922520820621924427026 9 4O3 020327135331399999999999999 716 96194020599999999999999
29029929126823519816213311611713717021024827829429728927425624023023023826 9 5O3 1 3299154329799999999999999 827114213222999999999999999
25126327127126124221618515513112012514718122025828930831230328425923622126 9 6O3 2292721749312999999999999991011120235621599999999999999
21522123625326727326624421117213611010311815320225430033034032829926022326 9 7O3 4592731856340999999999999991151103999999999999999999999
194183192218252282300298274231178128 90 76 9213720026732335836434029524226 9 8O3 626302194036599999999999999 1 31831259 7699999999999999
193159151173216267310334329294237171110 66 54 8114121829435338237433327326 9 9O3 722336201738499999999999999 1461501350 5399999999999999
209154122127168230293342364349300229154 89 47 46 9016525132838039436630726 910O3 8 7364204939599999999999999 2221201432 4199999999999999
236167114 95120181255323370383353289211134 72 41 5812020629236039638833926 911O3 848384211939999999999999999 257 951510 4199999999999999
267191125 83 83130205284350388385340267188116 65 54 9216725332938139536326 912O3 927392214839699999999999999 330 771544 5299999999999999
297220147 91 67 90153234310367391371314240167107 74 8514021929635638537326 913O310 3391221438799999999999999 4 2 671616 7299999999999999
322249174111 71 69111184262329372378344283215154110 9913019326532636537026 914O31039381223837399999999999999 433 641646 9899999999999999
336274203138 89 69 8814221428333736435431225519815212813717923929733935526 915O3111436523 135599999999999999 5 2 69171512799999999999999
338291229167116 84 8411717423829433334432428323619316415717822127031033226 916O31150344232433499999999999999 532 80174515699999999999999
329299249195146111 9610914719825029331731729626322920018519021424828130426 917O31230320234731099999999999999 6 2 96181718499999999999999
31029526121917714312111913717121125028029429227725623521821221923625727526 918O31320295999999999999999999999 637117185921299999999999999
28428026323620617815514214315718120923725927227527126325124023423524124826 919O3 014285145327599999999999999 726141202223499999999999999
25525825424322821119217516315916417719621824025927328028027125824523422826 920O3 056258172528199999999999999 855159234522699999999999999
22723023524024123822921419417516115616017620023126128630030028726423921726 921O3 35524118313029999999999999911 6156999999999999999999999
20320020922624425826225423320317314813513815919423827931032431629025421626 922O3 55226219 932499999999999999 043200122113499999999999999
18617217820123426528729127524119815612411012015420526130933934231927622626 923O3 643292193834499999999999999 11417213 711099999999999999
180150145168210258298320316285235179129 96 8911516823429734336234730324526 924O3 72132220 436299999999999999 1411441343 8899999999999999
185138117130175235294336350330281216152100 73 8313020027433637137133327026 925O3 756350202937699999999999999 2 81161416 7299999999999999
200138 98 93130197271332368368330264190124 77 64 9616324431736938536030026 926O3 830373205438699999999999999 237 901448 6499999999999999
224151 93 67 86147229308366390372315239163102 67 7412720828935338738033026 927O3 9 6391212139099999999999999 3 7 671521 6499999999999999
254174104 58 52 95175263339388397361293214144 92 7510317225432637438635526 928O3 942399214838799999999999999 338 481554 7499999999999999
287205128 68 38 54117205292360396389340268195135 9810014521829234837636626 929O31021399221637799999999999999 411 381629 9399999999999999
316240162 95 49 37 7214523231036638736731424818714112013718825531435136026 930O311 2387224536199999999999999 446 3617 512099999999999999
332273201133 79 48 53 981702473133563663402922391921601521762242763173372610 1O31146367231733899999999999999 523 45174515199999999999999
330294238177122 82 64 771221852483013333373162802422091881872082432783022610 2O31239339235431099999999999999 6 6 64183318499999999999999
310297264219172131101 891021381862352773043113012802562332172132242422612610 3O31352311999999999999999999999 7 0 89194421399999999999999
2752792702492201871551291151191401732122492792963002932772572382242192232610 4O3 049279155030099999999999999 81811422 121999999999999999
2322442542582532392151861561331231291521862272652963133132992732432151962610 5O3 3 025817323159999999999999910 7123235119199999999999999
1912002192432642742692482131741381141101291672182693103343333112732291882610 6O3 5132751830337999999999999991141109999999999999999999999
161156174208250286306303275230178130 97 911151642272883343553453082551982610 7O3 623308191035599999999999999 0431551243 9099999999999999
149122127161215271317339329290232169114 80 801171802523173593683402862202610 8O3 712340194436999999999999999 1221201331 7599999999999999
156108 90112167236302349365342289221153 97 71 851382122873463753643172482610 9O3 754365201437699999999999999 157 901410 7099999999999999
176112 72 73117189267334375376338274201134 86 75108175253322367376342278261010O3 833381204237899999999999999 230 671446 7499999999999999
202130 74 51 74138220299360387372320250179120 87 96146220292348373358305261011O3 9 938821 937499999999999999 3 1 511519 8599999999999999
230155 90 49 49 94170254327375385353293224161115101130191262322359362325261012O3 944387213436699999999999999 331 43155010199999999999999
258183115 63 43 65126206284346377369325264202150121128171234294338354334261013O31018379215835499999999999999 4 0 43162011999999999999999
282213144 88 54 55 95163239306351365342295239187150140162211266312336332261014O31052365222233999999999999999 429 49164913999999999999999
297239175118 77 62 81130196262315344342313268222183161166196240283312320261015O31126347224832099999999999999 458 62172015999999999999999
301258204151108 83 84113163220273310325315287251215189180193222256284298261016O312 4325231529999999999999999 529 80175518099999999999999
293267227183143114101112143185231270296302292270244220203201213234255271261017O31251302234827599999999999999 6 3101183920099999999999999
275265241210179150131126137162195228257276283278266250232220216220230241261018O314 3283999999999999999999999 648125195521699999999999999
249250243229210189168153147153168190216241261274278274263246230218212212261019O3 04225116 227899999999999999 759147222821199999999999999
218226233237234225209189171158154160176201229257279291290276253227204189261020O3 3 6237172529299999999999999 953154234818599999999999999
185194211231247254249232206178155143144161192230268297311305281245207174261021O3 5 72541812311999999999999991126141999999999999999999999
156157177210245272284276250213173141123126152196247292322329310270220171261022O3 6 7284184633099999999999999 027154122212199999999999999
135121136175226274307317299258207157119103116157216275322346338300242180261023O3 651317191634799999999999999 1 012113 510399999999999999
126 93 93128189256311344344310254192136 98 90120178248310350359330272200261024O3 730348194436099999999999999 131 881343 8999999999999999
131 79 57 78137216292349374359309241172116 85 92140212285341368356305230261025O3 8 8374201336999999999999999 2 2 571420 8399999999999999
151 83 39 35 79159249327379392361297223154103 84110173250318362370337268261026O3 847393204337299999999999999 236 311457 8499999999999999
184105 44 13 30 95187280354396394349279206143102 99140210283340368357304261027O3 927401211536999999999999999 311 121535 9599999999999999
226142 70 19  5 41120215303369398382330261195141113124175243306347358330261028O310 9398214835999999999999999 348  4161411299999999999999
268189112 50 12 14 64145235314368385361309248191149133155206265313339336261029O31054385222434299999999999999 427  7165513399999999999999
298235163 98 47 22 36 90166246312354362337292241196164159183226272305319261030O3114336323 431999999999999999 510 22174215799999999999999
307269214154101 61 46 64113178244299331336316282243207184181200231263285261031O31240338235529399999999999999 558 46183817999999999999999
293281250207161118 86 75 901291802342793073153042812512212001932012202412611 1O31353316999999999999999999999 656 75195619399999999999999
2582672632452161811451161021091351742182592893043022872612322071901871952611 2O3 113267152330599999999999999 812102214518699999999999999
2122322492582542362081751431221181321632032462823043092962692341991721602611 3O3 313258164531099999999999999 944117231315999999999999999
1641842142442662742632362001621321181251541972452873143193022672221771422611 4O3 4552741744320999999999999991110117999999999999999999999
1261351662092532873002902592151691311121191522022563023283272992521961432611 5O3 6 4300182833199999999999999 0 8126121411199999999999999
106 951161612192743133263102702181651241061201622202773213383252822231602611 6O3 65632619 433999999999999999 051 9513 410699999999999999
105 72 731111732423023403453182682091541151051321852463023363403092521842611 7O3 739347193634399999999999999 128 68134610499999999999999
119 68 48 681231972723303603533132551931401101141552152763233443292812132611 8O3 81836220 634499999999999999 2 1 48142310799999999999999
142 81 41 39 791492303033533693472962341751291131341852473023363383042432611 9O3 854369203434199999999999999 234 35145711399999999999999
171103 51 29 47104183263329366365329273211158125125161218276319337320271261110O3 92937021 133799999999999999 3 4 29152912099999999999999
203133 73 35 32 70138218292345366349304246190146129147192248297325325292261111O310 3366212932999999999999999 335 2916 012999999999999999
234166103 55 34 50102174249312350353325277222174144143172220270306319303261112O31037356215831999999999999999 4 5 34163214099999999999999
259199137 85 51 48 78136206271320342333299252205167151162197241280303302261113O31112343222830699999999999999 436 4517 615199999999999999
275228173120 79 60 71110168229283318326310276234195169163181214251278290261114O3114932723 329099999999999999 5 9 60174316399999999999999
280249204157114 86 79 98139191243284307308290259225194176177195222248267261115O31232310234427199999999999999 546 78182817499999999999999
271257229191153120101102123160204246277294292277252223199185185197217236261116O31326295999999999999999999999 628 99192918399999999999999
249252241219190160134120122141171207241268283284273252226202186181187201261117O3 042252143428699999999999999 722119205618199999999999999
218233241238224201176152137136148172203235263281286276256228199176165166261118O3 215241154928699999999999999 837135222416499999999999999
179201224241248241221195168148140146166197233266288294283257221183153136261119O3 35824816522949999999999999910 6140232513499999999999999
138158191227256270266245212178150134137159197240278302305287249201154118261120O3 5172711740307999999999999991122133999999999999999999999
101110145194244283301295266223179143124128157204255296318313281229170115261121O3 615302182132099999999999999 010101122112299999999999999
 77 66 90142208271316333319279226174132113124165221277317331313265199130261122O3 7 3333185833199999999999999 049 66131011299999999999999
 72 38 39 81152231302348360335283222164121107129181245300334337303239163261123O3 749360193534099999999999999 129 33135510799999999999999
 90 33  7 24 84169258330373375339279212153114109143204269320344333283209261124O3 834379201334599999999999999 2 8  6143810699999999999999
128 55  4-11 22 97191281351386378333268202146113119163227289332345320259261125O3 919389205234599999999999999 250-12152211199999999999999
180 99 31-12-14 32115211299362387370320256193142119135185247301334336301261126O310 5387213433999999999999999 333-1916 611999999999999999
236158 82 20-14 -4 51136228308361377354304243186143130152202258303327320261127O31053378221932899999999999999 418-16165312999999999999999
281217144 76 23 -1 17 74155238308352360334287233183148142166211258295311261128O3114336223 931299999999999999 5 6 -1174214099999999999999
301263205141 82 38 22 44 99171244302337340315273226182154150172210248278261129O31236343999999999999999999999 556 22183814999999999999999
292283250202148 98 62 52 74122183244292320322299263221183158153169198230261130O3 0 8292133332499999999999999 650 52194215299999999999999
257272268245207163122 93 841021401902402813053072882562181821561471561792612 1O3 119273143430999999999999999 750 84205814799999999999999
2082372572612482201851501231121231521932362732952982812522141761461311352612 2O3 245262153829999999999999999 9 0112221713199999999999999
1561882222502632592402091761481331361581932332682902942782462051631281092612 3O3 4162641640295999999999999991019132232210899999999999999
1121361742172532752772612311951631431421611952352702912932732361891421032612 4O3 5362791735295999999999999991134140999999999999999999999
 84 911231712232672942972792452051681441421632002422772962922652191661142612 5O3 638299182129899999999999999 014 83123514099999999999999
 76 62 791221812412893153142892482021621391421692112552883012872491951372612 6O3 72731819 130199999999999999 058 62132413799999999999999
 85 51 47 781342022663133333232882401901511331451812282712993022762271662612 7O3 8 9334193630499999999999999 136 4514 613399999999999999
105 57 33 44 891572302933343433202762221721381321552002492883072962571992612 8O3 846344201030799999999999999 212 32144213099999999999999
134 76 36 26 531121872603183473423072551991531291371722222703013072832332612 9O3 921349204230999999999999999 246 25151612899999999999999
169104 52 24 30 73142219288335349330285229176138128150194245287308300263261210O3 954349211430999999999999999 320 22154912899999999999999
205139 79 36 23 46102176250309342341309259203156131135168217265298306285261211O31028345214730699999999999999 352 23162212999999999999999
238176113 61 31 34 72136209275322339324284232181143131148188236277299295261212O311 1339222230199999999999999 425 28165613199999999999999
264212151 94 53 37 55104170237293325328303259209165138137163205248280292261213O31136331225929299999999999999 459 37173213499999999999999
278241188132 84 55 54 83137200259302321312281237191155138146175214251275261214O31212321234128099999999999999 533 50181213899999999999999
279260220171122 85 67 77113166223271302311295261219180151140152180215246261215O31250311999999999999999999999 610 67185814099999999999999
264264244207164124 96 87103140188236275298299279245207171147139151176207261216O3 031267133330199999999999999 651 87195313999999999999999
235253254236205169136114110126159201241273290287267235198164139131140163261217O3 133255142229199999999999999 742109205913199999999999999
194224245251240215185156136130142169204241269284280260227189152125113120261218O3 250251151928599999999999999 84913022 911399999999999999
144179217246260256236208178155144149170202238267282279257221177135103 87261219O3 41726016202839999999999999910121432312 8799999999999999
 94124168216255278281263232197167148147166199238269286282257213162112 74261220O3 5362821720287999999999999991134145999999999999999999999
 57 67106162223273304309289252210171145140160199242277295288256203142 85261221O3 642310181529699999999999999 0 8 56124213999999999999999
 42 25 43 94164236295331335309264213167137133158203252290307295252189120261222O3 73733719 630799999999999999 1 0 25133813099999999999999
 56 12 -1 26 90172254319354354320267208157126127160213266305318298246174261223O3 828359195531899999999999999 150 -2142912299999999999999
 98 31-13-19 19 95186273339371362320260197144117125167226282318326298237261224O3 917372204432799999999999999 239-22151711599999999999999
159 79 12-28-26 24108204291353377359310245181131110128178240294327328292261225O310 4377213333299999999999999 328-3316 311099999999999999
226145 66  2-32-19 40129224306360374347292226164119107134189250300328323261226O31049375222233099999999999999 415-33164910699999999999999
282213134 59  2-21  2 68156244317359361326268205148111108142197254299321261227O31133365231332299999999999999 5 1-21173410599999999999999
311267200127 61 14  3 35103184262321350340300243185135107113149200251290261228O31215351999999999999999999999 546  2182110599999999999999
307293250190128 73 40 39 76139209273317332315272220168127107117151196241261229O3 0 5307125733299999999999999 630 35191010799999999999999
274287273236187137 96 74 82117171227276306310288248201157123109118148186261230O3 1 0287133831299999999999999 716 7320 510999999999999999
225255267257229193156126113123153195238273291287264228187148119106114138261231O3 2 3267142029299999999999999 8 511321 710699999999999999
