 33 33 6612519525930732932128623919215413714718523628331532229724317310426 1 1O5 713330184432399999999999999 031 2913 913699999999999999
 46 10  8 4411119026532335134230324919414912513617823528832533430724717126 1 2O5 815352194633599999999999999 134  4141212599999999999999
 95 30-10-11 3210819527734036735330724718513511212817824129933834531224626 1 3O5 9 9367204234799999999999999 232-1615 611299999999999999
164 83 16-24-19 3411721029535537635229823216711710112718525331234935030826 1 4O5 956376213235599999999999999 324-28155410099999999999999
235150 70  4-28-11 52141235316367373336275207144101 9713520026832435434326 1 5O51038376221635599999999999999 411-291636 9399999999999999
291214131 56  0-17 15 88178266335368355307242176121 9210315222028433134726 1 6O51113369225534799999999999999 451-181714 9199999999999999
323263187111 47  8 11 59136221296345355324268205146104 9312017523929432726 1 7O51143357233033299999999999999 527  41748 9299999999999999
327291229160 97 50 33 55112188261316341329286228171124 9910414019525129326 1 8O51210342999999999999999999999 558 321821 9799999999999999
311297256199142 95 68 7110616523128732032329524819514711310311915820725226 1 9O5 0 5311123532699999999999999 626 65185410299999999999999
281286266228182139108 9811415320625829530929826421917313511211113016620626 110O5 04328713 231099999999999999 655 98193510999999999999999
24126126124421518115113313315218722826628829127424220216313211511613316226 111O5 132264133829299999999999999 731131202911399999999999999
19522424124623721819517416216217620123225927427425923219716213311611212426 112O5 248246143127699999999999999 829160214311299999999999999
14817820723024324423421719818417818320022324626226625623320016413110910026 113O5 43624515492669999999999999910 217823 210099999999999999
108131163199231253262256238215193179177189211237259269263240204162123 9526 114O5 6 426217 9269999999999999991138176999999999999999999999
 82 9011615520124227228327525222018916816317620423826728127424720415410826 115O5 7 5283181228199999999999999 0 8 82124616299999999999999
 75 62 7310815821326129330228825421317515014816920624928229728525019713826 116O5 75230319 529799999999999999 1 2 62133714699999999999999
 87 52 43 6310917023328531431528924519615413113716921826730231329324518226 117O5 832319195131399999999999999 149 43141913099999999999999
117 63 31 30 6312219326031033232028022617213111513318023829032332529223126 118O5 9 8332203432899999999999999 232 26145811599999999999999
159 90 38 13 26 7514622329033334131226020014510910514019926231333932827926 119O5 942343211334099999999999999 311 12153510299999999999999
207130 63 17  5 35101182260321350338293231169117 9210515622328833334731926 120O51013351215134799999999999999 348  41611 9199999999999999
256176100 39  5 11 61140224297345354321262197137 94 8411617925030934434226 121O51042356222734999999999999999 422  21645 8399999999999999
297224144 75 25  8 36103187266327355341291225161108 79 8813520427232334426 122O5111035523 234499999999999999 454  81718 7799999999999999
324267192119 61 27 31 77152233301343348313252186129 87 7410015622528632526 123O51137351233933299999999999999 525 231752 7499999999999999
330298237167106 63 47 68125199270321341325278215154105 77 7811417223628726 124O512 4341999999999999999999999 557 471827 7399999999999999
314308271216158110 82 81113169234290322325296245187133 94 75 8512317723226 125O5 020315123432899999999999999 632 781910 7599999999999999
274294285254210165131114120152200251291309302271225173126 92 79 8912116726 126O5 112294131331099999999999999 71411320 5 7899999999999999
215252271270251220188162149154176211248277290283258220174131 98 81 8310626 127O5 22527314 829099999999999999 8141492123 7999999999999999
144188227254265262244220196180174182204231257272274260230188144105 78 6926 128O5 415266153727599999999999999 9551742257 6999999999999999
 81113158204245273283275253225198178172183208238264278275251210159109 6926 129O5 6 32831721279999999999999991152172999999999999999999999
 47 50 8013119024628931130628024120116715015718622726629329927723116910726 130O5 719312184430099999999999999 023 45131414999999999999999
 54 21 20 5411618825831233933129524319014512213217222627831532530024417126 131O5 816340194932699999999999999 133 16141312199999999999999
 98 35 -3 -2 41116200280338361342293230167117 9611717023629733934731224526 2 1O5 9 2361204234999999999999999 229 -815 0 9699999999999999
163 82 15-21-10 48134226308362371337275204136 88 7811518125531935835630826 2 2O5 942374212736399999999999999 317-231542 7699999999999999
230144 62 -1-24  5 77170263338375364312241168103 66 7512820427933936634626 2 3O5101637722 636699999999999999 358-241619 6499999999999999
285202118 43 -5 -7 42126219303359372337272198128 75 59 8915523330335035726 2 4O51045373224036099999999999999 433-131651 5899999999999999
319248168 92 33  9 32 98185270335364347293222152 93 61 6811718926131834526 2 5O511 8364231034599999999999999 5 2  91720 5899999999999999
330278207136 76 41 43 89163243310348346306242173113 73 64 9315122028131926 2 6O51128353233832699999999999999 527 361745 6299999999999999
324292236173117 78 67 93150221285328338311258194135 90 70 8212318124028426 2 7O51146339999999999999999999999 548 6718 9 7099999999999999
303291254204154116 98109147203260304322309269215160114 86 8310614919924326 2 8O5 0 730312 532299999999999999 6 9 981837 8199999999999999
272276259226188155134133153190235274297297273234187144112 9710312616220026 2 9O5 042277122930099999999999999 6351311913 9799999999999999
23124824923621519217316416818621424326627526724521417914712311311813415926 210O5 13225113 327599999999999999 711164201111399999999999999
18621022523122922221120019419420221523124424924623321218616013812412012726 211O5 31823114 524999999999999999 826193215212099999999999999
14316518821022723924123622521320219820021022223324023822520317514712411026 212O5 54824116182419999999999999911 8198233610799999999999999
10812014417520923925926625924021619317917718820923325125724722118414511026 213O5 6582661752257999999999999991238176999999999999999999999
 88 83 9813117522226128528927224120317115315417621124727428326823218213026 214O5 740290185328399999999999999 045 83132615199999999999999
 86 60 59 8413119024729131230527322717914212613817522527230330828323116826 215O5 815313194131099999999999999 134 5614 512599999999999999
106 58 33 41 8314621728032233230825920114811010313218724930233232828621926 216O5 847333202433599999999999999 216 32144210199999999999999
145 78 29 12 37 98176253316349341297234168112 81 9013820827733135433527626 217O5 91935121 435499999999999999 255 121518 7999999999999999
196117 50  7  6 52129216294349363333271199131 78 60 8915623530635536532626 218O5 949364214236799999999999999 332  11554 6099999999999999
253168 90 29  0 20 86175262332369359306232157 92 51 5310318226433136835926 219O51018371221937099999999999999 4 7  01628 4699999999999999
304223140 69 21 13 56136226305358369333264187116 60 37 6212821229034636526 220O51044371225536599999999999999 440 1017 1 3799999999999999
337271192119 61 32 48108192273335363347291216143 81 41 40 8315723830534526 221O511 9364233135199999999999999 511 311732 3599999999999999
346305239169110 70 63 98165241306344347310245173108 61 40 5610918125230526 222O51134351999999999999999999999 541 6118 5 3999999999999999
328316272215160117 97107150211273316332315268206144 92 59 52 7812919224926 223O5 0 9329115933299999999999999 612 961842 5199999999999999
288300285250207168142135152190238280305305281238186136 95 72 71 9413618526 224O5 056300123130899999999999999 6481341932 6999999999999999
229260271263243217192175172184208238265278275257226188149115 93 87 9812426 225O5 2 5271132027999999999999999 7431722053 8699999999999999
161198229249257254241224209198196203217234248254251236210177142111 91 8626 226O5 411257151125599999999999999 9471962247 8699999999999999
 99127165206242267278274256231206186177183202226249264263245209164119 8326 227O5 61127917292669999999999999912 6177999999999999999999999
 63 66 9514219725029131030427723719515914114817721926029029827923517611526 228O5 716311185029999999999999999 022 61131514099999999999999
 64 34 36 7313520627232133932328022416812310412116722628232133130424517326 3 1O5 8 1339194733299999999999999 127 3114 210499999999999999
101 42 10 20 72148231303350357324265197132 86 7711117424631035035231023926 3 2O5 840360203335799999999999999 217  81443 7599999999999999
157 80 21 -2 25 93180267336370357305233159 94 57 6511819527433736935529726 3 3O5 913372211237099999999999999 258 -21520 5499999999999999
217133 59  9  5 53134225307362373336268190116 60 42 7314322630335837233726 3 4O5 943375214737399999999999999 334  01553 4199999999999999
267185106 43 14 35102189275342372354295218142 77 39 46 9917926132936535526 3 5O510 8373221836799999999999999 4 6 141622 3699999999999999
303228151 84 41 39 85163247319361359314242165 97 49 37 7013821929234235426 3 6O51028366224635599999999999999 432 341647 3699999999999999
322261189123 75 58 84146224296344355324261187118 65 41 5610718025331033726 3 7O51046357231233899999999999999 455 5817 9 4199999999999999
326281220159110 85 94139205273324344327276208141 86 54 54 8914821527431026 3 8O511 3344233931799999999999999 515 831730 5099999999999999
315289242190144115113140191249299325320284227166113 76 65 8312518123527526 3 9O51121327999999999999999999999 5361101754 6599999999999999
292283253215177149138151184228270299304282241191144106 87 8911415319723526 310O5 0 8293114230599999999999999 5591381823 8599999999999999
25926425223020518316917018721424326727827124721317614311910911613616419426 311O5 04626512 727899999999999999 62716819 510999999999999999
21923423823322421220219719920822223624724924222720518215914113113114115726 312O5 154238124625099999999999999 715196202813099999999999999
17619521122423223523322721921220920921322022622922721920318216114213012826 313O5 5 42351513229999999999999991024208224612799999999999999
13515117420122724725825824622820719018218519821723524724623120417013811326 314O5 6272591726248999999999999991216182999999999999999999999
10210713016520724627528627925422018515914916018822425827827925621516612026 315O5 7 6287183128199999999999999 01110213 014999999999999999
 86 72 8312017222927730731228824519615112211814519224529031430827221315026 316O5 739313192031699999999999999 1 4 72133711699999999999999
 94 56 46 71126195262313338326282223162112 85 9614220827432434632827420226 317O5 81133820 434699999999999999 148 451415 8499999999999999
129 68 31 32 76149229300347357324261189122 72 55 8515223230535636933526526 318O5 843359204737099999999999999 229 261452 5599999999999999
183107 46 17 36100185269337371359303227149 80 37 38 9017226033437937732626 319O5 915373212838499999999999999 3 8 171529 3199999999999999
246163 88 34 22 61140229309364377340267184106 43 14 3810820028835738836826 320O5 94637922 738899999999999999 345 2016 5 1499999999999999
304223143 77 38 46104189274341375362303221139 67 17 10 5413722931136637926 321O51014376224538199999999999999 421 341639  699999999999999
343275199130 77 59 88157238310356364327256175100 41 10 24 8416825332235926 322O51041366232336399999999999999 454 591713  999999999999999
354310246181127 94 96139207276328350335283211138 76 33 22 5211619326431626 323O511 7350999999999999999999999 527 901747 2199999999999999
336320278225176138124140185242293324325296242179120 73 46 49 8313920325926 324O5 0 3336113432999999999999999 6 01241825 4399999999999999
295304289256218184163159178214255287300292262218170124 90 73 7710414719526 325O5 05130512 730199999999999999 6391581918 7299999999999999
237265275269251228206192189198218242260268262244217183149120101 9711013726 326O5 2 527513 426899999999999999 7441882045 9799999999999999
173208237258266263250233215202196199211226239248248236214183150121102 9926 327O5 41226615312499999999999999910 71962240 9899999999999999
114144183223258281287276253223194172164173195224251269270250214170126 9226 328O5 5512871732272999999999999991158164999999999999999999999
 78 8812217222727530631429625921316813512414017922627130130528123317511826 329O5 647315184030799999999999999 0 6 77125412499999999999999
 74 55 70116181247303335333300246186131 95 9112318024429933333329623516526 330O5 728338193033899999999999999 1 5 551336 8899999999999999
101 55 41 69131206279333355336284217148 91 62 7412519727032935834529322226 331O5 8 3355201235999999999999999 150 401414 6199999999999999
147 82 42 43 89163244314357360319252177107 56 43 7514422530135436933927526 4 1O5 834364205037099999999999999 229 361448 4299999999999999
198125 67 42 64127208285344367345285208132 69 33 42 9617625932936836431626 4 2O5 9 1367212437299999999999999 3 3 421520 3099999999999999
245171105 62 59102176256323362358311238160 90 40 27 6013021429234936834226 4 3O5 926366215536899999999999999 334 541548 2699999999999999
283212145 92 70 92152228299348360329264187114 56 27 40 9417125231835535126 4 4O5 948361222435999999999999999 4 1 701613 2699999999999999
309247181125 92 94137204274329353338285213140 78 39 35 7113621328233134426 4 5O510 8353225234599999999999999 426 881637 3299999999999999
321272213158119107132185249305338336299236166104 60 43 6111117824529832526 4 6O51028342231932799999999999999 45010717 0 4399999999999999
319285237188148128137174227279316325303254193134 87 62 65 9815121026229626 4 7O51049326234730599999999999999 5131271724 5999999999999999
305287253213177154151172210253289305297264215164119 89 80 9613217922526126 4 8O51111306999999999999999999999 5381491752 8099999999999999
28027725823220418217217820023025927928126523319415512410610612315418922326 4 9O5 022281113928399999999999999 6 8172183110499999999999999
24725725524322721019819319921323124725625524122019316514212912713715718226 410O5 116258122225799999999999999 657193193812699999999999999
20722724124624523822721620720320521322323223723622721118916514613513414426 411O5 319247142023899999999999999 910203213513399999999999999
16318821523825526325924622620518818018319621623625025224021618415212811626 412O5 5112631641253999999999999991116180231411699999999999999
12114217621525227828928125622218615814415017621325127828727323819214611026 413O5 6 52891755287999999999999991212144999999999999999999999
 92 9712817623127830931629625320215311810512316722427631332330125119013326 414O5 645317185032399999999999999 018 91125610599999999999999
 89 69 81127191257310339335296235170113 76 7110617024330634735331825418326 415O5 723342193935599999999999999 1 9 691338 6899999999999999
118 71 55 80141218289341361339280205132 72 38 4710218326733637537132324926 416O5 8 0361202537999999999999999 155 551419 3699999999999999
173106 61 54 94168250320365369327252169 93 34 10 3711020229136039337631726 417O5 836373211039399999999999999 239 5115 0 1099999999999999
239163 98 60 68123204283346376360300216131 57  6 -2 4412822531237539636626 418O5 911377215439699999999999999 321 571540 -599999999999999
301226154 96 72 96161241312361372336263178 97 31 -7  3 6415324732737838326 419O5 945373223738799999999999999 4 2 721619 -999999999999999
344280211148103 96133201273331361352301225145 73 19 -2 25 9217926433236626 420O51017363231936899999999999999 440 931657 -299999999999999
359317258199149120128172234293334345321264193123 63 24 20 5612220027132326 421O51050346999999999999999999999 5181191737 1799999999999999
343328290241194158144161202253297321319288235175117 71 46 51 8714520926526 422O5 0 4343112532499999999999999 5581441822 4499999999999999
303315302271234199175169184216253283296289263222174129 94 76 8110915520526 423O5 057315121029699999999999999 6471681919 7599999999999999
25028029228626523821219218419121023525626826725322619115512410410111815126 424O5 2 8292132726999999999999999 8 3184203910099999999999999
19223226328228527325122520018317818620522724726026024621918415012210811526 425O5 340286153226299999999999999 952178221110899999999999999
14017822126028729728826323019416515015317420624126828127424720716412610426 426O5 5 129717 9282999999999999991119149232910199999999999999
10513017322427130431530126622017213411412115320025028930930126821816512026 427O5 5573151814309999999999999991215114999999999999999999999
 94 96128182241293326330304254196140 98 8210114821027031633431927421515626 428O5 63933219 333499999999999999 026 911258 8299999999999999
109 86 96141204268319344334291228161103 65 61 9615923229734035032226720326 429O5 714345194635199999999999999 112 851336 5899999999999999
143 99 85110167236299341351323264192123 69 42 5610818326032335835431325126 430O5 746352202436199999999999999 152 841411 4299999999999999
185128 93 95135201270326354345297226152 87 43 33 6613321428934436534529326 5 1O5 81635621 036599999999999999 229 891444 3299999999999999
229166117 96116170239302345354323261185114 58 29 40 9116724731535736032526 5 2O5 844356213436499999999999999 3 2 961515 2899999999999999
268204148112110146208274327352339290220146 82 40 31 6212520327833435734226 5 3O5 91135322 635799999999999999 3341061544 2999999999999999
298239181135116133182244302339344312251179112 61 36 48 9516423830234034426 5 4O5 938347223734799999999999999 4 31161612 3599999999999999
316267212163132132164218275319338322275210144 88 53 48 7713420226631433326 5 5O510 433823 633399999999999999 4311281639 4599999999999999
321285238191155141156197248294322322291237176120 78 60 7211317023128231226 5 6O51030326233731899999999999999 45914117 7 6099999999999999
315294257215179158158183224266299310296258206153109 82 7910114519824828426 5 7O51058310999999999999999999999 5281551738 7799999999999999
300294270237205179169178204238270290290270233189146113 9710112616621125026 5 8O5 012301113229399999999999999 6 31691817 9699999999999999
27728627825723120518718119021023625927227125422418915412711511914017321026 5 9O5 059286122427499999999999999 655181191511499999999999999
24426727727325823621319518518619921924025526025323320417314512912714016726 510O5 211277135526099999999999999 822184203812699999999999999
20223626428028227024721919317416617319322024626426825623019516013412313026 511O5 33828315462699999999999999910 216622 812399999999999999
15519323527129430028725621717714813314016720724928129528825821416913311426 512O5 4493011710296999999999999991113133232311299999999999999
117144190243288316321300256201150112 9510614620426130632731928222717212826 513O5 54232318153289999999999999912 7 94999999999999999999999
103106140197259310339338304244176116 73 58 7913620927933235734529823517326 514O5 629343191135899999999999999 0251001257 5899999999999999
123 96103146213280331357346297223147 82 38 28 6313421929735537936030623826 515O5 71435820 437999999999999999 120 941344 2699999999999999
172120 94108161233301349367343280199119 52 10  9 5713923131437239236530626 516O5 757367205539299999999999999 211 931432  499999999999999
237171120 98122182255319361368331259174 94 29 -7  3 6215124532738239336026 517O5 840370214439599999999999999 3 0 981518 -999999999999999
300232168121109141205275333365360312235152 75 15-11 11 7816725933638238426 518O5 923368223238899999999999999 34710816 4-1199999999999999
346287223164126125164227291340361343289213134 64 13 -1 3010018727233937226 519O510 5361231937599999999999999 4321201650 -299999999999999
365325270211161134144186245300338347321265194124 63 24 21 5912720728033426 520O51047348999999999999999999999 5161331735 1799999999999999
356342303252202162146162203254299326327298246183123 73 46 51 9015322228226 521O5 0 6356113233099999999999999 6 11461822 4399999999999999
323335319283239197167158174210252287307304278234182133 93 74 8211817223026 522O5 054335122430999999999999999 6521571913 7399999999999999
27931031830227023219717116317520423826828628726823419215111810210913918426 523O5 148318133228999999999999999 754162201410199999999999999
23227430130729426623119616915716418621724827027927024521017314112312615026 524O5 24930815 027999999999999999 9 9157212312299999999999999
18923327329930629426622819015814014316419823526628328226222919015613513426 525O5 3533071627285999999999999991023139223313199999999999999
15419223727830531329826422017413611611814418623327329830128024320016213826 526O5 4503131736303999999999999991124114233613399999999999999
135158199248291318321299255202150109 90 9813418724329031831829224920116026 527O5 5393231831322999999999999991213 89999999999999999999999
135136164213265308330326292237176121 82 69 8813619926231133633029624619526 528O5 620332191833899999999999999 0291321255 6999999999999999
153132140177231285325339322275212147 93 59 57 8914922028533234933329023626 529O5 65833920 134999999999999999 1151311335 5499999999999999
184145131149196254306338340309252183118 69 45 5610217124430734735432727826 530O5 735343204135699999999999999 1571311412 4499999999999999
221170137134165218277324345334289224154 93 51 41 6712419727032735634931226 531O5 810346211935799999999999999 2361311448 4099999999999999
259203157134144186243299337345319263194126 72 42 47 8715322729434135533626 6 1O5 845346215435599999999999999 3121331523 4099999999999999
291236183146137161211269317343336296233164102 58 43 6411618625731534734626 6 2O5 918345222735099999999999999 3471361556 4399999999999999
314265212166141147184237291329340318267201136 83 53 54 9015022028332834326 6 3O5 951341225834399999999999999 4191401628 4999999999999999
327288238190156145165209262307332328293236172114 73 58 7612218625030333226 6 4O51022334232933599999999999999 4511451659 5899999999999999
331304261215175153156186232279313325308265207149102 74 7410315621727331226 6 5O51055325999999999999999999999 5231511731 7099999999999999
327315281239198169157169202246285309311287242188138101 85 9513118323928626 6 6O5 0 2327113431399999999999999 6 015718 8 8599999999999999
31431829926422519016716117620924728029929627123018314111210211615220125026 6 7O5 040319122330099999999999999 646161185510299999999999999
29031131029025621918616415917220123726828728726823419315512811913216420826 6 8O5 128313133128999999999999999 747158195611999999999999999
25429030930928925621718115514615518221825528028927925121417514613314016726 6 9O5 227312145728999999999999999 9 014621 913299999999999999
20825429131331429525921417013712112815619924528230130027723919616114114226 610O5 3343161626304999999999999991013121222913999999999999999
165206255296322325303260205152111 91 9612918324129032132630426221417214526 611O5 4383261742327999999999999991119 90234313999999999999999
140161206259305333336310258193131 84 60 6610717224230234135132828222818026 612O5 5373381848352999999999999991218 58999999999999999999999
147137159208266315345346313252179111 59 32 42 9116524531335937134629623726 613O5 633350194937199999999999999 0491371316 3199999999999999
184146135160213274326355353314245167 95 39 11 25 8216324932437338435630226 614O5 727359204638599999999999999 1501341412 1199999999999999
241184143133162220283335364357312238156 82 24 -2 17 8016725733438339035826 615O5 821366214039399999999999999 24613215 6 -299999999999999
301238179138133168229293344369357306229147 71 15 -6 21 9017927034538838826 616O5 913370222939399999999999999 3381301557 -699999999999999
349290226168133135177240303350370351294217136 64 13  1 3811120028735438626 617O510 2370231438799999999999999 4261281645  099999999999999
375331271209156130142190252311352363336277202127 62 22 23 6814322730435826 618O51049364235537599999999999999 5121291729 1799999999999999
375353305246190146132153203262314346348315256187122 69 43 5710718025531826 619O51133351999999999999999999999 5551311811 4399999999999999
354356326276223174142138165213266309331325291237178125 87 75 9814921427626 620O5 033360121833399999999999999 6381351851 7599999999999999
32334333329925220416414114417321626129631130327122717913811211113718423926 621O5 11034413 931299999999999999 724139193410899999999999999
28832032931227823419215814114617221024927929328726322819015914114316820826 622O5 149329141229399999999999999 817140202313999999999999999
25329131431629826522418415213714016319823526528228326723920818016416618526 623O5 236318153128599999999999999 919136212616399999999999999
21925829030930929125821717614312612814918522426028329128025622519717817626 624O5 3333111654291999999999999991024124223917599999999999999
19122225829030930929025420916412911011213517622226529530629727123720418226 625O5 43331118 2306999999999999991125108234717599999999999999
176190222260294314313290249198149111 92 9712717522927831232331128024020226 626O5 5293161858323999999999999991218 90999999999999999999999
176171188224267303323318289240183130 92 76 8712618324429633033731827923426 627O5 620324194633899999999999999 04517013 5 7599999999999999
192167165189232279316332321282226164110 74 64 8513419826331634534431627026 628O5 7 6332202934999999999999999 1341621349 6499999999999999
220178156162196246296330340319271207143 90 60 59 9215022028633435534330526 629O5 74934021 835599999999999999 2181551431 5599999999999999
253201162148166210265314343343311253185120 72 50 6210817524731035035833326 630O5 830347214435999999999999999 2571481510 5099999999999999
286231181149146177230287332352340294228158 98 57 48 7613320627733336035226 7 1O5 9 8353221636199999999999999 3341431546 4799999999999999
314260205161140152196254309346354327269199131 78 50 5710116924330835136126 7 2O5 944355224636299999999999999 4 91391619 4899999999999999
336287231181146139166219278327353346304239168107 66 54 7913620927933335926 7 3O51018354231536099999999999999 4421371651 5399999999999999
350311257203160137146186243298337349327275208143 93 66 7111117724830934826 7 4O51053349234335799999999999999 5151361722 6399999999999999
356330282228180146137158205261309337337304248185130 92 79 9914921628032926 7 5O51129341999999999999999999999 5501361755 7999999999999999
35134230525420416213813916821726830932832028323017613110410313218424530026 7 6O5 013352121232999999999999999 628135183210099999999999999
33534432428323418715113314017121726530131630527322818214512613116120926226 7 7O5 04834413 631699999999999999 714132191912599999999999999
30733233330926922117614212713416320625228730430027624020116915315618122126 7 8O5 131335141730599999999999999 811126201915199999999999999
26630432532430226421717013411611914418623327429930529226322719617617318926 7 9O5 228327154830599999999999999 921114214017299999999999999
221261297319322304267218167125100 9711916121426330031831429125522019318026 710O5 3383231720319999999999999991038 95231118099999999999999
187213252291318327314277223165115 81 72 9113619625730633634031828023720126 711O5 4553271839342999999999999991152 71999999999999999999999
178177201243288323338328289230164105 62 46 6411418325531635536434129724626 712O5 6 8339194536599999999999999 03317413 0 4699999999999999
200169163188236289332353344303236162 95 45 23 42 9917725932937438335530426 713O5 715354204338499999999999999 14116114 3 2399999999999999
245191154148179235295344369360312239158 84 29  6 30 9618327134639139435726 714O5 816370213439899999999999999 24014615 0  699999999999999
298234174136135176239305358383369314234150 73 17  0 3410920129236540239326 715O5 910384221840599999999999999 3311301550 -199999999999999
346280212153120130181251319371390366303220136 62 13 10 5713923231938240226 716O5 959390225640299999999999999 4171181635  599999999999999
377320252185131111136196268333377385349280200122 58 24 39 9918327134538826 717O51041387232939399999999999999 4571111713 2399999999999999
387346284217157117114152216284341372365320251178112 65 53 8515223330736126 718O51120375235738099999999999999 5341101747 5299999999999999
380358307245185136113127173236296339354335286224164114 88 9614020627533126 719O51156355999999999999999999999 6 91131817 8699999999999999
36135732126721116112712014519324829632632830225820716213112314519124930226 720O5 023364123433099999999999999 643119184712299999999999999
33734632728623618714912913316120424928630430127824320617615916218722727226 721O5 048347132030599999999999999 721127192115899999999999999
30932732329926121817714813514216720324026828328326824522019918919421424426 722O5 120328142728599999999999999 8 9135201118999999999999999
27630031030328225021317815214014416219222425227127927526124222421221122226 723O5 2 6310161027999999999999999 916139213721099999999999999
24226528529629427825121618215413713514917620924327128829228226324122221226 724O5 3212961745292999999999999991037134231821199999999999999
21422925227529229628525822218214812511913216120224528230631330127624521726 725O5 4482961850313999999999999991149119999999999999999999999
20019921624427529930829726722317613410710111815520525830232733131127623526 726O5 557308193833299999999999999 032197124710099999999999999
201182184209247287316324308270216161115 87 8511015922027932434734131026426 727O5 651325201834899999999999999 1231801335 8299999999999999
216180164175212261307336340314264200139 92 68 7511417524430634836034129626 728O5 738342205336099999999999999 2 51641418 6799999999999999
242192157150176225283330356350311247177114 70 55 7613020227533436736532926 729O5 820358212537199999999999999 2431491456 5499999999999999
273215165138145186247308353370350295222149 89 52 51 9116023931036237935726 730O5 859370215637999999999999999 3191361531 4799999999999999
305243184140126150206274333371374337269191121 68 45 6412220128034538137726 731O5 935378222438499999999999999 35312516 5 4599999999999999
335273209154121123166232300354379365311236161 98 58 54 9416624832137138526 8 1O51010380225038699999999999999 4271171636 5199999999999999
358301235175129111133189259323365374343279204137 87 64 8213921729335238126 8 2O51044376231638399999999999999 45911117 6 6499999999999999
371325261198146113113150214282336365357313248181126 92 8812318926332636626 8 3O51119367234137599999999999999 5311081736 8599999999999999
37334328722316712510712317023429433735233328622717213111312516923329634326 8 4O51157352999999999999999999999 6 410718 811299999999999999
36335131025219414711611013518324129332633231026922118015214516520826131026 8 5O5 0 8363124333399999999999999 642109184614599999999999999
34134632528323118013911611614018423427830631229726723320218218019723027026 8 6O5 042348134631299999999999999 730113193717999999999999999
30532632630627022518014312111713516921325428429829728125823321420721323226 8 7O5 130328152430099999999999999 83911621 320799999999999999
26028830631130027423619315312411111714318322726729631030728926423922021226 8 8O5 248311171931099999999999999101211023 521299999999999999
218238266291308309293259213164123 96 9111015220525930433233732028825121726 8 9O5 4373111844338999999999999991143 90999999999999999999999
196193212247286316330321286231170115 75 61 7812619226132035836634330024926 810O5 6 8331194536799999999999999 0371911258 6199999999999999
202170164190237290334357350309243170102 53 33 5511519427534438538835329626 811O5 718359203439199999999999999 1411631359 3399999999999999
234177140139177238303356384373321244161 86 32 16 4912121129937040639534626 812O5 815385211640799999999999999 2321351451 1599999999999999
278208147114124176250322378403381318233146 70 20 15 6414824333139441438426 813O5 9 3403215341499999999999999 3171121535 1199999999999999
321247175117 96123189269343395408372298212128 58 22 3710219228536340840326 814O5 946409222541299999999999999 357 961613 2099999999999999
355283208140 95 93138213293361400395344267186111 57 44 8115724632738540326 815O51024404225240399999999999999 433 871647 4299999999999999
373311237168112 87107166243316369389365306233162104 74 8614021829735938926 816O51057389231439099999999999999 5 5 871715 7299999999999999
377328260192134 97 9613419926932936436232526620415011410814120227333336926 817O51128368233337599999999999999 533 92173910699999999999999
37133727921515811610111916622728632834332728723718915414015419625330734626 818O51159343235135799999999999999 55910118 114099999999999999
35633729323718314111711914619224328731231429426022419317517719923828131726 819O51234316999999999999999999999 626114182617399999999999999
33432829925821217114213214116820524327228728627225223021320621223125828526 820O5 014335132428999999999999999 7 213219 220699999999999999
30430829627224020717715715015717520122825026427026826125024023423524225526 821O5 046309151727099999999999999 759150202323399999999999999
26927928227626324221819317316115916718420623025227028028227526324923823326 822O5 149282173928299999999999999 94315823 923399999999999999
23624525726827427225923620918115814614716118722025528430330629527324722426 823O5 4162751844307999999999999991126145999999999999999999999
21021122424727228929328125321517514212312314217922627330932832630326722826 824O5 545294192333099999999999999 029209123212199999999999999
198183190216254291315319300259207156117 9710313518724630133835033429524526 825O5 641320195535099999999999999 1121831318 9699999999999999
199167159179223275319344342308252188130 89 74 9314220927833436536232727326 826O5 725347202636899999999999999 1481581357 7499999999999999
215166138143182242303350370354303233161101 64 62 9916624431536638336030726 827O5 8 5370205538399999999999999 2221351434 5899999999999999
242179132115139196268333377386352285206132 76 49 6512320428635339138734226 828O5 843387212539599999999999999 25611515 9 4999999999999999
275204143104103148220297361395388336258177108 60 50 8816325032838440137226 829O5 921398215340299999999999999 331 981543 4899999999999999
309234165110 85106169250325381401374308227152 91 59 7113021429736439939126 830O5 957401221940299999999999999 4 4 851615 5799999999999999
339265191128 85 81123197279348390391347275199135 89 7711218326533738439426 831O51032396224439599999999999999 437 771646 7699999999999999
360294219151100 75 9214922730235938336731424518113110411416323630836038426 9 1O511 738423 738499999999999999 5 8 75171610399999999999999
368317247178123 86 8111417725031435436333528322617714413516021327733136326 9 2O51144364233236799999999999999 539 79174613499999999999999
364331275210153110 89 9813719725930833533430626522218917017520324929733226 9 3O51227338999999999999999999999 614 88182016999999999999999
34633329624619314811610411715220024928830830729026323621420421023126129226 9 4O5 0 1346132831099999999999999 7 0104191020499999999999999
31331830427623919916213512212715018522425828129229128026324623423023524926 9 5O5 045318152329399999999999999 813122205723099999999999999
26828329129027725522318915713412413115519022926529330830829527425023021826 9 6O5 22129217313109999999999999910 5124232421799999999999999
21923325427729329828725821717313310710112015921126430933634132328824821026 9 7O5 4502981841342999999999999991145101999999999999999999999
185181200236278313331325291238177122 82 69 9114221027933536836833628522826 9 8O5 616332193037299999999999999 0411791253 6999999999999999
177145145178233292341367358313245170103 57 45 7714422630536739538033126426 9 9O5 716368201039599999999999999 1311411346 4499999999999999
196139109121172244316371396377317237154 83 38 38 8616825833939440737330726 910O5 8 5396204640999999999999999 2141081431 3299999999999999
231158102 84114183266342396410376304218135 68 34 5311820829837241140034626 911O5 848411211841399999999999999 253 831510 3499999999999999
269189119 75 76126207293366409406355277193117 62 50 8916825833939540837226 912O5 927414214640999999999999999 329 691545 4899999999999999
302222147 87 62 87154239321382407383321243168105 72 8514322630837140038426 913O510 140722 940199999999999999 4 2 621615 7199999999999999
326249174110 69 7011519127334338538734728121114910710013620428134638438326 914O51032392222938999999999999999 430 641641 9799999999999999
341272198133 87 71 9515422930035237235330524418714412514219225932136337326 915O511 1372224637499999999999999 455 7117 312599999999999999
346289221158109 84 9113219426031434534431426821917915515919124229733835626 916O5112834923 435699999999999999 517 82172415399999999999999
34230024218413610610112416922327431032331028124421118718219823227331033126 917O51159323232433399999999999999 541 99174718199999999999999
32830225921116713512112915519423527029129328126123922021021323025528130026 918O51238294234930599999999999999 610121181620999999999999999
30529326723420117215214615517520222925126526926625925024123623824525626726 919O514 0269999999999999999999999 653146191423699999999999999
27427426525123221119117616816817619120922824525926927327126425524623923726 920O5 028275171027399999999999999 827167225523799999999999999
24024525125625624923521519417616316116818621123926728829729427925723321526 921O5 3322571814298999999999999991046160999999999999999999999
20721122624726828027826223319816614313414417020925329131632230827823920426 922O5 524281184832399999999999999 010207115913499999999999999
18017519022326229531330828123718714311410712717022528132434634030725920726 923O5 619314191734799999999999999 045174124610799999999999999
165143149184236290330346331287226164114 86 8912518725631835936834228922626 924O5 7 2346194636999999999999999 1181421325 8399999999999999
167125112137193261324365373342279206138 87 66 8514221829535538637632725726 925O5 743375201638799999999999999 15111114 3 6699999999999999
186125 89 91138212291356392387337262182114 69 6110017425933438639936529726 926O5 823396204740099999999999999 227 841441 5899999999999999
217144 87 62 86153239321383408385321239161 98 63 7413221730136840339233626 927O5 9 2408211740599999999999999 3 2 621517 6199999999999999
255174104 56 50 96177268347399409369296216145 92 7410517826333838940136526 928O5 941411214640299999999999999 338 471553 7499999999999999
293209132 72 41 5611920729536540239334126819713710010215122730436339237926 929O51019404221339399999999999999 412 391627 9599999999999999
324245166100 54 42 7815023631436938836530924418514112314420027033237037526 930O51057388223937899999999999999 446 4117 012399999999999999
342277203135 82 54 611081802563193583623312822301861581571882412983403582610 1O5113636423 535899999999999999 520 52173315499999999999999
344301239176122 84 70 881361992613093333303032662292001851932222633023272610 2O51222335233833299999999999999 557 70181118599999999999999
330309269220171130103 971141522012482853043042892662422232142192362612852610 3O51330306999999999999999999999 647 96191121499999999999999
2982982842572231871551311211271511852232562802922922822662482332252262362610 4O5 029300153029499999999999999 8 8121212222499999999999999
2512652742762672482201871561331251331591952352722993123082902632342091952610 5O5 24127617163129999999999999910 1125232319499999999999999
1972142392662872952852562151701321081081321762302813213403333052622151752610 6O5 4572951815341999999999999991131105999999999999999999999
153156185229276314332322285230170118 86 841171752433063513663483012411812610 7O5 610332185736699999999999999 0231511233 8199999999999999
133111125172235298346366348297228158100 67 741201932713373783813432792072610 8O5 7 3366193438599999999999999 1 71111321 6599999999999999
140 92 80112178255327376388357292215141 84 60 821452273063673953773192422610 9O5 74738920 739599999999999999 147 7914 3 6099999999999999
165 99 60 66118198283354396394347273195124 76 69109184268341388393352279261010O5 827401203739799999999999999 223 571440 6699999999999999
198122 66 44 72141229312375402382323247173112 81 94152232310369393373311261011O5 9 440221 439399999999999999 257 441513 7999999999999999
231152 86 46 47 96176263338386393355290218154109 99134202279344381379335261012O5 939396212838699999999999999 328 401543 9899999999999999
262182112 61 43 69133215294355383369320256193143118131182251317362375347261013O51010383214937699999999999999 356 43161111799999999999999
287211140 84 54 60104175252318359365335283226175143140172228290339362349261014O51039367221036299999999999999 421 51163513799999999999999
304237169111 74 65 91146214279327347335299251205171157172213265312341341261015O511 7347223134599999999999999 445 64165915799999999999999
311258197141100 82 92129184241290319323302268231198180182206244284314324261016O51137324225432499999999999999 510 81172417899999999999999
309271222173133108105125163209253285299294275250225206199208231259284298261017O51213300232129999999999999999 538103175519999999999999999
295275241204168142128132152183217247268277273262248233222219225238253266261018O51310277999999999999999999999 616128184821999999999999999
272267252230206181162152153165184208231250262267266260249238229225225231261019O5 0 3272152126899999999999999 724151212022499999999999999
239247250248240224205184168159160171190215241263279284279263243221204197261020O5 21125017 028499999999999999 925158231119699999999999999
200214233252265266253228198169148141150174209247281303309295267230195169261021O5 4342671747309999999999999991059141235816099999999999999
160170199236272295299281244199157128117131167217269311333330301253201155261022O5 5413001823335999999999999991157117999999999999999999999
126123150199254303331332301249190138104 97122175240300343359339290225161261023O5 631335185735999999999999999 0361211244 9699999999999999
111 86 96143211281337365355310243175119 86 88129197272334371372332264187261024O5 716366193237799999999999999 114 851328 8299999999999999
118 69 53 82149232310367389367307232161105 78 93150229305363388370310228261025O5 8 038920 738899999999999999 153 531411 7799999999999999
146 78 35 34 82165257337390401365296219149 98 82112181263335381390351276261026O5 844403204139299999999999999 232 281452 8199999999999999
188108 45 13 30 95187280357401399351280206142100 98143218295356387376320261027O5 927406211638999999999999999 312 121533 9399999999999999
237151 77 24  7 41118211300367399383330261195141113126180253320366378349261028O51010399214937999999999999999 351  7161311299999999999999
282200122 57 17 18 65145233312366383358305244189147134159216280333361356261029O51053383222236499999999999999 430 12165113499999999999999
314246171104 52 27 41 94170248313353357329283233189161160191241292329343261030O51138360225834399999999999999 510 27173215799999999999999
326282220157102 64 51 71121187252303331330305268229197180184211250287311261031O51228334234231699999999999999 554 51181917999999999999999
315297259210160117 88 80 981391922442853073092922652362111961962132392652611 1O51334311999999999999999999999 649 79192819499999999999999
2832882772522171781431161051151441862302672923012932742482222011911962122611 2O5 04928815 130199999999999999 8 3105211219199999999999999
2342552702742632402071721401201191381732162572903073062882582231901681632611 3O5 248274162630999999999999999 934117224516399999999999999
1772042362662862882702361941531231131271632122623023243232982562081631332611 4O5 4362891726326999999999999991055113234712599999999999999
1261441842332783093172972562041541161031201632212793233443342962401791272611 5O5 5473171811345999999999999991157103999999999999999999999
 94 92124180244300337342315263202146107 971231782443053463583332782091422611 6O5 640344184935899999999999999 033 891247 9699999999999999
 88 61 731211922653263603573182561911341001001392042743313633593162471712611 7O5 725364192336699999999999999 114 601330 9599999999999999
104 56 42 70135215292349374358307241176124 991141662373043523693452852082611 8O5 8 6374195536999999999999999 151 4114 9 9999999999999999
132 70 34 38 841602443173663763462872211601181081392012713303633603172462611 9O5 844377202536799999999999999 226 30144510799999999999999
167 97 46 27 50111193274338372366323262199147118126171237301347362338280261110O5 920374205436299999999999999 258 27151811699999999999999
204130 70 34 35 76146227300351367344295235179138127152206269323352347305261111O5 954367212235599999999999999 329 29154912699999999999999
239165100 53 36 57111184259319352350316264209163139146183239295334344320261112O51026355214934599999999999999 358 36161813799999999999999
267199133 80 50 53 89150220283327341324284236189157149171214266309331323261113O51056341221633299999999999999 426 47164614999999999999999
286229166111 73 62 81126186247296322320295256214179162168197239280309315261114O51126325224431699999999999999 453 61171516199999999999999
294252197145103 81 84112159213263296308297270236203180174187216250281296261115O512 0308231729799999999999999 523 79175017499999999999999
291266225180138109 98109140183228265288292279255228203188186198221247267261116O51242292999999999999999999999 6 0 98183818599999999999999
276269246214178146124118130156192229259278281272253231209194189194209229261117O5 0 4276134528299999999999999 651118195918999999999999999
247257256243220191163142134140159190223253274282278262238212190176174184261118O5 12425815 928399999999999999 8 7134213917399999999999999
205228248259256240214183156139137152181217254281296293274242205171148141261119O5 319260162229799999999999999 937136225214199999999999999
153182219253277283269238199162136127140173218264299316310281235184139110261120O5 4492831716317999999999999991055127234610299999999999999
103123167220270304314298257207160127115131173228282321337322278217153101261121O5 55431518 2337999999999999991158115999999999999999999999
 69 68102162231293333344320269210156118106129181246304343352324265190119261122O5 648345184635399999999999999 033 64125210699999999999999
 63 33 41 91166247316359366333274208151112104135197267325359358316243161261123O5 740368192936499999999999999 119 31134310299999999999999
 87 31  6 26 89176264336378378337272205147109108149217287341368355300219261124O5 830383201236999999999999999 2 5  6143210399999999999999
134 60  7-10 23 97189279350387379332266200143111119168237304352369344279261125O5 919389205636999999999999999 252-10152010999999999999999
195112 41 -7-13 30111205292358386370320255192141117134188256317356361326261126O510 8387213936499999999999999 338-1616 611799999999999999
256174 95 30 -8 -3 48130221302359376353302241183140127153208270322351346261127O51054377222235399999999999999 424-12165112699999999999999
303234157 86 30  3 18 74154237308352359330281226176143139170222277319337261128O5114036123 733799999999999999 510  2173613799999999999999
324280216147 86 41 25 47103176249307338337307261214173148151181227272305261129O51227342235731699999999999999 556 25182514699999999999999
316301260205148 97 63 55 80131195255301322316288248207172153156182219257261130O51316323999999999999999999999 645 54192215199999999999999
284294282250205159118 91 861081522052562923093022772422041711511511702012612 1O5 058294141230999999999999999 741 84203214999999999999999
2352622762722512171781421171111281642102542873022972742392001651401341482612 2O5 218277151530399999999999999 846111214813499999999999999
1772132462692752632362001641371271391702122552883043002752361911491191092612 3O5 351275161830599999999999999 959127225610999999999999999
123155198241274289282256218178147133142172216261296312305274227174126 932612 4O5 51228917123139999999999999911 81332351 8399999999999999
 83101142196248289308301271227183148132142177226274309322307266209149 982612 5O5 61430917593229999999999999912 8132999999999999999999999
 65 61 891422052653093273142772271791431291451872412903223273022491841212612 6O5 7 5327184132999999999999999 038 59125912999999999999999
 70 43 49 891532242863283393182732191691351281532022593073323262882261572612 7O5 750340192033499999999999999 120 41134412799999999999999
 93 48 30 491011732473083433443122612041561281311672222793213363182671992612 8O5 831348195833699999999999999 2 0 30142512599999999999999
128 69 32 27 601231992723263503392982421851421241401862452993323343012412612 9O5 910351203433799999999999999 238 2415 212499999999999999
169101 49 24 35 81151228295339348324275217165131127157210269315336323277261210O5 94634921 833799999999999999 313 23153712599999999999999
210139 77 36 26 53111185258315343337300247191147126138180236290326332303261211O51019345214033499999999999999 346 2516 912699999999999999
247177110 58 32 40 82148221285327338316271217168136131157205261306327317261212O51048338221232899999999999999 417 30164012999999999999999
275213145 87 49 40 65118186253304329322288240191152133143179229278311317261213O51117331224331999999999999999 447 39171113399999999999999
293243180120 74 52 59 97156222278313321301260214172144138158198245284305261214O51146322231830699999999999999 516 51174413799999999999999
299266214157107 75 66 86131190247291312307278237195161143145170209249279261215O51218313235929199999999999999 549 66182314199999999999999
291278244196147108 87 88114160213262294305292262223185156142148171206241261216O51256305999999999999999999999 627 84191514299999999999999
266275263233193153122106111137178225266292297283254217180151136139159191261217O5 055275134629899999999999999 717105202113599999999999999
225252265260238206171142126128149185227265289295282254215174141121119135261218O5 213265144929599999999999999 823125213711799999999999999
168207242264270257230195163142138152183224263290299289258213165123 96 89261219O5 348270155829999999999999999 9451372248 8999999999999999
106144193239273289283257218180152140148178221265297309298263209151101 67261220O5 51429017 43099999999999999911 81402351 5799999999999999
 57 77123183243289313311282238193157137141172221270307322308265202135 77261221O5 62431618 4322999999999999991220135999999999999999999999
 38 27 51107179249305336334302252200156130134169223278318334317266195120261222O5 72634019 133499999999999999 050 26132412899999999999999
 56 12  1 32 97179258322356352314259200151122128169229288330345323265187261223O5 824359195634599999999999999 147  0142112099999999999999
107 38 -8-17 20 94184269337371362318257194141113124172237298342354326261261224O5 918372205035599999999999999 242-19151511299999999999999
177 94 23-23-26 20101195284350379362311246181128105124179248309351357322261225O510 7379214036099999999999999 334-3116 410599999999999999
251165 82 13-28-22 34120215301360377350293227163115101130191260319354352261226O51052378222835899999999999999 423-32164910099999999999999
308234150 72  9-20 -1 63151241318363365326267202143105103142204270322348261227O51132369231234899999999999999 5 8-201732 9999999999999999
335286213136 67 17  3 35104188268328355341295236176127101112156216274316261228O512 9355235633099999999999999 549  3181410099999999999999
330310259194128 73 39 41 81148223287329337311263208156118104122166220268261229O51243338999999999999999999999 628 35185610499999999999999
300305282237182130 90 72 85128187248295319313282236187144115109129168214261230O5 042307131932099999999999999 7 6 72194410899999999999999
254278280260223182143116109128167217263295305292260217173135112109127161261231O5 134282135530599999999999999 747109203810899999999999999
