 64 89109123128126120112107106110118128136137131114 89 59 30  7 -6 -4 1026 1 1OK 412128134613899999999999999 8421062125 -799999999999999
 34 64 93117132137134125116108106111120132140142133113 84 51 19 -6-17-1326 1 2OK 5 5137144114399999999999999 9491062215-1799999999999999
  5 34 67 99124138141135124112104103110122136146146135111 79 43 10-13-2226 1 3OK 548141153414799999999999999103710323 2-2299999999999999
-14  8 40 75107129140139130116104 97 99109124139149147133107 72 36  4-1626 1 4OK 6261411623150999999999999991118 972345-2199999999999999
-20 -8 18 52 86115133139133121106 94 90 95108125140148144127 99 65 30  326 1 5OK 7 01391711148999999999999991157 90999999999999999999999
-12-10  6 34 67 99122134134124109 94 84 83 91106124137142136117 90 58 2826 1 6OK 729135175714299999999999999 025-131236 8299999999999999
  7 -1  6 26 54 85111127132126113 96 83 76 78 88103119130132124105 80 5326 1 7OK 756132184213399999999999999 1 2 -11316 7599999999999999
 31 17 16 28 49 76102121130128117102 86 74 70 74 84 99112120120111 94 7326 1 8OK 819130192912199999999999999 135 1514 0 7099999999999999
 53 38 32 37 51 72 95115127129122108 92 77 68 65 70 79 91102107106 99 8626 1 9OK 842129202110899999999999999 2 4 321451 6599999999999999
 71 58 50 50 58 74 92110123128125115100 85 72 63 61 65 73 82 91 95 95 9126 110OK 9 61282130 9699999999999999 231 491552 6199999999999999
 83 75 68 66 69 78 92107119126127120109 95 80 68 59 56 58 64 72 80 86 8926 111OK 9331272332 8999999999999999 257 6617 5 5699999999999999
 89 87 83 81 81 86 93104114122125123116105 91 77 64 54 49 50 54 62 71 8026 112OK10 7125999999999999999999999 326 811826 4999999999999999
 88 93 95 95 94 95 98103109116121123121114103 89 73 59 47 40 40 45 55 6726 113OK10571239999999999999999999991936 39999999999999999999999
 80 92101105106105104104106110115119122120114102 86 68 51 37 30 30 37 5026 114OK 352107121012299999999999999 6331042031 2999999999999999
 67 85100111116115112107105105108113119123122115101 82 61 41 26 19 21 3226 115OK 424116132312399999999999999 8281042115 1899999999999999
 51 72 94110120123119112105101101106114122127126116 98 75 50 28 14  9 1626 116OK 452123142012799999999999999 9291002154  999999999999999
 32 56 81104120127126118108 99 95 98106117127132128115 92 65 37 15  3  326 117OK 51912715 61329999999999999910 8 952230  199999999999999
 16 38 66 93115127130124112100 91 90 96109123134137129110 83 52 24  4 -426 118OK 5451301547137999999999999991041 8923 3 -499999999999999
  3 21 49 79106124131128117102 89 83 86 97114130139138125101 71 39 13 -326 119OK 6101311626140999999999999991112 832336 -599999999999999
 -4  9 33 64 94117130131122107 90 79 77 85100119134141136118 90 58 28  626 120OK 63513217 4141999999999999991144 77999999999999999999999
 -3  2 21 50 81109127133127112 94 78 70 73 85103123136139129108 79 48 2226 121OK 659133174413999999999999999 0 7 -31217 7099999999999999
  6  4 16 40 70 99121132130118100 81 67 63 70 85105123133133120 97 69 4226 122OK 722133182613599999999999999 038  31253 6399999999999999
 22 14 19 36 61 90114129132124107 87 69 58 58 67 84103119127123109 88 6426 123OK 746133191112799999999999999 1 8 141333 5799999999999999
 43 31 29 39 58 83107125132128115 95 75 59 51 53 64 80 98111117113100 8326 124OK 8 813220 411799999999999999 138 281418 5199999999999999
 66 52 46 49 62 81102120130130121105 85 66 52 46 48 58 73 89100105103 9526 125OK 832131211110599999999999999 2 8 461512 4599999999999999
 84 73 66 66 72 84100115126130126114 97 77 60 47 40 42 50 62 76 87 94 9626 126OK 8571302259 9699999999999999 237 651619 4099999999999999
 95 90 86 84 86 92101112122127127121109 93 75 57 43 35 33 38 49 62 75 8626 127OK 928128999999999999999999999 3 6 841743 3399999999999999
 94 99101101102103106112117122125124118108 94 76 57 40 27 22 24 34 48 6526 128OK10141259999999999999999999991912 22999999999999999999999
 82 96107113116115114113114116119122123121112 98 79 56 35 18 10 10 20 3826 129OK 417116115212399999999999999 7 51132026  999999999999999
 60 83103117125126122117112109110115121126126120104 81 55 29  8 -3 -1 1226 130OK 441126133512799999999999999 9131092125 -499999999999999
 34 62 89112127132130122112104100103112123132134127109 82 51 21 -1-12 -826 131OK 5 913214471359999999999999910 21002213-1299999999999999
 10 38 70100122134135127113100 91 90 97111127139141131109 79 44 13 -8-1526 2 1OK 5351351543141999999999999991038 902255-1599999999999999
 -6 17 49 83112130136131117 99 85 78 81 94113131143144130105 72 37  7 -926 2 2OK 6 01361632145999999999999991112 782332-1299999999999999
-10  5 33 67 99123135133121102 83 70 67 76 94115134144141124 96 63 30  626 2 3OK 6221361716145999999999999991144 67999999999999999999999
 -3  3 25 55 88115131134125107 85 67 58 60 74 95117134140133113 85 54 2826 2 4OK 643135175814099999999999999 0 6 -31217 5799999999999999
 12 11 24 49 79108127135129112 90 69 54 50 57 74 96116129131121101 75 5026 2 5OK 7 2135183913299999999999999 035  91251 5099999999999999
 31 24 31 49 75102123134132119 98 75 56 46 47 58 76 96112121119107 89 6826 2 6OK 720135191912199999999999999 1 1 241326 4599999999999999
 51 41 42 54 75 98119132134124106 84 63 49 43 47 59 76 93105110106 96 8126 2 7OK 73813420 311099999999999999 124 4014 4 4399999999999999
 67 58 55 62 77 96115129133128113 94 74 56 46 43 49 60 74 87 96 99 96 8926 2 8OK 7571332056 9999999999999999 144 551447 4399999999999999
 80 72 69 73 82 96111124130128118103 85 68 54 46 45 50 59 70 79 86 89 8926 2 9OK 8161302225 9099999999999999 2 1 691542 4599999999999999
 87 84 82 84 89 97108118124125120110 96 81 67 55 48 46 48 54 62 70 78 8426 210OK 838126999999999999999999999 2 7 821658 4699999999999999
 88 91 92 94 97101107113118120118113105 94 81 68 57 48 43 43 46 53 62 7226 211OK 9 51209999999999999999999991837 42999999999999999999999
 83 92 99103105106108109111112113112110104 96 84 70 57 45 37 34 37 45 5726 212OK10 411399999999999999999999920 1 34999999999999999999999
 72 87100108113113110107105104106108111111108100 87 70 53 37 27 23 28 4026 213OK 432113124511199999999999999 8501042056 2399999999999999
 57 77 96110118119115108101 97 97101107114117115104 87 66 44 26 15 14 2326 214OK 44111914 611799999999999999 933 962137 1399999999999999
 40 64 87107120124120110 99 90 87 90 99111121125120106 84 58 33 14  5  926 215OK 45712414591259999999999999910 1 872213  599999999999999
 24 48 76101119127125114100 86 78 78 87102118130132123103 76 46 20  4  026 216OK 5161271543133999999999999991028 772245  099999999999999
 11 33 62 92115128129120103 85 71 66 72 88108127138136122 97 66 35 11  026 217OK 5351301624139999999999999991056 662316 -199999999999999
  3 21 49 81109127133125108 87 67 56 57 70 91115134142136116 88 56 27  826 218OK 55513317 5142999999999999991126 552346  499999999999999
  4 16 39 70101124134131115 92 68 50 44 51 70 96120137141130108 78 48 2526 219OK 6151351746141999999999999991158 44999999999999999999999
 14 18 35 63 93119134135123100 74 50 37 36 49 72 99122135135122 99 72 4726 220OK 634136182913799999999999999 015 131232 3599999999999999
 31 28 38 60 87113131137129109 83 56 36 28 32 49 74 99119128125112 91 6926 221OK 654137191512999999999999999 043 2713 8 2899999999999999
 52 44 48 63 85108128137133118 94 68 44 28 24 32 50 73 95111118114103 8726 222OK 71413720 711899999999999999 110 441349 2499999999999999
 72 63 63 71 87106123134135125106 82 57 37 25 24 33 49 69 87100105103 9726 223OK 734136211310599999999999999 135 621437 2399999999999999
 88 81 79 83 92106119130133128115 96 74 54 37 28 26 33 45 60 75 86 93 9626 224OK 7541332322 9699999999999999 153 791540 2699999999999999
 95 94 93 95100108117124128127120108 92 74 57 42 32 28 30 37 49 61 74 8426 225OK 816128999999999999999999999 148 931710 2899999999999999
 93 99103106109112115118120121118114106 95 81 65 49 36 27 24 27 36 50 6626 226OK 8381219999999999999999999991858 24999999999999999999999
 82 96107114117117115113111110111112112110103 90 74 55 36 22 15 17 26 4326 227OK 430117114111299999999999999 9 51102020 1599999999999999
 64 86104117122122117109102 98 98103110116118113100 80 56 33 15  7  9 2326 228OK 425123135111899999999999999 930 982117  699999999999999
 45 71 95114125127120108 96 87 83 88 98112123128122106 82 54 27  9  2  926 3 1OK 439127145912899999999999999 956 8322 0  299999999999999
 28 55 84109125130124110 93 78 69 70 81 99118132136127107 79 48 21  5  426 3 2OK 4571301550136999999999999991024 682237  299999999999999
 16 41 72101122131128115 95 74 59 54 62 80103124138139126102 71 41 18  826 3 3OK 5151321634140999999999999991053 5423 9  899999999999999
 13 33 62 92117132132120 99 75 54 43 45 59 83108130140136120 93 63 36 2026 3 4OK 5331341715140999999999999991122 422338 1799999999999999
 18 31 56 85112130135126106 80 55 38 33 41 62 88114131137129109 83 57 3726 3 5OK 5501351754137999999999999991151 33999999999999999999999
 29 35 54 81108128137131114 88 61 39 27 29 44 68 94116129129118 98 75 5426 3 6OK 6 7137183213199999999999999 0 3 291221 2699999999999999
 43 44 57 78103125136135121 98 70 45 28 23 31 50 74 98115123119107 89 7026 3 7OK 624137191012399999999999999 027 421252 2399999999999999
 58 54 62 79100121134136127107 81 56 35 25 26 38 57 79 98111114108 97 8326 3 8OK 642137195011499999999999999 048 541324 2499999999999999
 71 66 69 81 98116129135129114 92 68 47 32 27 32 45 63 81 95103104 99 9126 3 9OK 7 0135203710499999999999999 1 8 661359 2799999999999999
 82 77 78 85 97111123130128118101 81 60 44 35 33 39 51 65 78 88 94 95 9326 310OK 7181302147 9599999999999999 125 771442 3399999999999999
 89 86 86 90 98107117123124118107 91 75 59 48 41 40 44 52 62 72 80 86 9026 311OK 737124999999999999999999999 132 861541 3999999999999999
 92 93 94 97100106111116117115108 99 87 75 63 53 46 43 44 48 55 64 72 8126 312OK 7541179999999999999999999991718 43999999999999999999999
 89 96100103105106107108109108106102 97 89 80 69 59 49 42 39 41 47 57 6926 313OK 75410999999999999999999999919 9 39999999999999999999999
 82 94103109110109106102100 99 99101102101 96 87 75 61 47 36 31 32 40 5426 314OK 35711012 810299999999999999 9 7 992019 3099999999999999
 71 89104113116113106 98 91 88 89 94101107109105 94 77 58 40 27 22 26 3926 315OK 359116135110999999999999999 916 8821 5 2299999999999999
 58 80100115121118109 96 84 76 75 82 93107117119113 97 76 52 32 19 16 2626 316OK 412121144911999999999999999 938 752142 1699999999999999
 45 70 95114124124114 98 80 66 61 65 79 98116127128118 97 71 45 24 14 1726 317OK 42712615361299999999999999910 3 612216 1499999999999999
 33 58 86111126130121102 79 59 47 47 59 80105126137134119 94 65 39 21 1726 318OK 4451301619137999999999999991031 452248 1799999999999999
 27 49 78106126134128109 84 57 38 30 37 57 85113134142135116 89 60 37 2526 319OK 5 313417 31429999999999999911 1 302319 2499999999999999
 28 44 70 99123136134119 92 62 35 19 18 33 59 91119138142132111 84 58 4126 320OK 5231371747142999999999999991133 172349 3699999999999999
 37 46 67 94119136139128104 72 41 17  7 13 33 63 95121136137125104 81 6226 321OK 54314018331389999999999999912 8  7999999999999999999999
 52 54 69 91115133141135115 86 54 25  7  3 14 37 67 96118129127116 99 8126 322OK 6 3141192213099999999999999 018 511246  299999999999999
 70 67 75 91111129140139125101 71 41 17  4  5 18 41 68 93110118116108 9626 323OK 625141201811899999999999999 044 671327  399999999999999
 86 81 84 94109124135138130113 89 61 36 18  9 12 24 44 65 85 9910510610226 324OK 647138213410699999999999999 1 8 811416  999999999999999
 97 93 94 99108119128133130120103 82 60 40 25 18 20 29 43 59 75 87 95 9926 325OK 7 9133999999999999999999999 124 931519 1899999999999999
101101102105109115120124123119110 97 82 65 49 37 29 27 31 39 52 65 78 8926 326OK 7291249999999999999999999991650 27999999999999999999999
 98104108110111112112112112111108104 97 88 76 62 48 37 30 29 34 45 59 7526 327OK 6581129999999999999999999991838 29999999999999999999999
 90102111114114111106101 98 97 99102104103 98 88 73 56 40 30 26 30 42 5926 328OK 323115122210499999999999999 848 971958 2699999999999999
 79 97111118118112103 92 84 81 83 90100109113109 98 80 59 40 28 24 30 4626 329OK 33111914 311399999999999999 9 7 812052 2499999999999999
 67 90108120122116103 88 74 65 65 73 88104117122118103 82 58 38 26 26 3726 330OK 34612315 312299999999999999 933 642133 2599999999999999
 57 81104120126122108 88 68 53 48 54 69 90111126130122104 80 55 37 29 3326 331OK 4 312615511309999999999999910 0 4822 8 2999999999999999
 50 74 99119130128114 93 68 47 35 36 49 71 97119132133121100 75 52 38 3626 4 1OK 4201301633134999999999999991028 342238 3599999999999999
 47 68 94117131133122100 73 47 29 23 31 51 78105126135131116 94 70 51 4426 4 2OK 4381341712135999999999999991056 2323 6 4499999999999999
 49 66 89113131136129109 82 53 29 16 17 33 58 87113130134126109 87 67 5526 4 3OK 4561361750134999999999999991124 152332 5399999999999999
 54 66 86109128138134118 92 62 34 16 10 19 40 68 96118129129118100 81 6726 4 4OK 5151381827131999999999999991152 102357 6299999999999999
 62 68 84104124136137125103 74 45 22 10 12 27 50 78102119125121109 93 7926 4 5OK 53413819 4125999999999999991222  9999999999999999999999
 71 73 83100119132137130112 86 58 33 16 12 19 37 61 85104116118112101 8926 4 6OK 554137194411899999999999999 021 711252 1299999999999999
 80 79 85 97113126134131118 97 72 47 28 18 19 29 47 68 88102109109104 9626 4 7OK 615134202911099999999999999 044 781326 1799999999999999
 88 85 87 96107119127128121105 85 63 43 30 25 28 39 55 72 86 97102102 9926 4 8OK 637129213110299999999999999 1 6 8514 5 2599999999999999
 95 92 92 96103112119122119109 94 77 59 45 36 33 36 45 57 70 82 91 96 9826 4 9OK 6591222329 9899999999999999 126 911456 3399999999999999
 98 97 97 99102106111114113109100 88 75 62 51 43 40 41 47 56 66 77 86 9426 410OK 722114999999999999999999999 142 971612 4099999999999999
 99102103103102102103104104103100 95 88 79 69 58 50 44 42 45 52 62 74 8626 411OK 7481049999999999999999999991754 42999999999999999999999
 97104108108105101 97 93 92 93 95 97 97 94 87 77 65 53 44 40 41 48 61 7626 412OK 2311091134 9799999999999999 8 6 921917 3999999999999999
 92105112114110102 93 84 79 79 83 91 99104103 97 85 70 54 42 36 38 48 6526 413OK 248114132810499999999999999 832 782014 3699999999999999
 84102115120117106 92 77 66 62 66 77 92106114115107 91 72 53 39 35 40 5426 414OK 3 6120143311699999999999999 9 0 622059 3599999999999999
 75 97115125124113 95 74 56 45 45 56 75 97116126125114 95 72 52 39 38 4826 415OK 325126152612799999999999999 929 442138 3799999999999999
 67 91113127131122102 76 51 32 25 32 51 78105126136133118 96 72 53 44 4726 416OK 34613116141369999999999999910 0 252215 4499999999999999
 62 84109128136131113 85 54 27 11 10 24 51 83113134142136119 96 73 58 5426 417OK 4 713617 2142999999999999991034  82250 5399999999999999
 62 80104126139139125 98 65 32  6 -5  1 22 54 89119137142134116 95 76 6626 418OK 4301411751142999999999999991110 -52324 6599999999999999
 67 80100122138144135113 82 46 14 -7-12  0 25 59 93120135138129113 95 8226 419OK 4551441841138999999999999991148-122356 7799999999999999
 77 83 98117134144142127100 66 32  4-11-11  4 30 63 93116128130122109 9726 420OK 5211451936130999999999999991230-13999999999999999999999
 89 89 98112128140143135116 88 56 26  3 -7 -4 12 37 65 9010911912011510726 421OK 549143203812199999999999999 027 881315 -899999999999999
 99 96100109120132138136125105 80 52 28 10  3  7 21 42 65 8510111011211026 422OK 618138215811299999999999999 058 9614 8  399999999999999
106103103106113121127129125114 97 77 55 36 22 16 19 29 45 63 80 9410310826 423OK 652129234610999999999999999 1321021511 1699999999999999
109107106106107110114116117113106 94 80 63 48 36 30 29 36 47 62 78 9110126 424OK 735117999999999999999999999 2381061631 2999999999999999
108110109107104101100100102103103101 96 86 74 61 49 40 37 41 50 63 79 9326 425OK 113110 93910399999999999999 6231001759 3799999999999999
105111113110104 96 89 85 84 86 91 97101101 96 85 72 58 48 43 45 54 68 8526 426OK 151113123010299999999999999 748 841912 4399999999999999
100112117115108 96 83 73 67 67 74 84 96105109105 94 80 64 52 47 50 61 7826 427OK 216117135910999999999999999 827 6620 8 4799999999999999
 96111120121114100 83 66 54 49 54 66 83100113117112100 84 67 56 52 58 7226 428OK 23912215 011799999999999999 9 0 492053 5299999999999999
 90109122127122108 87 65 47 36 36 46 65 88108121124117103 85 69 59 59 6926 429OK 3 0127154812499999999999999 931 342130 5899999999999999
 85105122131129117 96 70 46 28 22 28 46 70 96117128128118102 84 70 64 6826 430OK 32213116311299999999999999910 0 2222 5 6499999999999999
 82100119132134125106 79 51 27 14 14 28 51 79106124132129116 99 82 72 7126 5 1OK 3441351711132999999999999991029 132236 7099999999999999
 80 96115130137132116 90 61 33 13  6 14 34 61 90114129133126112 95 81 7626 5 2OK 4 71371749133999999999999991059  623 7 7599999999999999
 79 92110127137137125102 73 43 19  5  6 19 43 72100120130130120106 91 8226 5 3OK 4301391826131999999999999991129  42335 8099999999999999
 81 89104121134138131113 87 57 30 11  4 11 29 55 83106122127124113100 8926 5 4OK 45513819 31279999999999999912 0  4999999999999999999999
 85 88 99114128136134122100 72 44 22  9  9 20 41 66 90109120122116106 9626 5 5OK 520137194312299999999999999 0 4 841232  799999999999999
 89 89 96107121131133126110 87 61 37 20 13 17 31 51 74 9410911611611010126 5 6OK 547133202611799999999999999 032 8813 8 1399999999999999
 94 91 94102112123128126116 98 76 54 35 23 20 27 41 60 79 9510611111010626 5 7OK 616128211911299999999999999 1 3 911347 2099999999999999
100 95 94 98105113120121117105 89 70 52 37 29 29 36 49 65 81 9510410810826 5 8OK 648121222510999999999999999 141 941433 2899999999999999
105100 97 97 99104109112112107 98 84 69 55 43 37 37 43 54 68 82 9510410826 5 9OK 729113233810999999999999999 242 971532 3699999999999999
109106102 98 96 95 97100102103100 94 85 73 61 51 45 44 48 57 70 84 9710626 510OK 844103999999999999999999999 441 951645 4399999999999999
112112109102 95 89 85 85 88 92 96 98 96 91 82 71 60 52 49 52 60 73 8810226 511OK 03611211 5 9899999999999999 635 8518 2 4999999999999999
112117116109 98 86 76 70 70 75 84 93101104101 92 80 68 58 53 56 65 79 9626 512OK 11611713 010499999999999999 732 691910 5399999999999999
110120122117104 87 70 57 50 53 63 79 95108114113104 90 75 64 59 62 73 8926 513OK 147122141711599999999999999 813 5020 8 5999999999999999
106121128125113 94 71 49 35 30 38 55 78100118126124114 98 82 70 65 70 8426 514OK 216128151912699999999999999 851 302058 6599999999999999
101119131134125105 79 50 26 13 13 27 51 80107127136133121104 87 76 74 8226 515OK 244134161413699999999999999 930 112143 7499999999999999
 97115131140136120 93 61 29  6 -5  1 21 51 84114134141137124107 92 83 8426 516OK 31314017 8141999999999999991010 -52226 8399999999999999
 94111129142144134112 80 44 12-10-16 -5 20 53 88117136142137125109 96 9126 517OK 34414518 1142999999999999991052-1623 6 9199999999999999
 94106123139148145129102 67 31  1-17-19 -5 23 57 91118135139134122109 9926 518OK 4181481855139999999999999991136-202345 9799999999999999
 97103116131144148141122 93 58 24 -3-17-15  2 29 61 9211613013312811810726 519OK 4551481950134999999999999991223-18999999999999999999999
101102109121135144144134114 85 53 23  1 -9 -5 12 37 66 9311312412712211326 520OK 534145204612799999999999999 0251011313 -999999999999999
106102104111121132138136125106 80 53 28 10  4  8 24 46 71 9411011912111626 521OK 619138214212199999999999999 11010214 5  499999999999999
109103100102108116123127125116100 79 57 37 24 19 24 37 56 77 9610911611726 522OK 711127223611799999999999999 2 810015 0 1999999999999999
113106100 96 96100105111114113107 96 81 64 49 38 34 39 50 66 84 9911011626 523OK 821114232611699999999999999 332 961559 3499999999999999
115110103 95 89 87 87 91 96101104102 96 86 73 61 52 49 52 62 76 9110511426 524OK10 9104999999999999999999999 518 8617 1 4999999999999999
118116109 99 88 79 73 72 76 83 91 98101 99 93 83 73 65 61 64 73 85 9911226 525OK 0 8118121210199999999999999 642 7218 4 6199999999999999
119121116106 92 78 66 58 57 63 73 85 96104105101 93 83 75 71 74 82 9510826 526OK 046121134710699999999999999 739 5719 5 7199999999999999
119125124115100 82 65 50 43 44 53 68 85100110113109101 90 82 79 82 9110426 527OK 120125145611399999999999999 822 4320 1 7999999999999999
117126129124111 91 69 49 35 30 35 49 69 90108118121116106 95 86 84 89 9926 528OK 153129154812199999999999999 9 0 302051 8499999999999999
112125132131121103 79 54 34 22 21 32 51 75 98117126127119108 96 89 88 9526 529OK 225133163312899999999999999 934 202135 8899999999999999
107121132136130115 91 64 39 20 12 17 33 57 84108125132129120107 96 90 9226 530OK 25613617131329999999999999910 7 122214 9099999999999999
101115128137136125105 78 49 25 10  8 19 40 67 94117130134128116104 94 9226 531OK 3281381750134999999999999991040  72250 9199999999999999
 97108123135139134117 92 63 36 15  5  9 25 50 78104123132132123111 99 9326 6 1OK 3591391826133999999999999991113  52323 9299999999999999
 94102115129138138127107 80 50 25  9  5 14 34 61 88111126131127117105 9526 6 2OK 43113919 2131999999999999991147  52355 9299999999999999
 92 97108121133138134119 95 67 40 19  8 10 23 45 72 97116126127121110 9926 6 3OK 5 31381938128999999999999991222  7999999999999999999999
 93 93100112125134135126108 84 57 33 17 12 18 34 57 8210311812412311510426 6 4OK 537136201512599999999999999 028 921258 1299999999999999
 96 92 95103114125131128117 98 74 51 31 20 19 29 46 68 9010811912211811026 6 5OK 613131205312299999999999999 1 5 921335 1899999999999999
100 93 91 95103113121124120107 89 68 48 34 27 29 40 58 78 9811212012111526 6 6OK 655124213412199999999999999 150 911415 2699999999999999
106 97 91 90 93100108115116111100 85 67 51 40 36 40 52 69 8710411612112026 6 7OK 746116221612199999999999999 249 891459 3699999999999999
113103 94 87 84 86 92100106108105 97 85 71 59 50 48 52 63 79 9511011912226 6 8OK 859108225912299999999999999 4 4 841551 4899999999999999
119111100 88 79 75 75 81 89 97102103 99 91 80 70 63 60 64 74 8810311512326 6 9OK1041103234112599999999999999 524 741652 6099999999999999
124119108 94 79 67 60 60 66 77 89 99105106101 93 83 76 73 76 84 9711012126 610OK1235106999999999999999999999 631 5918 1 7399999999999999
127126118103 85 66 51 42 43 52 67 84100111115113106 96 88 84 86 9410511826 611OK 02312814 911699999999999999 727 421913 8499999999999999
128132129116 97 73 50 32 23 26 38 59 82103119126125118108 99 93 9510211326 612OK 1 4132152212799999999999999 818 232020 9399999999999999
126135138130113 89 60 33 14  6 11 28 54 8210812713513512711610610010110926 613OK 146138162413699999999999999 9 6  6212010099999999999999
121134142142131109 80 47 18 -2 -8  1 22 52 8511313314214013111910910410626 614OK 230144172114299999999999999 955 -8221310499999999999999
115128141148145131105 71 36  6-12-16 -4 21 54 8811713614414113111910910526 615OK 3151491812144999999999999991044-1723 010599999999999999
109119134146152146128 99 64 29  0-17-17 -2 25 59 9312013714213812711410526 616OK 4 215219 0142999999999999991132-19234510399999999999999
103109122136148152144124 94 59 25 -1-14-11  6 34 67 9812213613813112010826 617OK 4511521944138999999999999991220-15999999999999999999999
100100108121135146148138118 89 56 26  4 -5  1 19 47 7710512413313212311126 618OK 540148202313499999999999999 030 9913 7 -599999999999999
100 94 96104117131139140130110 84 56 31 14  9 18 37 62 8911212613012511526 619OK 632141205813099999999999999 117 941351  999999999999999
102 92 88 90 99110122129129120103 81 58 39 28 28 38 56 7910111812712711926 620OK 728130212912899999999999999 2 9 881433 2699999999999999
107 95 85 81 83 90101111117117110 98 81 64 51 45 47 58 75 9411212312712326 621OK 83111822 012799999999999999 311 811514 4599999999999999
114101 88 79 74 75 80 89 98105107103 95 84 73 65 62 66 77 9110712012712726 622OK 952107223212899999999999999 421 731555 6299999999999999
121110 96 82 72 65 65 69 78 87 95100101 98 91 84 79 78 83 9210411612512926 623OK114010123 912999999999999999 536 641642 7899999999999999
126119106 91 76 63 56 54 59 68 79 90 99103104101 96 92 91 9410211112112726 624OK1336104235413099999999999999 645 541743 9199999999999999
130126117103 85 68 54 45 44 49 61 75 9010211011211010610110010210711512426 625OK15 0112999999999999999999999 742 4419 010099999999999999
129131126115 98 78 59 43 35 35 43 58 76 9410911912111911310710410511011826 626OK 044131155612199999999999999 830 34201710399999999999999
126132132125111 91 69 48 32 25 28 40 59 8210311912712812311510810410511126 627OK 135133163812999999999999999 912 25211810499999999999999
120129135134124106 83 58 36 22 18 25 42 65 9011212713313112311310510210426 628OK 222135171413399999999999999 951 1822 410299999999999999
113124134138134121 99 72 46 25 13 14 26 48 74100121133135130120108101 9926 629OK 3 41381747136999999999999991028 122241 9999999999999999
105116129138140132115 89 61 35 16  9 14 32 57 85110128136134125113102 9626 630OK 34414118191369999999999999911 4  92315 9699999999999999
 98107121134142140128106 78 49 25 10  8 20 41 69 96119132135129117104 9526 7 1OK 4221431849135999999999999991138  82347 9299999999999999
 92 98111126138143137120 95 66 39 18  9 13 29 54 82108126134132122109 9626 7 2OK 4591431917135999999999999991212  9999999999999999999999
 89 90100114129139140130111 84 56 32 17 14 23 43 69 9611813113412711410026 7 3OK 536141194613499999999999999 021 891244 1399999999999999
 89 85 89101116129137134121100 74 49 30 21 23 37 59 8510912613313112010626 7 4OK 616137201313499999999999999 058 851317 2099999999999999
 92 83 82 88100115127131126112 91 68 48 34 30 37 54 7710012013113312611326 7 5OK 7 0131204113399999999999999 139 811350 3099999999999999
 97 84 77 77 85 97111121123118105 87 68 52 44 45 55 72 9311312713313012026 7 6OK 75012421 913399999999999999 227 761425 4399999999999999
105 89 77 71 72 79 91103113115111101 87 73 63 58 62 73 8910712213213312626 7 7OK 854115214013399999999999999 323 7015 3 5899999999999999
114 98 82 69 63 63 70 81 94104108108102 93 84 77 76 80 9010311712813313126 7 8OK1021109221413499999999999999 427 621549 7599999999999999
123109 92 74 60 52 51 57 69 82 95104108108104 98 94 93 9610311312413113426 7 9OK1223109225813499999999999999 538 511648 9299999999999999
131121106 87 67 51 40 37 43 55 72 8810311211711711310910710811211912713326 710OK1425117235513699999999999999 649 37181610799999999999999
136132122105 83 60 40 26 22 28 42 62 8410411912712912612011611411612212926 711OK1547129999999999999999999999 755 22195911499999999999999
136139136124105 80 53 29 13  8 14 32 57 8410812713613813412611911511612226 712OK 1 3139164313899999999999999 855  7211911499999999999999
131140145141128106 76 45 18  1 -4  5 27 56 8711413414314313612511611111326 713OK 2 9145172814499999999999999 950 -4221411199999999999999
121133145151147131105 73 39 10 -7-10  2 28 60 9412113914614213111810810426 714OK 31015118 7146999999999999991040-11225910499999999999999
108120135149155150132103 68 33  5-10 -9  7 36 70103128142144136122107 9726 715OK 4 51551841145999999999999991127-122340 9599999999999999
 96104119136151156149129 99 63 30  5 -6  0 20 50 84114134143139126110 9526 716OK 4571561911143999999999999991210 -6999999999999999999999
 87 89100117136149152143122 92 59 30 11  6 17 40 70100125138140130114 9626 717OK 547153193714099999999999999 020 861248  699999999999999
 83 78 83 96114132143144134113 86 57 35 23 24 39 63 9111613313913412010226 718OK 63514520 013999999999999999 1 1 781323 2299999999999999
 84 73 71 78 92109125133133122103 81 59 45 40 47 64 8711012913813712610926 719OK 725134202213999999999999999 144 711354 4099999999999999
 91 75 66 66 74 87103115122120111 97 80 66 59 60 70 8710712513613813111826 720OK 818122204413899999999999999 231 651422 5899999999999999
100 83 69 62 63 70 82 94105110109104 94 84 77 75 80 9110612113313813512526 721OK 92411021 813899999999999999 325 621449 7599999999999999
110 94 78 66 60 60 65 75 86 95101103101 97 93 90 91 9710611812813513513026 722OK11 2103213813699999999999999 429 591516 9099999999999999
120106 90 75 63 57 55 59 67 77 87 9610110410510410310510911512312913213226 723OK1343105221913399999999999999 543 55155410399999999999999
126117104 88 73 60 52 49 52 60 71 83 9510511211511511411311511812212612926 724OK1532115232913099999999999999 7 0 49174811399999999999999
129125116103 87 70 55 45 41 44 53 67 8410011312112412311911611411611912426 725OK16 9124999999999999999999999 8 4 4120 711499999999999999
128130127118103 85 65 48 36 33 37 50 68 8910812212913012611911311011111626 726OK 056130163813199999999999999 856 33211711099999999999999
123130133130119101 79 57 38 27 25 34 51 74 9811813013513212411410710410726 727OK 2 313317 413599999999999999 939 24215810499999999999999
115126135138133118 96 70 46 27 18 21 35 57 84109127137137129117106 99 9826 728OK 2541381730138999999999999991016 182231 9899999999999999
106118132141142133114 88 59 34 18 13 22 42 69 97120135139134121107 95 9126 729OK 3371431754139999999999999991050 1323 1 9199999999999999
 95107123138146144129106 77 47 24 13 14 29 54 84111131140138126110 95 8526 730OK 4171471817140999999999999991122 122332 8499999999999999
 85 94111129143148141122 95 65 37 19 14 22 43 72101125139141132116 97 8326 731OK 4551481840141999999999999991153 14999999999999999999999
 77 81 95115134146146135112 84 55 32 20 22 37 62 91118136142137122102 8426 8 1OK 53414719 114299999999999999 0 4 771222 1999999999999999
 72 71 80 97118135144140126102 75 50 33 29 37 57 83110132142141129110 8926 8 2OK 614144192314399999999999999 038 701251 2999999999999999
 72 64 67 79 98118133138132116 94 70 52 42 44 57 79104126140143135118 9726 8 3OK 657138194514499999999999999 114 631319 4199999999999999
 76 62 58 64 78 97115127130123108 90 72 60 57 64 8010012113714313912610626 8 4OK 74613020 714399999999999999 155 581348 5799999999999999
 85 67 56 53 61 75 92108118121115104 91 80 75 76 8510011713214114113311726 8 5OK 846121203114299999999999999 243 531417 7499999999999999
 97 77 61 51 49 56 68 84 98108112110105 98 93 92 9610411612813714113712626 8 6OK1012112205914199999999999999 341 491447 9299999999999999
111 92 74 58 48 44 48 59 72 86 9710511011011010810911211812513213713813326 8 7OK1253110213713899999999999999 456 44151610899999999999999
124110 92 74 57 44 37 38 46 59 74 8910311311912212212212212412713113413526 8 8OK2254135999999999999999999999 624 37999999999999999999999
133126114 97 76 56 39 28 26 32 46 65 8610512013013313212912512212212513026 8 9OK1615133999999999999999999999 746 26202812299999999999999
135136132121103 79 54 32 18 14 20 37 61 8711112913914013612711911411411926 810OK 052136164314199999999999999 853 13213211399999999999999
128138143141129108 80 50 25  8  5 14 36 65 9512013814414113211910810210526 811OK 216144171014599999999999999 946  4221210299999999999999
115129143151149134109 77 45 18  2  2 16 43 75107131144145136121104 93 9026 812OK 3181521736146999999999999991032  02248 9099999999999999
 97112132149157153135107 72 39 14  3  8 28 58 92121140146140125105 88 7826 813OK 4111571759146999999999999991112  32323 7799999999999999
 79 92112135152158151131100 66 36 16 11 23 47 79110134145144130109 88 7126 814OK 4591581821146999999999999991147 112358 6699999999999999
 66 72 90113136151154144122 92 62 37 25 28 45 72102128143146136116 92 7126 815OK 5441551841146999999999999991219 24999999999999999999999
 59 58 70 90113134146145133111 85 61 44 41 50 71 97123141147141124101 7726 816OK 628147185914799999999999999 033 571247 4099999999999999
 59 52 56 70 91112129137134121102 81 65 57 61 75 96119137147144131111 8726 817OK 712137191814799999999999999 1 9 521311 5799999999999999
 66 53 50 57 72 91109121126121110 96 82 74 73 82 97116134144146137120 9926 818OK 759126193714699999999999999 148 491333 7299999999999999
 77 61 52 51 59 73 89103112115111104 95 89 86 9110111512914014413912711026 819OK 855115195714499999999999999 231 501351 8699999999999999
 91 73 60 54 54 61 72 85 95103106106103100 9810010611512513413913813011826 820OK1023106201913999999999999999 323 5314 2 9899999999999999
103 88 73 63 57 56 61 69 78 87 9510110510710811011211612212813213313012326 821OK2046133999999999999999999999 435 56999999999999999999999
114102 89 76 66 58 55 57 62 70 81 9110110911511811912012112212412512512426 822OK2145125999999999999999999999 610 55999999999999999999999
121114105 93 79 66 56 50 49 54 64 77 9210611712412612512211811611611812126 823OK16 5126999999999999999999999 737 49203411699999999999999
123123119109 96 79 63 49 41 41 48 61 79 9811512613113012411711110810911326 824OK 030123161713199999999999999 836 40211710799999999999999
120127129125113 96 75 55 40 32 34 45 64 86108125134135129118107100 9810326 825OK 153129163513699999999999999 919 312145 9899999999999999
113125134136130114 92 67 45 29 25 31 49 73 99121135139134121107 94 88 9126 826OK 247136165413999999999999999 955 252212 8899999999999999
102117133142142131110 84 56 34 22 23 36 60 88114134142139126108 91 80 7826 827OK 3301441713142999999999999991027 212239 7799999999999999
 87104124141149145128103 73 46 27 21 29 49 77106130143143132113 91 74 6726 828OK 4101491731145999999999999991057 2123 8 6799999999999999
 71 87109132148152143122 93 64 39 26 27 43 68 98125142147138120 96 73 5926 829OK 4491521750147999999999999991125 252338 5699999999999999
 57 68 90115138151150137113 84 57 39 33 42 63 91119140149144128103 77 5726 830OK 52815218 9149999999999999991153 33999999999999999999999
 47 52 69 94120140149144128104 78 57 46 48 63 86113136149149135113 85 6026 831OK 610149182915099999999999999 011 471221 4599999999999999
 44 41 50 71 97121138143136119 98 77 64 60 68 86109131147151142123 97 7026 9 1OK 654143184815199999999999999 045 401247 6099999999999999
 49 37 39 51 73 97118131133126112 96 82 76 79 90108127143150146131109 8426 9 2OK 74313319 915099999999999999 124 361312 7699999999999999
 60 43 36 40 53 72 93110120122117108 99 93 92 9811012513814614613812110026 9 3OK 845122193114899999999999999 2 9 361334 9299999999999999
 77 57 44 38 41 52 68 85 9910811211210910610610911512413314114313912911426 9 4OK1026112195414399999999999999 3 7 38134510699999999999999
 96 78 61 48 41 42 48 59 73 86 9710611111511711912212513013413613613212426 9 5OK2024136999999999999999999999 428 41999999999999999999999
114100 84 68 54 43 39 41 48 61 75 9110411612312712812812712612612612712726 9 6OK16 8128223412799999999999999 613 39194212699999999999999
125119109 94 76 58 43 33 31 38 51 70 9010912413213513212612011511411612126 9 7OK1555135999999999999999999999 743 31205411499999999999999
127131129120104 82 59 39 26 23 31 49 72 97119133139137128116106 9910010726 9 8OK 114131161113999999999999999 845 232126 9999999999999999
119132140140130110 83 56 33 20 19 32 54 82110130141141131116100 87 83 8826 9 9OK 230141162914299999999999999 933 182157 8399999999999999
103121139149148135111 81 51 29 19 23 41 69 99125141145137119 98 80 69 6926 910OK 3251501648145999999999999991012 192228 6799999999999999
 81102126146155151134107 76 48 29 25 36 59 89118139147142125102 78 60 5426 911OK 41315517 7147999999999999991046 252259 5499999999999999
 61 80106131150156148128100 70 47 35 39 56 82111135148147133109 82 59 4526 912OK 4561561725149999999999999991117 352330 4399999999999999
 45 58 82110135150152141119 92 68 51 48 58 80107131147150140118 91 63 4426 913OK 5381531743151999999999999991144 47999999999999999999999
 36 43 61 88114136146144130109 87 69 61 65 81104127145152145127101 73 4926 914OK 61914618 115299999999999999 0 2 3612 9 6199999999999999
 36 35 46 68 93117133138133119102 85 75 75 85103123141151148135112 86 6026 915OK 7 0138181915199999999999999 034 331232 7499999999999999
 42 35 39 54 75 97115126128122111 98 88 85 91103120136147148139121 98 7426 916OK 743128183814999999999999999 1 8 351252 8599999999999999
 54 42 39 47 61 79 97111118118113106 99 95 97105117130141144140127109 8826 917OK 834119185814499999999999999 144 391310 9599999999999999
 69 54 47 47 54 66 81 9410410911010910610410410911612513313813612911610126 918OK 951110191813899999999999999 228 46131910499999999999999
 85 70 59 54 54 59 67 78 88 9610210610911011111311712112612912912611911026 919OK1936130999999999999999999999 329 53999999999999999999999
 98 86 75 66 60 57 59 64 72 81 9010010711311711912012012012012012011811426 920OK1928121999999999999999999999 5 6 57999999999999999999999
109102 92 82 71 62 56 55 58 65 76 8910211312112412412111711311111011111426 921OK1523125999999999999999999999 652 54204211099999999999999
115114109 99 87 73 60 51 47 51 61 76 93110122129129124116107101 9910110726 922OK 0 8115153213099999999999999 8 0 472057 9999999999999999
115121122117105 88 70 53 43 41 48 62 82103121132134129117104 92 86 88 9626 923OK 141122154613499999999999999 845 402119 8699999999999999
109122130131123106 85 63 46 36 38 50 71 95118133139134121104 86 75 73 8026 924OK 23513216 213999999999999999 921 362144 7299999999999999
 96115131140138126104 79 56 39 35 42 61 86112133143140127107 84 66 58 6226 925OK 320141161914399999999999999 954 342211 5899999999999999
 77100124141148142124 99 72 50 38 40 54 78106130145146135113 87 62 47 4426 926OK 4 11481637147999999999999991024 372240 4499999999999999
 56 79107133149152141120 93 68 50 44 52 73 99126145151143122 94 64 41 3126 927OK 4431531656151999999999999991054 442311 3199999999999999
 36 55 84115139152151137114 89 67 55 57 71 95121142153150132105 73 44 2626 928OK 5251541716154999999999999991123 542344 2199999999999999
 22 34 58 90120141150146130109 87 72 67 75 93116138153154142118 86 55 3026 929OK 6 91501737155999999999999991151 67999999999999999999999
 17 19 36 63 93120138143137123105 89 81 83 95114134149155148130102 71 4326 930OK 656143175915599999999999999 020 161218 8199999999999999
 23 16 23 41 67 94116130133127117105 96 94101113129144152150138117 90 632610 1OK 750133182115399999999999999 1 0 161243 9499999999999999
 39 25 21 29 46 68 90108118122119114108105108115126137145147141127107 842610 2OK 9 1122184514799999999999999 147 2113 310599999999999999
 62 44 32 30 36 48 65 82 971071131151151141151191241311361391371301191032610 3OK1910139999999999999999999999 247 30999999999999999999999
 86 69 53 43 38 40 48 60 74 87 991091151191211231241251261271271261221152610 4OK1933127999999999999999999999 413 38999999999999999999999
106 94 80 65 53 44 41 44 53 66 82 971101201261271251211171141131131151182610 5OK1451127233511899999999999999 559 4120 911399999999999999
118114106 92 76 60 47 40 41 49 64 83102118128131128121111102 96 961011092610 6OK15 1131999999999999999999999 724 392035 9599999999999999
119125125117102 83 63 47 38 40 51 69 92112128135133123109 94 82 77 81 932610 7OK 131126151713599999999999999 822 3821 4 7799999999999999
108124134135126108 85 63 46 39 44 59 82106126137138129112 91 73 62 61 712610 8OK 237136153513999999999999999 9 6 392134 6099999999999999
 90112131142142130109 84 61 47 44 54 74 99123139143136118 94 70 52 44 502610 9OK 328144155314499999999999999 943 4422 4 4499999999999999
 68 93119139148144129106 81 61 52 55 70 93118138147143127102 73 49 34 33261010OK 4131481612147999999999999991015 512234 3299999999999999
 46 71100126144150142124101 79 64 61 70 90114135148149136112 82 53 32 23261011OK 4551501631150999999999999991045 6023 4 2399999999999999
 30 50 78108132146147136117 96 79 70 74 88110132147152143122 93 63 37 21261012OK 5341481651152999999999999991112 702334 1999999999999999
 20 34 58 87115135144140128110 93 82 80 89106127144152148131106 75 47 27261013OK 6141441711152999999999999991138 79999999999999999999999
 19 25 43 68 96119134138132119105 93 88 92104122138149149138117 89 61 38261014OK 653138173215099999999999999 0 4 1912 3 8899999999999999
 24 23 34 53 78101119129129123112102 95 96104117131143147140125102 76 53261015OK 734130175414799999999999999 036 221227 9599999999999999
 36 28 32 44 63 84103116122121116108102101104113125135141139129112 91 69261016OK 822122181714199999999999999 111 28125010099999999999999
 51 40 37 42 54 70 87101110115115112108106107111119127132133128117102 84261017OK 928115184013399999999999999 151 37131310699999999999999
 68 55 47 46 50 60 72 85 96105110112112111111112115119123124123117108 97261018OK112711219 312499999999999999 243 45134111199999999999999
 84 72 62 55 53 55 62 71 82 92102109113116116115114113113113113112109104261019OK1339116999999999999999999999 359 53999999999999999999999
 97 88 79 69 62 57 56 60 68 79 91103113119121120116110105102101102104106261020OK14 4121233010799999999999999 537 56195510199999999999999
106103 96 86 75 65 57 55 58 67 80 95110121126125119110100 91 87 88 94102261021OK1424126999999999999999999999 657 552018 8799999999999999
109113112105 93 79 65 55 52 57 69 86105120130131125113 97 83 73 71 77 90261022OK 119114144213299999999999999 753 522044 7199999999999999
104117124122113 97 79 63 53 52 61 77 98118132137132118 98 78 61 54 58 71261023OK 22112415 113799999999999999 836 522111 5499999999999999
 91112128135131118 99 79 62 54 57 70 91114132142140126104 78 54 39 37 48261024OK 310135152014399999999999999 914 542141 3699999999999999
 70 96121138144137120 99 78 64 60 68 85108130145147136114 84 54 31 20 25261025OK 356144154114899999999999999 950 592212 2099999999999999
 44 72104131146149139120 98 79 69 70 83103126145152146126 96 62 32 12  7261026OK 44115016 4152999999999999991024 682247  799999999999999
 19 45 78111137150149137118 98 83 78 84100122142154154139112 78 43 15  0261027OK 5271511629156999999999999991057 782324 -299999999999999
  1 19 49 83115138148145133115 99 89 90100117137152157149128 97 62 29  5261028OK 6161481655157999999999999991129 88999999999999999999999
 -4  3 24 54 87115134141138127113102 98102114130146155153140116 84 52 23261029OK 7 8141172315699999999999999 0 4 -412 0 9899999999999999
  5  1 10 31 59 88111126132129122113107106113124137147151145129105 77 49261030OK 8 8132175415199999999999999 049  0123110699999999999999
 26 12 10 20 38 62 85105118123123118114111113119127136141141134119 99 75261031OK 923124182814299999999999999 139 1013 611199999999999999
 53 35 24 23 30 44 63 82 99111117119118116115116119123127130128122112 972611 1OK11 2119191113099999999999999 240 2214 511599999999999999
 80 63 48 38 35 39 49 64 80 951071161191201181151131111121131151151141092611 2OK1234120205111599999999999999 357 35172011199999999999999
100 89 75 61 51 45 46 53 66 81 96109118123122117110103 98 95 96 991051092611 3OK1319123235211199999999999999 523 451916 9599999999999999
110107 99 87 73 61 53 52 58 70 86102116125127122112100 88 79 76 79 87 992611 4OK1347127999999999999999999999 640 5220 1 7699999999999999
109116116110 97 82 68 59 58 65 78 96113125131129118102 84 69 59 58 66 812611 5OK 133117141113199999999999999 740 572036 5799999999999999
 98114124125118104 87 73 64 65 74 90109125135136126109 87 65 48 41 45 592611 6OK 239126143413799999999999999 828 6321 9 4199999999999999
 80103121132132123107 90 76 70 73 86104123136141135119 95 68 45 30 28 382611 7OK 331133145714199999999999999 9 8 702141 2799999999999999
 59 85111130138136124107 90 79 77 84100119135145143129106 77 48 27 17 222611 8OK 416139152114599999999999999 944 762212 1799999999999999
 39 65 94120136142136122105 90 83 85 96114132145147138117 89 58 31 14 112611 9OK 4581421545148999999999999991018 822242 1199999999999999
 23 45 75104127140141133118102 91 88 94108126141149145128102 71 41 19  8261110OK 5371421610149999999999999991049 872313  899999999999999
 12 30 56 86113132140137127112 99 92 94104120136146147137115 86 56 29 13261111OK 6141401636148999999999999991119 922345  999999999999999
  9 19 40 68 96119132136131120107 97 95101113128141146141125100 72 44 23261112OK 65213617 2146999999999999991148 95999999999999999999999
 13 15 30 52 78103121130130123113103 98 99108120133141141131112 87 61 38261113OK 731131173014299999999999999 018 121217 9899999999999999
 23 18 25 41 63 86106119125123117108102100104113124133136132119100 77 55261114OK 814125175913699999999999999 053 18124910099999999999999
 37 27 27 36 52 72 91107117120118112106102103107114122128128121108 90 71261115OK 9 4120183012899999999999999 131 26132810299999999999999
 53 41 35 37 46 61 77 94106114117115111107104104107112116119117110 99 85261116OK10 411719 911999999999999999 214 35143010399999999999999
 70 57 48 44 46 54 67 81 95107114117116112108104102102103106108107103 96261117OK1111117201510899999999999999 3 7 44162810199999999999999
 86 75 64 56 52 54 60 71 85 98109117120118113106 99 94 91 91 94 97100100261118OK12 9120223810199999999999999 415 521825 9199999999999999
 97 91 83 73 65 60 60 65 76 89103114122124120112100 89 80 75 76 81 89 98261119OK1251124999999999999999999999 531 591921 7599999999999999
103104101 93 83 73 66 65 70 81 95110122128127119105 88 72 61 57 61 72 86261120OK 045105132312999999999999999 641 6520 0 5799999999999999
100111115112103 91 80 72 70 77 89105120131134128114 93 70 51 39 38 48 66261121OK 2 5115135213499999999999999 741 702036 3799999999999999
 87107121127123113 98 85 77 77 85 99116131140138125103 75 49 28 19 23 39261122OK 3 5127142014099999999999999 832 762112 1899999999999999
 64 92116132137132119103 90 83 85 95112129142146137117 88 56 27  7  2 12261123OK 358137144914699999999999999 918 832150  299999999999999
 35 66 98124140144137123107 94 90 94107125141151149133107 72 37  8 -9 -9261124OK 44814415211519999999999999910 0 902231-1199999999999999
  7 36 70104130144146137123108 98 97104119136150155147126 95 58 22 -5-17261125OK 5391461555155999999999999991040 962314-1799999999999999
-12  8 39 75108131143143134121108102103113128144154155142117 84 47 14 -9261126OK 63014416321569999999999999911191012359-1799999999999999
-17 -9 13 45 79109129139138129118108104108119133147153150134108 76 41 12261127OK 7231401711154999999999999991159104999999999999999999999
 -6-10  0 22 52 83109126133131123114107105110121133143147141125100 71 42261128OK 816133175514799999999999999 047-11124310599999999999999
 17  3  2 13 34 60 86108122127125118110104104109117127134136130115 95 71261129OK 9 9127184413699999999999999 137  1133610499999999999999
 47 28 18 18 28 46 69 91108119123120114106101100102108115121122118108 92261130OK10 1123194712299999999999999 229 16145110099999999999999
 74 56 42 34 35 44 59 78 96110119121117110102 96 92 91 951001051081081032612 1OK1050121212210999999999999999 325 331634 9199999999999999
 93 81 67 57 51 51 59 72 88103114121121116107 97 87 80 77 78 83 91 971022612 2OK1134122233510299999999999999 425 501811 7799999999999999
102 98 90 80 71 66 66 72 83 97110120124123115103 89 76 65 61 62 69 79 912612 3OK1215124999999999999999999999 529 651917 6099999999999999
100105105100 92 83 78 78 83 93106117126128124113 97 78 61 49 44 48 58 742612 4OK 129106125312899999999999999 635 7720 5 4499999999999999
 90104112114110101 93 87 86 91101114125132131123107 87 64 45 33 31 38 542612 5OK 246114132913299999999999999 737 862045 3099999999999999
 74 95111121123117108 98 92 92 98109121132136132119 99 74 49 30 20 22 342612 6OK 34212314 413699999999999999 833 912122 1999999999999999
 55 80103120129129121110100 95 96103116128137139130112 87 59 33 16 11 182612 7OK 427130143913999999999999999 921 942156 1199999999999999
 36 62 89113129135131121109 99 95 99109122135141138124101 73 43 20  7  72612 8OK 5 613515131429999999999999910 2 952230  599999999999999
 20 43 72100122134136130118105 97 96103115129140143134115 88 58 30 10  22612 9OK 5421371546143999999999999991039 9523 3  299999999999999
  9 27 54 83110128136134125112100 95 97107121135143140127104 74 44 19  5261210OK 6171371619143999999999999991112 952336  299999999999999
  3 15 38 66 94117131134129117105 96 94100112127138142135117 91 61 34 13261211OK 6501341652142999999999999991144 94999999999999999999999
  5  9 26 50 78104122130130121109 98 93 95103117130138137125105 78 50 27261212OK 723131172513999999999999999 0 9  51216 9299999999999999
 12 10 19 39 64 89111124128124114102 94 91 96106119129133128114 92 67 43261213OK 756128175913399999999999999 043  91251 9199999999999999
 25 16 19 32 52 76 99116124124118107 97 91 91 96106117125125118103 82 60261214OK 830125183712699999999999999 116 161333 9099999999999999
 41 28 25 31 46 66 88107119124121113103 94 89 89 94103111117116108 94 76261215OK 9 6124192211799999999999999 151 251425 8899999999999999
 58 44 36 36 45 60 79 98113121123118109 99 90 85 84 89 95102107106100 89261216OK 943123202210799999999999999 228 351534 8499999999999999
 75 62 52 48 50 59 73 90106117123122116106 94 84 78 76 78 84 91 97 99 96261217OK10221232156 9999999999999999 311 481655 7699999999999999
 90 81 71 64 61 64 72 84 99112121124122114102 88 75 66 62 64 71 80 89 95261218OK11 4124999999999999999999999 4 4 611810 6299999999999999
 98 96 91 84 78 75 77 83 94106117125127122111 96 79 62 50 45 48 57 70 85261219OK 0 4 98114812799999999999999 511 751910 4599999999999999
 97104107104 98 92 88 88 93102113123129130123108 88 66 46 32 26 31 44 63261220OK 156107123413099999999999999 631 8720 2 2699999999999999
 84102114119117111103 97 96 99108119129135133123104 79 52 28 12  8 16 35261221OK 313119132113599999999999999 749 962050  899999999999999
 60 86109124130128121111104101104113125136141137123 99 68 37 10 -5 -7  5261222OK 41313014 814199999999999999 8561012137 -899999999999999
 29 60 91116132138135125114106103108118132143147140121 92 58 23 -4-18-17261223OK 5 5138145514799999999999999 9511032225-2099999999999999
  0 28 63 96122138142136125113104103110123138149151141118 86 48 13-13-25261224OK 55314215421529999999999999910391032312-2599999999999999
-20  1 33 69102127140141133120108101102111126142152152139114 79 41  7-16261225OK 63714216311539999999999999911221002358-2499999999999999
-24-15  8 41 77108129138136126112100 95 99110126142151148133107 73 37  7261226OK 71813917191519999999999999912 5 95999999999999999999999
-12-15 -3 22 54 87114130134129116102 92 89 95107123137144140125 99 68 37261227OK 75413418 914499999999999999 043-161250 8999999999999999
 12 -1  0 15 40 70 98119129129120106 93 84 83 89102116128133129114 92 66261228OK 82713019 213399999999999999 125 -21338 8299999999999999
 41 23 16 21 37 61 86109123127123111 97 84 77 76 82 93106116119115104 86261229OK 857127195911999999999999999 2 5 161434 7599999999999999
 67 50 38 36 44 60 81101117125125117104 89 77 70 69 74 82 93101105103 96261230OK 926126211110599999999999999 242 361541 6999999999999999
 84 72 62 57 58 68 82 99115124127122112 98 83 70 62 59 62 69 78 87 93 95261231OK 9511272259 9599999999999999 315 561658 5999999999999999
