 52 81109130141143135124113105105111122135146148139119 90 56 25  2 -8 -226 1 1OM 437143144414899999999999999 93710422 8 -899999999999999
 18 48 83116140152153143129114105104111125140150152141117 83 46 12-11-1926 1 2OM 53115415381539999999999999910391032258-1999999999999999
-10 15 50 89124148159156143125110100101111128145156156141114 77 37  2-2026 1 3OM 61615916301579999999999999911261002345-2599999999999999
-24-10 19 58 98132154160153136117101 94 98112131149159156139108 69 29 -326 1 4OM 65716017191599999999999999912 8 94999999999999999999999
-21-20 -2 31 71110139156157145125105 92 88 96113133150158152132100 61 2426 1 5OM 73415818 615899999999999999 028-231247 8899999999999999
 -3-15 -8 14 49 87121145154149132112 93 83 84 95113133147152143122 90 5526 1 6OM 8 7154185215299999999999999 1 9-151326 8299999999999999
 24  4 -1 11 36 69103131147148137119 98 83 77 81 94111129140142131109 8126 1 7OM 837149193714399999999999999 146 -114 6 7699999999999999
 52 28 17 19 35 61 91118138145140125106 87 75 72 78 91107122130129118 9826 1 8OM 9 5145202413099999999999999 220 161449 7299999999999999
 75 53 39 35 42 60 84109129140140130114 95 79 70 69 75 8710011111711510626 1 9OM 931142211611799999999999999 251 351539 6899999999999999
 91 75 61 54 55 66 83103122135139134121104 88 74 66 65 70 80 9110010510426 110OM 957139222510599999999999999 320 531639 6599999999999999
 99 90 80 73 71 76 86100116128135134127114 98 83 70 62 60 63 71 80 89 9526 111OM1026136999999999999999999999 350 711752 6099999999999999
 98 98 95 91 88 88 92100111121129132130122109 94 79 66 56 52 54 60 70 8126 112OM 021 9811 513299999999999999 427 871912 5299999999999999
 91 99103105103102101103108114121127129127119107 92 75 59 48 42 43 51 6326 113OM 25610512 112999999999999999 5451012021 4299999999999999
 78 93105113116115112109108109113119124128126119106 88 69 50 37 31 33 4326 114OM 412117131512899999999999999 8 11082115 3099999999999999
 60 80100115125127124117110106106110117125130129120104 82 59 38 24 19 2526 115OM 451127142113099999999999999 9311052158 1999999999999999
 40 63 88111127135134126115106100101108119129134132120 99 73 47 24 11 1026 116OM 52213615141359999999999999910211002236  999999999999999
 21 43 71 99123138141135123108 98 94 99110124136140134117 92 61 32 10  126 117OM 5501411558140999999999999991057 942311  099999999999999
  5 23 51 83113135145142131114 98 89 89 99115132143145134111 80 47 17 -126 118OM 6181451638146999999999999991128 882344 -599999999999999
 -5  7 32 65 99127144147138121101 87 82 88103122140149146130101 66 32  626 119OM 6451481716150999999999999991158 82999999999999999999999
 -7 -3 16 47 82115139149144129108 88 77 77 89108130146152143121 89 53 2126 120OM 711149175515299999999999999 016 -71229 7599999999999999
  0 -5  6 32 66101130147148137116 93 75 69 75 91114135149150136110 76 4226 121OM 737149183515199999999999999 048 -613 2 6999999999999999
 15  2  5 23 53 87119141149143125101 79 65 63 74 94117136147143126 99 6626 122OM 8 3149191614799999999999999 119  11338 6399999999999999
 37 17 12 22 45 75107133146146133111 86 67 57 60 74 94116133140134116 9026 123OM 82914820 214099999999999999 151 121417 5799999999999999
 62 40 28 30 44 69 97123141146139121 97 74 58 52 57 71 9111112513012310726 124OM 855146205413099999999999999 223 2715 2 5299999999999999
 86 65 51 46 52 69 91114133142141129109 86 65 51 47 52 66 8410111311811426 125OM 92214322 011899999999999999 256 461556 4799999999999999
103 89 76 68 68 76 90108125136139134119100 78 60 47 42 46 57 72 8810010726 126OM 952140234110999999999999999 331 6717 3 4299999999999999
108104 98 91 88 89 96106118128134134127114 96 76 57 43 35 36 44 57 72 8826 127OM1029135999999999999999999999 415 881827 3599999999999999
100108112111109107107109114120126130130125114 97 77 56 38 27 23 28 41 5926 128OM 223112113113199999999999999 5391061955 2399999999999999
 79 98113123126125121116114114117122127130128119102 80 55 32 15  8 12 2726 129OM 410126131013099999999999999 82911321 9  899999999999999
 50 76102123135139135127117110107110117127134135127109 82 52 24  3 -6  026 130OM 457139143813699999999999999 95910722 7 -699999999999999
 19 47 80111134146147138124110100 97103116131142144135113 81 46 14 -8-1526 131OM 5331481544145999999999999991047 972256-1599999999999999
 -6 19 53 91123145153148133114 96 87 88100118137150152139113 77 38  5-1526 2 1OM 6 51531638153999999999999991124 862338-1999999999999999
-17 -2 29 67105136153154141120 98 81 75 82 99122144156155138107 68 29  026 2 2OM 6351551725158999999999999991158 75999999999999999999999
-15-10 12 47 86122146155148128103 80 67 67 80102127148158152131 97 58 2326 2 3OM 7 215518 915899999999999999 016-151231 6599999999999999
  0 -6  7 34 71108137152151135110 84 64 57 63 81106131148153143119 85 5026 2 4OM 726154185015499999999999999 050 -613 3 5799999999999999
 23  9 12 31 61 96127146151141119 92 68 53 52 63 84109131144144130105 7526 2 5OM 748152193014599999999999999 120  81337 5199999999999999
 47 29 25 36 59 88118140149144126101 75 56 47 51 65 87109126134130115 9326 2 6OM 8 8149201013499999999999999 146 241411 4799999999999999
 69 50 42 46 62 85111133145145132110 85 63 49 46 53 68 8810611812211610326 2 7OM 827147205212299999999999999 210 421448 4699999999999999
 85 69 60 60 69 86107127140143135118 96 74 57 48 48 56 70 85 9910810910526 2 8OM 847143214411099999999999999 232 581531 4799999999999999
 95 85 77 74 79 90105121133138135123106 87 69 56 50 50 57 67 79 90 97 9926 2 9OM 9 713823 9 9999999999999999 252 741626 4999999999999999
 98 95 91 89 90 96105115125131131125114 99 83 69 58 51 50 54 61 70 80 8826 210OM 931131999999999999999999999 3 8 891744 5099999999999999
 94 98100101102104107112118122124122117109 97 84 71 59 51 46 47 52 60 7126 211OM10 61249999999999999999999991925 46999999999999999999999
 83 95104110113114113112112113115116117115109100 88 73 58 45 38 36 41 5226 212OM 441114114511799999999999999 7301122046 3699999999999999
 68 85102115122123120115109106105107112116118115105 90 71 52 36 26 24 3226 213OM 447124135411899999999999999 9411052139 2499999999999999
 49 70 93113127132129120110100 96 97104113122126122109 89 65 41 22 13 1526 214OM 5 713215 3126999999999999991018 962219 1299999999999999
 29 52 80106127138137128113 98 88 86 92105120132135128110 84 54 27  9  326 215OM 5291391552135999999999999991045 862254  399999999999999
 12 33 63 95122140144136120100 83 76 79 92112130143143131106 74 41 14 -126 216OM 5511441634145999999999999991112 752326 -399999999999999
  0 17 46 81113138148144128105 82 68 65 76 97121142152148129 98 62 28  426 217OM 6131491714152999999999999991140 652357 -499999999999999
 -4  6 31 65102132149151137113 85 64 54 59 77104131150157147122 87 50 1926 218OM 6351521754157999999999999991210 54999999999999999999999
  2  3 21 52 89123146154145123 93 65 47 44 56 81111138155156141112 76 4226 219OM 658154183515899999999999999 027  11242 4399999999999999
 18 10 20 44 77112140154151133104 72 47 35 39 57 85116141153150131102 6926 220OM 720155191815499999999999999 058 101316 3499999999999999
 42 27 27 43 70102131150153141115 84 54 34 28 37 59 88117138146140120 9426 221OM 74315420 314699999999999999 128 251353 2899999999999999
 68 49 43 50 69 96122143151145126 97 67 42 27 26 39 61 8811312913412711126 222OM 8 5151205413499999999999999 158 431434 2599999999999999
 91 74 64 65 75 94116135146145133111 83 57 37 26 28 40 60 8210211612011626 223OM 828147215912099999999999999 227 631523 2699999999999999
106 94 86 83 87 98112127138141135120100 76 55 38 30 30 39 54 72 8810110826 224OM 851141234910999999999999999 254 831627 2999999999999999
109107103101102106113122129133132125113 96 78 59 44 34 30 34 44 58 73 8826 225OM 918133999999999999999999999 3191011757 3099999999999999
100108113116116116117118120122123123119112101 85 68 51 36 27 26 31 44 6126 226OM10101239999999999999999999991944 25999999999999999999999
 80 99114124128128124118114111111114117120118111 97 77 55 35 20 14 19 3326 227OM 421129131312099999999999999 92911121 4 1499999999999999
 55 81105125136138132122110101 97 99107118126129123107 83 55 29 11  4 1126 228OM 44513814511299999999999999910 8 9722 0  499999999999999
 31 59 90118137145141128111 94 84 82 91106123137141133113 83 50 22  3  026 3 1OM 5 91451553141999999999999991039 822243 -199999999999999
 12 38 71105132147148136115 93 75 67 72 87110132148150138112 78 43 15  026 3 2OM 53315016421519999999999999911 8 672320 -199999999999999
  3 23 54 91123146153144123 96 72 56 55 67 90117142155154136106 69 35 1226 3 3OM 5561531725157999999999999991138 532353  599999999999999
  5 16 42 77113140154150132104 74 52 42 48 68 96126148158151128 95 60 3126 3 4OM 61815418 51589999999999999912 7 42999999999999999999999
 17 19 38 68103133151154139113 81 53 37 35 49 74105133151154141116 84 5426 3 5OM 638155184215599999999999999 022 151236 3499999999999999
 34 29 40 64 95126147154145122 91 60 37 28 35 54 82112136148145128103 7526 3 6OM 657154191914899999999999999 048 2813 5 2899999999999999
 53 43 47 64 91119142152149130102 71 44 29 27 40 63 90116134139132115 9226 3 7OM 714153195614099999999999999 113 431335 2699999999999999
 71 59 58 68 89113135148149136112 83 55 36 27 32 48 71 9511612712811910426 3 8OM 732150203512999999999999999 136 5614 7 2799999999999999
 87 74 70 75 89108128142146138120 95 69 47 34 32 40 56 76 9611011711610826 3 9OM 751146212111899999999999999 157 701443 3199999999999999
 97 87 82 84 92105121133139136124105 83 62 47 39 39 47 61 76 9110110610626 310OM 810139222710799999999999999 218 821527 3899999999999999
103 97 94 93 97105115125130130124111 95 78 62 51 45 45 51 60 72 83 92 9826 311OM 829131999999999999999999999 236 931629 4599999999999999
101103103103105108112117121122119113104 92 80 68 58 51 48 49 55 63 73 8426 312OM 84912299999999999999999999918 8 48999999999999999999999
 94103109112114113113112112112111110108103 96 86 74 62 52 45 42 45 54 6726 313OM 4111149999999999999999999991957 42999999999999999999999
 82 97110119123121116110104101101103107110110105 94 80 63 48 36 32 36 4826 314OM 410123132711099999999999999 93410121 3 3299999999999999
 66 87107122130130122111100 91 88 92100110118120115101 81 58 38 25 22 3026 315OM 427131144812199999999999999 956 882147 2299999999999999
 49 73 99122135138131116 98 83 76 77 88103120131133123103 77 50 27 16 1726 316OM 4461391540133999999999999991020 752223 1599999999999999
 32 58 88117137145140124101 79 64 61 70 89112133144143128102 70 40 19 1126 317OM 5 61451625146999999999999991046 602257 1199999999999999
 20 43 75108135150149134108 79 56 45 49 68 95124146156150128 96 61 32 1626 318OM 52715117 7156999999999999991114 452329 1499999999999999
 16 33 62 97129150156144118 86 55 35 30 43 70103135156162150124 89 55 3026 319OM 5491561750162999999999999991144 30999999999999999999999
 21 29 53 86120146158153130 97 61 32 18 22 43 75112143161162146117 83 5426 320OM 611159183316499999999999999 0 2 211217 1799999999999999
 36 35 50 78110139157158141111 73 38 15  8 19 46 82118146159156137109 8026 321OM 634159191816099999999999999 034 341252  899999999999999
 59 50 56 75102130151158149125 90 53 23  6  6 22 51 8611914215114512710426 322OM 65715820 615199999999999999 1 5 501330  499999999999999
 83 69 68 79 99122143154151135107 73 40 16  6 10 28 56 8611313113813211926 323OM 72015521 013899999999999999 136 671413  599999999999999
103 90 84 88100117134146148139120 93 63 37 19 12 18 34 57 8210311812312126 324OM 744149221112499999999999999 2 6 8415 3 1299999999999999
114106100100105114126136140137126108 86 63 42 28 22 26 37 54 73 9110411226 325OM 8 8140999999999999999999999 236 9916 8 2299999999999999
115115113112113115120125128128125116103 88 70 54 40 32 31 37 48 63 79 9426 326OM 019116 83312999999999999999 3141121741 3199999999999999
107116121122121119117116115115115115112106 96 83 67 51 39 32 32 40 54 7226 327OM 3 21229999999999999999999991927 31999999999999999999999
 92109122129130125118109103 99100104110115115109 96 78 58 41 29 27 35 5126 328OM 336130133411699999999999999 919 992044 2799999999999999
 74 97118132137133122107 94 84 82 88 99112123127122107 84 60 39 26 24 3526 329OM 4 1137145712799999999999999 947 822137 2399999999999999
 56 83110131142141129110 90 73 65 68 81100120134139131112 85 57 35 24 2726 330OM 4241431553139999999999999991016 652217 2399999999999999
 44 70100126143147137117 92 68 53 50 60 81106130145147135111 81 53 33 2826 331OM 4461481638148999999999999991044 492252 2799999999999999
 37 60 90119142151146126 98 69 46 36 41 59 87117141153150133105 74 49 3626 4 1OM 5 81511719154999999999999991112 362323 3599999999999999
 38 54 81112138152152136108 75 46 28 26 39 65 97127149156147126 97 69 5026 4 2OM 5281541757156999999999999991139 252351 4499999999999999
 44 54 76104132151155144118 85 52 28 18 24 45 75108136152153140116 88 6626 4 3OM 54715518341559999999999999912 7 18999999999999999999999
 55 58 74 98125146155149128 97 63 33 16 15 29 55 87118141150146129105 8326 4 4OM 6 6155191015099999999999999 018 541236 1499999999999999
 68 65 75 94118140153152136109 76 44 22 13 19 39 67 98124140144135117 9726 4 5OM 626154194614499999999999999 044 6413 5 1399999999999999
 81 74 78 92112132147150141119 90 59 33 18 17 29 51 7810412513513412310826 4 6OM 646151202413699999999999999 1 9 741336 1699999999999999
 93 84 83 92107124139146141126102 74 48 30 22 26 40 61 8510612012612311426 4 7OM 7 714621 912699999999999999 135 831410 2299999999999999
103 94 91 94104117130138138128111 88 65 46 33 30 36 49 68 8610211311711526 4 8OM 73013922 811799999999999999 2 1 911451 3099999999999999
109103 99 99103111121128130126115100 81 63 49 41 39 44 55 69 83 9610511026 4 9OM 754130235311199999999999999 232 991544 3999999999999999
111110108106106109113118120120115106 95 81 68 56 49 46 48 55 66 78 9010126 410OM 821120999999999999999999999 32410617 3 4699999999999999
109114115115112110108108109109109108103 97 87 76 64 54 48 47 51 60 73 8826 411OM 2 8115 93010999999999999999 6481081844 4799999999999999
102114121123121115107101 97 96 99103106108105 97 85 70 57 46 42 46 56 7326 412OM 255123125110899999999999999 841 9620 4 4299999999999999
 92110124131130122109 96 86 81 83 91102112118117108 92 73 55 42 37 43 5726 413OM 322131142211999999999999999 912 812058 3799999999999999
 79102123136139131116 96 78 66 64 72 88107123132130118 97 73 51 38 35 4526 414OM 346139152113399999999999999 941 642142 3499999999999999
 65 92118138147142125101 75 55 45 50 66 91117137147142125 99 71 48 37 3926 415OM 4 91471611147999999999999991011 452221 3699999999999999
 55 80110136151152137111 79 49 30 27 40 65 98129151158150128 99 69 49 4126 416OM 4331531658158999999999999991043 262259 4199999999999999
 49 71100129151158149124 90 53 24 10 14 35 69107140160165152127 97 70 5426 417OM 4581581744165999999999999991117  92335 5199999999999999
 52 66 91120146160158139106 66 29  4 -4  8 36 75115147164165149124 96 7426 418OM 5231611832167999999999999991153 -4999999999999999999999
 64 68 86111138157162151123 86 45 11 -8 -9  9 41 81119147161159143120 9726 419OM 550162192116299999999999999 011 631232-1199999999999999
 81 77 86105128149160157138107 68 31  3-10 -6 15 48 8511914215314913511626 420OM 618161201315399999999999999 047 771315-1199999999999999
100 91 92103120139152156146124 92 57 26  4 -4  3 24 53 8511413314113812826 421OM 647156211314199999999999999 124 9014 2 -499999999999999
115105101104114128141147145133112 84 55 29 13  7 14 32 57 8310612213013026 422OM 718148222713199999999999999 2 21011456  799999999999999
124117111109112119127134137133122104 82 60 40 26 21 26 39 58 79 9811312226 423OM 755137999999999999999999999 25210916 1 2199999999999999
125124120116113113115119122123121114102 87 70 54 41 34 35 43 58 75 9410926 424OM 0 4125 85212399999999999999 4301131723 3399999999999999
120126126123117111107104105107110112112107 97 83 67 53 44 41 46 58 75 9426 425OM 135127112111299999999999999 7231041851 4199999999999999
111124130130124113102 93 88 88 92101109115115108 95 78 62 50 45 49 62 8026 426OM 225131133211699999999999999 832 8720 3 4599999999999999
101119132136131120104 87 75 70 72 82 97112122125119104 85 67 54 49 55 6926 427OM 259136144912599999999999999 911 692058 4999999999999999
 90112130140139128110 88 68 56 53 61 78 99119132135127109 88 69 56 54 6326 428OM 326141154513599999999999999 944 532141 5499999999999999
 82105127142146138119 93 68 48 38 42 57 81107129142142130110 88 69 60 6226 429OM 3511461631143999999999999991014 382218 5999999999999999
 76 97121140150146129103 73 47 30 26 37 60 89118140149145130108 86 70 6626 430OM 4141501713149999999999999991044 262252 6699999999999999
 73 91114136150152139115 83 52 28 17 21 40 69101129148153144125103 83 7326 5 1OM 4371531751153999999999999991113 172323 7299999999999999
 74 87108130148154147126 95 62 32 14 11 24 49 81113139152152139119 98 8326 5 2OM 4591541827153999999999999991142 112353 7899999999999999
 78 85102123142153151136109 75 43 19  8 13 32 61 94124144151146130111 9326 5 3OM 52315419 4151999999999999991211  8999999999999999999999
 84 85 97115135149152143121 90 57 29 12  9 21 44 7410513014414613712110426 5 4OM 547153194014799999999999999 023 831242  899999999999999
 92 88 94108126142149146130105 74 45 23 12 16 32 57 8511213114013812811326 5 5OM 613150201914099999999999999 052 881315 1299999999999999
100 93 94103117132143144135116 90 62 38 22 18 26 43 67 9311412813312912026 5 6OM 64014521 213399999999999999 123 921351 1899999999999999
108 99 96100110122133139135123103 79 56 37 27 27 36 54 75 9611412412712326 5 7OM 7 9139215312799999999999999 157 961432 2599999999999999
115107102101105113122129130125112 94 74 55 41 34 36 45 61 79 9711212012326 5 8OM 743131225912399999999999999 2401001520 3499999999999999
121115109105103106111117121121116105 91 75 60 48 43 44 52 65 81 9711112026 5 9OM 830121999999999999999999999 3481031620 4299999999999999
124122118111105102101103107111112110104 94 81 68 57 50 49 55 67 82 9811326 510OM 014124 95911299999999999999 5401011735 4999999999999999
123128127120111101 94 90 91 95102108111109102 91 77 65 56 53 58 69 8510326 511OM 116128121011199999999999999 719 901852 5399999999999999
119130134130120105 90 79 73 75 84 96108117119114103 87 71 60 56 61 74 9226 512OM 2 0134134912099999999999999 814 731958 5699999999999999
112129139140131113 92 72 58 54 60 75 94114128133128114 95 77 64 60 66 8126 513OM 23414115 013399999999999999 855 542054 6099999999999999
102124141148143126101 73 49 35 34 47 70 97123141147140124102 82 68 66 7426 514OM 3 5148155814799999999999999 933 332144 6599999999999999
 93116138151153140115 82 50 25 14 18 38 69103133153158149130107 86 74 7426 515OM 3361541652158999999999999991012 132230 7299999999999999
 86107131150159153132100 62 27  4 -3  8 35 72110142161164153133109 90 8126 516OM 4 81591743165999999999999991053 -32313 8199999999999999
 85100121144159162149121 83 43  9-11-12  4 36 76116147164165153132110 9526 517OM 4411631835166999999999999991135-142356 9099999999999999
 90 96113134153163160141108 69 29 -2-17-14  7 41 8111914716116114812911126 518OM 5161641928163999999999999991221-18999999999999999999999
 99 98107123142157162153131 97 58 22 -4-15 -9 14 47 8511914315515314212526 519OM 553162202215699999999999999 039 9713 8-1599999999999999
111103104114129145155156144121 89 54 23  1 -6  2 24 55 8811713814714513526 520OM 634157211714799999999999999 1231021358 -699999999999999
122111106108117129141147146134113 85 55 29 13  8 16 36 62 9111513214013826 521OM 719148221514099999999999999 2131051452  899999999999999
129119110106107114123132136134125107 85 61 41 27 24 31 48 70 9411512913526 522OM 815136231413599999999999999 3141061549 2499999999999999
133126116108103102106112119123124118106 89 71 54 43 40 46 59 78 9811612826 523OM 932124999999999999999999999 4381021651 4099999999999999
133131123113103 96 92 93 98105112115114108 96 82 68 58 55 59 70 8710412026 524OM 011133111911699999999999999 616 921756 5599999999999999
131134131121108 95 85 79 78 84 93103112115113105 93 80 70 67 70 80 9611226 525OM 1 013413 811699999999999999 732 7819 2 6799999999999999
126135137130117100 84 70 63 64 72 85100113121121114103 90 80 76 79 9010526 526OM 141137143312299999999999999 825 6320 3 7699999999999999
121134140138128110 89 69 54 48 52 64 83102119129130123110 97 86 83 87 9926 527OM 217141153613099999999999999 9 7 482057 8399999999999999
114130141144137121 98 73 52 39 36 45 63 86110128138137128114100 90 88 9526 528OM 249145162713999999999999999 944 352144 8899999999999999
108124139147145133110 83 56 36 26 28 43 67 95120138146142130114100 92 9326 529OM 3201481710146999999999999991018 252226 9199999999999999
102117134146150142123 96 66 39 22 17 26 47 76106131147150143128111 98 9326 530OM 3511501748151999999999999991050 1723 3 9399999999999999
 97110127142151149135111 80 49 25 13 15 30 56 88118140151151139123107 9626 531OM 4211521825153999999999999991123 122338 9599999999999999
 95103118135148152144125 96 64 35 15  9 18 39 6810012714615214613211610226 6 1OM 45115219 0152999999999999991156  9999999999999999999999
 95 98110127142151150136112 81 50 25 11 11 25 50 8111113414714813912410826 6 2OM 523152193614999999999999999 010 951229  999999999999999
 98 96103117133146150144125 99 68 40 20 12 18 36 63 9211913714514213111626 6 3OM 555151201214599999999999999 043 9613 4 1299999999999999
103 96 98108123137146146135114 86 58 34 19 17 28 48 7510212413814213512326 6 4OM 629147204914299999999999999 117 961340 1699999999999999
110100 96101112126137142138125103 77 52 33 24 26 39 61 8611012813813713026 6 5OM 7 6142212913999999999999999 154 961418 2399999999999999
117106 98 97102113125133136130115 95 72 51 36 31 37 51 72 9511613113713426 6 6OM 748136221213799999999999999 239 961459 3199999999999999
125114103 96 95101110119126128122109 91 72 55 44 42 49 63 8310412113313626 6 7OM 842128225713699999999999999 337 951545 4199999999999999
132123111100 92 90 94102111118121117107 93 77 63 55 53 60 74 9211112613526 6 8OM 957121234513899999999999999 449 901639 5399999999999999
137132121107 94 84 80 83 90101110117117111101 88 75 67 65 71 8410011713126 6 9OM1135118999999999999999999999 6 6 801743 6599999999999999
139139132118100 83 71 65 67 77 90105116122121113101 89 80 77 81 9210812426 610OM 031140131812299999999999999 712 651854 7799999999999999
137144142130112 90 69 53 46 50 63 82103120131133127115102 91 86 9010011526 611OM 117144144413399999999999999 8 8 4620 5 8699999999999999
131144149143128104 76 51 33 27 33 51 76103126141146140127112100 94 9710726 612OM 2 0149155414699999999999999 9 0 272111 9499999999999999
123139151153144123 94 61 32 14  9 19 42 7410613415115615013611910610010326 613OM 244154165515799999999999999 949  92210 9999999999999999
114131147158157143117 83 47 16 -2 -5 10 38 7411114115916315614012210810326 614OM 3281591750164999999999999991038 -623 310399999999999999
107121138155163159141111 73 34  4-13-12  6 38 7811614616316615613912110826 615OM 4131631841166999999999999991127-15235110499999999999999
104111126144160166159137104 65 26 -3-16-12  9 43 8312114916316315213411726 616OM 5 01661930165999999999999991216-17999999999999999999999
106104113129147161165155132 98 59 23 -3-13 -5 18 53 9112514916015714412626 617OM 548165201616199999999999999 03710413 5-1399999999999999
110102103114130147159160149125 93 57 25  4 -2  8 32 6510013014915514913426 618OM 639161205815599999999999999 1231011352 -299999999999999
117104 98101112127142152152140118 89 57 31 16 14 26 50 8011013414714914026 619OM 731153213815099999999999999 211 981438 1399999999999999
125109 98 93 97107121134142141131112 87 62 42 32 34 47 69 9511913714514326 620OM 827143221514599999999999999 3 3 931522 3199999999999999
132117102 92 88 91100111123130130122107 88 70 56 51 55 68 8710912713914326 621OM 931131225114399999999999999 4 3 8816 5 5199999999999999
137125110 96 85 81 83 90100111118120116106 94 81 72 70 75 8710312013314026 622OM1051120232914199999999999999 512 811650 6999999999999999
140133120104 90 78 73 73 79 89100109115115110102 94 88 86 9110111412713726 623OM1232116999999999999999999999 625 721743 8699999999999999
141139130116 99 82 70 63 62 68 79 93105115119118113106101 9910211012013126 624OM 010141141611999999999999999 732 621851 9999999999999999
139141138127111 92 74 59 52 52 60 73 9010712012712712311610910610811512426 625OM 056141153512899999999999999 828 5120 810699999999999999
134141142137124105 83 63 48 40 43 54 72 9311312813613613012111310911011726 626OM 145143163013799999999999999 916 40211810999999999999999
126137144144136119 97 72 50 36 31 37 53 7610112313914514213312211210811026 627OM 233145171114599999999999999 957 31221210899999999999999
118130141147145133113 86 60 38 25 24 35 56 8411113414715014413211810810526 628OM 3171471748151999999999999991035 23225310599999999999999
110121135146150145128103 74 47 26 17 21 38 64 9512314315315114112611210326 629OM 3571501821154999999999999991111 17232910299999999999999
103112126141151152142121 92 61 34 17 13 23 46 7610713315015414813311710426 630OM 4361531853155999999999999991146 13999999999999999999999
 99104116133147155151136110 79 48 24 12 15 31 58 9012014215315214112410726 7 1OM 513155192315499999999999999 0 1 991220 1199999999999999
 97 97106122139152156147127 99 66 38 18 13 22 43 7310413114815314613111326 7 2OM 550156195415399999999999999 033 961253 1399999999999999
 99 93 97109127143153153140117 86 56 31 18 19 34 59 8911814015115013812126 7 3OM 627155202315299999999999999 1 6 931326 1799999999999999
103 92 90 98112130145151147131106 76 49 31 24 31 50 7610513114715114512926 7 4OM 7 7151205315299999999999999 143 891359 2499999999999999
111 95 87 88 98113130142146139121 97 71 49 36 35 47 68 9412014015014913726 7 5OM 751146212315199999999999999 223 861433 3499999999999999
120102 88 82 85 96111126137138131114 93 71 55 48 51 65 8611013114515014426 7 6OM 842139215515099999999999999 310 821510 4799999999999999
130111 94 81 76 80 90105119129131125111 94 78 67 64 69 8310212213914814826 7 7OM 945131222914999999999999999 4 5 761552 6399999999999999
138123104 86 74 68 71 81 95110120125122114102 91 83 81 87 9911513114214826 7 8OM11 8125231014899999999999999 5 9 681643 8199999999999999
145134117 98 79 64 57 59 68 83 99113122125122115106100 9810211112313514426 7 9OM1257125235914899999999999999 619 571751 9899999999999999
148144132114 92 71 54 44 44 53 69 8910812313213313012311611211211812713726 710OM1447134999999999999999999999 730 43192211199999999999999
146149145133112 88 62 41 29 28 37 56 8110612714114614313612611911712012826 711OM 1 014916 814699999999999999 837 27205711799999999999999
139148153149135112 83 54 29 14 12 24 47 7710813415115715414313112011611826 712OM 2 615317 615799999999999999 938 1122 911699999999999999
128141153159155139112 79 45 17  1  0 15 43 7811314216016515914512911611126 713OM 3 91591754165999999999999991033 -223 211199999999999999
115128144158165160142111 74 37  8 -8 -6 13 45 8412115016616815713912110826 714OM 4 71651836169999999999999991124 -9234710499999999999999
105112128148164170163142108 69 31  2-10 -4 19 55 9513115716816514912810926 715OM 5 11701914169999999999999991210-10999999999999999999999
 98 99110129151167172162138103 63 27  3 -4  7 34 7010914116116615613711526 716OM 553172194816699999999999999 029 971254 -499999999999999
 97 89 94108130151166168157131 96 59 29 11 10 26 55 9012415016216014512326 717OM 642169201916399999999999999 1 9 891334  899999999999999
101 86 83 90107128148160160147122 90 59 36 26 31 50 7911113815515915013126 718OM 730162204716099999999999999 150 821410 2699999999999999
109 89 78 78 88105125141150148135112 86 63 48 46 56 7610212814815615313926 719OM 819151211215699999999999999 233 771442 4599999999999999
118 97 81 73 75 85101118132138135123106 87 72 66 68 8110012214115215314426 720OM 911138213715499999999999999 319 731513 6599999999999999
128108 89 76 70 73 82 96110121126124116105 93 86 84 9010211913414615114726 721OM101512622 315199999999999999 412 701542 8499999999999999
136119101 85 73 68 70 77 8810011011611811510910410110210811812913914614626 722OM1148118223514799999999999999 515 68161610199999999999999
140129114 98 82 71 65 65 70 80 9110211111711911811611511511912513213914226 723OM14 9119232314399999999999999 630 64171611599999999999999
142136126112 96 80 67 59 58 62 72 85 9911212212812912812512312312613013526 724OM1551129999999999999999999999 746 57192412399999999999999
139139135126111 94 76 61 51 49 54 66 8310111913213813913512912412112212626 725OM 039140163613999999999999999 850 48211412199999999999999
133138141137127111 90 69 52 41 39 47 64 8510912914214714513712711911511726 726OM 15814117 814899999999999999 941 39221011599999999999999
124133142145141128108 83 59 40 30 32 45 67 9312014015215314513312011110826 727OM 2591451737153999999999999991022 30224710899999999999999
114125138148151144126101 73 47 28 22 29 48 7610613215115715314012310910226 728OM 34815118 5158999999999999991059 22231710299999999999999
104115130146156155143121 91 60 34 19 19 32 58 90121145159159147129111 9826 729OM 4291571831160999999999999991132 172347 9599999999999999
 95103119138154162157139111 78 47 24 15 22 43 74107137156162155137116 9726 730OM 5 816218561629999999999999912 4 15999999999999999999999
 88 91105125146161164154131 99 65 36 20 18 33 60 9312615016316014512310126 731OM 546165192016399999999999999 016 881234 1799999999999999
 85 81 90109132152164163147120 87 55 32 23 29 50 8111414316016415313210726 8 1OM 624165194416499999999999999 048 8113 4 2399999999999999
 86 76 78 91113137155163157137109 77 50 35 34 47 7310413315516415914111726 8 2OM 7 416320 716499999999999999 121 751334 3299999999999999
 92 75 69 76 93116138153157148127100 73 53 46 52 70 9612414816116214912726 8 3OM 747157203116399999999999999 158 6914 4 4699999999999999
102 80 66 65 74 93115135147149138119 96 76 64 63 73 9311714015616115413726 8 4OM 836150205616199999999999999 239 641435 6299999999999999
114 90 71 61 61 72 90110128138139130116 99 87 81 84 9611313214815715614526 8 5OM 934140212415899999999999999 326 6015 9 8199999999999999
126104 82 65 57 58 67 8310111712713012611810910210010411412814115115414926 8 6OM1054130215715499999999999999 424 56154810099999999999999
138120 99 79 63 53 52 59 72 8810411712512712612211911812112613414214814926 8 7OM13 5127224614999999999999999 539 52164911899999999999999
145135119100 80 62 49 44 47 58 74 9211012413413813713513113013013313814326 8 8OM1524138999999999999999999999 7 6 44191413099999999999999
146145138124105 82 60 42 32 33 43 61 8410812914315015014513713012612713226 8 9OM 017146162615199999999999999 829 31212012699999999999999
140147150146133111 84 56 33 20 19 30 53 8211213815516115814713412211611826 810OM 15815017 616199999999999999 935 18221711699999999999999
127140152159156141116 83 50 24  9  9 25 53 8812214916516715814112310910426 811OM 3141591740168999999999999991029  7225810499999999999999
110124143160169165147117 80 43 15  2  7 29 62101136161171167150128107 9426 812OM 4131691811171999999999999991114  22335 9299999999999999
 93104125149168176170147113 73 37 12  4 15 42 79118150169172159136110 9026 813OM 5 51761839173999999999999991155  4999999999999999999999
 80 85103128154173178168142106 67 34 16 15 33 64102137162172165145117 9126 814OM 55217819 517299999999999999 010 801231 1399999999999999
 74 71 82104131156173174160132 97 63 38 28 35 58 90125153169168153127 9926 815OM 637176192817099999999999999 045 7013 4 2899999999999999
 76 64 66 82106133156167165148121 90 63 48 47 61 8611614516316815813710926 816OM 720168195016899999999999999 120 631333 4599999999999999
 83 65 59 66 84109133150157152135111 87 70 64 70 8811213815716616114512026 817OM 8 315720 916699999999999999 156 591359 6499999999999999
 94 72 60 59 69 87109129142145138123106 90 82 83 9411213315116116115013026 818OM 848145202816299999999999999 234 581423 8199999999999999
106 84 67 60 62 73 89107122131132127117106 99 9710311412914415515715113726 819OM 942133204915799999999999999 316 601445 9799999999999999
118 98 80 68 63 66 75 8710111312012312111711311111311812813814715114914126 820OM11 4123211215199999999999999 4 9 6315 511199999999999999
128112 95 81 71 66 67 73 82 9310411211812212312312312512813313814214214026 821OM2145143999999999999999999999 521 66999999999999999999999
133123111 98 84 74 67 64 67 74 85 9710912012813213413313213113113213313526 822OM16 5134231913599999999999999 656 64192213199999999999999
134131125115102 87 73 63 57 58 65 78 9411212713714214213813212612312312626 823OM1624143999999999999999999999 822 57212812399999999999999
131134135130120104 86 68 54 47 49 59 77 9812013814815014513512511611311626 824OM 139135164615199999999999999 920 4722 411399999999999999
123132140143137124103 80 59 43 37 42 59 8210913315015715314212611310410426 825OM 25114317 91579999999999999910 2 37223110399999999999999
112125140150151142123 98 70 46 32 30 42 65 95124148160161149131112 98 9326 826OM 3401521731162999999999999991037 292257 9399999999999999
 99114133150160158144118 87 57 35 25 31 50 80113142161166158138115 94 8326 827OM 42216117521669999999999999911 8 252324 8299999999999999
 84 98120143161168161140109 75 46 28 25 39 66100133158169165147121 95 7726 828OM 5 01681813170999999999999991138 242352 7199999999999999
 71 81101128154170172159132 98 64 39 28 35 57 88123152170171156131101 7626 829OM 53917318351729999999999999912 7 28999999999999999999999
 62 64 81108137161174171152122 88 58 40 38 53 80113144166174164141110 8026 830OM 618175185617499999999999999 022 611236 3799999999999999
 59 52 62 84114143165172164142112 81 59 50 56 76105136160173169151122 9026 831OM 659172191817399999999999999 055 5213 6 4999999999999999
 63 48 48 63 88119146163166154132106 82 68 66 7910112815216817015813410326 9 1OM 743166193917199999999999999 130 461335 6599999999999999
 74 52 43 48 65 91119142155155144125105 89 83 8810212314516116816214411826 9 2OM 83115620 216899999999999999 2 8 4314 4 8399999999999999
 89 64 48 43 50 67 9011413314314313512211010210210912213915316116115013126 9 3OM 931144202616299999999999999 254 43143310199999999999999
108 83 62 49 46 52 66 8510412013013313012512011812012613514515315515114026 9 4OM11 1133205415599999999999999 352 4615 411899999999999999
124105 85 67 54 49 51 60 74 9110611912713213313313313313513914214514514326 9 5OM2139146999999999999999999999 513 49999999999999999999999
136125110 93 75 60 50 46 50 61 77 9511312813914414514313913513313213413726 9 6OM1542145999999999999999999999 656 46203613299999999999999
139138133121103 83 63 47 38 39 49 68 9111513615015515314513512511911912426 9 7OM 019139161215599999999999999 825 37213511899999999999999
133142147145133113 88 62 40 29 29 43 66 9512414716116215413912210910310626 9 8OM 215147163916399999999999999 927 27221010399999999999999
117134149159158144119 88 57 33 22 26 45 74108139160169163146124103 89 8726 9 9OM 32416017 5169999999999999991015 212242 8699999999999999
 97116139160170167149119 84 51 29 21 32 57 91126155170170156131104 82 7226 910OM 4171711730172999999999999991055 212313 7199999999999999
 76 93119147169178171148114 78 47 30 30 47 77113146168174164140110 81 6326 911OM 5 41781753174999999999999991130 272345 5899999999999999
 59 71 95126155175179167141106 72 48 39 47 70103136162175170150120 87 6226 912OM 54718018141759999999999999912 2 39999999999999999999999
 49 53 72101133160175175158130 98 71 55 55 70 97128156172173158131 98 6726 913OM 628177183417599999999999999 016 491231 5399999999999999
 48 43 54 78108139161170165146120 93 74 68 76 95122149167173164141110 7826 914OM 7 7170185317399999999999999 047 431257 6899999999999999
 54 42 44 60 86115141157161152134112 93 83 85 98119142161170166148122 9226 915OM 747161191117099999999999999 119 411321 8299999999999999
 65 48 43 51 69 94119139149149139124109 98 9610311813615316416415213210626 916OM 829150193016599999999999999 152 431344 9699999999999999
 80 60 49 49 59 77 9811813213913713012011110711011913214615615815213811726 917OM 918139194915899999999999999 229 4814 610799999999999999
 95 75 61 55 57 67 82 9811312312912912512111811812212913814615014713912626 918OM103012920 915099999999999999 313 55142811799999999999999
109 92 78 67 63 64 71 82 9410511512112512712712712713013313713913913612926 919OM2028140999999999999999999999 416 63999999999999999999999
119108 96 84 75 69 67 70 76 86 9710911912813313513513313113012912912812726 920OM1521135999999999999999999999 552 67999999999999999999999
125120113103 91 79 70 64 64 69 79 9310912413514214313913312612011711812126 921OM1541143999999999999999999999 736 63212111799999999999999
125128127121110 96 80 66 57 55 62 76 9511613414615114713712511310610511026 922OM 12112816 215199999999999999 842 55214110499999999999999
119129136137130115 96 75 58 48 49 60 80104129148157156145128110 97 91 9526 923OM 238138162215899999999999999 927 4722 4 9199999999999999
107124139148148137116 91 66 48 41 47 65 92120145161163153134110 90 78 7926 924OM 32815016421649999999999999910 3 412229 7799999999999999
 91111134152161156139112 83 57 42 40 54 79110140161169162142115 88 68 6226 925OM 41016117 2169999999999999991035 392255 6299999999999999
 71 92120147165170160137106 74 51 41 47 68 99132158173171153124 91 64 4926 926OM 45017117231749999999999999911 6 412324 4899999999999999
 51 68 97130159175175159131 98 69 51 49 63 89122152172176163135100 66 4226 927OM 5311771744177999999999999991137 482355 3599999999999999
 35 45 71106141167179174154124 92 69 58 64 84113144168178171148113 76 4526 928OM 61217918 61789999999999999912 8 58999999999999999999999
 28 28 46 77114147170177168146117 91 75 73 85107135160175175158128 92 5626 929OM 655177182917799999999999999 028 261239 7299999999999999
 31 21 28 51 83119148166169158137114 96 87 91106129152168174164142110 7526 930OM 742170185317499999999999999 1 5 211310 8799999999999999
 45 26 22 33 57 88119143156157147131115105103110125143159168165150126 962610 1OM 834158191716899999999999999 145 22134110299999999999999
 66 43 29 29 40 62 881131331431451391301211171181261371491581591521371152610 2OM 940145194216099999999999999 233 27141311799999999999999
 91 67 49 38 38 46 63 831031201311361361331301281301341401461491471401292610 3OM1126136201114999999999999999 334 37145712899999999999999
112 94 76 60 49 46 49 60 75 921091231321381391391371351341341351351351322610 4OM14 5139211413599999999999999 5 0 46182513499999999999999
127117104 89 73 59 50 49 55 67 841031211361451471451381311241191181211262610 5OM1459147999999999999999999999 643 48204511899999999999999
130132128118102 83 65 51 46 49 62 821051281441531531451321181061011021102610 6OM 052132152815499999999999999 8 7 45211810099999999999999
122135142142131113 89 67 50 43 48 64 88116140155160153138117 98 85 82 892610 7OM 227143155416099999999999999 9 5 432149 8299999999999999
105125144154154141118 91 65 48 43 53 74103131154165162146122 96 75 65 672610 8OM 327156161816599999999999999 950 432219 6499999999999999
 82106133154165162145118 88 63 49 50 65 91122149166168156131101 73 54 492610 9OM 4161661640169999999999999991027 482249 4999999999999999
 59 83113143164172164143114 85 64 56 63 84113142164172164142110 77 51 37261010OM 5 017217 21729999999999999911 1 562319 3799999999999999
 40 59 89123152171174161137108 83 68 68 82106135159172170152122 87 55 34261011OM 5411741722173999999999999991131 662348 2899999999999999
 29 40 66 99133159172170153128102 83 77 84102128153169172160134100 65 38261012OM 62017317421739999999999999912 0 77999999999999999999999
 25 29 47 77111141162168161143120100 88 89101122145163171164144113 79 49261013OM 65816818 317199999999999999 018 251227 8799999999999999
 30 25 35 58 89120145159160150133114100 96103118138156166165150125 94 64261014OM 736161182416799999999999999 048 251253 9699999999999999
 41 29 32 46 71 99125144152150139125112105106116131147158161153134108 80261015OM 816153184516199999999999999 120 28132010499999999999999
 56 40 35 42 58 81105125138143140131121113111116125138148153150138119 96261016OM 9 314319 815499999999999999 155 35134911199999999999999
 74 56 46 45 53 68 87106121131134132127121118118123130138143143137125109261017OM10 4134193214499999999999999 235 44142511899999999999999
 90 74 61 54 55 61 73 88103115124129130128126124124125129132133131126116261018OM1145130195713399999999999999 328 54153512399999999999999
105 92 79 69 63 62 66 74 86 98111121129133133131128124122121121121120118261019OM1340133999999999999999999999 445 62999999999999999999999
114107 98 88 77 69 65 66 72 82 96110124134139139134127118112108108110114261020OM1429140999999999999999999999 622 65203610799999999999999
118119115108 96 83 71 64 63 68 81 98116132143147143132119105 96 92 95104261021OM 045119145814799999999999999 741 6221 1 9299999999999999
114124129127117102 85 70 60 59 68 84106127145153152141123103 86 76 77 87261022OM 213129152115499999999999999 836 592127 7599999999999999
103121136142139125106 84 67 57 60 73 95120143157160151130105 80 63 57 65261023OM 3 9142154416199999999999999 919 572154 5799999999999999
 84109133150156148130106 81 64 58 65 84110137158167161141112 80 54 40 42261024OM 35615616 716799999999999999 958 582224 3999999999999999
 59 87118146163166154131104 79 65 64 77101129154169170153124 88 54 30 22261025OM 4411671630172999999999999991034 622256 2299999999999999
 32 58 93130158173172156130102 80 70 75 94120147168175165139102 63 30 11261026OM 5251751655175999999999999991110 702330  999999999999999
 11 30 62102139166177172153126101 84 81 91112139162175173153121 80 41 13261027OM 6101781722176999999999999991145 80999999999999999999999
  1  8 33 69109144168175167147123103 93 95108130153170174164138102 62 27261028OM 657175174917599999999999999 0 7  11221 9299999999999999
  5 -1 12 39 76113144163167158141122108103109123143160170167151123 87 52261029OM 748167181917099999999999999 048 -1125710399999999999999
 23  6  6 20 47 80113139154157149136123114114121133148159162155137111 80261030OM 845157185016399999999999999 133  4133611399999999999999
 50 27 15 17 30 54 82109130143146142134126121121127136145151150142126104261031OM 953147192715299999999999999 225 14142512099999999999999
 80 56 38 29 29 40 58 811031221341401391351291251241261301351371361311202611 1OM1120140201913799999999999999 327 28155112499999999999999
105 87 68 53 43 42 48 61 80 991171301381401371321251201171171191221241242611 2OM1251140222812499999999999999 443 41183711799999999999999
120111 98 83 68 56 51 54 64 80 99117132141143139130119109102 991011071152611 3OM1349143999999999999999999999 610 5120 3 9999999999999999
122124121111 96 80 66 58 59 68 84103123139147147138123107 92 82 80 86 982611 4OM 057124142714899999999999999 728 572046 8099999999999999
112126133132123107 89 73 64 64 74 92113134148153147131110 88 71 62 63 752611 5OM 225134145715399999999999999 828 632121 6199999999999999
 94116134144143132113 93 77 69 71 84104127146157155142119 92 67 50 44 522611 6OM 326145152315899999999999999 916 682154 4499999999999999
 71 97123144153150136116 95 80 74 81 97120142157161152130101 70 45 32 332611 7OM 416154154816199999999999999 957 742225 3199999999999999
 49 75106134154160154137115 95 83 82 93113135155164160142113 79 48 27 212611 8OM 4591601613164999999999999991033 812255 2099999999999999
 30 52 84117145161163152133111 94 87 92107128149163164151126 92 58 30 162611 9OM 53916416371659999999999999911 6 872326 1499999999999999
 17 34 62 96129153164161147127107 95 94103121142158165158138107 72 40 18261110OM 61716517 1165999999999999991138 932356 1299999999999999
 12 20 43 75109138157162155139119104 97101114133151162161147121 88 55 28261111OM 65416217261639999999999999912 8 97999999999999999999999
 14 15 30 56 88119143156156146129113103102110124142155159151132104 72 43261112OM 731157175315999999999999999 027 12123910199999999999999
 23 16 23 42 70100126144151147136122110104107117132145153151139117 89 61261113OM 8 9151182015499999999999999 1 0 16131010499999999999999
 38 25 24 35 55 81107128141144139128117109107112122134144146140125103 79261114OM 850144185014699999999999999 135 23134510799999999999999
 56 39 31 34 47 67 89111127136137132124115110110115123132137136128113 94261115OM 939138192313799999999999999 213 31143010999999999999999
 74 56 44 40 45 58 75 94112125133133129122116112111114119124127125118106261116OM103813420 612799999999999999 257 40153811199999999999999
 91 75 62 53 50 55 66 81 97113125132133130124117111108108110113115115111261117OM1146133212611699999999999999 351 50173110799999999999999
104 93 81 70 62 59 62 71 84100115127134136132124114105 98 96 97101106110261118OM1247136234711199999999999999 5 0 591911 9599999999999999
111108101 91 80 71 66 67 75 88104120133140140133121106 92 83 79 82 90101261119OM1332141999999999999999999999 617 6620 4 7999999999999999
111117118112102 89 78 71 71 79 93111128141147143131112 92 73 62 60 68 83261120OM 13611814 814799999999999999 728 702042 6099999999999999
101117129131125113 97 83 75 75 85101121139151152143123 97 71 50 40 43 57261121OM 248131143915399999999999999 827 742118 3999999999999999
 80106128142145137121103 87 79 81 93112133150159154137109 76 46 26 19 29261122OM 345146151015999999999999999 919 782154 1999999999999999
 51 82114141155157146127106 90 84 88103125146161163151126 90 53 22  4  4261123OM 43615815421649999999999999910 5 842232  299999999999999
 20 51 88124151165164150129108 94 90 98116138157167163144111 71 32  3-10261124OM 5251661615168999999999999991049 902313-1199999999999999
 -5 18 54 94132158169166150129109 98 97108128149165169159133 96 55 17 -9261125OM 6141701650170999999999999991131 962356-1799999999999999
-17 -7 21 59100136160168163146126110102105118137156167167151122 84 43  9261126OM 7 41681727169999999999999991214102999999999999999999999
-12-16 -2 28 66105137157163156141123110106111125142157164159141111 75 38261127OM 75516318 816499999999999999 042-17125710699999999999999
  9 -7 -8  8 37 72107135151155148134120110108114127141152156149131103 71261128OM 848155185215699999999999999 130-10134510899999999999999
 40 16  4  6 22 48 79109132145147140129117109108113123134142144137122 99261129OM 942148194514499999999999999 221  3144210899999999999999
 72 47 29 20 23 37 60 86111130140141135125114107104107113121128130126115261130OM1037142205413099999999999999 315 19155810499999999999999
 98 78 59 44 38 41 52 71 93114129137138131121110101 96 96 991061131171182612 1OM1132138223411899999999999999 413 381736 9599999999999999
112102 88 73 61 55 57 67 82101118131137137129117104 92 84 80 83 90 991082612 2OM1223138999999999999999999999 516 5519 3 8099999999999999
114114109 99 87 77 71 72 79 92108124135140137127112 95 79 68 64 67 76 902612 3OM 03511513 814099999999999999 625 7020 4 6499999999999999
104115120118111100 90 83 83 89101116130140143136122103 82 63 51 47 54 682612 4OM 216120134814399999999999999 733 822051 4799999999999999
 86106121129129121110 99 91 91 97110124138145144134115 90 66 46 34 35 462612 5OM 328130142514699999999999999 835 902130 3399999999999999
 65 90113130139138128115103 96 96104117132144149144127103 74 48 29 22 272612 6OM 421139145914999999999999999 929 9522 6 2199999999999999
 44 70 98123141147143131116104 98100110125140150150139117 88 57 31 16 142612 7OM 5 51471532151999999999999991014 972239 1399999999999999
 25 49 79110135149152144129113102 98104117133147153148131103 71 40 17  72612 8OM 54315216 5153999999999999991053 982312  799999999999999
 12 30 59 92122144154152140123108 99 99109124140151153142119 88 55 26  82612 9OM 6181551637154999999999999991128 982345  499999999999999
  4 16 40 72105132150154147132115102 97102115131146153149132105 72 40 16261210OM 65215417 91539999999999999912 1 97999999999999999999999
  4  7 25 53 85116139151150139123107 97 97106121137149151141120 90 58 30261211OM 725152174115199999999999999 018  41233 9699999999999999
 11  6 16 38 67 98125143148143129113100 95 99110126140147144130106 76 47261212OM 759148181514899999999999999 050  613 5 9599999999999999
 24 12 13 28 52 81109131143143134120105 96 94101114128139142135118 93 66261213OM 832144185014299999999999999 124 111341 9499999999999999
 41 24 18 25 42 67 94118134141137126112100 94 95102114126134133124106 83261214OM 9 7141192913599999999999999 158 181422 9399999999999999
 60 40 29 28 39 58 81105124136138132120107 97 92 93101111120125123114 98261215OM 944138201612599999999999999 233 271514 9199999999999999
 78 59 45 39 42 53 72 93114129136135127115103 93 88 89 94103111115114107261216OM1023137212011699999999999999 311 381621 8799999999999999
 94 79 65 55 51 56 68 84103120132136134124111 98 87 80 79 84 92100107109261217OM11 6136225310999999999999999 357 511738 7999999999999999
105 97 87 76 68 65 69 80 94111125134137133122107 90 76 67 65 69 78 90101261218OM1153137999999999999999999999 454 651851 6599999999999999
108110106 99 90 82 79 81 90102117129138139132119100 79 62 50 47 53 65 82261219OM 050110124113999999999999999 6 6 791950 4799999999999999
 99112119119113104 95 90 90 97108122134142142132114 90 65 43 30 28 36 55261220OM 230120132914399999999999999 727 892042 2799999999999999
 78102121132134128117106 98 96102113127140147145131108 78 48 23  9  9 23261221OM 343134141614899999999999999 843 962131  899999999999999
 47 77107131144147139126112102100106118134147153148130101 66 31  5 -8 -5261222OM 44214715 315399999999999999 9481002219 -999999999999999
 13 44 80114141155155145129113103101109123141154158149126 92 53 16-10-21261223OM 533157155015999999999999999104210123 7-2299999999999999
-14  9 45 85122148161159146128111101101111129147160162149122 84 42  5-20261224OM 62216216381639999999999999911291002354-2799999999999999
-27-16 12 51 93129153162157141122106 98101114132151162161146116 76 35  0261225OM 7 71621726164999999999999991214 97999999999999999999999
-22-25-10 21 61101134154159150133113 99 93 99114134151160157139109 70 32261226OM 750159181516199999999999999 041-261258 9399999999999999
  1-16-15  4 35 74110138153153141122104 91 89 97113131147154149130101 66261227OM 83015419 615499999999999999 126-171343 8999999999999999
 33  8 -2  3 23 54 88119140149144130111 94 85 84 93108125138143137120 94261228OM 9 7149195914399999999999999 210 -31432 8399999999999999
 65 39 22 17 26 46 74102126141143135119101 87 79 79 87100114125129124110261229OM 942144205812999999999999999 252 171528 7899999999999999
 91 69 51 40 40 50 69 92115131139137126110 94 80 73 73 79 89101110115113261230OM1016140221111599999999999999 332 391633 7299999999999999
104 91 77 66 61 64 74 91109125135138132119103 87 73 65 63 67 76 87 96103261231OM1047138235510599999999999999 4 8 611749 6399999999999999
