 54 46 7914823431838542041637631224418815716120126633538941339834125516026 1 1OU 72442319 841499999999999999 042 44132415499999999999999
 80 28 16 5212922632340144444440032824918114214318726033940143141435025426 1 2OU 829450201043199999999999999 144 15142813799999999999999
150 61  4 -6 3612122833442046646240932723816312212818226635241944842535126 1 3OU 92547121 544899999999999999 242 -9152311899999999999999
246135 43-13-18 3412924435444048146640130921413910412218928137243745942426 1 4OU1014483215445999999999999999 335-23161010399999999999999
339226115 26-22-13 52156274382459485452373275181115 9513121030639344945626 1 5OU1056485223846099999999999999 422-251651 9499999999999999
406311197 92 15-14 13 92201315411469470417328230147 9910115424033340944826 1 6OU1132477231745199999999999999 5 2-141728 9399999999999999
436370270163 73 19 13 61150257358433461436365273185121 9812218827435641326 1 7OU12 2461235243199999999999999 536  918 0 9899999999999999
431398323227136 69 41 6012421531239143643438630622115111211215322229936426 1 8OU1228442999999999999999999999 6 6 41182910799999999999999
401397352277195126 85 8211918927335140442039333225518513611813518224630926 1 9OU 025405125242099999999999999 634 7819 111899999999999999
35637535831124618313611813217724231136739638935028822316913713315619925326 110OU 1 2375131939899999999999999 7 5118193913199999999999999
30233634432628723819416515917821827232436137335731726421016814514416420026 111OU 149345135537399999999999999 745158203314299999999999999
24428431232131028525222019919420823827731634335033530225921317515114515826 112OU 257321144935099999999999999 846194214914599999999999999
18622526429531331530227825122821521823626629832433633030526622117814713326 113OU 4383161610337999999999999991021214231113299999999999999
14016620525029132133432930727524221720922024828331733934031827722417213126 114OU 6113351734342999999999999991156209999999999999999999999
11111714619424930234236135532728423920419020023428032535535933328221715426 115OU 715361183936199999999999999 01711013 519099999999999999
106 85 9513419326132436938637333327722118116718523129134637937934327820026 116OU 8 4386193038499999999999999 111 85135616799999999999999
127 78 61 8113320628435339640638032525719415314818024231437440539534326226 117OU 846407201640799999999999999 158 61143914599999999999999
172 95 49 42 7614523131638542241837430322616112813718826634540542740033026 118OU 924425205842799999999999999 240 39151712699999999999999
233137 62 24 32 8617126735541744041635326918712811014021029938043243939226 119OU 959440213744299999999999999 319 21155310999999999999999
302195 98 31  9 3911321231239544544639731622514710110415724333641245043526 120OU1031452221545299999999999999 356  91627 9699999999999999
367262152 62 11 11 65157263361432458432360267177111 8711518728137143445226 121OU11 1458225145399999999999999 430  41659 8799999999999999
415327216112 38  9 35111214319405453451397309213134 88 8913922431839644226 122OU1128459232644799999999999999 5 2  91729 8399999999999999
438379282174 85 34 31 80170274368433453422347253165104 8210517025834340726 123OU1154454999999999999999999999 533 2518 0 8299999999999999
432408338241148 80 52 72137229324399438431378294205132 91 8912719727935226 124OU 0 2432122244299999999999999 6 5 521833 8599999999999999
400409374303219144 98 90124192275353406422396333252175119 9310214421028126 125OU 042411125342399999999999999 641 881914 9299999999999999
34337938034628621916413513717223129935839239436130223216812210211214820326 126OU 132384133239799999999999999 725132201110299999999999999
26531835135633429124320217918020424729734136636533929223518013611111013426 127OU 240358142936999999999999999 828176213210899999999999999
178233286326344340316281246219207214239275311338348337305258203151113 9626 128OU 41834515593489999999999999910 820723 9 9699999999999999
10614219625630934736235432528524621620321224128132034835433529022816110626 129OU 6 836217473559999999999999912 5203999999999999999999999
 72 7010116023430536339439436331225520517617620725931736338537232224616326 130OU 72939819 938599999999999999 034 67133017299999999999999
 90 42 33 6613622631538842942938832124517914014118325232839042040534525326 131OU 830435201242199999999999999 144 31142913599999999999999
153 67 12  3 4613023533842046145139430821814310411517526235242145142635026 2 1OU 91846421 445199999999999999 241  0151710299999999999999
243132 41-12-11 48148264373452482452375275177104 7710818628738345046942726 2 2OU10 0482214947099999999999999 329-191558 7799999999999999
333216103 17-23 -1 77189309413477483428333225131 72 6812221732241446846626 2 3OU1035488222847599999999999999 410-241634 6399999999999999
402295177 72  4-11 36132250363449484457377271168 91 58 8315826036043746726 2 4OU11 448423 246799999999999999 444-1317 5 5899999999999999
438355244135 51 11 28100206318412466464404308204118 67 6711820630539044226 2 5OU1128473233145099999999999999 513 101731 6099999999999999
443389297193104 50 44 91178282377441456417335236146 86 68 9716625434040226 2 6OU1147457235942599999999999999 537 401753 6899999999999999
425400331242156 96 74 99164253343410439418354265177112 81 9113921229035526 2 7OU12 5439999999999999999999999 559 741815 8099999999999999
392390348280206146115120163231309374411408364292212145105 9912617824230326 2 8OU 027396122641599999999999999 6211121841 9799999999999999
34736334730525019816315417421827633337338536331324918814212212715620125026 2 9OU 1 0363125138599999999999999 649154191612199999999999999
29432232831228224621619920021925229132734734632128123419116014715117120226 210OU 146328132634999999999999999 727197201414699999999999999
23726929130029628326624923823524225827930031331330027524421218416615916626 211OU 310300143131499999999999999 84823522 015999999999999999
18521224126828930230429828426725024124125126828730030329327023720116914826 212OU 5473051646304999999999999991129239234514399999999999999
14315618422126229832533633030827624221821022024628031132832529925420215426 213OU 7 93361821329999999999999991257210999999999999999999999
12111112716421727432435936935331426421618317619724129434036535831925618526 214OU 754369191836699999999999999 053111134517599999999999999
124 85 7810515923030236139539536130223417714514918925532538040338432624226 215OU 83039920 440399999999999999 143 77142414299999999999999
155 86 48 52 9717326034240342740835027219313311113419828336442043439631526 216OU 9 4427204743599999999999999 225 4515 011199999999999999
214117 47 19 41109204304389442447403322228145 92 8813622332140545445139126 217OU 937451212746099999999999999 3 4 191535 8399999999999999
289176 78 16  5 51142251355434470448375275175 97 61 8215625836144147645026 218OU10 847022 647699999999999999 341  216 9 6199999999999999
366250135 45  0 14 86194308407469476423326217121 59 48 9719030039946547826 219OU1037480224348199999999999999 416 -21641 4599999999999999
427326206 99 28  8 50143258366447481454372263156 76 39 5712923334042647126 220OU11 4481231847499999999999999 449  71711 3899999999999999
458387278167 79 33 43109211321412465464405306197106 50 41 8517127336843526 221OU1129472235345699999999999999 520 301740 3899999999999999
456421339236144 82 65 99177276369433454422343242146 78 48 6312220830037726 222OU1154454999999999999999999999 550 641810 4799999999999999
422422376297212144109115162238322390426419368286197122 76 66 9415323030526 223OU 030428122142899999999999999 6221061846 6599999999999999
364392382338275213169153169214276337381394373321252183128 97 9512016722726 224OU 114393125439599999999999999 7 01531936 9299999999999999
28733235334831927923921120221324328332134835333529925020015712911912915826 225OU 217354134435499999999999999 75720121 111999999999999999
20225029232133232630628125623923324025928330531931930627824019715812911826 226OU 4 7332153432199999999999999 95723323 111899999999999999
12916120725830433835334832529125622721221523626930332933832428723217312126 227OU 6143531756338999999999999991219211999999999999999999999
 90 8811717224130936339239035830624819716716619825131035938437332625217026 228OU 727396191438599999999999999 035 85133016299999999999999
 99 55 49 8515724533240043342237229721815311812717825433539942941034525126 3 1OU 81643420 842999999999999999 139 46141911699999999999999
152 69 21 23 76167272369439463433360265174105 7910718127837143946242634026 3 2OU 857463205446299999999999999 229 151459 7999999999999999
230123 39  1 20 94202315413471473417322216123 64 5911220731541047047341526 3 3OU 932480213448099999999999999 311  01535 5399999999999999
312194 89 18  1 46141257369452486456373264158 76 40 6414224935844348346026 3 4OU10 248622 948399999999999999 347 -116 7 4099999999999999
379266152 61 15 28 99208323420476474410307196101 44 40 9519030039846247226 3 5OU1027483224047699999999999999 418 121634 3599999999999999
421325213114 49 35 81172283385455474432341231130 60 37 6714524734842546026 3 6OU104947523 846099999999999999 444 331656 3799999999999999
438366265166 92 60 81152251352429462440366263160 83 46 5711520430038243126 3 7OU11 7463233343999999999999999 5 7 601716 4499999999999999
434387305214138 95 96144226319397441437382291193112 65 60 9917025633539226 3 8OU1125446235841299999999999999 528 891736 5799999999999999
412389331255184136123150211288361410420386314227148 95 77 9714921828834626 3 9OU1144422999999999999999999999 5501231758 7799999999999999
37737434028522718216116920726332337039037632725919013610811014018924529626 310OU 02638012 639099999999999999 613160182510599999999999999
33134433230126222720520021724928932634935132628323118415213914717220824626 311OU 1 0344123335399999999999999 64220019 613999999999999999
27930130830128526624924023924826528530331331029326623520618417217118220126 312OU 157308131631499999999999999 733238203317099999999999999
22525027028529229429028327326225525325826827828628728026524221619117316726 313OU 4462941541287999999999999991046253225916799999999999999
17419322025228330832332531329026123622021923425928730931730627623318815226 314OU 6393261756317999999999999991233218999999999999999999999
13313716220425430434236235733028523719717618221426231235036334529723216726 315OU 720363185636399999999999999 021132131717599999999999999
117 9310214320727734138640037832726019514813215621228535339840737230221426 316OU 754400194340999999999999999 114 92135413299999999999999
133 76 57 81144229316388429427381304217143 98 9814622832039844344038429026 317OU 828434202644899999999999999 157 571431 9299999999999999
186 97 41 34 79165268364434462435361263165 90 57 8015425736044147845637726 318OU 9 146221 947899999999999999 239 3015 7 5799999999999999
265153 64 19 31100205317412471476420321209110 44 32 8117829440047549645126 319OU 935482215049799999999999999 318 161542 2999999999999999
353233122 44 16 53143258369453490464379264149 60 14 2910321533343449349226 320OU10 6490222950199999999999999 356 161616 1299999999999999
426317199100 40 38 98201316415477482424319200 95 25  7 4914125736845449226 321OU103648823 749299999999999999 432 311649  699999999999999
467386276171 92 58 83160264367443474447364252142 58 15 24 8718629539145426 322OU11 3475234447099999999999999 5 6 581720 1199999999999999
468424339241157104 98142224318399446446392300195105 47 30 6013122431839326 323OU1130452999999999999999999999 538 941752 2999999999999999
433427377301223164136149200274348403422398335249164 98 63 6410116624431826 324OU 022437115842299999999999999 6111361829 5999999999999999
373396383339281227190179198242297348379380350295228166121 9910313218124026 325OU 1 8396123338499999999999999 6521791921 9799999999999999
29633735635032328725222822023025528831933733731828424119816213913114317226 326OU 214357133033999999999999999 757220205413199999999999999
21426030032833933331428826324323323725227329430931330428124620616714013026 327OU 4 83391550314999999999999991014233225613099999999999999
14317722527632135236235132128124120919520222926630633634733229223617712826 328OU 5583621757347999999999999991210195999999999999999999999
10210814420527433838440038333727621416614415620026232637639537732224516626 329OU 65940019 239599999999999999 02010113 914499999999999999
103 71 80130208295372422431397329246169115 9912919628136242043640332823326 330OU 743433195043799999999999999 117 691352 9999999999999999
142 74 47 71141236334412454444385296200119 71 7212621531540345645840431126 331OU 819456203246499999999999999 2 2 471429 6599999999999999
205112 52 42 87176282380449469432349245146 72 43 7014725235743947745738226 4 1OU 852470211047899999999999999 241 3915 2 4399999999999999
277171 87 44 59128230337424471461395293184 93 39 37 9218829939846447943326 4 2OU 920475214448199999999999999 316 421532 3199999999999999
342234137 71 56 98186292390456472428336225124 52 27 5613524034643047345926 4 3OU 946474221647599999999999999 347 541558 2799999999999999
391293192112 73 87154252353431467446372266159 75 32 39 9819129438644746126 4 4OU10 9468224546299999999999999 415 711622 2999999999999999
420339243158103 94137218315400450451397302196105 49 38 7615224834041144326 4 5OU1031458231144499999999999999 440 911643 3699999999999999
428369286203141115135196280363423441409332234141 76 50 6912720929536841326 4 6OU1052442233742199999999999999 5 511517 5 5099999999999999
418381317244182146147186252326387418406351268181112 75 7711518025532437326 4 7OU1114419999999999999999999999 5291411727 7199999999999999
393377334276221183171190235293348384388356295222156112 9811716122027932826 4 8OU 0 4393113839199999999999999 5531711755 9899999999999999
35735933729825722220420623026830934335834731125920415913513315419223627926 4 9OU 03636112 635899999999999999 623202183313199999999999999
31232932731128626024123223625227529931832331328725221518516716317519822826 410OU 124331125232499999999999999 712232194416399999999999999
26028830531130829728226725424724725526928529629929127324822019417617118126 411OU 3 6312144729999999999999999 928246215117199999999999999
20323426729731832932631028625823321821823225828731132231428924920516814826 412OU 51732917 7322999999999999991132216232714599999999999999
14917221326331034636436033228823919617217320124830034536836132426519914526 413OU 6183661818369999999999999991228169999999999999999999999
11411514820727734138740438633726920014612113418325533038941640234726518226 414OU 7 0404191041799999999999999 029110131112099999999999999
116 82 90140219307381428435397322232150 92 7610818227736843445843035425526 415OU 740438195845899999999999999 119 801351 7599999999999999
160 89 59 81150247345422462451388289185 97 45 44 9919630740647248644134926 416OU 818465204548899999999999999 2 6 591431 3799999999999999
239139 71 52 90177285385456481446358244134 50 10 3010822033943849749743526 417OU 856481213050599999999999999 251 511511  999999999999999
332219124 65 62118217326420478480420313193 86 14 -6 3613125136846150749026 418OU 933487221450999999999999999 334 561550 -799999999999999
414308200115 73 89160263366446482458376260144 50 -3  0 6116528339247149826 419OU10 8482225749899999999999999 415 711628 -999999999999999
464382280185117 96130209307396455465417323210107 33  3 26 9920231140446326 420OU1041468233947599999999999999 454 9517 5  399999999999999
471426346255178132131177256341410444430368274174 90 39 29 6513923332640126 421OU1114445999999999999999999999 5321251743 2799999999999999
440433385314241185159171219287354401414387323241160 98 65 6810617125032526 422OU 022443115041599999999999999 6111581826 6299999999999999
38140639535429824320419020524429634437337634829623317312810410613618724926 423OU 111407123537899999999999999 659190192410199999999999999
30835337436834030025922821422024427931333634132729525220616714013314818426 424OU 216375134734299999999999999 812213205113399999999999999
23328532935636134631627924522021122024327430432533131828824720216414114226 425OU 34636215503319999999999999910 0211222813899999999999999
16821326831935837536733629224420418018020324329033135635632928022216813326 426OU 5113751730359999999999999991131177234412499999999999999
12615020126633037839938934828722316813713817223029735639239435929622315726 427OU 6104001833398999999999999991229134999999999999999999999
116109142206284357408424400340262184124 9610916224032339142842137129220826 428OU 654424192143199999999999999 0401071312 9599999999999999
138 99103151230317392436437392312219137 81 6610017426735842645343036327326 429OU 73144220 345399999999999999 125 951349 6699999999999999
185119 91112178268358425454432363267169 92 50 5711320430539545346342134026 430OU 8 5454204246599999999999999 2 5 911422 4699999999999999
245161106 96137218313397450455407318213120 56 36 6814424434542546745639626 5 1OU 836459211846999999999999999 242 941454 3699999999999999
307215140103115175265358429459437364263160 79 36 42 9718728938244646643426 5 2OU 9 6459215346699999999999999 3161011523 3299999999999999
361270186127112146221313396447451401311206114 52 35 6714023533241045344926 5 3OU 934456222545799999999999999 3491111551 3599999999999999
399320234163126135188270355421448423351253155 81 44 5410719028336742544426 5 4OU10 2448225544499999999999999 4201241618 4299999999999999
417356278204153140170235314386429429380295200118 67 57 9015624032238842326 5 5OU1029435232342699999999999999 4491391644 5599999999999999
418376312243186158167212278348400418393329244161100 73 8613420428034739226 5 6OU1056418235240599999999999999 5161571711 7299999999999999
405383335276221185177201250310363393390350283207142102 9612217524130435526 5 7OU1125396999999999999999999999 5451761742 9499999999999999
38137935030425621719720223127532235837235731425419314612112515520325931026 5 8OU 025384115937299999999999999 618196182211999999999999999
34836435632829125422621422124527831333934633129725020316514614917221225826 5 9OU 1 9364125134699999999999999 7 8214192314599999999999999
30333535034632629726523822322223526028931532932530427022919216615917220226 510OU 217351141933099999999999999 835220205215999999999999999
24529032835135634231427824221420020522726229932934233430526221417515415626 511OU 34535616 8342999999999999991016200222415299999999999999
18322928333336738036833228222918516016219124129834737537534529022717213826 512OU 5 13801730379999999999999991127158233613399999999999999
13516422028835139541039234127119914211211816223231037741641737930923016226 513OU 5584101832422999999999999991220110999999999999999999999
121117153222304377425437405336246159 94 66 8314623633240945345140231922826 514OU 647438192845899999999999999 03611413 8 6699999999999999
153109108154235327405451454405316211117 51 30 6214224935443848247341332026 515OU 733459202148599999999999999 1311021355 3099999999999999
224146103109166256352429469458392288175 79 18  8 5514926537545949948241326 516OU 818471211350099999999999999 223 991441  599999999999999
316218142104120186281376447476449368255141 50 -1  1 6216528339247250447826 517OU 9 347622 350499999999999999 3131031527 -799999999999999
403305210140112139212307396457472429337223114 33 -6 10 8118730240647749726 518OU 946473225149799999999999999 4 11121613 -899999999999999
460382288201141126164241332411458456400304194 97 28  5 3411021332141347026 519OU1028463233748199999999999999 4471251658  599999999999999
477433355268192147147193269350415446429366273174 92 40 30 6814424033641326 520OU1110447999999999999999999999 5301411742 2899999999999999
454448399327250190160171219288357406422397335251168102 65 6610617726234326 521OU 022457115442399999999999999 6151591829 6099999999999999
404430416369304241194176191235293348385393367313245177125 9910314120327526 522OU 1 9430124439499999999999999 7 31761921 9699999999999999
34238940639034829324020218719923428232735836734930825420015613213416521726 523OU 2 0406135036799999999999999 8 3187202512999999999999999
27933637639037634029124320518719121825930233635334832027622718415615317626 524OU 3 0390151635499999999999999 918186213815199999999999999
22127833237138737634129224019617116919223328332835736334330225020116815826 525OU 4 53871644364999999999999991034166225015899999999999999
17822228033737939638434428722617314213916621727933637538736832226220616726 526OU 5 53961753387999999999999991136137235115599999999999999
15617722629035239541039033927019814010911315221629135740141238532926119926 527OU 5564101847413999999999999991224106999999999999999999999
159151180239310375416422388322240162105 82 9815323131538542742939132425026 528OU 639424193343399999999999999 04315013 6 8299999999999999
186150151191260336400433424374293202125 76 66 9916925834541244543538430926 529OU 719435201644799999999999999 1291451344 6499999999999999
232172143157210287365422442415347255164 92 56 6411519629037543445442936726 530OU 757442205645499999999999999 2111421420 5499999999999999
287212158143171236318392438440395313215128 68 49 7614123132340144745141226 531OU 833445213545599999999999999 2521421455 4999999999999999
341261191149149193268349415445428364272176 98 55 5510017726835542145143726 6 1OU 9 9446221145299999999999999 3301441529 4999999999999999
385310232172147166224302379431441403325229140 77 53 7413421830738443444426 6 2OU 943443224444599999999999999 4 514716 2 5399999999999999
412350274205161156192259337402436425368281188111 67 6510517626134340543526 6 3OU1016437231543699999999999999 4381531633 6099999999999999
425378311240185161175225296365414427396326238154 94 71 8914322030237141526 6 4OU1048428234442699999999999999 5 816017 4 7099999999999999
425397341274215177172202259325382413406360286203133 92 8812118426033338826 6 5OU1121415999999999999999999999 5391701736 8599999999999999
41440636630824820117918922628234038339938032825718513010411315421828935126 6 6OU 016416115839999999999999999 613179181510399999999999999
39340538634228623419818620123929033937238135931024718614212513817923930326 6 7OU 053406124738199999999999999 65618619 412599999999999999
35839139637332927722919718720023427932535836835131125720316314615619224626 6 8OU 140397135336899999999999999 75618720 814699999999999999
30635738839237132927722819117518221225730734736736233128323018616216419326 6 9OU 240394151736999999999999999 912174212515999999999999999
24330235639039938033727922117414815018023229334738138736331625720417016326 610OU 3483991642388999999999999991027145224316299999999999999
18723629935939941339434627720514611211114621028635540341839834728021717326 611OU 4554131756418999999999999991131107235515899999999999999
158179230299366413430408351269183114 75 7611919528636842644842837229722526 612OU 55743019 2448999999999999991229 70999999999999999999999
173153172227303376428445418350256160 84 43 47 9918728938144747245138930826 613OU 65444520 347299999999999999 1 21531325 3999999999999999
229171147167228310388442457424345242140 61 20 28 8818529339246349046539926 614OU 75045821 249099999999999999 2 31471420 1799999999999999
312229166142166232319400454465424337228123 43  5 19 8618930240347550047026 615OU 844467215750099999999999999 3 11421515  399999999999999
398307220157137169242331412464468419325213109 32  0 22 9620231641748450126 616OU 936473224750299999999999999 35413716 6 -199999999999999
462384290205147137178257347424468463404306196 97 29  7 4012022833943248726 617OU1025473233249599999999999999 4421341654  799999999999999
489439356264186141144195277363432464447380282178 91 36 29 7315826236444326 618OU1110465999999999999999999999 5261361739 2699999999999999
479464404319235170142159217296374430448420349257165 95 58 6611920430038626 619OU 012481115444999999999999999 6 81411820 5699999999999999
444460428362283211163151178237309375416422387319239164112 9311316924833026 620OU 049460123942599999999999999 64915019 0 9399999999999999
39743443139032525519716416319424831136439439335830023417714013315921228126 621OU 126438132839899999999999999 732159194413299999999999999
34839741740335929923919216817019924730034537137034329724520017317019424126 622OU 2 4417142837499999999999999 824165203616899999999999999
29935439040038234028623218916616719323528532835636234430926622620019521426 623OU 251401154436399999999999999 927164214219499999999999999
25430435138339137333328122618215615417722027232035637036032928724521520526 624OU 34939117 5370999999999999991035152225520599999999999999
21925530334938239137433327621616713713516020826832536838838134930225421726 625OU 4523921814389999999999999991135132999999999999999999999
20221525230335338940038033226619914411411614920727634138941039936130625026 626OU 551400191041199999999999999 0 3202122711199999999999999
208193208251309365403411383324249175119 9410414821629336341242841036229826 627OU 643412195842899999999999999 1 11931314 9399999999999999
237194181204257323384420420380309225149 96 7910015623431738743143941035126 628OU 730425204244199999999999999 1511811357 7999999999999999
281217178174209272345406435422369286197122 77 7210717526134541144644239926 629OU 813436212344999999999999999 2361711438 6999999999999999
330256194163173222296372427445417348256165 96 63 7312420429337543345543326 630OU 85444522 045599999999999999 3161621516 6199999999999999
377300226172156183247327400445447400317220132 74 58 8615324133240645045326 7 1OU 932452223345799999999999999 3531551552 5799999999999999
413343264195156158204279360425454436371278180103 61 6511319428737243345826 7 2OU10 845423 345899999999999999 4271511625 5799999999999999
438380302226170150174235315390441450412332234144 82 62 8815424333440845126 7 3OU1043452233145799999999999999 4581501657 6299999999999999
452410338259193155156198269347411444433377290195119 77 7912520329337543326 7 4OU1117445235945399999999999999 5281501728 7299999999999999
453431371294222170152172226298368418433406341254171112 9011116925133540426 7 5OU1153434999999999999999999999 55915218 2 9099999999999999
44244140033225819615915718824631437541241537931323516712411814921128836226 7 6OU 029447123541899999999999999 635154184111699999999999999
41643742037030223418215616119625231436839839736230323718215115118324130926 7 7OU 1 4437132840299999999999999 720154192914799999999999999
37241342340034928522317615315819024230135238438736131425821118218120725526 7 8OU 148424143638999999999999999 819152203317899999999999999
31436840341138934328322217314514417021827933537538937634029124421120121626 7 9OU 24541216 138999999999999999 933141215520199999999999999
25330535639240539135029022516712911914018825432137340240237432727523220926 710OU 3584051729405999999999999991050118232520799999999999999
212241289343387409403366303229159109 8910615723131037842143140835929924426 711OU 51841118494329999999999999912 3 89999999999999999999999
207198222272333388422423387318231149 87 60 7413021330538644246043838331326 712OU 632427195746199999999999999 0471981310 5999999999999999
245196179201257330397440446407329232138 67 34 4811020430739946448646039626 713OU 739449205848699999999999999 1571791413 3399999999999999
314235177157184250334411461467423335227125 48 13 3210320631941848650446926 714OU 839471215050599999999999999 2561571510 1399999999999999
393300213153138176254347429480482428330214109 32  3 3311422634344350451026 715OU 932488223651599999999999999 34713716 1  399999999999999
459371272184130128181270367448493483416310193 92 25 10 5514826437846851226 716OU1020496231551499999999999999 4321221645  899999999999999
496428331232154116133201295390463493466387278168 80 32 3910120131441548426 717OU11 3493234850399999999999999 5121151723 2899999999999999
501461379281192132117154231324408465474430344241148 82 60 8916426436444326 718OU1141477999999999999999999999 5471161756 6099999999999999
48347040932123216112613418626434741545044038530121314210310615323232240126 719OU 016485121745299999999999999 6191231826 9999999999999999
45246042335226919614813516121728935740642139834227020415714216221528736026 720OU 041463125442199999999999999 650135185614199999999999999
41543942337430423418015215418523829835138438836231526121518818721326232026 721OU 1 7439133839099999999999999 726149193318499999999999999
37340741138533627722218216417019924229133335836134431127424322522624728326 722OU 139413143936399999999999999 814164202722399999999999999
32736438538436031927122619117417619723227331233935134632830127425524825826 723OU 226387161235199999999999999 924172215624899999999999999
28231434436436835332128023619817316718121325529833535936535432929826925026 724OU 3413691751365999999999999991048167233624799999999999999
24826429432735536936333629224119316014816019524429834638039138034830626426 725OU 51237019 0391999999999999991159148999999999999999999999
23522724427932436438638335129823517713712414118424531136940641639635229726 726OU 623388195041799999999999999 049227125612499999999999999
24421120522927833638641140336029321715111010313018726133639743243339934126 727OU 716412203143799999999999999 142203134310199999999999999
273216184188228292362415436416357274189121 85 8813120328836942845443938826 728OU 8 143621 945499999999999999 2241811425 8199999999999999
315240184162183241320395445454417340244154 90 65 8514623432640645746643126 729OU 843456214246899999999999999 3 216215 3 6599999999999999
361278202155150191267355428469461403309205117 64 56 9817927737144347846426 730OU 921472221447999999999999999 3371461539 5399999999999999
406321234165134151214303392457481452373268164 86 50 6613122732941747448426 731OU 958481224248799999999999999 4101331612 4999999999999999
443364271189136127169248342424475478426331222127 68 56 9718228538345648926 8 1OU103448323 948999999999999999 4411241643 5499999999999999
470403311220151120137199288377447478457386284182105 69 8414724334442847826 8 2OU11 8478233448699999999999999 5101191714 6899999999999999
481433349255176127121160235323402454463423341244158104 9313120730239145326 8 3OU1142466235947699999999999999 5391181744 9299999999999999
47645138329320814712113518826634641144543638530522215712613518526334741726 8 4OU1219447999999999999999999999 6 9120181612499999999999999
45645340933425018013712715421028235140242340635628822317816318323330136926 8 5OU 02746013 442399999999999999 645126185616399999999999999
41943842037030022917314213916621627833738039738434629524721520622326331426 8 6OU 1 243814 339799999999999999 735137195020699999999999999
36540041039234929223318415414616320225530935337737735732328625624224626826 8 7OU 151410153138099999999999999 848146211824199999999999999
30334137238637935130725520416414214517221827532836838838536332829126224726 8 8OU 3103861723389999999999999991025140231824699999999999999
25127330934637438637534028622416712711313217824431337241142340536431226326 8 9OU 5 23861853423999999999999991156113999999999999999999999
229218236278331380410411379316237160102 77 9114422431138944346143938531526 810OU 633415195746199999999999999 05221813 9 7699999999999999
247197180202258331399443451413336239145 74 43 6012422032441647749345938726 811OU 741453204949499999999999999 1571801410 4299999999999999
299217159144179254344426478483434340228124 48 18 4612723735244950751045826 812OU 836488213351699999999999999 24814315 2 1899999999999999
368267178123120174266368455505500434326206100 29 12 5815527439148252550626 813OU 925511221252799999999999999 3331141546 1099999999999999
432328222138 97116189293398481519494411295176 79 25 31 9820732743550752326 814OU10 8519224552599999999999999 412 961625 1999999999999999
475382272173106 90133222329428495511465369253146 70 43 7616227438547251326 815OU1046513231151499999999999999 446 881657 4399999999999999
494419316213132 92105170266366448492481415316212127 81 8614423934343348826 816OU1119495233449799999999999999 516 901725 7699999999999999
49143934924916311010114021730939345146743335826718513011514822031139745726 817OU1149468235347699999999999999 541 99174911599999999999999
47644537228119613611313118526133940243442638030923718115616721528636242226 818OU1219436999999999999999999999 6 4113181215599999999999999
45043838631023217013713716922428934938940138133728223320319922327032738126 819OU 012451125240299999999999999 630132183919799999999999999
41441838933427021217215816820124629533736136434731628225424124426629933726 820OU 036421133836699999999999999 7 4158191724099999999999999
36938437634730525922019418519321424628031033033833332130528927927728430026 821OU 11038415 633899999999999999 8 1185204427699999999999999
32033834734432930427524522020419920722625328231033134334633832330328627626 822OU 216348174434699999999999999 954199232627599999999999999
27728830532333633832730427123520418418219722626630834537137936834130527126 823OU 4413381856379999999999999991139181999999999999999999999
24824325728632235236736133128423118415514917021226832737640540838433928526 824OU 613368193741199999999999999 046242124214899999999999999
23821121123928834338740539134627920815011912015621729136141443842638131626 825OU 7 5405201043899999999999999 130207132711599999999999999
248197175191241311380428440410342255172111 8610315924132940445246142635926 826OU 747441204246399999999999999 2 517514 6 8699999999999999
277203155149187261348423466463411321219131 76 6610518328137644848346840826 827OU 827471211348499999999999999 2391461443 6399999999999999
320229157122138202295389462493469393286178 94 52 6312722633342548649845526 828OU 9 5493214350099999999999999 3121211518 5099999999999999
370269177116103145231335429492504456360244140 68 47 8417128138846950849026 829OU 943507221250999999999999999 3451011552 4799999999999999
418315212130 89102170270375461507495425316202111 61 6612923134343849850726 830OU1019510223951099999999999999 416 871625 5699999999999999
456362253158 96 82122208313410480503467380270169100 7710919129739847250226 831OU105450323 450399999999999999 446 801656 7699999999999999
477400295193118 82 9515825135043248047942433223415411111516925835543648126 9 1OU1129486232848799999999999999 514 80172510799999999999999
479426335234150 99 9012519828837343546144137929521616214516923231439244726 9 2OU12 4461235446499999999999999 543 88175614599999999999999
46443636928019513310511415822830637441842840134527922419219222328034540026 9 3OU1246429999999999999999999999 616103183118899999999999999
43142738932425018614312814218123829935238639237233328925423523826230134426 9 4OU 025434134439399999999999999 7 1128192223399999999999999
37939538735530725420617215616018322327031635036636434732229627626827329026 9 5OU 110396152336899999999999999 81915521 826899999999999999
31533935636034832328724620717515916218722827632336038038236533730427425626 9 6OU 2453601734383999999999999991021158233725399999999999999
25426929632835536936433629023317914012514118524831637541442640736430825526 9 7OU 5153701852426999999999999991159125999999999999999999999
217204221264320374410415385323243166108 8310115724032940645646643336829026 9 8OU 640417194446799999999999999 05620413 6 8399999999999999
217167155186252334408456462419336235141 73 49 7815325636044649449043634826 9 9OU 738466202649999999999999999 1471541358 4999999999999999
252169119119172262362448497492430327213112 46 33 8117629240248551849141226 910OU 82650221 451899999999999999 2301121443 3199999999999999
307202121 84106183290398483521498416300182 86 34 4311322334344751352046526 911OU 9 9522213752599999999999999 3 8 831522 3099999999999999
365251150 83 69118214328433506525478380261150 72 44 8017028639948452149526 912OU 94752622 652199999999999999 343 671557 4499999999999999
412300190105 63 80153259370462512504436330218127 75 7814124235344850350326 913OU1022517223051199999999999999 414 621626 6999999999999999
442341230136 77 6911520430940747649746238027718411910013421431541047649526 914OU1053498225049599999999999999 440 651652 9999999999999999
457372266169101 75 9916625935342946946140632223516713314520228637544447526 915OU112147223 947699999999999999 5 2 75171513299999999999999
457392298203131 9410014622130537942944141235127821317416920326634140744626 916OU1148442232845099999999999999 522 91173716799999999999999
44440032423916712311514219726533138240739936331025721820321825831236740626 917OU1216408235041899999999999999 54311318 120399999999999999
41839434127320916314415318623428633236337135732729326224524426229433036226 918OU1252371999999999999999999999 610143183124299999999999999
37937334530125221218617919021524828231133033633031730228828128028830231826 919OU 017380135633699999999999999 652179193127999999999999999
33233833231529026323922121121122023625728030131732733132932231029728728226 920OU 1 2338171333199999999999999 83221023 628299999999999999
28529330431231531029727625022620720020622525428832234836336334731928725926 921OU 35431518293659999999999999911 3200999999999999999999999
24424526229132134435133730526121518016417120024730035038640038935330325226 922OU 55235119 340199999999999999 025242121216399999999999999
21419921225130435538939637031624918514012514419326233339342943039733626526 923OU 643397193343499999999999999 1 2199125712599999999999999
202164161197262337401437433386307219145100 9613520829738044146544438329826 924OU 72444120 346599999999999999 1341581336 9299999999999999
213148120139202291381449477454382282182106 70 8414824334443048248543634826 925OU 8 4477203449099999999999999 2 71191414 6899999999999999
247157 99 90135224330425489502455361248146 77 57 9418129139647450748340526 926OU 84450421 650799999999999999 241 871451 5699999999999999
297189105 63 79151258370463514507438330214118 64 6512723134544250351145626 927OU 923519213751599999999999999 315 611528 5799999999999999
354237134 65 47 89182298408489522492406292183103 70 9717828839647651248826 928OU10 352222 751399999999999999 348 4516 4 7099999999999999
406291177 89 43 52119224337436499510459364256164106 9814723934543549149526 929OU1040513223550199999999999999 421 401638 9499999999999999
442342228129 64 45 7916126636844949047941532323016012814420729838845448026 930OU111749323 248099999999999999 452 44171112799999999999999
456382280179102 63 681192032983834434624363712922211751661982623404074472610 1OU1156463233045299999999999999 523 59174416499999999999999
447403325235156103 851051582333113764174233943402812322072112442973543982610 2OU1240425999999999999999999999 559 85182320599999999999999
4164023562902211641291211401832403003503813863673322932612452482693023382610 3OU 0 4417134138799999999999999 648120192224499999999999999
3653743623312872401981691551601842232703143473643643483232972752632642772610 4OU 057374152736699999999999999 814155212826299999999999999
2983203363423353152832452061751591631892322823303673853823603252852512312610 5OU 2593421722386999999999999991019158233422799999999999999
2292472793173493673633352862281741381291512022683363914224203873332702142610 6OU 5213691827425999999999999991147128999999999999999999999
180175204258322379415416378310230156106 941251922793644294604473933152322610 7OU 632420191346199999999999999 0381731247 9399999999999999
163125131181260348421462455400311213128 77 741222093114044684874523742752610 8OU 722465195148799999999999999 1231221334 6999999999999999
180110 83109183284385462496472397292186102 61 751442473564464974924303302610 9OU 8 6496202550299999999999999 2 1 831415 5999999999999999
221127 68 61113209321424493509465372260157 85 63101189300405480506471384261010OU 846511205650699999999999999 237 571452 6399999999999999
271163 81 44 65141250363456507501435333224133 82 86148248357447498492426261011OU 924512212450399999999999999 3 9 431526 7799999999999999
321207111 52 44 93186298401476503471391288191121 97128208311408474493453261012OU 958503214949499999999999999 338 401557 9799999999999999
363252149 75 45 68140240344430480479427340245167124129183272366442479463261013OU1029487221348099999999999999 4 4 45162411999999999999999
394293189106 61 63112196292380443465439374291213159145175243327405454458261014OU1058465223546299999999999999 428 56165014499999999999999
412328229142 87 72101166249333399436432390325255199172181227295366419438261015OU1125439225843899999999999999 450 72171517099999999999999
415352266183122 95106150217290354397410389344288238206200225272329379407261016OU1152410232240999999999999999 513 94174119999999999999999
402362297226165129124149196253309352376374349312273243229236262299338366261017OU1225378235137599999999999999 540122181122999999999999999
375357317264213175157161186224266305333346342326303280264258263279300321261018OU1315347999999999999999999999 61815619 225899999999999999
336337322295261228203190191204227256285309324329326316303288276269269276261019OU 03533815 532999999999999999 727189213126899999999999999
288301310310302285262236214200198209231261292320340348344327301273249235261020OU 235311171034899999999999999 941197232523499999999999999
236252278306327335325298260220188172178205247295339371383372340293245206261021OU 45833518 2383999999999999991114172999999999999999999999
187195227275326365381367326266205158137148189251318376413418389332262197261022OU 6 3381183942099999999999999 014187121013799999999999999
151138163220294364413427400337255179125106130192274357421452440386303214261023OU 651428191545399999999999999 051138125610699999999999999
140 98100149232327409459463417332234149 96 88130213311400461478443362259261024OU 735468195047999999999999999 128 931340 8599999999999999
159 86 55 78153257364449493483417316211126 80 87149247353440490486425322261025OU 819496202749599999999999999 2 5 551423 7699999999999999
206106 42 29 76172289399480513485403294189112 79104183289393470501473388261026OU 9 351321 350199999999999999 243 2715 5 7999999999999999
271154 63 14 24 92201321427498515470379270173108 93136226332425485494441261027OU 947516213949799999999999999 321 111546 9299999999999999
339219110 34  7 37121235350445500500442348248165117121179271369446483467261028OU1030507221348599999999999999 359  7162611299999999999999
395287173 80 25 19 67158267370449486470406317231166139160224311393449463261029OU1112487224846499999999999999 437 1517 513999999999999999
427345241143 71 37 48105193291378439458432369293224179169200262336398433261030OU1155459232443699999999999999 515 35174416899999999999999
428382303214136 84 66 86142219301371415424396343282231201201231282338382261031OU1243425999999999999999999999 558 66183119799999999999999
4013893452802111521141031211662292943513863933733332882492252232422783172611 1OU 0 7402134439499999999999999 653103193622199999999999999
3493643573282832321861521361441742212763273623773693423052682392252292492611 2OU 11136415 737799999999999999 812136211822499999999999999
2803113353443363102702261851561481642032563103553813833623232772342041932611 3OU 3 3344163538599999999999999 950148225619399999999999999
2062392813243553653503112582021581371471862453103674024073813302672071632611 4OU 4553651740409999999999999991112136999999999999999999999
1471632092713343834043893412732021461191311792513293944314293883182371642611 5OU 6 6404182843599999999999999 0 0147121311899999999999999
1151041341992823624204404153522691871281051271902763624274554373742851922611 6OU 65844019 745599999999999999 04710313 110599999999999999
116 73 761272123103974534634233442511671121011402183133994554664243412382611 7OU 742465194346899999999999999 126 681343 9999999999999999
142 73 45 701422423454294754684113212261481051121692593554324714583922922611 8OU 823479201647399999999999999 2 2 45142310199999999999999
185 96 43 38 861752813814544824563842902001331091362083043944554704313452611 9OU 9 1482204747299999999999999 236 33145910999999999999999
237136 62 31 51119217322411466473429349256176127124171254347424464452389261110OU 938477211846699999999999999 3 7 30153311999999999999999
290183 95 43 38 81163263359432465450391308224159132151214300384441455417261111OU1012466214745799999999999999 337 3416 613199999999999999
336233138 70 43 63125213307388439449415348268197153149188259340408442429261112OU1043451221544399999999999999 4 5 43163614699999999999999
370280184106 62 61102174260342403432420372305236183162179230300368415424261113OU1112432224342699999999999999 431 5617 416299999999999999
389317229148 92 73 94148222299363403410382330270216184183214267328379403261114OU1141412231140499999999999999 459 73173217999999999999999
391343270194132 98 99133191258322368389380346298250213198209244291337370261115OU1212390234437899999999999999 528 9418 419899999999999999
377353304240180137120132169221278327360369354322283246222216229257293327261116OU1252369999999999999999999999 6 5120184921599999999999999
347347324283234188157147159190234280321347354342317285255233225230249276261117OU 030350135135499999999999999 65814720 622599999999999999
303322327315287250212183168171193228271310339352348328298264235215209220261118OU 148328151435399999999999999 819167215020999999999999999
245277307326329313281241202175167180213259307345367368348310263218184170261119OU 339330163337199999999999999 95416723 617099999999999999
180213260308346362352316264211170151161198254315365395396366312245183138261120OU 5 73621732399999999999999991110151235912299999999999999
122140190258327379403391344277208156132144191261334394425419373298212137261121OU 6104031821427999999999999991211131999999999999999999999
 88 77110181269354416441422362280200140116135194277361423450431366271171261122OU 7 444119 645099999999999999 045 7613 511699999999999999
 90 43 43 94184289383449470441368276190129108136208300387448465430346237261123OU 756471195146699999999999999 130 37135610899999999999999
130 49 10 24 92196309408472487447366269181122108147228325411464469417319261124OU 846489203647399999999999999 215  8144610799999999999999
202 95 20 -9 20101213329426485492443356258173120116166253349428471461394261125OU 937496212047499999999999999 3 1 -9153511199999999999999
287170 69  3-13 29119233346438489484427338243165123131190278370439468443261126OU102549422 346899999999999999 347-14162111999999999999999
365255144 53  0 -2 50144255362443481465402314227160131152216302384440453261127OU1112482224745599999999999999 432 -817 513199999999999999
415332227126 49 11 22 81174278373440463436371289213160146176240318387428261128OU1158463233143499999999999999 518  9174914599999999999999
428383302207122 61 37 57118204296376427437404340268205166163196255321376261129OU1243439999999999999999999999 6 3 37183616099999999999999
405397353281202132 86 72 96152228307372409409375318256205176176205255309261130OU 019407133041499999999999999 653 72193017299999999999999
3533763693332752121561191091291782433093633913883563072532081801771982382612 1OU 117377142539499999999999999 750108203817599999999999999
2853263513523292862351861511381521922483063543803793513062542061741631762612 2OU 234355152738399999999999999 9 0138215716399999999999999
2112573033383523423092632141741551621952473053533813823553072491941531352612 3OU 4 5352163238599999999999999101515423 713599999999999999
1461842372953423683663362862311841581621942493103623923923603022331681212612 4OU 5263711730396999999999999991124156999999999999999999999
1031191662323023603923913562992351821531571952573243794084013572862061352612 5OU 628396181941099999999999999 0 3103122315199999999999999
 88 751021632433233854174093652982271721451562032733454004214023432591712612 6OU 71941919 342299999999999999 049 74131314499999999999999
100 59 591011762663504114354163612862121581381602192963704194283923172242612 7OU 8 4435194343099999999999999 130 53135913899999999999999
135 69 41 571152012953774314434113452651921441361722423243944324253712832612 8OU 846444202143599999999999999 2 9 40144113499999999999999
185101 47 35 691412333274024434403943192381701341421932723544154374113402612 9OU 926447205843799999999999999 246 34152013299999999999999
244147 72 35 42 93176271358421445425366286208151132159223306382429431385261210OU10 2445213343699999999999999 321 32155513299999999999999
300201111 52 34 62128217309386432436397328249179139141186259340404432412261211OU103544022 643299999999999999 353 34162813599999999999999
347254158 82 43 47 95173263346407431414360286212158140162221297369415421261212OU11 5432223742499999999999999 424 39165813999999999999999
380302208122 65 48 75138221306376416418381317245184150153192257328385411261213OU113242223 941199999999999999 453 48172614699999999999999
396339256169100 64 69113185266341393411393343277214169154174222285345385261214OU12 0411234239599999999999999 523 61175615499999999999999
393362299220146 95 79100154227301362396396364309247196166165193242298346261215OU1231400999999999999999999999 556 79183216299999999999999
372368332271202143108105134189257321368389378340286232190169173200244292261216OU 02337513 938999999999999999 636102192016799999999999999
333354348315263206158132133161211271326365379365328278227188167168190229261217OU 118355135937999999999999999 728129202816499999999999999
274315339340317276227184157154175218271323360374363329280227182153146163261218OU 23334315 337499999999999999 838152214714699999999999999
201251300336349338304258211177165177213264317359378371339285224167127113261219OU 4 234916153799999999999999910 116523 011399999999999999
128171232294344371369338288233189166170202255315364390387351289214144 94261220OU 5263741724393999999999999991122164999999999999999999999
 75 92144218296360399402371314249193160158190249317374407404363288200118261221OU 636405182741199999999999999 0 2 74123415599999999999999
 60 38 60123211303379426432397333258192151145180246323388425421371284184261222OU 739435192542899999999999999 1 0 38133814399999999999999
 93 30  9 37110209311396449456416343259186139133174248333403442433374277261223OU 839459202044599999999999999 157  8143713099999999999999
168 71  6-13 22104213322414468472424343252172124123173256347420456441372261224OU 934477211445799999999999999 252-14153111799999999999999
266151 52-12-25 19110225339431482477419329233153110120180270363435465439261225OU102548722 446599999999999999 344-27162010799999999999999
360248132 36-20-23 32131249362448487467397302206133102125196290380444463261226OU1110487225146399999999999999 433-2917 510299999999999999
424337224114 28-15 -3 64168283387458477440360264176117104142219311392442261227OU1150478233445199999999999999 517-17174610299999999999999
446396305198101 33  9 37112214319406455451398315226153112116165242324392261228OU1226460999999999999999999999 558  8182510899999999999999
427416359272179101 54 49 90167261349413437414352272196140118135186256326261229OU 01742813 043799999999999999 637 4519 511899999999999999
378399379324249175118 90 99145217296364405408373311241179139129150197257261230OU 1 1399133541299999999999999 716 89195012899999999999999
316356368347300241185146132149193255318367390380340283222172141135154195261231OU 152368141239099999999999999 758132204413499999999999999
