 49 80110133147149141128114103100105117133146153148131103 68 33  6 -8 -526 1 1OW 44114915 815399999999999999 9531002221 -999999999999999
 14 44 81116143158159149133115103 99105119136151158151131 98 59 21 -7-2026 1 2OW 53616016 2158999999999999991053 992311-2099999999999999
-14 10 46 87124152165163149129110 97 95104121142157163153129 92 50 11-1626 1 3OW 6221661653163999999999999991141 942358-2599999999999999
-25-15 14 53 96133158167161143121101 90 91104125146161164152124 84 42  526 1 4OW 7 31671742165999999999999991224 89999999999999999999999
-19-23 -7 25 66108142161164153132108 91 84 89105127149162161145115 75 3526 1 5OW 741165182916399999999999999 043-2413 4 8499999999999999
  3-14-12  8 43 83120148160157140118 96 81 79 88106128147157153135104 6726 1 6OW 816161191415799999999999999 124-161344 7899999999999999
 32  7 -2  6 30 64101132151155145126104 85 74 76 87106126141147141121 9326 1 7OW 847155195914799999999999999 2 2 -21425 7499999999999999
 61 34 18 16 30 55 87117140150147133112 92 76 70 74 8610312013213412610826 1 8OW 916150204513599999999999999 237 1515 8 7099999999999999
 85 61 42 34 39 55 79106129143146137121101 83 71 67 71 83 9711112012111326 1 9OW 944146213812199999999999999 3 9 341557 6799999999999999
 99 82 66 56 54 62 79 99120135142139128111 93 77 67 64 68 77 8910010710926 110OW1012142224610999999999999999 340 531655 6499999999999999
105 96 85 76 72 74 83 97113127136138132120104 88 73 64 60 62 70 79 90 9826 111OW1044138999999999999999999999 413 7218 6 6099999999999999
102103 99 95 90 88 91 98108119128133133127115100 84 70 59 54 54 60 70 8226 112OW 034103112613499999999999999 457 881924 5399999999999999
 93102107108107104102102106112119126130130124113 98 81 65 52 44 44 50 6326 113OW 252108122713199999999999999 6221012033 4399999999999999
 78 94107116120118114109107107110117124129130125113 96 76 57 41 33 33 4326 114OW 410120134113099999999999999 8261062127 3299999999999999
 59 80101117128131127119111105103107115124131133127113 92 68 45 28 21 2426 115OW 453131144613399999999999999 9461032211 2099999999999999
 39 61 87111129138138130118106 99 98105116128137138129110 84 56 31 14 1026 116OW 5261391537139999999999999991034 982249 1099999999999999
 19 40 69 99124141146140126111 98 92 95106121136144142128103 72 41 16  226 117OW 5561461620145999999999999991110 912324  199999999999999
  4 20 48 81113137149148136118100 88 86 94111130145151144123 93 58 25  326 118OW 6251501659151999999999999991141 852358 -599999999999999
 -5  4 28 61 97128147153144126105 87 79 83 97118139152154141114 79 42 1126 119OW 6521531737155999999999999991212 79999999999999999999999
 -6 -6 11 42 79114141154151136113 91 76 73 83103126146157153133102 64 2826 120OW 720155181415799999999999999 030 -81243 7299999999999999
  3 -7  2 26 61 99131151155144123 98 77 66 69 85108133150156146122 88 5226 121OW 746155185315699999999999999 1 2 -71317 6699999999999999
 21  2  1 17 47 83118143155151133108 83 65 60 68 88112135150151137110 7726 122OW 813155193415299999999999999 134  01353 6099999999999999
 44 21 11 17 39 70104133151153141119 93 70 56 56 68 8911313314414112610026 123OW 840154202014599999999999999 2 6 111433 5499999999999999
 71 45 29 27 39 63 93122143152147129105 79 60 50 53 66 8710912613413111626 124OW 9 8152211113499999999999999 239 261517 5099999999999999
 95 72 54 46 49 64 86112133146147137117 93 70 53 46 49 62 8110011512312126 125OW 936148221712399999999999999 313 451610 4699999999999999
111 96 81 70 67 73 86105123137144140128108 86 65 49 42 44 54 70 8810211226 126OW10 9144235311499999999999999 352 671716 4299999999999999
114111103 95 89 88 93103115127136138134122104 84 63 47 37 36 43 56 73 8926 127OW1052138999999999999999999999 442 881840 3599999999999999
103113117116112108106107111118125131134131122106 86 64 44 30 24 28 40 5826 128OW 21811712 113499999999999999 61710620 8 2499999999999999
 80100117127131128123116112111114120127133133127113 91 65 40 20 10 12 2526 129OW 4 4131133913499999999999999 8471112122  999999999999999
 48 76103126140144140130118108104106114126136141136120 95 64 33  9 -4 -126 130OW 45814415 31419999999999999910101042220 -599999999999999
 16 45 79112137151153144128111 98 93 98112129144151145126 96 59 23 -3-1526 131OW 53815416 6151999999999999991059 9323 9-1599999999999999
 -8 15 49 89124149159155139118 97 84 83 93113135152159151127 91 51 13-1226 2 1OW 6121601659159999999999999991137 822352-1999999999999999
-19 -6 23 63104138158162150127102 81 72 76 92117142159163151122 83 41  626 2 2OW 6431621745164999999999999991213 71999999999999999999999
-14-14  6 41 82121150162157137110 84 66 62 73 95122147162161144111 71 3226 2 3OW 712162182816499999999999999 030-161247 6299999999999999
  4 -7  1 28 65105138157159145120 91 67 55 57 74 99127149159153131 98 6126 2 4OW 73716119 915999999999999999 1 4 -71320 5499999999999999
 29 10  8 25 55 91126150158150129100 73 54 49 57 77103128146150139116 8526 2 5OW 8 1158194815099999999999999 135  71354 4999999999999999
 55 32 24 31 53 83115141154152136110 83 60 47 48 60 8210612613813712410226 2 6OW 822155202713999999999999999 2 3 241428 4699999999999999
 77 55 43 43 57 80108132148151140120 94 69 52 46 50 65 8410412012612311026 2 7OW 84315121 912699999999999999 228 4115 5 4599999999999999
 93 75 63 59 66 82103125141147142126105 82 62 50 48 54 67 84 9911011411126 2 8OW 9 314722 111499999999999999 251 591546 4799999999999999
102 90 80 75 78 87102118132140139130114 94 76 61 52 51 56 67 79 9110010326 2 9OW 925141232210499999999999999 313 751640 5099999999999999
103 99 94 91 91 95103113124131133129120106 90 75 63 55 52 55 62 71 81 9026 210OW 952133999999999999999999999 335 901757 5299999999999999
 97102104104104105107111116121124125121114104 91 78 65 56 50 49 53 62 7326 211OW10351259999999999999999999991939 49999999999999999999999
 85 97107113116116114112112112114117119118115107 95 81 65 52 42 39 42 5326 212OW 428116122711999999999999999 8 511221 0 3999999999999999
 68 86103117125127123117110105104106112118122121113 99 81 61 42 30 26 3326 213OW 450127142112299999999999999 9501042153 2699999999999999
 48 69 93114129135133124112101 95 95102112123130129119100 76 50 29 16 1526 214OW 5131361525131999999999999991028 942233 1499999999999999
 27 50 78106128141142133118101 89 84 89102119133141137121 96 65 36 14  426 215OW 5361431612141999999999999991057 8423 7  499999999999999
 10 30 60 93123143149143126104 85 75 76 88108129145150141119 87 51 20  126 216OW 5591491653150999999999999991125 742340 -399999999999999
 -2 13 41 77112140153152136111 86 68 63 71 91117141156156141111 74 37  926 217OW 6221551732158999999999999991154 62999999999999999999999
 -4  2 25 60 99132154158146121 92 67 53 54 71 98127151163157135100 61 2626 218OW 646159181116399999999999999 011 -41224 5199999999999999
  4  0 15 46 84121149161155133102 71 49 41 50 74106136157163152125 88 5126 219OW 7 9161185116499999999999999 042 -11256 4199999999999999
 23  9 15 37 72109141159160143114 81 51 35 35 51 79112140157158142114 7926 220OW 733162193316099999999999999 113  91331 3299999999999999
 48 28 24 37 64 98130153160151127 94 61 37 27 33 54 8311413915114813110426 221OW 757161201815299999999999999 143 2414 8 2799999999999999
 76 53 43 47 64 91120144156154137109 77 48 30 25 35 57 8511213214013512026 222OW 82115721 814099999999999999 214 421449 2599999999999999
 99 79 66 63 72 90112134148152142122 94 66 42 29 27 38 57 8110311912612326 223OW 845152221212699999999999999 245 631537 2699999999999999
113100 89 84 85 94109125138145142130110 86 63 44 33 31 39 54 72 9010411226 224OW 912145235611599999999999999 317 831641 3199999999999999
115112108104102105111119128134135131121106 87 68 51 39 34 36 45 59 75 9026 225OW 947136999999999999999999999 3551021812 3499999999999999
103112118119119118117117119121124125124119110 96 78 60 44 33 29 33 44 6126 226OW 31311911 712599999999999999 6151171959 2999999999999999
 81101117128132131126119113110110113119124125120108 89 66 44 26 18 20 3326 227OW 417133134612599999999999999 9301092119 1799999999999999
 54 80106127140143137126112101 95 97105117129136133119 96 67 39 17  7 1126 228OW 4491431514136999999999999991017 952214  699999999999999
 28 56 88118140150148135116 97 83 80 87102122139148144126 97 63 31  8  026 3 1OW 5171511613148999999999999991051 792258  099999999999999
  9 33 67104134152156145123 98 77 66 67 82106131151158150127 92 54 22  226 3 2OW 54315617 0158999999999999991122 652335 -199999999999999
  1 18 49 87123149160154133105 77 57 51 61 84113141159163149120 82 45 1626 3 3OW 6 81601742163999999999999991153 51999999999999999999999
  4 12 36 72110141159159143114 82 56 42 44 62 90122149163160141108 71 3826 3 4OW 631162182116499999999999999 0 8  41222 4199999999999999
 18 16 32 62 98132155162150125 92 60 39 33 43 68 99130153161152128 95 6226 3 5OW 652162185916199999999999999 037 141252 3399999999999999
 38 28 35 58 90123149161155134103 70 43 29 31 49 77108135151152139114 8426 3 6OW 712161193515499999999999999 1 5 281321 2899999999999999
 59 44 44 59 85115141157157141114 82 52 32 27 36 58 8611413514414012410126 3 7OW 731159201114599999999999999 129 421351 2799999999999999
 78 62 57 65 84109133150155145123 94 65 42 30 31 45 68 9311613013412711226 3 8OW 750155204913499999999999999 153 571423 2999999999999999
 94 79 71 74 86105126142149145129106 79 55 39 34 40 55 75 9611212112211526 3 9OW 8 9150213312399999999999999 215 711457 3499999999999999
104 92 85 84 91103119133141141132114 92 71 53 43 42 49 62 77 9310411111126 310OW 829142223711299999999999999 237 841540 4199999999999999
108102 97 95 98105114124131133129119103 86 70 58 51 49 54 63 74 85 9510126 311OW 850134999999999999999999999 258 951641 4999999999999999
105107107106107109113117121123123118110100 88 76 65 57 53 54 58 66 75 8626 312OW 9161249999999999999999999991825 53999999999999999999999
 96105112115117116114113112112113113112109103 95 83 71 59 51 47 48 56 6826 313OW 4 1117105211399999999999999 8211122014 4799999999999999
 83 98112122126125120112106102101104109113115112104 90 73 56 43 36 38 4826 314OW 415126135711599999999999999 9391012119 3599999999999999
 65 87108124134135128116103 93 88 91100111122127123111 92 69 47 30 24 3026 315OW 43513515 91279999999999999910 6 8822 2 2499999999999999
 47 71 98123139144137122103 86 76 76 85102120134140133116 89 60 35 19 1726 316OW 4561441559140999999999999991032 742238 1699999999999999
 29 54 85116140151148132108 84 66 59 66 85109133149152140115 82 49 24 1226 317OW 5171511642152999999999999991059 592312 1299999999999999
 17 38 70106136154157143118 87 61 45 46 62 90121147161159141110 73 40 1826 318OW 5391581723163999999999999991128 442344 1399999999999999
 14 28 56 93128153163154130 96 62 37 29 38 64 98133159169161137102 65 3626 319OW 6 216318 5169999999999999991159 29999999999999999999999
 21 25 47 80117148164163143110 71 38 19 18 36 69107142165170157130 94 6126 320OW 625166184717199999999999999 017 201232 1699999999999999
 39 33 45 72106138160166154125 86 48 20  8 15 40 76115146164165149121 9026 321OW 649167193116799999999999999 049 3313 7  799999999999999
 64 50 52 70 97128152164160138104 66 31 10  5 18 46 8211714415715413811426 322OW 714165201915899999999999999 122 491345  499999999999999
 90 72 67 75 94118142157159147121 87 52 24  9 10 26 53 8511413514414112826 323OW 739160211214499999999999999 154 671428  799999999999999
110 95 86 86 96113132147153148132106 76 48 27 16 19 33 56 8210512213012926 324OW 8 5153222213099999999999999 227 851518 1699999999999999
121112104101104112123135142142135119 98 75 53 36 28 29 39 55 74 9310811726 325OW 834143999999999999999999999 3 21011624 2799999999999999
121121118115114115119124128131129124113 99 82 64 50 39 36 40 50 64 81 9726 326OW 022121 91213199999999999999 4 21141759 3699999999999999
110120125127125122118116115115117118118115107 94 79 62 47 38 36 42 55 7326 327OW 254127112911999999999999999 8 61151945 3699999999999999
 93111126134135130122112103 99 99105112120123119108 91 70 50 35 30 35 5026 328OW 34113514 212399999999999999 923 9921 1 3099999999999999
 72 97120136143140128113 97 85 81 86 98113127135133119 98 72 47 31 26 3426 329OW 411143151813599999999999999 958 812153 2599999999999999
 54 81109133147148138118 96 77 65 66 77 97120138147143125 98 68 42 27 2626 330OW 4361491611147999999999999991028 642234 2499999999999999
 40 66 97126147154147127101 74 55 48 56 76103130150156147124 94 62 38 2826 331OW 5 01541655156999999999999991058 4823 8 2899999999999999
 34 55 85117144157155138110 78 52 37 38 54 82114142158160145118 86 56 3826 4 1OW 5221581735161999999999999991127 352339 3499999999999999
 35 49 76108137157160147121 87 55 32 25 35 59 92125151162158138109 78 5426 4 2OW 5431611813163999999999999991155 25999999999999999999999
 44 50 70 99130153162155132 99 63 34 19 21 40 70105136156161150127 99 7326 4 3OW 6 4162184916199999999999999 0 8 441223 1899999999999999
 57 56 69 93122147160159141111 75 43 21 15 26 51 83116142156154139116 9126 4 4OW 624162192415799999999999999 035 541251 1599999999999999
 72 65 72 90114139155159147122 89 56 29 16 19 36 64 9612414415014412710626 4 5OW 644159195915099999999999999 1 1 651320 1599999999999999
 87 76 77 89108130148155150131103 71 43 24 19 28 49 7610412713914113211626 4 6OW 7 5155203614299999999999999 127 751351 1999999999999999
100 88 85 90104122139149148136114 86 59 38 27 28 41 61 8510812413113012126 4 7OW 727150211913299999999999999 153 841424 2699999999999999
110 99 93 95103116129139142136121100 76 55 41 35 39 51 69 8810511712212126 4 8OW 751142221712299999999999999 220 9315 5 3599999999999999
115108103101104111120129133131123109 92 73 58 48 44 48 58 71 86 9910911526 4 9OW 816133235811699999999999999 2521011558 4499999999999999
116115112110109110114118122123120114103 91 77 65 56 52 53 59 68 80 9310426 410OW 850123999999999999999999999 3531091720 5199999999999999
112118120119116113111109110111112112110105 96 85 74 63 55 52 54 62 74 8926 411OW 212120103411299999999999999 71610919 4 5299999999999999
104117125128126119111103 98 97 99105110114113106 95 80 65 53 47 48 57 7326 412OW 3 3128132111499999999999999 849 972021 4699999999999999
 92111127136136128116101 89 82 83 90102115124125118104 84 64 48 40 43 5626 413OW 333137144312699999999999999 924 812115 4099999999999999
 77102124140146139124103 83 68 64 70 86106126138140129109 84 60 42 36 4326 414OW 358146153814099999999999999 954 642158 3699999999999999
 63 89118141153151135110 82 59 46 47 63 88116140153152137112 82 56 39 3826 415OW 4221541627155999999999999991025 452237 3699999999999999
 51 76107136155160148123 89 57 34 26 35 60 94128154166161141111 79 54 4226 416OW 4471611713166999999999999991057 262315 4199999999999999
 46 66 96127153165160138103 64 31 12 11 30 63103140165174164140109 78 5726 417OW 5131661758174999999999999991131  92352 5199999999999999
 51 61 86117146165168153121 81 40 10 -3  4 31 70112148170175162136106 8026 418OW 54016918451759999999999999912 8 -4999999999999999999999
 65 65 81106135159169163139102 60 22 -3 -9  5 36 7711815016916915513110526 419OW 6 8169193317199999999999999 029 631247-1099999999999999
 85 77 83100124148164166152123 85 45 12 -6 -6 12 44 8211914716115914612626 420OW 638167202516299999999999999 1 6 771330 -899999999999999
106 93 91 99116136153161156138108 73 39 13  0  4 22 51 8511613814914813726 421OW 710161212315099999999999999 144 901417 -199999999999999
123110103103111125139150152144125 99 69 41 21 12 16 32 57 8410912713713826 422OW 745152223513899999999999999 2271021511 1299999999999999
132123115111112117126134140139132117 96 73 52 35 27 29 41 59 8010111812826 423OW 828140999999999999999999999 3231111618 2799999999999999
132131126120116114115118122126127123114100 83 65 50 41 39 46 59 77 9511226 424OW 011132 94012799999999999999 5101141742 3999999999999999
125132133129122115108104104107112117119117108 95 79 63 51 46 49 59 76 9526 425OW 14313312 111999999999999999 7331041910 4699999999999999
113128136137131120107 96 89 87 92102112121124119107 90 72 57 49 51 61 7926 426OW 236137135512499999999999999 841 872022 4999999999999999
100121136143140128111 93 78 70 71 81 97114128134130117 97 77 60 52 54 6826 427OW 31214315 713499999999999999 923 692116 5199999999999999
 88112132145147138120 96 74 58 53 59 76 98121138144138122100 77 61 55 6126 428OW 34114816 114499999999999999 957 532159 5599999999999999
 79102127145153148130105 77 53 40 40 54 78106131148152142122 98 76 63 6126 429OW 4 71531647152999999999999991029 382236 6099999999999999
 73 94119142155155141116 85 55 34 27 35 56 86118143156156142119 94 75 6626 430OW 4311571727158999999999999991058 272310 6699999999999999
 71 87111135153159150128 96 63 35 20 20 37 65 99130152161155137113 90 7626 5 1OW 45515918 5161999999999999991128 182341 7399999999999999
 73 84104128149160157139110 75 42 20 13 22 45 78112141158161150129106 8826 5 2OW 5181601841161999999999999991157 12999999999999999999999
 79 83 98120142157159148123 90 55 27 12 13 30 58 9212414815915614112010026 5 3OW 542160191615999999999999999 012 791226 1099999999999999
 87 85 95112133150158153134105 71 40 19 12 20 42 7310513215015414713111226 5 4OW 6 7158195115499999999999999 041 851257 1299999999999999
 97 90 93106124142153154142118 88 57 32 18 18 32 56 8511413514714613712226 5 5OW 634155202914899999999999999 110 901330 1699999999999999
107 97 95102116132144150144128104 75 49 30 23 28 44 68 9411813414013812826 5 6OW 7 2150211114199999999999999 141 9514 6 2399999999999999
115105 99101109121134142142133115 92 68 47 34 31 39 55 77 9911813013413126 5 7OW 73214322 113499999999999999 216 991446 3199999999999999
123113106103106113122131135132122106 86 66 50 41 40 48 63 8110011612613026 5 8OW 8 913523 613099999999999999 3 21031535 3999999999999999
128122115109106107111118123125123115102 86 70 57 49 48 55 67 8310011412526 5 9OW 9 1125999999999999999999999 4141061637 4899999999999999
129129124117110104102104108113117117113104 92 78 65 56 54 58 69 8410111626 510OW 023130103611799999999999999 6 31021753 5499999999999999
128134133127117106 97 91 91 96103111117117112101 87 73 62 57 60 70 8610426 511OW 126134123711899999999999999 733 911910 5799999999999999
122135141138128112 96 82 74 75 83 96111122127124114 98 80 66 60 62 73 9126 512OW 21114114 812799999999999999 826 742016 5999999999999999
113132145148140123101 78 61 54 58 73 94116133141139126106 86 70 62 66 8026 513OW 247148151514299999999999999 9 8 542111 6299999999999999
101125144154152137112 82 55 38 33 44 67 96125146156152136113 90 73 66 7326 514OW 320155161215699999999999999 947 3322 1 6699999999999999
 90114138156161152128 95 60 31 15 16 34 65102135159168161143117 93 77 7326 515OW 35316217 4168999999999999991026 132247 7399999999999999
 83103129152165164147115 76 38  9 -3  5 30 68109145168175166145119 96 8326 516OW 42616717551759999999999999911 7 -32331 8199999999999999
 82 95118143162170162137100 58 20 -6-13  1 32 73116151172177166144119 9926 517OW 5 11701846177999999999999991150-13999999999999999999999
 90 93108130153168170155126 86 44  8-13-14  4 37 7912015217017316114011826 518OW 538171193817499999999999999 015 891235-1699999999999999
102 97103119139158168165146115 76 36  5-11 -8 12 45 8412115016416515313526 519OW 617168203116699999999999999 059 971323-1299999999999999
117105103110125143157163156137106 70 36 10 -2  3 23 54 8912114415615514526 520OW 7 0163212615799999999999999 1451021414 -299999999999999
130116108106113126140150153146128101 70 42 21 12 18 36 62 9211913914814726 521OW 749154222414999999999999999 23710615 8 1299999999999999
139127115108107112121132140142136121100 75 52 36 29 33 49 71 9611813514226 522OW 848142232414399999999999999 34110616 6 2999999999999999
142134124113105102104111119127130128118102 83 65 51 45 48 61 7910011913326 523OW10 7131999999999999999999999 5 410217 9 4599999999999999
140139132121109 99 93 93 98106115121123119108 93 78 66 59 62 72 8710612326 524OW 022141114812399999999999999 633 921815 5999999999999999
135141139130117102 89 80 79 83 94106117123123116104 90 78 71 72 81 9611326 525OW 114141132912499999999999999 745 781922 7199999999999999
129140144139127109 91 75 65 64 71 85102118128131125113 99 87 80 81 8910426 526OW 157144144913199999999999999 838 632024 7999999999999999
121137146147138120 98 76 59 50 52 63 82104124136139133120105 92 85 87 9726 527OW 234147155014099999999999999 920 492117 8599999999999999
113131145151147132110 84 59 43 37 44 61 86112133146147139124107 94 89 9326 528OW 3 8151163914899999999999999 957 3722 4 8999999999999999
106123140152154144123 95 66 42 29 29 42 66 95123144154153141124107 95 9326 529OW 3401541721155999999999999991031 272245 9299999999999999
100115133149156152136110 79 49 28 20 26 46 75107135153160154139120104 9526 530OW 41115717591609999999999999911 4 202321 9499999999999999
 96108125143155157147125 94 62 34 18 16 30 55 8812014515916015013211410026 531OW 4421581835162999999999999991136 152356 9699999999999999
 96102116134150158155138111 78 46 23 13 18 38 6810113115216115714312410726 6 1OW 51315919101619999999999999912 9 13999999999999999999999
 98 98108125142155158148126 96 63 35 17 14 25 50 8111313915515814913311626 6 2OW 544158194415899999999999999 028 971243 1399999999999999
102 97102115132148156153139113 82 52 28 17 19 36 63 9412214415415214012426 6 3OW 617156202015499999999999999 1 0 971318 1699999999999999
109 99 99107121137149153146127101 71 44 26 21 29 49 7610512914515014513226 6 4OW 652153205715099999999999999 135 981354 2199999999999999
117104 98101111125138147147136116 90 64 42 29 29 40 61 8811313414514613926 6 5OW 729148213714799999999999999 213 981433 2799999999999999
126112102 98102112124135141139127108 84 62 44 36 39 53 74 9812013614414326 6 6OW 813141222014599999999999999 3 0 981514 3699999999999999
134121109100 97100109120129134131120103 83 65 51 46 51 64 8410612513914426 6 7OW 9 913423 714499999999999999 358 9716 1 4699999999999999
141131118105 95 91 94101112121127126118105 88 73 61 58 62 75 9311313014126 6 8OW1024127235614599999999999999 5 8 911657 5899999999999999
145141129115 99 87 81 82 90101113122125122112 98 84 74 69 73 8510111913526 6 9OW1158125999999999999999999999 621 8118 1 6999999999999999
145147141127109 90 74 66 67 76 91107122130131124111 97 86 80 83 9310812626 610OW 045148133513199999999999999 725 651913 8099999999999999
141150150141123 99 76 57 48 49 62 82105125139143138126110 97 90 9010011526 611OW 132151145614399999999999999 821 472025 8999999999999999
133148156153140116 87 59 38 28 32 49 76105132150156152138121106 96 9610626 612OW 21815616 415699999999999999 912 282130 9599999999999999
122140155161156137108 74 42 19 10 18 40 7310813916016816214712811110110126 613OW 3 316217 31689999999999999910 2 10222810099999999999999
112129148163167157133 99 60 26  3 -4  8 36 7411314716817516815113011210326 614OW 3491671757175999999999999991051 -4232010299999999999999
105117136156169170156128 90 49 14 -8-11  5 36 7711915217317816814912811126 615OW 4361711848178999999999999991140-12999999999999999999999
103107122142161172171154122 82 41  7-12-12  8 42 8412415617417516414412326 616OW 524173193717799999999999999 0 91031230-1499999999999999
108103109125145163172168149116 76 37  6 -9 -5 17 52 9213015717116915513526 617OW 613173202317299999999999999 0561031318-1099999999999999
116103101109126145161168162142110 73 38 12  1  8 31 6510213515716616014526 618OW 7 416821 616699999999999999 14310114 6  199999999999999
126109 99 98108124142156161154134105 72 43 23 17 27 50 8011313915515915126 619OW 756161214715999999999999999 232 971453 1799999999999999
135117102 94 95104119134146150143126102 75 52 38 37 48 69 9612314315315226 620OW 853150222615499999999999999 325 931538 3699999999999999
142126109 96 89 90 98110124135138133120101 81 65 56 57 69 8811013114515026 621OW 95713823 415099999999999999 424 881622 5599999999999999
147135119103 90 83 82 89100113123128126118105 91 80 74 77 8810412113714626 622OW1115128234414899999999999999 530 821710 7499999999999999
148142130113 97 83 75 74 79 90103114122124121112103 94 91 9310211512814026 623OW1251124999999999999999999999 640 7318 6 9199999999999999
147146139125108 90 75 66 64 69 81 9511012212812712211410710310411112113226 624OW 028147142812899999999999999 745 64191710399999999999999
142147145137121102 82 65 55 54 61 75 9311212613513713212411511011011512426 625OW 117147154313799999999999999 840 53203410999999999999999
135144148145134116 94 72 54 44 45 55 74 9611813514514613912911911211111626 626OW 2 7149163614699999999999999 927 43213911199999999999999
126138147151145131109 84 60 42 34 39 54 7710412814615415214212911711011026 627OW 25515117181549999999999999910 9 34223010999999999999999
117129142152153144125100 72 47 31 27 37 57 8511513915516015414012511210626 628OW 3391541754160999999999999991047 27231010699999999999999
109120135149156154141117 88 58 34 22 24 39 65 9712715016116115013411710626 629OW 4191571827163999999999999991123 21234510399999999999999
103111125142155160153135107 75 45 24 17 25 47 7711013915716415814312410826 630OW 4571601859164999999999999991158 17999999999999999999999
100103114132149160161149126 94 61 34 18 17 32 58 9112314816216215113211426 7 1OW 534162193016499999999999999 0171001233 1599999999999999
100 97104120139155163159142114 81 49 26 17 23 43 7310713615616315714112126 7 2OW 61116320 116399999999999999 049 9713 7 1799999999999999
104 94 96107125144158161152131101 69 41 24 21 34 59 9012214616016014913026 7 3OW 649162203116299999999999999 123 941340 2199999999999999
110 96 90 96110129146157156144120 90 61 38 28 32 50 7710713515416115513926 7 4OW 72815821 116199999999999999 2 0 901414 2899999999999999
119101 89 87 96111130145153149134111 83 59 42 38 47 68 9512314515815814826 7 5OW 812153213316099999999999999 241 871449 3899999999999999
130110 93 84 84 94110127140146141127105 82 63 53 53 65 8611113515215815426 7 6OW 9 314622 615899999999999999 327 831527 5299999999999999
140121101 85 78 79 89104121133139135123106 88 74 68 71 8410312414315415626 7 7OW10 6139224215799999999999999 421 771610 6899999999999999
149133113 93 78 70 71 80 95112125133133125113100 90 85 8910011613314715426 7 8OW1128134232515599999999999999 523 6917 3 8599999999999999
154144128107 86 69 60 60 68 8310111813013513312511510710210411212413714826 7 9OW1311135999999999999999999999 632 59181510299999999999999
154153143125103 80 60 48 46 54 70 9111313014114414013112211511411812713826 710OW 019154145214499999999999999 742 45194811399999999999999
149155154144125100 73 49 34 30 38 57 8311013415015715414513312311711912726 711OW 122156161015799999999999999 849 30211711799999999999999
139151159159148127 98 66 38 19 15 25 47 7911214116016816515313712311611626 712OW 22916017 916899999999999999 950 14222511599999999999999
125140155165165153128 95 59 27  7  2 15 43 7911714917017617015413511911026 713OW 3321671758176999999999999991045  2231811099999999999999
112124142160172172157129 91 51 18 -2 -4 13 45 8512515817617916814812711026 714OW 4301741842180999999999999991136 -6999999999999999999999
103108124146166178176159127 86 45 12 -6 -3 18 54 9613616517917716113711526 715OW 524179192118099999999999999 0 41031223 -799999999999999
 99 96105125149169180176155121 80 40 11 -1  7 32 7011114717017816914812326 716OW 615180195617899999999999999 046 9513 7 -199999999999999
102 90 90104126150169177170148114 75 40 17 12 25 53 9012715617217115713426 717OW 7 4177202817499999999999999 127 881348 1299999999999999
109 90 82 87103125148165170160137106 72 45 30 32 49 7811114216316916214326 718OW 752170205716999999999999999 2 8 821425 2999999999999999
119 96 81 77 85102123143156158148127100 74 56 49 56 7610213015216416315026 719OW 840159212416599999999999999 251 771459 4999999999999999
129106 87 76 75 83 99118135144145136119 99 81 71 71 8110012314315716115426 720OW 933146215116199999999999999 337 741531 7099999999999999
138118 98 82 73 73 82 95111125133133127116103 93 89 9210311913614915615526 721OW1036134221915799999999999999 429 7216 4 8999999999999999
145129111 93 79 72 72 78 9010311512312612411911210710611011913014114915226 722OW12 6126225515299999999999999 530 71164410699999999999999
148138124107 90 77 69 68 73 82 9510711812512812712412112012112613414114626 723OW1412128234814799999999999999 643 68175512099999999999999
147144135121105 89 75 65 62 65 75 8910411913013613713513112712512713113726 724OW1547137999999999999999999999 758 6220 012599999999999999
142145143135122105 86 69 58 54 57 69 8610612413814614714213512812312312726 725OW 1 7145163714799999999999999 9 2 54213312299999999999999
134141146145137122102 80 61 48 44 51 66 8911313414915515314413312211711726 726OW 223146171215599999999999999 952 44222411699999999999999
124134145151150140121 96 71 49 37 36 47 69 9612414615916115414012511310926 727OW 3221521742162999999999999991034 3523 010999999999999999
113124139152158154139115 86 58 37 27 32 50 7710813715716616214813011410426 728OW 4 91581810166999999999999991111 27233110299999999999999
103113129147161164156135106 73 44 26 22 34 58 9112415116616815713811710126 729OW 4501651837169999999999999991145 21999999999999999999999
 95101116137156168167153126 93 59 32 20 23 43 7310914116317116514712410326 730OW 52817019 317199999999999999 0 1 951217 1999999999999999
 90 90102123146164172166146114 79 47 26 21 33 59 9312815617117115613310826 731OW 6 5172192817399999999999999 031 881248 2099999999999999
 89 82 88105130153169172160135101 67 40 26 30 49 8011514716717316414311626 8 1OW 643173195317499999999999999 1 3 821318 2699999999999999
 92 78 76 88110135157169167151123 90 60 41 36 47 7110313616117317015312726 8 2OW 722170201817399999999999999 136 751348 3599999999999999
100 79 70 74 90113138157165159140113 85 61 50 52 69 9512515216817116113926 8 3OW 8 5165204317299999999999999 213 691419 4999999999999999
112 87 70 65 72 91114137153157150132108 86 70 66 74 9211714216116916514926 8 4OW 853157211016999999999999999 253 651452 6699999999999999
125 99 77 64 62 71 89111131144148141127110 95 86 86 9611313315216316515626 8 5OW 951148213916599999999999999 340 611528 8599999999999999
138115 91 72 60 59 68 8410312113413913712911810910410611512814215416015826 8 6OW1110139221616099999999999999 438 58161310499999999999999
148131110 89 70 58 55 61 74 9110912313313713513112612212312713514315115526 8 7OW1311137231315599999999999999 551 55172612299999999999999
153145130111 90 71 56 48 50 60 77 9611613214214614514113613213113413914526 8 8OW1517147999999999999999999999 719 48194613199999999999999
151152148136118 95 71 51 39 36 45 63 8711313515215915915214213212712613226 8 9OW 048152162516099999999999999 841 36213312699999999999999
141151157156145125 98 69 43 26 22 32 54 8411614416317016715513912511611626 810OW 22415717 917199999999999999 948 22223011599999999999999
125139155166167155132 99 64 34 15 12 25 53 8912615617417716815012811110326 811OW 3361681745178999999999999991041 11231210399999999999999
107121142162176177162134 96 57 25  7  8 28 61102140168181178161137112 9526 812OW 4341781818182999999999999991127  52350 9099999999999999
 91100121147170184182164131 90 50 20  7 14 40 78119155177183171147119 9426 813OW 52518518481839999999999999912 8  7999999999999999999999
 81 82 97123152176187181159123 82 45 21 16 31 6110113916818217815812910026 814OW 611187191518299999999999999 026 791245 1699999999999999
 78 70 77 98127156177184174148113 76 46 31 34 55 8812515717617916614010926 815OW 655184194018099999999999999 1 1 701319 3099999999999999
 82 66 64 78102131157173175162136104 74 54 48 59 8411514616917717015012126 816OW 73817620 317799999999999999 137 631349 4899999999999999
 92 70 60 64 81106132153164162147124 99 78 68 71 8611113816017217115613226 817OW 821165202417499999999999999 212 601417 6799999999999999
105 80 64 60 68 86108130146152148135117 99 88 86 9411113215216516816014126 818OW 9 6152204516999999999999999 250 601442 8599999999999999
117 93 74 64 64 73 8910812513614013612711610610210511512914515716215914726 819OW10 014021 716399999999999999 331 6315 710299999999999999
129108 89 75 68 69 77 8910411712613012912512011711712112913914815415414826 820OW1120130213315599999999999999 423 67153311699999999999999
137121105 90 78 72 72 77 86 9710811812512913012912912913113514014414614526 821OW14 8130221314699999999999999 534 71162112999999999999999
140132120107 94 82 74 70 72 78 8910111412513413914013813613413313413513826 822OW1555140999999999999999999999 711 7020 513399999999999999
139138133124112 97 83 71 64 63 69 82 9811513114314914814313612912512412726 823OW 0 6139162614999999999999999 836 63213912499999999999999
133138141139130116 98 79 63 54 53 62 7910112314215415715214212911911411626 824OW 2 7141165215799999999999999 933 52221511499999999999999
123134144150147136116 93 69 51 42 45 60 8311113615516416114913311710610426 825OW 3131501716164999999999999991015 42224410499999999999999
111125141154159154137111 83 56 38 34 43 65 95126152167169158140118101 9326 826OW 4 01591739170999999999999991050 332310 9399999999999999
 97111132152166168156133101 69 43 29 31 49 79113145167174167148123100 8526 827OW 44016918 1174999999999999991122 282338 8299999999999999
 83 95117142164175172154124 88 56 33 27 38 64 99134162177175158132103 8126 828OW 5181761823178999999999999991152 27999999999999999999999
 72 78 97125153174181171146112 76 47 32 34 54 86123155176181168142111 8226 829OW 555181184618199999999999999 0 6 711221 3099999999999999
 64 63 77103135163179181165136101 67 45 39 50 77111145171182176154122 8926 830OW 63418219 818299999999999999 037 611251 3999999999999999
 64 53 59 80110142168179175155125 93 66 52 55 7310213516318018016413510126 831OW 714180193118299999999999999 1 9 531321 5199999999999999
 71 51 47 60 85116146167174166145117 91 73 68 77 9912715417317917014711626 9 1OW 757174195417999999999999999 144 471351 6799999999999999
 84 59 45 47 63 89118144160164155136114 96 86 8810112214516417417115613126 9 2OW 845164201917599999999999999 223 441421 8599999999999999
102 74 54 46 50 66 9011513714915214513211810710410912113815416516816014326 9 3OW 944152204616899999999999999 3 8 45145410499999999999999
120 95 72 56 50 54 67 8610712413614113913312712212212713514515415915815026 9 4OW1111141211915999999999999999 4 6 50153412299999999999999
135117 96 77 62 55 55 63 77 9411012413413914013913713613713914314714914926 9 5OW1355140222314999999999999999 527 54171313699999999999999
144135122105 86 70 57 52 54 64 80 9811713414515115214814213713313313513926 9 6OW1536152999999999999999999999 712 52204313399999999999999
144146142133117 96 74 56 44 43 51 69 9311814015616216115214012812011812326 9 7OW 057146161616399999999999999 840 42214411899999999999999
133145154155146128102 74 50 34 32 43 66 9612615216817116314712811110210426 9 8OW 239155164717199999999999999 941 31222210299999999999999
115133152165168158135103 70 42 26 26 43 72107141166177173157133109 91 8526 9 9OW 3441691715177999999999999991029 242256 8599999999999999
 93112138162177178164135 99 63 35 23 30 53 88126158178181168142113 87 7226 910OW 43518017411829999999999999911 9 232328 7099999999999999
 73 88115145171185183163130 91 57 34 29 43 73110147173184176154122 90 6626 911OW 52118618 5184999999999999991145 29999999999999999999999
 58 66 89121154178188180156121 84 55 40 44 65 99135165182182164133 99 6926 912OW 6 3188182818499999999999999 0 0 581217 3999999999999999
 51 51 67 96129160180184171144111 80 59 54 66 92125156177183171145111 7726 913OW 644184184918399999999999999 032 491247 5499999999999999
 53 44 51 73104136163176174158132103 81 70 74 92119147170180175154124 9026 914OW 723177191018099999999999999 1 4 441314 6999999999999999
 62 46 44 58 82112141160168162145122101 87 85 9611614016217417416013510526 915OW 8 2168192917699999999999999 135 431339 8599999999999999
 75 55 46 51 68 92118140154156148134117104 9810311613515316617016214311826 916OW 844157194917099999999999999 2 8 4614 3 9899999999999999
 91 69 55 52 60 77 9811913514414413812711711111211913114515716215914712826 917OW 93214520 916299999999999999 244 52142611199999999999999
106 85 69 61 61 70 8410011612713413513212712312112413013914715215214613526 918OW1042135203115399999999999999 328 60145112199999999999999
119102 87 75 69 69 75 85 9610811812613013213213113113213513814114214113626 919OW1329132205614299999999999999 430 69153313199999999999999
128117105 93 83 76 73 74 80 8910011212313113714014013713513213113113113126 920OW152214023 013199999999999999 611 73204413099999999999999
131128122113101 89 78 71 68 72 81 9411012613914714814513812912211911912326 921OW1549149999999999999999999999 755 68212711899999999999999
128133134130121107 90 74 63 59 64 76 9511613615015615414413111710810511026 922OW 149134161115699999999999999 859 59215210599999999999999
120132141145140127107 85 65 53 50 59 78103129150162163153135116100 92 9426 923OW 258145163316499999999999999 943 502216 9299999999999999
106123141154157148129103 76 54 44 47 63 89119147165171162143119 95 80 7826 924OW 3451571654171999999999999991018 432242 7799999999999999
 88108133155167166151125 94 65 46 40 51 75107139164176172153125 96 73 6226 925OW 4261681715177999999999999991050 4023 9 6299999999999999
 68 88116146168178171149118 84 57 43 45 64 95129160178180165136102 71 5126 926OW 5 61781736181999999999999991121 412338 4899999999999999
 49 64 93127159179184171144110 77 54 48 59 85118152176184175149113 76 4826 927OW 5451841759184999999999999991152 48999999999999999999999
 35 42 66101138168185184166136102 74 60 61 79109142169184182162128 89 5426 928OW 626186182218599999999999999 0 9 351224 5899999999999999
 31 27 42 72110146173184178157128 99 79 72 81103132160179184171143106 6826 929OW 7 9184184618499999999999999 043 261255 7299999999999999
 38 23 27 47 79116149170177168148123101 89 90103125150170180175156125 8926 930OW 754177191118099999999999999 120 221327 8899999999999999
 56 32 24 32 54 851181451611651561401221091041091221411591711721621401102610 1OW 846165193817399999999999999 2 0 2414 010499999999999999
 79 53 36 31 41 61 871141351491521471371261201191251351481591641601481282610 2OW 95115220 716499999999999999 248 31143711899999999999999
104 79 58 45 42 48 63 841051231351411421381341311311341401461501521481392610 3OW1133142204615299999999999999 351 42153413199999999999999
124106 88 70 57 51 53 62 76 941111261371431451431401371351341351371381382610 4OW14 2145223313999999999999999 518 51185513499999999999999
135128116101 84 68 57 53 56 67 841041231391491531511431341261201181221282610 5OW15 5153999999999999999999999 7 2 53204811899999999999999
135139138130115 95 75 58 49 50 61 811051281471591601521391221091011011092610 6OW 121140153916199999999999999 824 48212810099999999999999
123138148151143126102 76 56 45 47 61 85114140160167162147125103 87 81 872610 7OW 24615116 616799999999999999 921 4422 2 8199999999999999
102124146160163153131103 74 52 44 50 70 99130156171171157133105 80 66 652610 8OW 34416416321739999999999999910 6 432233 6399999999999999
 78102131156171172157131 99 70 51 48 60 86118149170177167144113 81 58 482610 9OW 4321741655177999999999999991043 4723 4 4899999999999999
 55 77109141167179175155126 94 68 55 59 78107139165179175156124 89 58 40261010OW 5151791718179999999999999991117 552334 3799999999999999
 38 54 83119151174181172149118 89 70 65 76100130158176179165137101 65 39261011OW 5561811740180999999999999991148 65999999999999999999999
 29 37 60 94130159177178164139111 88 76 80 97123150171179171148114 78 47261012OW 63417918 117999999999999999 0 4 291217 7699999999999999
 29 28 43 72106139163174169153129106 90 87 97117142163175173157128 93 60261013OW 712174182317699999999999999 034 261244 8799999999999999
 36 27 34 55 85117145162167158141121104 97100114134154168171161139108 76261014OW 749167184417299999999999999 1 4 271311 9799999999999999
 50 34 33 45 68 97124145156156146131117107106114128145159165161145121 93261015OW 82815819 716599999999999999 136 32133810599999999999999
 67 48 40 43 58 80104126141147145137126117113116124136148156156147130108261016OW 913148193115799999999999999 210 3914 711399999999999999
 85 65 52 49 55 69 87106123134138137132126121120123130138144147143134119261017OW1014138195614799999999999999 251 49144412099999999999999
101 84 69 61 59 64 75 89104117127132133132129127126127129133135135131124261018OW1155133202913599999999999999 345 5916 112699999999999999
114101 88 77 70 66 69 76 86 99112123131136137135131127124122122123124124261019OW1351137222312499999999999999 5 5 66193612299999999999999
121116107 97 85 76 69 68 72 82 95110124136143144139131122114109108111117261020OW1441144999999999999999999999 644 68204210899999999999999
122125123117105 91 78 68 64 68 79 96115133146151149139124110 98 93 95104261021OW 112125151115299999999999999 8 0 642112 9399999999999999
116127135135127112 93 76 63 60 66 81103126146157158148131109 90 78 76 85261022OW 231136153515999999999999999 853 602140 7599999999999999
102121138148147135115 92 71 59 58 69 90116142160166159140114 87 66 57 62261023OW 325149155916699999999999999 936 5722 8 5799999999999999
 80106132153162157140115 89 67 57 61 79105134159172170152123 90 60 42 40261024OW 4101621622173999999999999991013 572238 3999999999999999
 54 82115146167173164142113 85 66 61 71 95124153173178165138101 63 35 22261025OW 4541741647178999999999999991050 612310 2299999999999999
 29 52 88127159178180166140110 84 70 71 87114144169181176153117 76 39 15261026OW 5371811713181999999999999991125 682345  999999999999999
  9 25 56 97137168183181163136107 86 78 85106133160178181167136 96 54 20261027OW 62218417411829999999999999912 1 78999999999999999999999
  3  5 27 63105143170181176157131107 93 91102124149170180175153118 77 39261028OW 7 8182181018099999999999999 023  11238 9099999999999999
 11  1  9 34 71110144167174167149128110102105118138158172175163138104 66261029OW 758174184217599999999999999 1 4  1131610199999999999999
 33 12  7 18 43 77111140158163157143127116112117129144159166164150126 95261030OW 854163191716799999999999999 149  6135711299999999999999
 63 37 21 18 29 51 79108132147152148139129122120124133143151155151138118261031OW10 2152195915599999999999999 242 18145012099999999999999
 93 68 48 35 32 40 57 791031231371441441391331271241251281341381411381302611 1OW112914521 314199999999999999 345 31162312499999999999999
117 99 80 62 49 44 48 60 78 981171321411441421361281221171161181231271302611 2OW13 1144231113099999999999999 5 4 44184811699999999999999
128121109 93 76 62 54 54 62 78 97116133144148145136124112103 991011071172611 3OW14 2148999999999999999999999 630 532010 9999999999999999
126131130121106 88 72 61 58 65 80100122140151153145131113 95 83 79 84 962611 4OW 119132144215399999999999999 747 582057 7999999999999999
113129139141133117 97 78 65 62 70 87110132150158155141119 95 75 62 61 722611 5OW 241141151315899999999999999 846 622134 6099999999999999
 92115136149151141123100 80 68 68 79 99123146160162152130102 74 53 44 492611 6OW 340152154116399999999999999 934 6622 8 4499999999999999
 67 94122146159159146124101 82 72 76 91114139158167161142113 80 52 34 312611 7OW 42916016 7167999999999999991014 722240 3099999999999999
 44 70102133156166162146122 99 83 78 87106131153167168153126 92 58 32 212611 8OW 5121671632169999999999999991050 782311 2199999999999999
 26 47 79114144164170161141117 97 86 87100122146164170162139106 70 39 192611 9OW 5521701658170999999999999991124 852341 1599999999999999
 16 29 57 92127154168168155134112 96 90 97115137157168167150121 86 51 25261110OW 6291701723169999999999999991155 90999999999999999999999
 13 18 39 70106137159167162146125107 97 97109128148163167157134102 68 37261111OW 7 5167174916799999999999999 012 131226 9599999999999999
 19 15 27 52 85117144159162152136118104100106120138154162159144117 85 54261112OW 741162181616399999999999999 043 14125610099999999999999
 31 19 23 40 66 97125145155153142127112104105114128143154157148129102 73261113OW 819155184415799999999999999 116 19132710399999999999999
 47 30 26 34 53 79105128143148144133120111107110119132143149147135115 91261114OW 9 0148191514999999999999999 151 2614 210799999999999999
 66 46 35 35 46 65 88110128139141136128118112110114121131138140135123105261115OW 948141195014099999999999999 230 34144811099999999999999
 84 65 50 44 46 56 73 93112126135137133126119113111113118124128129124114261116OW1047137203812999999999999999 316 43155911199999999999999
100 84 69 58 53 55 64 79 96112125133136133127120113109107110113117119117261117OW115713622 511999999999999999 412 53174910799999999999999
111101 89 77 66 61 62 70 82 98114127136139136129118108100 96 96101107113261118OW13 0139999999999999999999999 521 611921 9599999999999999
116115108 98 86 75 68 67 73 85101118133142144139127111 96 84 79 80 89101261119OW 013116134714599999999999999 638 662014 7899999999999999
113122124120109 95 81 72 70 76 89107126142150149138120 98 77 63 59 65 80261120OW 152124142415199999999999999 747 702054 5999999999999999
100119132137133120103 86 75 73 80 96117137152157150132106 78 54 40 40 53261121OW 3 1137145615799999999999999 845 722131 3899999999999999
 77104129146152145129108 90 78 77 87106129150162162147120 87 54 29 19 25261122OW 356152152816499999999999999 936 7622 8 1899999999999999
 46 78112142160164154135111 92 81 83 97119143162169161138104 65 30  7  2261123OW 44616416 1169999999999999991022 802247  199999999999999
 15 45 83122153170172159137113 94 86 91109132155170172157126 86 44 10 -9261124OW 53517316351739999999999999911 6 862328-1199999999999999
 -8 12 47 90130161176174158135112 96 92101120144164175170148113 70 28 -3261125OW 6241771712175999999999999991148 92999999999999999999999
-17-11 15 53 96136163175171154132112 99 99111130152168174163138100 58 19261126OW 713175175117499999999999999 012-171231 9899999999999999
 -7-16 -6 22 60102137161170164147128111103105118136155167167154127 91 52261127OW 8 4170183416999999999999999 058-16131610299999999999999
 18 -3 -8  4 32 68105136155161155140123110105109120136151159158144118 86261128OW 856161192116099999999999999 147 -914 510599999999999999
 52 24  7  5 18 44 75107133149153147134120110105109118130142148146133112261129OW 951153201514899999999999999 238  415 410599999999999999
 85 58 36 23 22 34 56 83109131143146140129117108103104110119128134133125261130OW1047146212613599999999999999 333 21162010299999999999999
110 89 68 50 40 40 50 68 90112130140142137126114103 95 93 971041131211242612 1OW114414223 212499999999999999 432 391751 9399999999999999
121111 97 81 66 57 56 64 79 97116131140141135123109 95 84 79 81 88 991102612 2OW1238142999999999999999999999 537 561914 7999999999999999
118121117107 94 81 72 70 76 88105122135143142134119100 83 69 63 65 74 892612 3OW 054121132614399999999999999 646 702016 6399999999999999
105118125125118106 93 84 81 85 97112128141146143130111 88 67 52 47 51 652612 4OW 22812614 814699999999999999 754 8121 3 4799999999999999
 85106123134135128115101 91 88 93104120136147150142124100 73 50 36 33 432612 5OW 337135144515099999999999999 856 882143 3399999999999999
 62 87113133143144134120105 95 92 98112129144152150137114 85 56 33 22 252612 6OW 430145152115399999999999999 948 922219 2199999999999999
 40 66 96123143152149137120105 95 95104120137151155148128100 68 39 19 132612 7OW 5141521554155999999999999991032 942253 1399999999999999
 22 45 75108135153157150135116102 95 98111128145156155141116 84 50 24  92612 8OW 5521581627157999999999999991110 952327  799999999999999
 10 26 54 88121146158158146128110 98 95103118137152158151131101 67 35 132612 9OW 62716017 0158999999999999991145 952359  599999999999999
  5 13 35 67102132152159153138119103 95 97109126144155156143118 85 51 23261210OW 7 11591732157999999999999991217 94999999999999999999999
  7  6 21 48 82115140155155145127110 97 94101116134149155150132103 70 39261211OW 73415718 515599999999999999 032  51249 9499999999999999
 16  7 13 33 63 96125145153148135117102 94 95105122138149151140118 89 58261212OW 8 7153183815299999999999999 1 6  71321 9399999999999999
 31 15 13 25 48 78108132146148140125108 96 92 97109125138145142128105 77261213OW 841149191314699999999999999 139 121357 9299999999999999
 49 29 19 23 39 63 91117136145142131117102 94 92 99111124135138132116 94261214OW 916145195313899999999999999 214 191439 9299999999999999
 69 47 32 28 36 54 78103125138142137125111 98 91 91 97108119127128121107261215OW 954142204012999999999999999 250 281532 9099999999999999
 87 67 50 40 40 50 68 90112129139140132120106 94 87 87 92101111118119114261216OW1035140214511999999999999999 330 391637 8699999999999999
102 87 71 58 52 54 64 81100119133139138130116102 88 80 78 81 90100109113261217OW1119140231611399999999999999 416 521751 7799999999999999
112104 93 81 71 66 68 77 91108124136140138128112 95 79 68 64 67 77 89102261218OW12 8140999999999999999999999 515 6519 2 6499999999999999
111115112105 94 85 79 79 86 99114128139143138126107 85 65 51 46 50 63 81261219OW 1 4115125814399999999999999 627 7820 2 4699999999999999
100115124125119109 98 90 88 93104119133144146139123 99 72 48 31 26 33 51261220OW 238126134814799999999999999 748 882055 2699999999999999
 76102123136140134122108 97 93 97108124139150151141119 89 57 29 11  7 19261221OW 350140143715299999999999999 9 2 932144  799999999999999
 43 75107133149153146131114101 96100112130146157156141114 78 41 10 -7 -8261222OW 44815315251589999999999999910 4 962232-1099999999999999
  9 39 77114143160162152134115101 96102117136154163159140107 67 27 -5-21261223OW 5401631613164999999999999991058 962320-2299999999999999
-18  4 40 82122152167167153133112 98 95104122143161168160137100 57 16-15261224OW 62816917 1168999999999999991145 95999999999999999999999
-28-20  6 45 89129157169165148126106 94 94105126148164169158132 93 49  9261225OW 714169175016999999999999999 0 8-281231 9299999999999999
-18-27-15 15 55 99135159166158140117 98 89 92106127149163166152124 86 44261226OW 757166184016699999999999999 055-271316 8999999999999999
  8-14-17 -2 29 69108140158160148128107 91 85 90105126145157157143115 80261227OW 838161193015999999999999999 141-1814 2 8599999999999999
 43 14 -2  0 18 48 84118143154151137117 97 84 80 87102121137147145131107261228OW 917155202314899999999999999 226 -31451 8099999999999999
 77 48 26 16 22 41 69100126144149142126107 89 78 76 82 95111125133132120261229OW 954149212213499999999999999 3 8 161546 7599999999999999
101 78 57 42 38 46 64 88113132143143133117 99 83 73 70 75 86 99111119119261230OW1029144223412099999999999999 350 381650 7099999999999999
112 99 84 70 62 62 71 87106124136141137126110 92 76 66 62 65 74 86 97106261231OW11 3141999999999999999999999 430 6118 3 6299999999999999
