 18 48 87125156172174162142121105 98103119142165180180163131 88 44  7-1426 1 1QH 53517516331829999999999999911 4 982333-1799999999999999
-15  4 41 87132167186186171147122102 95101120146171187187166128 80 31 -826 1 2QH 63118817281899999999999999912 4 95999999999999999999999
-29-27 -2 42 93143179195192172143115 95 89 99122152180195192166123 70 1926 1 3QH 718196182019799999999999999 024-311253 8999999999999999
-19-37-29  2 50105155188199190165133104 86 84 98125158187200192161114 6026 1 4QH 8 119919 920099999999999999 112-371338 8399999999999999
 10-24-36-22 15 66121166193197180151119 92 78 8110013016419019818515110326 1 5QH 840198195519999999999999999 157-361420 7799999999999999
 50  6-21-24 -4 36 87138175192188166135103 81 72 8010213416518719017213626 1 6QH 916193203919199999999999999 239-2615 1 7299999999999999
 90 44  8 -9 -4 21 63110153180186174148118 90 73 70 8110513516217817515426 1 7QH 949187212217999999999999999 317-101542 6999999999999999
120 80 43 18 11 22 51 90131163179176158131103 80 68 69 8310613215416315726 1 8QH102018022 616399999999999999 353 101625 6799999999999999
136107 75 49 34 35 52 80115146167172163142117 92 74 66 69 8310412514114626 1 9QH1050172225414699999999999999 426 331711 6699999999999999
139122100 77 61 55 62 79105132154165163150129106 85 70 65 68 81 9811512726 110QH1121166235713199999999999999 459 5518 6 6599999999999999
131126115100 87 78 77 85101121140154159154140121100 81 68 62 65 74 8810326 111QH1158159999999999999999999999 536 761912 6299999999999999
114120121116108100 95 95102114128141150152147134117 97 79 64 57 57 64 7726 112QH 134121124715299999999999999 628 952028 5699999999999999
 92107118124124121115110108110118128138146148144133116 95 74 58 47 46 5326 113QH 336125135614899999999999999 7561082140 4599999999999999
 68 87106123133137134126118112111115124135144149146135115 91 67 47 35 3326 114QH 458137151014999999999999999 9431112237 3299999999999999
 43 63 88113134147149143131119109106110121135148154151137113 84 55 32 2026 115QH 54615016121559999999999999910561062322 1999999999999999
 22 38 64 95126149160158147129112101 99107122141156163156136106 71 39 1626 116QH 62216117 2163999999999999991143 98999999999999999999999
  7 15 38 72110142163169161143120101 91 94107128151167171159131 94 54 2126 117QH 654169174517199999999999999 0 1  71220 9199999999999999
  0 -2 15 47 88128159175173157132107 89 83 92113139164178176156120 77 3526 118QH 723176182418099999999999999 037 -31253 8399999999999999
  4-10 -3 23 63108148174181170145116 91 77 79 95122152177186176147104 5826 119QH 75218119 118699999999999999 110-111324 7699999999999999
 17 -8-13  4 39 85131167184181160129 98 76 69 78102134165186188169132 8626 120QH 820185193719099999999999999 143-141357 6999999999999999
 40  5-12 -6 20 62110153180187173144110 81 64 64 8011014417418918315711526 121QH 847187201419099999999999999 215-131431 6299999999999999
 68 27  1 -6 10 44 89135170187182159125 92 66 56 62 8511715117718517214126 122QH 915188205318599999999999999 247 -615 7 5599999999999999
 99 57 23  7 11 34 71115155180185170141107 75 55 51 63 8812115317317515726 123QH 944186213617699999999999999 319  61546 5099999999999999
126 88 53 30 23 34 61 98137168182177155124 90 63 48 48 63 8912014716216126 124QH1014182222416499999999999999 352 231629 4699999999999999
143116 86 60 46 46 61 88121151171176164140110 79 56 44 46 61 8511313614826 125QH1046176232414999999999999999 428 441721 4399999999999999
146133113 92 75 68 72 87109134156168166152129101 74 52 41 42 54 75 9911926 126QH1124169999999999999999999999 5 9 681826 4099999999999999
132136130119106 96 92 95106121139153160158145125100 74 52 38 35 43 59 8126 127QH 051136121516099999999999999 6 4 921948 3599999999999999
103120132135132125117112111115123135146153154146129105 78 52 33 24 26 4026 128QH 3 1135133415499999999999999 7431102118 2399999999999999
 62 89115135147149144134124116114117126139150156153138113 82 50 23  8  726 129QH 448149151115799999999999999 9571132233  699999999999999
 22 48 83117145162166159143126111104106118136154166166150121 83 43 10 -926 130QH 54916616301679999999999999911171042333-1299999999999999
-10  9 42 85127160178179165142118 98 90 95113138163179179160125 79 33 -426 131QH 63318017311819999999999999912 8 90999999999999999999999
-23-20  5 47 97143176190184161131102 82 76 87113145175192189164121 70 2026 2 1QH 710190182219399999999999999 022-251250 7699999999999999
-16-30-20 13 62116162190195179148113 82 65 66 85117155186200191159111 5726 2 2QH 74319619 820099999999999999 1 5-301327 6499999999999999
  9-21-27 -7 33 86139179197191165128 91 64 53 62 88126164192200183146 9526 2 3QH 814197194920099999999999999 144-2814 3 5399999999999999
 44  4-16-12 17 62115161190195177143104 70 50 48 64 9613517119219116712726 2 4QH 842196202819499999999999999 219-171437 4699999999999999
 79 36  7 -1 14 49 95142177192183156119 82 54 42 48 7010514217118317414726 2 5QH 9 719221 518399999999999999 250 -11510 4299999999999999
108 68 35 19 23 46 83126163184184165133 96 65 45 41 54 7911214416416815426 2 6QH 930187214116999999999999999 319 181544 4199999999999999
126 94 63 44 40 52 79114149173180169143111 79 55 43 45 62 8711613915214926 2 7QH 953180222015299999999999999 345 391619 4299999999999999
134111 87 68 60 64 81108136160172168150124 95 69 52 46 52 69 9111312913626 2 8QH101617223 613699999999999999 4 9 591658 4699999999999999
132120104 90 80 80 88105127147160162153134111 87 67 55 52 58 71 8910511626 2 9QH1041163999999999999999999999 434 791748 5299999999999999
121120114106100 97 99108120134146152149139124105 86 70 60 56 59 68 80 9326 210QH 016122111315299999999999999 5 4 9719 2 5699999999999999
104112116117116114113114118125132138141139132121107 91 76 63 56 54 59 6826 211QH 25311712 814199999999999999 6 31132045 5499999999999999
 81 96110121127130128125121119120123128132135133126114 97 78 61 48 43 4626 212QH 5 2130141113599999999999999 9141192210 4399999999999999
 57 74 95116132142143138129119111109113121131139142136121100 75 52 35 2826 213QH 541144155014299999999999999105110923 5 2899999999999999
 33 50 75104130148156152140123108 98 98106121138150154146126 97 64 36 1826 214QH 6 91561650154999999999999991134 972345 1399999999999999
 14 25 51 85120149165166154133110 92 84 89105128151166167152123 86 47 1726 215QH 63516717351689999999999999912 6 84999999999999999999999
  2  5 26 62103142168178169146117 90 74 72 86111142168181176152113 68 2826 216QH 659178181518299999999999999 020  11236 7199999999999999
  0 -8  6 38 82128165185182162129 95 69 58 65 89123158184192178144 97 4926 217QH 724186185219299999999999999 052 -813 6 5899999999999999
 11 -9 -7 18 60110155185193177145106 71 49 46 63 96137174196196172130 7926 218QH 749193192919999999999999999 124-111338 4599999999999999
 33  2 -8  6 41 89139178197190162122 80 48 33 40 6710715018520019115911326 219QH 81419720 720199999999999999 155 -81410 3399999999999999
 64 25  4  5 29 70120164193197177140 96 56 30 25 40 7411816018919617814326 220QH 840199204719699999999999999 226  21445 2499999999999999
 98 56 27 17 29 59102147181196187157115 72 38 20 23 45 8212516218318316226 221QH 9 6196212818699999999999999 257 171522 1999999999999999
128 90 58 40 40 59 91130165187188169134 93 55 28 18 26 51 8712515617016526 222QH 933190221517099999999999999 329 3816 2 1899999999999999
145118 90 69 61 68 88117148172181173149116 80 48 28 22 33 56 8711814115126 223QH10 2181231215199999999999999 4 1 611650 2299999999999999
147134115 98 87 86 95112134154167168157134106 76 51 34 30 37 55 7910312226 224QH1035169999999999999999999999 437 851752 3099999999999999
133134130121113108109115125138149155154145128106 83 61 44 36 37 47 64 8426 225QH 044135112115699999999999999 5261081922 3599999999999999
104119130135134131127124123125130136141144141132117 96 73 52 37 30 33 4626 226QH 32813513 314499999999999999 7481232110 3099999999999999
 67 91115134147151147139128119114114121131141147145133111 83 55 31 17 1726 227QH 5 015115171489999999999999910241132231 1599999999999999
 31 57 89121148163166157140121104 96 97109128147161162149122 87 50 20  326 228QH 5431661638163999999999999991121 952326  199999999999999
  4 23 57 98137165178174156130103 83 76 83104132160177178160126 82 39  726 3 1QH 61517917341809999999999999912 0 76999999999999999999999
 -8  0 27 70117157183188173144110 79 61 59 76106143175192188162120 71 2726 3 2QH 645189181919399999999999999 010 -81235 5899999999999999
 -2-10  7 44 93141178195188161123 84 55 43 51 77116157188200188154106 5726 3 3QH 71219519 020099999999999999 048-1013 7 4399999999999999
 17 -3  0 27 71122166193196176139 96 59 36 33 51 86129170196199178138 9026 3 4QH 737198193720199999999999999 122 -51338 3199999999999999
 45 15  6 21 56103151185198186154111 69 37 24 32 59 9914317919618916011926 3 5QH 8 0198201219699999999999999 152  614 8 2499999999999999
 75 40 22 26 50 90135173194191166126 83 46 24 22 39 7211415418118617114026 3 6QH 822196204618799999999999999 220 211437 2099999999999999
101 66 43 38 53 83122160185190174140 99 60 31 20 28 52 8812715817417115126 3 7QH 843191211917599999999999999 245 3815 6 2099999999999999
121 90 66 55 61 82113147174185176150114 76 45 27 25 40 6710113315516115226 3 8QH 9 4185215416199999999999999 3 9 551536 2499999999999999
132108 86 73 72 85108136161175174156128 94 63 41 31 36 54 8010813114414526 3 9QH 925177223314699999999999999 332 7116 9 3199999999999999
135119103 91 87 92107127147162166157137110 83 60 46 42 49 65 8610612213026 310QH 948166232813199999999999999 356 871650 4299999999999999
130124115107102103109121135147153151140123102 82 66 56 53 58 69 84 9811026 311QH1014154999999999999999999999 4221011749 5399999999999999
117120121119117115117120126133138140137129118104 89 76 66 60 60 65 74 8626 312QH 133121105214099999999999999 5 31151931 6099999999999999
 98110119126129130127125122122123125128129128122113100 85 71 60 54 54 6226 313QH 43113013 212999999999999999 8481222125 5399999999999999
 75 93111128139143141133123114109109113121130135134126110 90 69 51 41 4126 314QH 5 814315241369999999999999910321082231 3999999999999999
 51 71 97122143155156146130112 98 92 95107123140150150138116 87 58 36 2526 315QH 5321571631151999999999999991110 922314 2599999999999999
 29 48 77111142163170161141116 92 77 75 86108134156168165145114 76 43 2026 316QH 5561701718169999999999999991140 742350 1399999999999999
 14 26 55 93133165181177157126 93 67 56 62 84116150176186175146105 62 2726 317QH 61918217591869999999999999912 9 56999999999999999999999
  8 11 34 72118160186192175141101 64 41 38 55 89130169194198178139 92 4726 318QH 644192183819999999999999999 024  71240 3799999999999999
 16  6 19 52 99147184200191160116 71 36 20 27 55 99147187207201172127 7926 319QH 7 9201191820899999999999999 057  61312 1999999999999999
 38 15 15 38 79128173201203179137 87 41 12  5 23 6111216119721019616111526 320QH 735205195821099999999999999 130 121346  599999999999999
 70 38 25 35 66110156192206193158109 59 18 -2  1 27 7212317019920318314726 321QH 8 2206203920499999999999999 2 3 251422 -499999999999999
105 68 47 44 62 96137176199199175133 84 38  6 -6  5 37 8213117019018816726 322QH 830202212319299999999999999 236 4315 0 -699999999999999
134101 75 64 69 90122157184194183153111 66 28  5  0 16 48 8913016117416926 323QH 859194221317499999999999999 310 631543  099999999999999
151127103 88 85 94114140165180180163134 97 60 30 14 13 28 56 8912114415426 324QH 930182231615599999999999999 345 841632 1199999999999999
152141126113105105114129146160167162147122 94 65 42 29 27 38 58 8310712626 325QH10 6167999999999999999999999 4271041737 2799999999999999
137140138132126121121124131139147150147137122101 79 59 45 38 41 53 71 9126 326QH 1 114011 315099999999999999 5401201911 3899999999999999
111127138143143139132126122121124129135139138130116 97 76 56 42 38 43 5826 327QH 324144132113999999999999999 8441212058 3899999999999999
 80105128146155155147134120108103104113126139147146134113 86 60 40 30 3426 328QH 43115615251489999999999999910181022213 3099999999999999
 51 78110139159168163148126104 87 81 86103125147161163149122 89 56 32 2226 329QH 5 816816351649999999999999911 3 8123 5 2299999999999999
 29 53 87124156175178164138107 80 63 61 75101133161177176157123 84 48 2526 330QH 5381791726179999999999999991138 602346 1999999999999999
 20 34 65106146175187179154118 82 54 42 48 72108146176190182156116 74 4026 331QH 6 518718 9190999999999999991210 42999999999999999999999
 23 26 49 87131169190191170133 91 55 32 28 45 78121162189196180146104 6426 4 1QH 630193184719699999999999999 021 211241 2799999999999999
 36 28 41 72115157187196183150106 63 30 16 24 51 92138176196193170132 9126 4 2QH 654197192319899999999999999 053 281310 1699999999999999
 57 39 42 64101143178196191164122 76 37 14 11 29 6511015418519518315411626 4 3QH 717197195719599999999999999 122 381338  999999999999999
 80 56 50 63 91130166191194175138 93 50 19  7 15 43 8312816618718616713626 4 4QH 739195202918999999999999999 150 5014 6  799999999999999
103 76 62 66 87118153181192181152111 68 32 12 10 28 6110214217018017215026 4 5QH 8 119221 218099999999999999 216 621434  899999999999999
121 95 77 74 86110140168184182162127 87 50 24 14 22 45 7911714816616815526 4 6QH 824186213616999999999999999 242 7415 4 1499999999999999
134111 93 85 90106129154172177166140106 71 43 26 24 37 62 9312414615515226 4 7QH 848177221515699999999999999 3 8 851537 2399999999999999
140123108 98 97105121141158167163147122 93 65 45 36 39 53 7510012213714326 4 8QH 91416723 614399999999999999 336 961616 3599999999999999
140131120111107109117130143153155148132111 89 68 54 48 52 63 80 9911512726 4 9QH 945155999999999999999999999 41110717 8 4899999999999999
132133129124120117118122129136141141135124109 93 77 65 59 59 66 77 9210626 410QH 035133103014299999999999999 5151171829 5899999999999999
119129134136133129124120119120124128130130125116103 89 75 64 59 61 70 8426 411QH 250136122313199999999999999 7571192015 5999999999999999
101119134144147143134123112106105109118127134135129116 98 79 63 53 52 6226 412QH 356147144313699999999999999 9401052134 5199999999999999
 80103127147158158148131112 95 86 87 97114132146151145128103 77 55 43 4426 413QH 4321601558151999999999999991025 852227 4299999999999999
 58 83114144165173166145118 90 71 63 70 90118145164170160135103 70 46 3526 414QH 5 117316521709999999999999911 0 6323 9 3499999999999999
 41 63 96134165183183164131 94 62 43 42 59 90128163184187170137 98 62 3826 415QH 5281861738188999999999999991134 402348 3299999999999999
 32 46 76117157186196184151108 64 31 17 26 54 97143182202198173134 91 5626 416QH 55619618222039999999999999912 8 17999999999999999999999
 37 38 60 98141180202200174130 79 33  4 -1 17 57108159197212202171128 8626 417QH 62620419 521299999999999999 026 351244 -299999999999999
 55 43 53 81122165197208193156104 50  8-14-11 17 6512017120521319716312226 418QH 656208195021399999999999999 1 4 431322-1699999999999999
 85 61 57 73105146183205204178133 79 28 -8-22-10 24 7513017620320518615326 419QH 728208203520799999999999999 142 5614 2-2299999999999999
117 88 73 75 95127163192203192159112 61 16-12-18 -1 36 8513517319319117226 420QH 8 1203212419599999999999999 221 721446-1999999999999999
144116 95 88 95115143172191193175141 97 52 16 -5 -6 13 47 9113316317717526 421QH 836194221917899999999999999 3 1 881533 -899999999999999
160139119106103111128150170181177158128 91 54 25 10 11 27 57 9212615016126 422QH 916181232716299999999999999 3461021627  899999999999999
161152138125116114119131146159165161146122 94 65 42 29 28 40 62 8911613726 423QH10 6165999999999999999999999 4451141734 2699999999999999
149153150142132123119119125134143149148140125104 81 60 46 41 47 63 8410826 424QH 059153112714999999999999999 6241181857 4199999999999999
129145153154147136125115109110116126135142142134118 97 76 58 49 50 62 8226 425QH 232154133014399999999999999 8261092025 4899999999999999
106130149160160151136118102 92 90 98112129143150146132111 86 65 52 51 6226 426QH 334161151115099999999999999 941 902136 5099999999999999
 84112139159169166151128103 82 70 71 83105130151161159143118 90 66 52 5226 427QH 4151701619162999999999999991029 692229 5099999999999999
 67 93125153173177166143112 82 59 50 56 76106138162174168148119 88 64 5326 428QH 44817817111749999999999999911 7 502312 5399999999999999
 58 78109143170184180159126 89 57 37 34 49 78116151176183173147114 83 6326 429QH 5171851754183999999999999991140 332349 5799999999999999
 57 69 95129162184189174143103 63 34 21 27 51 89130166187188170140107 7926 430QH 5441901833190999999999999991211 20999999999999999999999
 64 66 84115150179192185159120 76 39 16 12 28 62105148179193186162130 9826 5 1QH 61119219 919399999999999999 023 621241 1199999999999999
 76 69 79104137169190192173138 94 51 20  6 13 39 7912416318719217815011926 5 2QH 636193194319399999999999999 055 691310  599999999999999
 92 78 79 96124156182192183154113 69 31  9  5 22 55 9814117318918416513726 5 3QH 7 2192201618999999999999999 125 761340  499999999999999
109 89 83 92114143170187187167132 90 50 20  7 13 37 7411615317718317215026 5 4QH 729190205018399999999999999 154 831411  699999999999999
125103 91 92107130157177185175148111 72 38 17 13 27 55 9212915817317215826 5 5QH 756185212517599999999999999 224 901443 1299999999999999
137116101 96103120143164177176159130 95 60 34 22 25 43 7210513615716516026 5 6QH 82617822 516599999999999999 255 961518 2199999999999999
146129113104104113130149164170163143115 85 57 38 32 39 58 8411313715215626 5 7QH 858170225315699999999999999 3291031558 3299999999999999
151139126115109111120134148157159150131107 82 60 46 43 51 69 9211513514726 5 8QH 937159235615099999999999999 4141091646 4399999999999999
150146138127118114114120130140147147140125106 86 68 56 54 60 74 9411413226 5 9QH1033148999999999999999999999 5231131748 5399999999999999
144150148141131121114111113120129137140137127112 94 78 65 60 64 76 9411426 510QH 11515012 314099999999999999 7 311119 5 6099999999999999
133148155155147133118106 98 98105117129139142137124106 87 71 63 64 75 9426 511QH 225156135314299999999999999 830 972023 6299999999999999
117140157166163150130107 89 79 79 89107128145154151138117 94 74 63 63 7626 512QH 315166151815499999999999999 929 772128 6299999999999999
 98126152171177168147118 88 65 54 58 76103133157170168152126 98 75 62 6426 513QH 3551771622171999999999999991014 542223 6199999999999999
 80108140168185186168137 98 62 37 29 39 67104143173188184163132100 75 6426 514QH 4321881717189999999999999991056 292311 6399999999999999
 69 90122157184197189161119 73 34 10  7 26 64110156189203195169134101 7626 515QH 5 819718 7203999999999999991137  62358 6899999999999999
 68 78104139174198204186148 98 48  8-12 -7 20 6611916820121119917013410126 516QH 5442041857211999999999999991220-13999999999999999999999
 80 76 91119156188207204177132 78 27-10-24-13 21 7212817620621219716713226 517QH 622209194621399999999999999 043 7613 4-2499999999999999
103 86 87105135169197209198165116 62 13-18-27-10 28 8013517920420618916026 518QH 7 2209203620899999999999999 127 841350-2799999999999999
129105 94 98117147177200205188152103 52  9-17-20  0 39 8913917719619617926 519QH 744205212719899999999999999 213 931439-2299999999999999
153127108101108126153179195195175140 96 51 14 -6 -6 14 51 9613917118618426 520QH 829197222118799999999999999 3 11011530 -999999999999999
169147126111107113130152173185182163132 94 56 26 10 12 31 6410213816417526 521QH 920185232017699999999999999 3541071624  999999999999999
173161143126113109114127145161171168154128 97 66 42 29 31 48 7510713715826 522QH1019171999999999999999999999 4581091722 2899999999999999
168167156141125112106108118132147156157148129105 80 59 48 49 62 8511213726 523QH 022169113515899999999999999 6161061825 4799999999999999
156165164155139122107 98 97104117132144150146134115 94 75 64 64 74 9311726 524QH 12516613 815099999999999999 739 961933 6399999999999999
140158167165154136116 97 85 82 88102121138148150142126106 88 76 74 8310126 525QH 221167144015199999999999999 850 822040 7499999999999999
124147164171167152129104 82 68 65 74 92115137153157151135115 96 84 82 9126 526QH 3 8171155515899999999999999 945 652140 8199999999999999
110134156172176167146118 88 64 51 51 64 89117144162167159141119100 88 8826 527QH 3491761653167999999999999991030 492232 8699999999999999
 99120145167180178162135101 69 46 36 41 62 92126155173175164143119100 9026 528QH 42518117401769999999999999911 9 352317 9099999999999999
 93108132157177185176153118 81 49 29 25 38 66103140168183180164140116 9826 529QH 4591851821184999999999999991144 242356 9299999999999999
 92100119145170185186169138 99 61 31 17 21 43 7811815518018918015913311026 530QH 5321881858189999999999999991217 16999999999999999999999
 96 96109132158180190182157120 78 42 18 11 24 54 9313516918818917415012526 531QH 6 4190193319199999999999999 033 941250 1199999999999999
105 96102120145170187189173141100 60 27 11 13 34 6911115017819018416413926 6 1QH 63619120 819099999999999999 1 7 961323  999999999999999
116101 99110132158180190184160124 82 45 19 10 21 48 8712816218318617415226 6 2QH 7 9190204218799999999999999 139 981357 1099999999999999
128109100104120143167184188174145106 67 35 17 17 34 6510414116918217816326 6 3QH 742188211718299999999999999 2121001431 1599999999999999
141119105102111129152173184180161129 92 57 32 21 28 50 8211915117217817026 6 4QH 816185215317899999999999999 24610215 7 2199999999999999
152132114104105117136157173179170147116 82 52 34 30 41 66 9813115717117226 6 5QH 854179223317499999999999999 3241031545 2999999999999999
162144126111105108120138156168170158136107 77 54 41 42 56 8111113916117026 6 6QH 937171231817199999999999999 4101051626 4099999999999999
168156139122109104107119135151161161150129104 79 60 51 55 69 9312014516326 6 7QH1030162999999999999999999999 5 61041714 5199999999999999
170166154137119105 99101111127142152154146129108 87 71 63 67 8110312815026 6 8QH 0 8170114015599999999999999 615 991810 6399999999999999
166171167153134113 97 88 89 99115132146152149136118 99 83 75 78 9011013426 6 9QH 1 117213 815299999999999999 726 871916 7599999999999999
156171175169152129104 83 72 71 82102124144157158149132112 95 85 86 9711626 610QH 155175143815999999999999999 831 702028 8499999999999999
140162177181172150120 89 64 50 50 65 90120147166172165147125106 93 9210226 611QH 247181155617299999999999999 929 482137 9199999999999999
122147171186187173145109 72 42 27 29 49 81119154178187180161136113 99 9726 612QH 33618917 2187999999999999991023 262240 9699999999999999
108129156181195193174138 95 53 21  6 11 37 7612216319020019217014211710226 613QH 42419618 0200999999999999991114  52337 9999999999999999
100113137166191203198172130 81 35  2-11 -1 30 7612717220020919817314411826 614QH 51320418542099999999999999912 4-11999999999999999999999
103103118144175200210199168122 69 22-11-21 -6 30 8013417920721219817114126 615QH 6 1210194521399999999999999 0301011255-2199999999999999
116103105123151182206213198163113 60 13-16-22 -3 36 8914218520821019316526 616QH 650213203421299999999999999 1201021345-2399999999999999
135112102107127157187208211193156106 54 12-13-15  7 4810015018820520218326 617QH 740213212120699999999999999 2 91021434-1799999999999999
155128108101109130159187205205185147100 53 16 -3  0 25 6511415818819919226 618QH 83020722 519999999999999999 2581011522 -499999999999999
172145120103 99109130157182197194173139 97 57 27 15 22 47 8512816418619126 619QH 921198224819299999999999999 348 9916 9 1499999999999999
181160135113 99 97107126151173184180161132 97 65 43 36 46 7110514016818326 620QH1015184233018599999999999999 441 961655 3699999999999999
183171150127107 95 93102120141160169166151128101 77 62 60 71 9312215017026 621QH1116169999999999999999999999 540 921741 5999999999999999
179176163142120101 90 87 95111130146156155146129109 92 82 82 9211113415626 622QH 013180122915799999999999999 643 871831 8099999999999999
171176171157136114 95 83 79 86100118135146150146135120107 99 9910812314226 623QH 059176135815099999999999999 750 791930 9899999999999999
160171174168152131108 87 74 69 75 9010912914415215214413212011211111713026 624QH 149175152715399999999999999 855 69203911099999999999999
147162172174166149125 99 77 62 58 66 8210512914916016115414112811811612126 625QH 241175163916299999999999999 951 58215011699999999999999
133150165175176165144117 88 64 50 48 59 8010813615817017116114613011911626 626QH 3321771732172999999999999991039 47225011699999999999999
122136154170180178163137106 74 50 38 40 56 8411714817118117816414512711626 627QH 4201801814181999999999999991122 37233811499999999999999
115124141161178185179158127 92 59 36 28 36 60 9313016218218817916113912126 628QH 5 418518511889999999999999912 0 28999999999999999999999
111114127148170186189177150114 76 44 25 23 38 6910714617619119017515212926 629QH 544190192519399999999999999 0181111237 2199999999999999
113108115134158180193191172139 99 60 31 18 23 47 8312416218719518616614126 630QH 622194195819599999999999999 0541081312 1799999999999999
119106107121144169190198188162124 82 45 22 16 30 6110114317619319317815326 7 1QH 658198202919699999999999999 1271051346 1699999999999999
128109102109128154180196197181148107 66 34 19 22 44 8012116018619518716626 7 2QH 73419921 019599999999999999 2 01021420 1899999999999999
140116102101113136163187198192168132 91 54 30 23 34 6210114117419319317826 7 3QH 811198213019599999999999999 2341001453 2299999999999999
153127106 97102118143169189194182154117 79 49 32 33 52 8412215918519418626 7 4QH 84919422 219499999999999999 311 971526 3199999999999999
166140116 99 94102122147171186186170141106 74 51 42 50 7310614217219019126 7 5QH 930188223519299999999999999 351 9416 1 4299999999999999
178155129106 93 91102122146168179176159132102 76 60 58 70 9412515618019026 7 6QH1018180231119099999999999999 438 901640 5799999999999999
186169145119 98 86 86 97117141160170167153130106 86 75 76 9011214016618326 7 7QH1116171235318899999999999999 531 851724 7499999999999999
188180162137111 90 78 78 89108131150162162153136117102 93 9510712614917026 7 8QH1232163999999999999999999999 632 771820 9399999999999999
183185176157132105 82 68 66 76 9511814015616315914813312011111111913415326 7 9QH 04218614 916399999999999999 741 66193211099999999999999
171183185176156129 99 73 56 51 59 7810513215516817116415113612512112513726 710QH 142185154517199999999999999 853 5021 112199999999999999
154171184188180159128 94 62 40 32 40 62 9412815817818618016614813312412526 711QH 25018817 31869999999999999910 1 32222612399999999999999
135153173189195187163128 88 51 24 14 23 49 8712916619120019317615313312126 712QH 35619518 32009999999999999911 3 14233211999999999999999
121133154178197205196168128 81 39  9 -1 10 41 8613517620321120117815112726 713QH 4582051854211999999999999991159 -2999999999999999999999
114115130156184207215203171125 73 27 -3-11  5 43 9314518821321620017314226 714QH 556215193921799999999999999 0261131250-1199999999999999
117105109129159192216222206170119 65 19 -8-11 11 5310715919921821519316126 715QH 648223202021999999999999999 1141051337-1399999999999999
128105 97106130164198221223203163111 58 17 -4 -1 26 7212617520721820617926 716QH 738225205721899999999999999 159 971422 -699999999999999
145114 94 91104132168200219217193152102 55 21  9 19 51 9714718821021119226 717QH 825221213121399999999999999 242 9015 3  899999999999999
162128101 86 88105134169198211204178139 95 57 34 30 47 8112416619620719926 718QH 91021122 320799999999999999 325 851541 2999999999999999
176145114 91 82 87106135166189197187162128 94 66 53 57 7811014818019819926 719QH 956197223320199999999999999 4 8 811616 5299999999999999
184159130103 86 80 88108134159176179169149123 98 81 77 8610713516418619426 720QH104518023 319499999999999999 454 801650 7699999999999999
188170145119 97 83 81 8910612814816116315614212410910010011113015217218426 721QH1144164233718799999999999999 544 801726 9999999999999999
186176159136113 94 83 81 8810212013714815215014213212311812012914315917226 722QH13 7152999999999999999999999 643 80181311899999999999999
179177168152132111 93 82 78 83 9511012614014915214914413713313313814715826 723QH 02117915 115299999999999999 755 78192913399999999999999
168173172165150131111 92 78 72 75 8610212113915316016015614814113813914526 724QH 124174163416199999999999999 911 72211613799999999999999
154163171172166152132109 87 70 63 65 78 9812214516317217216415314213513426 725QH 2431721729173999999999999991015 62223813399999999999999
139150163173177171155131103 77 59 51 56 7410013015717618317916715013512726 726QH 35317718 81839999999999999911 6 51232912699999999999999
127136151168181185176155125 93 64 45 40 51 7610914417218919118116214112526 727QH 4481851840192999999999999991148 40999999999999999999999
118122137158178192193178150114 77 48 32 34 53 8612416118819919417515112826 728QH 533194191019999999999999999 0 71181224 3199999999999999
113111122143169191202197175140 98 60 33 24 35 6310214518020120318916313526 729QH 613203193720599999999999999 0401101258 2499999999999999
113102107126154182204209196165124 80 44 24 24 45 8112516719720920117714626 730QH 64921020 420999999999999999 1111021329 2199999999999999
118 99 96108134166195212210188150105 63 33 23 33 6310515018820920919116026 731QH 725214203021299999999999999 142 9514 0 2399999999999999
127101 88 93113144178204215204175133 88 52 31 31 51 8813217420421420217526 8 1QH 8 1215205621499999999999999 214 881430 2899999999999999
141108 87 82 93119153186208211193159117 77 49 39 48 7611515819321220918926 8 2QH 838212212321399999999999999 249 8115 1 3999999999999999
156121 93 77 79 96126160189205201178144106 75 56 56 7310414217920421119926 8 3QH 918206215121199999999999999 325 761532 5499999999999999
172138105 81 72 78 99129161186195187165134104 82 72 79 9912916319120520326 8 4QH10 2195222120699999999999999 4 5 7216 6 7299999999999999
184155123 94 75 69 78100128156176183175156133111 97 9410312314917519420026 8 5QH1055183225520099999999999999 452 691644 9399999999999999
192171144114 88 72 68 76 9512014516317016615513912511711612514116017819026 8 6QH12 8170234019299999999999999 549 68173211599999999999999
192182164139112 88 71 65 70 8510712914816016416115314413713513914816117426 8 7QH14 0164999999999999999999999 7 3 65184913599999999999999
183185179164142116 91 70 59 59 69 8911313715716917317016215314614314615526 8 8QH 04818516 017399999999999999 832 57205814399999999999999
166177184183172152124 93 67 48 43 51 7210113316118118918617516014713813726 8 9QH 225185171418999999999999999 955 43223613699999999999999
145159176190194186164131 93 59 34 25 34 59 9613617219620519818115813712526 810QH 35319418 32059999999999999911 1 25233512399999999999999
124135156181201209200174134 89 47 19 11 24 5610114818821121620217614612126 811QH 5 12091843216999999999999991154 10999999999999999999999
109111129158190214223211178131 80 36  8  4 24 6411516620522321919616212826 812QH 556223191822499999999999999 0211081240  399999999999999
103 93102128164200226232214174122 69 27  5  9 37 8313818721922721218114226 813QH 645232195122899999999999999 1 1 931322  499999999999999
107 85 82 99131172209232232207163110 61 26 13 26 6111116320522622219715926 814QH 730235202022799999999999999 139 811359 1399999999999999
119 88 73 77100138179214230223193148 99 58 34 32 53 9314118721722420817526 815QH 812231204822499999999999999 216 721434 3099999999999999
136 99 74 67 78107145184212220206174133 92 63 51 59 8612616920321921218826 816QH 852220211321999999999999999 253 6715 5 5199999999999999
152114 84 67 67 85115151183202203185156122 93 76 75 9011915518820921119526 817QH 931205213721299999999999999 328 651534 7399999999999999
166131 99 76 67 73 93122152177188183167143119101 9410112014617419620419626 818QH101318822 120499999999999999 4 5 6716 1 9499999999999999
175147117 92 76 73 8210012514916517116615413812411511512514216318219319226 819QH11 1171222719499999999999999 446 72162811499999999999999
180159135111 92 81 80 8810412314015215715514914113413113414315516917918326 820QH1213157225918399999999999999 536 7917 213199999999999999
179167150131112 97 87 85 9010111512914014815215315014814614715115716417026 821QH1437153235717199999999999999 647 85181414699999999999999
171169161149134118103 91 85 86 9310411913414715716216316015515114915015426 822QH1635163999999999999999999999 825 8521 414999999999999999
159164166164155142124106 90 79 76 81 9511413515516917517416715614614013926 823QH 2 0166171917699999999999999 951 76223513999999999999999
145154164171172165149126102 81 66 63 71 9011714516818318718016514813412726 824QH 3381731749187999999999999991047 63231712699999999999999
129139155172183184173151122 91 66 52 52 67 9512916118619719417815513311826 825QH 4371851815197999999999999991128 50234911499999999999999
114122141164185197195177147110 75 49 39 48 7310914818220320619216713811426 826QH 52119818402079999999999999912 3 39999999999999999999999
102105122149179202210201173134 92 57 36 34 53 8813117320321520618114711626 827QH 6 021019 421599999999999999 0181011234 3299999999999999
 94 89101128163195216218199162117 74 42 30 40 6911215819721921819616112326 828QH 636220192722199999999999999 048 8913 4 3099999999999999
 92 77 81104139178211226219190146 99 60 36 35 56 9414118621722521017713626 829QH 711226195122699999999999999 117 761334 3399999999999999
 98 72 66 80111152193221228211175129 85 53 41 51 8112417020822722119415326 830QH 748228201622799999999999999 149 6514 3 4199999999999999
110 76 58 61 83121164202223221197159116 79 58 57 7611015319422022520717126 831QH 825225204222699999999999999 222 561433 5599999999999999
128 88 60 51 62 90130172204217208181145109 83 72 8010414017720822121318726 9 1QH 9 521721 822199999999999999 257 5115 4 7299999999999999
148107 73 53 51 67 98136173197203192167138112 96 9410713216319221021219626 9 2QH 949204213621499999999999999 336 491536 9399999999999999
167130 95 67 54 56 7410213616518318617715913812211511813215217519420319826 9 3QH104318722 920399999999999999 421 53161211599999999999999
180153122 93 71 60 63 7710012715016517016715814713913513914816217618719026 9 4QH12 2170225219099999999999999 519 60165913599999999999999
184170149124100 80 68 66 74 9011113214916016516516115615315215416016717426 9 5QH1426166999999999999999999999 641 66184815299999999999999
178177169155135112 90 73 64 65 75 9311613915917317917717116215314814715226 9 6QH 018178161817999999999999999 826 63213514799999999999999
161171178178169151126 98 72 55 50 58 7910813916718719419017715914313112926 9 7QH 23417917 819499999999999999 953 50224412999999999999999
137152171187194187167135 99 65 42 35 46 7311015018320420719617314612311026 9 8QH 4 21941744208999999999999991054 35232810899999999999999
110125150179202211203176137 93 54 30 26 44 79124169202218213191158125 9926 9 9QH 5 32121815219999999999999991141 25999999999999999999999
 89 96120155191218226212178131 82 44 24 27 53 97147191220225209175135 9926 910QH 553226184522699999999999999 0 5 891222 2299999999999999
 76 73 89123165205230232211170119 72 39 27 40 7512317321222922219315110826 911QH 636234191223099999999999999 040 721258 2799999999999999
 74 59 65 91132177215235229200156107 65 42 42 6410515419822522820716912326 912QH 717236193723099999999999999 114 581331 3999999999999999
 82 56 50 66 99144188220230217183140 97 66 55 65 9513718121522721618414126 913QH 75523120 122799999999999999 147 5014 1 5599999999999999
 97 63 47 51 74112156195217218198164126 94 75 76 9412716620122021819515726 914QH 832221202422299999999999999 218 461429 7399999999999999
115 77 53 47 59 88126165195207200178148119 98 9110012415518720921420017026 915QH 9 8207204621599999999999999 250 471455 9199999999999999
133 96 67 53 55 7310213716818819218116113811910811112514817419520519917926 916QH 94519221 820599999999999999 322 52152010899999999999999
148115 86 67 60 68 8711414116417517516515013612512313014416318119219318126 917QH1028176213219499999999999999 357 60154612399999999999999
160133107 86 74 72 81 9711813815316116115514814013713814415516717718117726 918QH112916122 018199999999999999 440 72161713699999999999999
165148128109 94 85 83 8910011512914114915315415315014914915115616216616726 919QH1348154224516799999999999999 543 83172714999999999999999
164156145132118105 95 90 90 9610611813114415416116316115815314914814915226 920QH16 4163999999999999999999999 726 89205714899999999999999
155157157151142128113 99 88 83 85 9511012914816417317516915914813813413526 921QH 116157164417599999999999999 911 83221713499999999999999
142151160165163154137116 95 79 71 74 8811013616117918718317015213412111726 922QH 3171661710187999999999999991014 71225211799999999999999
124137155171180177163139110 84 65 59 67 8911915218019619718316013411310126 923QH 4181801734198999999999999991056 59232110099999999999999
103118142167188196188166133 98 68 51 51 69100138175200209199174141110 8826 924QH 5 21961757209999999999999991130 492349 8399999999999999
 83 94120153185206210194162121 82 54 44 53 81121164199217213190153114 8226 925QH 54121118202189999999999999912 2 43999999999999999999999
 66 70 93129170204222217191151106 69 46 45 66103148191219225207170125 8326 926QH 618223184422699999999999999 018 651233 4399999999999999
 56 48 64 98143188220231217182137 93 61 48 58 88131177213230221189143 9526 927QH 65623119 923099999999999999 049 4813 4 4899999999999999
 56 36 39 65108158202229231209169125 86 63 60 7911515920122722920616511426 928QH 734233193623199999999999999 121 341336 5999999999999999
 68 36 25 39 73121171210228222195156117 87 74 8110614318321522821718513826 929QH 81422920 322899999999999999 156 2514 9 7499999999999999
 90 49 26 25 45 84131177208219207180146115 96 9210613216619821821919816226 930QH 857219203222199999999999999 233 221442 9299999999999999
117 74 42 27 32 56 941361741982021901671421211111141291531792012102021782610 1QH 94520321 321099999999999999 314 26151711199999999999999
144105 70 46 36 44 66 991341631811841761611451331291331461631811941951852610 2QH1044184214019699999999999999 4 3 36155812999999999999999
163135104 77 58 50 55 72 971241471631691681621541471441461531621721791792610 3QH1217169223418099999999999999 5 5 5017 514499999999999999
172157137114 91 73 63 63 72 891101321501621691691651591531481471501551622610 4QH1436170999999999999999999999 634 62194914799999999999999
166167161149130108 87 71 63 65 77 971221451651771811761651511391311301362610 5QH 035167155418199999999999999 818 63213913099999999999999
148161170173165148123 96 72 58 56 68 911211521761911921811611391201081082610 6QH 246173163619399999999999999 938 55223010799999999999999
120140163182189183162131 97 68 51 49 65 95132167193204198177147117 94 842610 7QH 4 318917 8204999999999999991034 4823 8 8499999999999999
 90111141173196205195168131 92 61 45 49 72109151187209211194162124 90 682610 8QH 4582051737213999999999999991118 442343 6399999999999999
 64 79110149186211216200166124 84 56 47 59 89132174206219209180139 96 632610 9QH 54421718 4219999999999999991156 47999999999999999999999
 47 52 78118162200221220196157114 77 56 56 77114158197219219196156110 68261010QH 625223183022299999999999999 016 471230 5499999999999999
 41 35 51 85131177211225214185144104 75 64 74102142183213222208174128 81261011QH 7 4225185422299999999999999 047 3413 2 6499999999999999
 46 28 33 59100147190216220202169131 98 79 79 97129168201219214188146 99261012QH 740221191822099999999999999 117 271331 7799999999999999
 58 32 26 41 74117162197213208185153121 98 89 98122154187209214197162119261013QH 815214194221599999999999999 147 251359 8999999999999999
 77 44 29 33 56 92134172197203191168140116103104119144173197207199174137261014QH 84920320 620799999999999999 217 28142610199999999999999
 97 63 40 35 47 73109145174189188174153132117112120137160182196196180152261015QH 925191203019899999999999999 249 35145411299999999999999
118 85 59 46 48 63 90121150169177173160144131123124134149167181187180162261016QH10 6177205718799999999999999 323 45152412299999999999999
136107 82 64 57 63 78101125146160164161152143135132135142154165173172164261017QH11 0164212917499999999999999 4 3 5716 313299999999999999
147127105 87 74 70 75 87105123139150155155152147143140140144150156159158261018QH1234156221815999999999999999 457 70172314099999999999999
152141127111 97 86 81 82 89102116131143153158158155149143139137138142146261019QH1437158999999999999999999999 619 8020 413799999999999999
148148143134121107 94 85 82 85 95110128145159167168162151139128122122127261020QH 024148153716899999999999999 8 1 82213012199999999999999
136146152153146133115 97 83 76 78 90109132155172179176163144124109102105261021QH 235154161118099999999999999 916 75221110299999999999999
117135152165168159141117 93 75 67 72 90116146172188190178155127101 84 81261022QH 34616816391919999999999999910 7 672244 8199999999999999
 92114141166182184170145114 85 66 61 73 98132166192202195171136100 72 59261023QH 43618517 5202999999999999991048 612315 5899999999999999
 64 85118155185200197176143106 76 60 61 81114153188209210189153109 69 43261024QH 5202011732212999999999999991125 582347 3799999999999999
 37 52 86129172204215205175136 98 70 60 69 97136177208220208174127 78 39261025QH 6 121518 02209999999999999912 1 60999999999999999999999
 19 22 49 93144189218223205170129 92 70 67 85119160198221221196151 98 49261026QH 643224182922499999999999999 021 171237 6699999999999999
 14  3 17 53104158202225223199161122 91 77 82106142181212225212177126 72261027QH 72522719 022599999999999999 057  31314 7699999999999999
 27  0 -2 20 62116168206222214188153119 96 89100127162196217219197156104261028QH 8 9223193322199999999999999 136 -51352 8999999999999999
 54 16 -3  2 29 73125171202212201176146120105105119144175200213205178137261029QH 85621220 921399999999999999 218 -4143110399999999999999
 90 47 16  5 14 42 83128167191196186166143125116119133155178195200189162261030QH 949197204920099999999999999 3 4  5151511699999999999999
126 86 51 27 19 29 53 88126157176181174161145133127130140155171183184173261031QH1053181213718599999999999999 357 19161112799999999999999
152123 91 63 43 36 43 62 901201461631701691611501401331321371461571651682611 1QH1217171225016899999999999999 5 1 36174213299999999999999
162148128103 79 61 52 54 67 881131371561661691651551431331261241291381482611 2QH1351169999999999999999999999 620 51194412499999999999999
156158152139119 97 77 63 60 68 861091351561701751701581401231101051081192611 3QH 047158145917599999999999999 748 6021 710599999999999999
135151161162153134110 87 70 63 69 86112140164180183173154129105 88 82 882611 4QH 237163154518399999999999999 9 3 6322 1 8299999999999999
105129153170175166145118 91 72 65 72 92121152177190188170142110 82 64 612611 5QH 35217516201919999999999999910 1 652242 6099999999999999
 74 99131161181187175151120 91 72 67 79104137169191198186159123 86 57 422611 6QH 4481871652198999999999999991048 672318 4199999999999999
 46 67102140174193195179150117 89 73 74 91121156186202199177140 98 59 342611 7QH 5351971721203999999999999991128 712351 2799999999999999
 27 40 70112154187202198176144111 87 77 84108141175199205191159115 71 362611 8QH 61620317492069999999999999912 4 77999999999999999999999
 18 20 43 82127169197206194168135105 87 84 99127160190205200175135 89 472611 9QH 654206181720699999999999999 023 161237 8399999999999999
 19 11 24 55 99145182203203184155124100 90 96116146177198203187154110 65261110QH 730205184420499999999999999 054 1113 9 9099999999999999
 30 11 13 35 72117160190201193171142116 99 97109133162187200194169131 87261111QH 8 4201191220099999999999999 125  91339 9699999999999999
 48 21 12 23 52 91134169190193179156131111102107123148173191194179149109261112QH 838194194019599999999999999 156 12141010299999999999999
 70 38 20 21 39 70109146173185181165143123110108117136158177187182161130261113QH 914185201018799999999999999 229 18144110799999999999999
 93 60 36 27 34 56 87121151170175168152135120113115126143161174177167144261114QH 953175204317899999999999999 3 4 27151611299999999999999
115 84 58 42 39 50 71100128151164165158145131121117121131145158166164152261115QH1038166212116699999999999999 342 3816 111799999999999999
132107 82 62 52 52 63 83107130148158159153143132124120122129139149153151261116QH1137159221415499999999999999 428 5017 912099999999999999
141125105 86 71 63 63 73 90110130146155157153145134125118117121128136142261117QH1250158233814399999999999999 525 62184711799999999999999
143137126111 94 80 72 71 78 92111130147158162158148134120109104106113124261118QH1359162999999999999999999999 637 71201610499999999999999
134141141134121105 89 78 75 80 93113134153166169163148128107 92 84 87 99261119QH 131142145116999999999999999 755 752114 8499999999999999
116133147152147133114 95 81 75 80 95118143164177177165141113 86 67 61 68261120QH 3 1152153217999999999999999 9 3 752158 6199999999999999
 87114140159167162145122 98 81 75 82101128156179189182160127 91 59 40 38261121QH 4 616816 818999999999999999 959 752238 3699999999999999
 53 82118152176184176154125 98 80 76 86110142172193197182149107 64 30 14261122QH 4591841643198999999999999991048 752317 1399999999999999
 18 43 82127167193199186158126 97 80 79 95124158188204200175133 83 36  4261123QH 5481991719205999999999999991133 782358 -799999999999999
 -7  6 40 88139181205207189158124 96 83 87107139174201211198163113 60 13261124QH 6352091757211999999999999991217 82999999999999999999999
-15-19  1 43 96150191212209187154121 97 88 96120153186208211190149 95 41261125QH 722213183721399999999999999 040-2113 1 8899999999999999
 -2-25-23  4 50105158195211204180148118 99 95107132164193210205179134 81261126QH 810211191821199999999999999 125-271345 9499999999999999
 31 -7-24-17 13 60113161193203194171142117102102116140169194204195166123261127QH 9 020320 320499999999999999 212-25143210099999999999999
 74 28 -3-15 -4 26 71119160186193182161137116105107121143168187193182154261128QH 951193205219399999999999999 3 2-15152310599999999999999
115 72 34  9  1 13 41 81123157177181172154133116107109120138159174178168261129QH1045182214817999999999999999 354  1162210699999999999999
145113 77 46 26 21 32 57 91126154170173164149131115106105113127144158163261130QH1144173225716399999999999999 449 20173610499999999999999
157140115 87 62 45 41 50 71 99128151165168160146128112100 961001121271422612 1QH1245168999999999999999999999 550 411859 9699999999999999
150149139122100 79 64 59 66 83106131152164167159144124104 89 81 83 941112612 2QH 026151134416799999999999999 656 592018 8199999999999999
128142147144131113 95 80 74 78 92113136156167169159140116 92 73 64 66 782612 3QH 2 7147143716999999999999999 8 7 742121 6399999999999999
 98121140151152142125106 91 84 87100120143162172171157133104 76 55 46 502612 4QH 333153152317399999999999999 914 832211 4699999999999999
 67 93121145160162152134113 97 89 93107128152170177171151121 87 57 36 302612 5QH 43916316 3177999999999999991012 892253 3099999999999999
 40 63 96129156171171158137115 98 92 97114138162178180167140104 67 37 202612 6QH 53017216411819999999999999911 2 922331 1799999999999999
 19 37 67105142169180176158135112 96 93103123149172183180159125 85 47 192612 7QH 6131811716184999999999999991145 93999999999999999999999
  8 16 41 79120157180186175154128106 94 96110134160180186174146106 64 282612 8QH 650186175118699999999999999 0 6  81223 9399999999999999
  7  3 20 53 95137170187186169144118 99 93101120146171186184164129 86 452612 9QH 725188182418799999999999999 039  21257 9399999999999999
 14  0  6 31 69113152179188179158132108 95 95108132158179187177149110 67261210QH 758188185718799999999999999 112  01330 9399999999999999
 30  6  1 15 47 88130164182183168144119100 93100118143167182182165132 91261211QH 831185193018599999999999999 145  014 1 9399999999999999
 51 20  5  8 30 65106144171180174155130109 96 95106127152172181173149114261212QH 9 418020 418199999999999999 218  41434 9499999999999999
 75 40 17 10 22 48 85123154172174162142119102 94 98113134156171173160133261213QH 937175203917499999999999999 252 1015 9 9499999999999999
 99 64 35 20 22 38 67102136160170166151131112 98 95101117136154164162146261214QH1012171211916599999999999999 326 191551 9499999999999999
119 88 58 38 30 36 56 85117145162167159143124107 96 94102116133148155149261215QH105016722 515599999999999999 4 2 301641 9499999999999999
133109 83 60 46 43 53 73100128150162163153137119102 92 90 97110125138144261216QH113316423 514499999999999999 443 421743 9099999999999999
140126107 86 68 58 58 68 87111135153162161150133114 97 85 81 86 98114128261217QH1222163999999999999999999999 531 561855 8199999999999999
136136127112 95 80 72 71 80 97118139156163161149130108 87 72 66 70 83101261218QH 028137131716499999999999999 631 7020 5 6699999999999999
119133138135124109 95 85 83 89104123143159167163149126 98 73 54 46 51 67261219QH 2 7138141316799999999999999 745 8221 7 4699999999999999
 90115136148149140125108 95 90 94107127148165172167149120 86 54 32 23 31261220QH 33615015 717399999999999999 9 4 9022 3 2399999999999999
 52 83116144162165156138118101 94 96110131155173180172147111 70 34  9  1261221QH 4461661559180999999999999991014 932254  199999999999999
 12 41 80121156177180169147123103 94 97113137163183188175145101 54 13-13261222QH 5441811649189999999999999991115 932344-1999999999999999
-18 -1 35 82130168190192176151123101 92 98117145173193195177140 90 39 -4261223QH 63619317391979999999999999912 8 92999999999999999999999
-29-31 -8 35 87139179199197177148118 97 89 98121152182201200176134 80 26261224QH 724200182820399999999999999 033-331257 8999999999999999
-16-38-35 -6 41 97149187202195172140111 91 87 99126159188204199172126 70261225QH 811202191720599999999999999 122-401345 8699999999999999
 18-21-38-29  3 53109158190200188161129101 85 85101129162190202193163116261226QH 85520020 620299999999999999 210-381431 8399999999999999
 63 15-18-28-14 21 70123165190192176148117 93 80 83101129161185194182151261227QH 937194205619499999999999999 256-281519 7999999999999999
107 60 19 -6-10  8 44 90135170185181162135106 85 76 81 99126154174179167261228QH1017186214718099999999999999 341-1116 9 7699999999999999
138101 62 30 14 15 35 69109146170178169149123 97 79 73 78 95119143159162261229QH1056178224316399999999999999 425 1217 3 7399999999999999
151128 98 69 47 38 43 62 92125152168169158138113 91 75 69 73 87108128141261230QH1136170235014599999999999999 5 8 3718 4 6999999999999999
145137122101 81 67 63 70 88112137156165162149129106 84 69 62 65 77 94112261231QH1215165999999999999999999999 551 631912 6299999999999999
