 12 38 73109138155158148130109 93 85 89104126150168173161134 94 51 14-1026 1 1QJ 5421591649173999999999999991110 852346-1699999999999999
-16 -1 30 72114147167169157135110 90 82 86103129156176180165133 89 41  026 1 2QJ 6391701744180999999999999991210 81999999999999999999999
-24-26 -7 30 77123158176175158131103 83 76 83104134164184186167130 81 3026 1 3QJ 727178183618799999999999999 037-2813 0 7699999999999999
-10-31-29 -5 37 88134167181175152122 93 75 70 82107141171189187164122 7126 1 4QJ 811181192519099999999999999 125-331346 7099999999999999
 21-16-31-23  7 52103146173180168141109 82 67 67 8311214617518818215411126 1 5QJ 850181201118999999999999999 210-321429 6599999999999999
 60 15-15-23 -8 26 72120156175175156127 96 72 61 66 8611614917318117014026 1 6QJ 927177205518199999999999999 252-231511 6199999999999999
 97 52 14 -6 -6 14 51 95135163173164141111 83 64 59 68 8911914716616815326 1 7QJ10 1173213816999999999999999 330 -91553 5999999999999999
123 84 47 20  9 16 41 77116147165166151126 98 74 60 59 70 9211814115315126 1 8QJ1033167222115499999999999999 4 6  91636 5899999999999999
135108 76 48 32 29 42 68100131153161155138113 88 69 59 60 72 9111313013826 1 9QJ11 416223 913899999999999999 439 281723 5899999999999999
134119 98 75 56 48 52 67 91117140153155145126103 82 66 58 61 71 8710411726 110QJ1136155999999999999999999999 512 481817 5899999999999999
123120110 95 80 69 67 73 87106126142149147135118 97 78 64 57 58 66 79 9326 111QJ 0 9123121514999999999999999 549 661923 5799999999999999
105112113108100 91 84 83 88 99113128139143140130114 95 76 62 53 52 58 6926 112QJ 13911313 714399999999999999 642 832040 5199999999999999
 83 97108113114110103 98 95 96103114125135139138129113 94 74 56 45 42 4726 113QJ 334114141614099999999999999 8 9 952152 4299999999999999
 60 77 95111121125122114106 99 97101110122133140140131114 92 68 47 33 3026 114QJ 5 0125152914199999999999999 949 972249 3099999999999999
 37 54 76100120133136131120107 97 93 96107122136145145134113 86 57 33 1926 115QJ 55213616301469999999999999911 1 932334 1799999999999999
 19 31 54 83111134145145135118101 89 86 93108127144154151136109 76 43 1826 116QJ 6291471719154999999999999991149 86999999999999999999999
  7 11 30 61 95126148155149132111 91 80 80 93113137156163156133 99 60 2626 117QJ 7 215518 116399999999999999 013  61228 7999999999999999
  3 -3 10 37 74112143160160146123 98 79 72 78 97124150168170155125 84 4226 118QJ 732162183917199999999999999 049 -313 1 7299999999999999
  9 -8 -5 16 51 93131158167159137109 83 68 67 81106137163177172149111 6626 119QJ 8 1167191617799999999999999 123 -91334 6599999999999999
 25 -3-12  0 30 72115150168168151123 92 69 59 66 87118150174180167136 9326 120QJ 829171195118199999999999999 155-1214 6 5999999999999999
 48 11 -9 -8 14 51 95136164173163138106 76 57 54 68 9512916017817715712026 121QJ 857173202818099999999999999 227-111440 5399999999999999
 75 33  4 -5  5 34 76119154173172152122 88 61 49 52 7210313716417616814226 122QJ 92617521 617699999999999999 259 -51516 4899999999999999
103 62 27  7  7 26 60101140166174163138104 72 50 44 53 7610813916116715426 123QJ 955174214816799999999999999 331  51556 4399999999999999
126 90 55 29 20 27 51 85123153170169151122 89 61 44 41 53 7810813515215326 124QJ1026171223515599999999999999 4 3 201639 4099999999999999
140114 85 58 41 39 51 76107137159167159138109 79 54 40 40 52 7510112513826 125QJ1059167233414099999999999999 439 381731 3899999999999999
139128109 87 69 60 62 75 96121143157159149128102 74 52 39 38 48 66 8910926 126QJ1139160999999999999999999999 519 591836 3799999999999999
123127122111 98 86 81 83 92108126142151151142125101 75 53 38 33 38 53 7226 127QJ 057127123315299999999999999 614 8020 0 3399999999999999
 93110121124121114105 99 98101110123135144147142128106 80 55 35 24 24 3526 128QJ 259124135414799999999999999 749 982129 2299999999999999
 55 79103122133135131121111103101105114128141149149137116 86 55 28 11  726 129QJ 448136152815099999999999999 9551012245  799999999999999
 18 41 72103130146151145131114100 92 94105123143157161150125 90 51 17 -426 130QJ 5541511645161999999999999991118 922344 -999999999999999
 -8  5 34 73112143161164152131107 88 79 83 99124150169174160130 88 42  526 131QJ 6401651746174999999999999991213 79999999999999999999999
-17-18  1 38 83126159174170151122 93 73 66 75 98130161181184165128 79 3126 2 1QJ 718175183718599999999999999 034-211257 6699999999999999
 -7-25-20  8 51101144172180168141106 76 58 56 72102139172190187161118 6626 2 2QJ 753181192219199999999999999 117-261336 5599999999999999
 19-13-23-10 25 73123162181179158123 87 59 46 52 7411014917919118014910326 2 3QJ 82418320 319199999999999999 156-231413 4699999999999999
 53 11-12-12 11 51100145174183170140102 68 46 40 53 8211915517918316613126 2 4QJ 853183204218499999999999999 231-151448 4099999999999999
 85 42 11 -1  9 39 82127162179175153118 82 53 38 40 59 9112715717216814626 2 5QJ 918180211817399999999999999 3 2 -11521 3799999999999999
110 71 37 18 19 37 71112148171175161132 97 65 43 37 46 68 9913015215914926 2 6QJ 942176215415999999999999999 330 161555 3799999999999999
125 94 63 41 34 44 67100134160170164142112 80 54 40 40 54 7710412814114226 2 7QJ10 6171223114399999999999999 355 341630 3999999999999999
129108 84 63 53 55 70 94122147161161148124 96 69 51 43 47 61 8210312012726 2 8QJ1030163231612899999999999999 420 5217 9 4399999999999999
125114 99 83 72 69 76 92113134149154148133111 87 66 53 49 53 65 81 9610826 2 9QJ1058154999999999999999999999 446 691759 4999999999999999
114113107 98 90 86 87 94107121134142143136122104 86 69 58 53 55 63 74 8626 210QJ 022114113414499999999999999 518 861913 5399999999999999
 96104108108106103101102105112120127132133128119105 90 75 62 54 51 55 6326 211QJ 238108123713399999999999999 6211012056 5199999999999999
 75 88100110117118117113109107108112118124128128123112 97 79 62 48 41 4326 212QJ 457118143312999999999999999 9101072221 4199999999999999
 52 67 86105121130132127118108101 99103111122131136132120101 78 54 36 2826 213QJ 54513216 6136999999999999991050 992316 2799999999999999
 30 44 66 93118136144141130114 99 89 88 96110127142148143126100 69 40 2026 214QJ 61514417 5148999999999999991138 872356 1499999999999999
 14 22 44 75108135152155144125102 84 76 79 94116140157162151126 91 54 2326 215QJ 6421551749162999999999999991213 75999999999999999999999
  5  5 22 53 92128154165159139111 85 68 64 75 99129156172172153118 76 3526 216QJ 7 8165182817499999999999999 031  31244 6499999999999999
  6 -5  4 32 72115151171172155125 92 65 52 56 77110145173184175146104 5726 217QJ 73317419 418499999999999999 1 3 -51315 5299999999999999
 18 -5 -6 14 51 97141171181170142104 69 46 40 54 84123160185189170134 8626 218QJ 758181194119099999999999999 135 -81347 4099999999999999
 41  7 -6  3 33 78125164184182159121 80 48 31 34 57 9413617118918515911726 219QJ 824186201819099999999999999 2 5 -61420 3099999999999999
 70 30  6  4 23 60107150180187173140 98 58 30 22 34 6310414517518517314326 220QJ 850188205718599999999999999 236  21455 2299999999999999
101 59 29 16 24 50 90134168186181157118 76 40 20 19 38 7111214817117315726 221QJ 917186213817599999999999999 3 7 161532 1799999999999999
126 90 57 37 35 50 80117152176181167137 98 59 31 18 23 44 7711314315815726 222QJ 946182222416099999999999999 338 341613 1799999999999999
140114 86 64 54 59 77105135161173169150120 84 52 30 22 29 49 7810713014126 223QJ1016174232014299999999999999 410 5417 1 2299999999999999
139127109 91 78 76 83100121143158162155136109 80 54 36 30 35 50 72 9511326 224QJ1052163999999999999999999999 445 7618 3 3099999999999999
123126121112103 97 97102113126139148149143129109 86 64 47 37 36 45 60 7826 225QJ 047126114315099999999999999 534 961934 3699999999999999
 96110119124123119115112111114120127134139138131118 98 77 56 40 32 33 4426 226QJ 318124132613999999999999999 7421112121 3199999999999999
 62 83105123134138135127117109104105112123134142142133114 88 60 36 21 1926 227QJ 5 113815321439999999999999910181042242 1899999999999999
 29 51 80110134150153146130112 96 88 89100118138153158149126 93 57 26  826 228QJ 5481531651158999999999999991124 872338  599999999999999
  6 21 50 87124151165164148123 97 77 69 74 93121149168173160130 89 48 1426 3 1QJ 62316617471749999999999999912 7 69999999999999999999999
 -2  0 23 61105143169177165139106 76 57 53 66 94130162182183163125 79 3526 3 2QJ 654177183318599999999999999 022 -41244 5399999999999999
  5 -6  5 37 82128164182179157122 84 55 40 44 66102143175190184156113 6426 3 3QJ 722184191319199999999999999 059 -61318 3999999999999999
 24  1  0 22 61109152180187172139 98 60 36 30 43 74115155183190175141 9526 3 4QJ 748187195019099999999999999 133 -21349 2999999999999999
 51 19  7 18 48 92137172188181154114 73 40 24 28 50 8712916418318115912126 3 5QJ 812188202518599999999999999 2 3  71419 2399999999999999
 79 43 23 23 43 79122160183184165130 88 50 26 20 33 6310114016717616513826 3 6QJ 834186205717699999999999999 230 201448 2099999999999999
102 67 42 35 46 73110147174183171142104 65 35 21 25 45 7811414516216214626 3 7QJ 855183213016499999999999999 255 351517 2099999999999999
119 88 63 50 53 72101134162176172151119 82 49 29 24 36 59 9112114315114526 3 8QJ 91717722 415199999999999999 318 491547 2499999999999999
127104 82 67 64 75 96123149166168155130 99 67 44 32 34 49 72 9812113413726 3 9QJ 940169224213799999999999999 342 641620 3199999999999999
129114 97 84 78 82 95114135152159154137113 86 63 47 41 46 60 79 9811412226 310QJ10 5159233512399999999999999 4 7 7817 1 4199999999999999
123117108 99 93 92 98109123137145146138123104 84 67 56 52 56 65 78 9210326 311QJ1035147999999999999999999999 434 9218 0 5299999999999999
110113113110107106106109115123130133133127117104 90 76 66 60 59 63 71 8126 312QJ 126113112113499999999999999 5191051942 5999999999999999
 92102111117120120118115113112114118122124124120112100 86 73 61 54 53 5926 313QJ 426120133112599999999999999 8361122136 5399999999999999
 71 86103118129134132125115107102102106115124130131125111 92 72 54 42 4126 314QJ 51213415371329999999999999910301012242 4099999999999999
 49 66 89113133145147138124107 93 86 89 99116132144146137118 91 63 40 2826 315QJ 5391471643147999999999999991114 862325 2799999999999999
 29 44 70102131152160154136112 89 74 70 79 99124148161161146117 82 49 2526 316QJ 6 41601729163999999999999991147 70999999999999999999999
 16 25 49 85123153170170153124 92 66 53 57 76106140166178172147110 68 3326 317QJ 628172181017899999999999999 0 1 161218 5399999999999999
 13 12 30 65108148175183170141102 66 42 36 49 79119157183190175141 97 5426 318QJ 653183184919099999999999999 034 101249 3599999999999999
 22  9 17 46 89135172190186160120 75 40 21 24 48 87133172194193170130 8426 319QJ 719191192819799999999999999 1 7  91322 1999999999999999
 43 19 15 34 71117161189196178141 93 48 17  7 19 53 9914618219718815911726 320QJ 74619620 819799999999999999 139 141357  799999999999999
 73 40 25 32 58 99144180197190161117 68 26  3  1 23 6211015418319117614426 321QJ 813198204919199999999999999 212 251433 -199999999999999
105 69 46 41 55 86126164189193176140 93 47 13 -2  5 31 7211715517617716026 322QJ 842194213317999999999999999 244 401512 -299999999999999
130 98 72 59 62 81111145174187181157119 76 37 11  4 15 42 7911814716115926 323QJ 912187222216299999999999999 317 581554  499999999999999
144121 98 82 77 85103129154172176164139105 68 38 19 16 27 51 8111113314426 324QJ 945176232414499999999999999 352 771644 1599999999999999
143133118104 96 96103118135152161160148127100 72 48 34 30 38 54 77 9911726 325QJ1025162999999999999999999999 432 951749 3099999999999999
128131129123116111110114121130140145145138124105 84 64 49 41 42 52 67 8626 326QJ 1 2131112714699999999999999 5421101924 4199999999999999
104119129134133129122117113113116123130135136130118100 80 61 47 40 44 5626 327QJ 321134134013699999999999999 83311221 9 4099999999999999
 75 98119136145145139127113102 97 98106119133142143134116 91 66 45 34 3526 328QJ 4351461537144999999999999991018 962224 3399999999999999
 49 73101129149159156142121100 84 76 80 95117139155159149126 95 63 38 2626 329QJ 5151591648159999999999999991110 762316 2599999999999999
 30 49 80115146165170159136107 80 62 57 68 92122151169172157127 90 55 3026 330QJ 5471711739173999999999999991148 572357 2299999999999999
 22 32 59 97135165179175153120 85 57 42 44 64 97134165181178156120 80 4626 331QJ 6161801822182999999999999991222 41999999999999999999999
 26 25 44 79120158181185169136 97 60 35 28 40 69109148177187177148108 6926 4 1QJ 64218619 018799999999999999 033 231253 2899999999999999
 40 29 37 65105146176189181153112 70 37 20 22 45 82124162184185167133 9426 4 2QJ 7 6189193518799999999999999 1 4 291322 1899999999999999
 60 40 39 58 91132167187187166129 85 45 20 13 26 57 9814017118317615211726 4 3QJ 72919020 818499999999999999 132 371350 1399999999999999
 81 56 47 57 82119155181188175144102 59 27 11 15 38 7411515117317616213426 4 4QJ 752188204017799999999999999 159 471418 1099999999999999
102 74 59 61 78108142170184179156119 77 41 18 13 26 54 9212915616816414526 4 5QJ 814185211216999999999999999 225 581446 1299999999999999
118 92 74 69 78100129157176178163133 96 59 31 18 22 41 7210613615415814826 4 6QJ 838179214615899999999999999 251 681516 1799999999999999
129107 88 79 82 96118143163171165144113 79 50 31 26 36 58 8611413514614526 4 7QJ 9 4171222414799999999999999 317 791549 2699999999999999
134118103 92 89 96111130148160160148126 99 72 50 39 39 51 70 9311412913526 4 8QJ 932161231413599999999999999 346 891628 3799999999999999
133125114105100101108120134145150146134115 93 73 58 50 52 61 76 9310912026 4 9QJ10 5150999999999999999999999 422 991719 5099999999999999
126126123118113110110114121129135137134125112 96 81 68 61 60 65 75 8810126 410QJ 039127105513799999999999999 5251101841 6099999999999999
113122127129127122117114112114118123127128125117105 91 78 67 61 62 68 8026 411QJ 251129124712899999999999999 7551122027 6199999999999999
 96112127136140137129118108102100105113123131133129118101 83 67 56 53 6026 412QJ 4 2140145413399999999999999 9421002145 5399999999999999
 76 97120139151152144128110 93 84 84 92108126141148144129107 82 60 46 4526 413QJ 44015316 9148999999999999991032 832238 4499999999999999
 56 78107136157166161144118 92 71 63 67 85110137157165158137107 76 51 3826 414QJ 5 916617 21659999999999999911 9 622320 3799999999999999
 41 59 89125156175178163134 98 66 46 42 55 83119152175181168140103 68 4326 415QJ 5381791748181999999999999991144 412358 3499999999999999
 34 44 71108147177190182154114 72 38 21 25 49 87131169190191171136 96 6126 416QJ 6 71901832193999999999999991219 20999999999999999999999
 40 38 56 90132170194196176137 89 44 13  3 16 49 96145182199194168130 8926 417QJ 637198191620099999999999999 036 361256  399999999999999
 58 44 49 74113155188202193162115 63 20 -5 -7 15 5610715518820018916012226 418QJ 7 820220 020099999999999999 113 431335-1099999999999999
 85 61 55 67 96135173197201182143 93 42  4-13 -8 21 6611616018719317814926 419QJ 740203204619399999999999999 150 541415-1499999999999999
115 86 70 70 87117153183198192166124 75 30 -1-11  1 32 7512115817818016526 420QJ 815198213518199999999999999 228 681458-1199999999999999
139112 91 82 87105133162183189178149109 66 28  5  0 14 44 8212115016516526 421QJ 852190222916799999999999999 3 8 821545  099999999999999
153133113 99 95102118140161175176162136102 66 36 19 16 29 54 8511613915126 422QJ 934177233615399999999999999 353 951640 1599999999999999
153145131118109106111122137152161160149129102 74 50 36 32 41 60 8410912926 423QJ1027162999999999999999999999 4521061746 3299999999999999
141146143135125116111112117127137145147142129110 88 67 52 46 49 62 8110326 424QJ 1 4146114914799999999999999 6281111910 4599999999999999
123138146147141131119110104104110121131139141135122102 82 64 53 52 61 7826 425QJ 236148134614199999999999999 8271032037 5199999999999999
101123142153155147133116100 89 87 93107123138147146134115 91 70 56 52 6126 426QJ 341155152414899999999999999 947 872148 5299999999999999
 80105132153164162150128104 83 70 69 79 99122144156157144122 95 70 55 5326 427QJ 4251651632158999999999999991039 682241 5299999999999999
 64 87117146166173166145116 86 63 51 54 71 98129154167166149122 92 68 5426 428QJ 5 01731724169999999999999991119 502324 5399999999999999
 56 73101134162178178162132 97 64 42 36 46 71106140166176170148117 87 6426 429QJ 53018018 7177999999999999991154 36999999999999999999999
 56 64 87120153177185175149112 73 42 26 27 47 80119154176181168141109 8026 430QJ 558185184618199999999999999 0 1 561225 2499999999999999
 64 62 78106140170186185164129 87 49 24 16 27 56 9513516618218016013110026 5 1QJ 624188192118399999999999999 034 611255 1699999999999999
 76 67 73 95127159182188176146105 63 30 13 15 35 7111215017518217214911926 5 2QJ 650189195518299999999999999 1 5 671324 1199999999999999
 92 75 74 88115146173187183160124 81 43 17 10 22 50 8912816017717616113526 5 3QJ 717188202817999999999999999 135 731353 1099999999999999
108 87 79 85105133161180184170141102 62 30 14 16 35 6810614116517316614726 5 4QJ 74418521 117399999999999999 2 4 791424 1299999999999999
122100 87 86 98120147169180175154121 83 49 25 18 27 52 8511914716316515326 5 5QJ 813180213616699999999999999 234 851456 1899999999999999
134114 98 91 96111133155170173162137105 71 44 28 28 42 68 9812714815715426 5 6QJ 843174221515799999999999999 3 5 911531 2699999999999999
142126110 99 98106121140156165163148123 94 66 46 37 41 57 8110713014515026 5 7QJ 91716623 215099999999999999 340 971611 3799999999999999
146135122111104105113126140152156151136114 90 68 53 48 53 68 8811012914126 5 8QJ 958156999999999999999999999 4251041658 4899999999999999
145142134124115109109114124135143146142129112 92 74 62 57 62 74 9111012726 5 9QJ 0 5145105314699999999999999 53210818 0 5799999999999999
139145144138128118110107109116125134139138130116 99 83 70 64 66 75 9111026 510QJ 123145122013999999999999999 7 81071917 6399999999999999
128142150151144132117105 97 96102114126136141137126110 92 76 66 66 74 9126 511QJ 23315214 414199999999999999 836 962035 6599999999999999
112134151161160149130109 91 80 78 87104123141151150139121 98 79 66 64 7426 512QJ 325162152815299999999999999 938 772140 6499999999999999
 94120145165173167149122 93 70 57 58 73 98126151165165152129102 79 65 6426 513QJ 4 61731632167999999999999991025 562234 6399999999999999
 77102132161180183170142106 71 44 33 39 62 97134164180179162134103 78 6526 514QJ 44318417271829999999999999911 8 332322 6499999999999999
 67 85114148177193189167129 85 45 19 12 26 58101144177193189168136103 7826 515QJ 5201941818193999999999999991150 12999999999999999999999
 68 74 96130165192201189158112 63 22 -1 -3 19 5910815418720019216813410226 516QJ 55820119 820099999999999999 0 7 671233 -599999999999999
 80 74 85111146180201203184145 95 44  5-14 -9 19 6411516119120119016313126 517QJ 637205195720199999999999999 052 731318-1599999999999999
101 84 82 97125159189205200174131 80 31 -3-16 -6 25 7212216419019518215726 518QJ 717206204719699999999999999 136 8114 4-1799999999999999
127102 89 92108136168192202192163119 70 26 -2-11  3 36 8112716318418617326 519QJ 8 1202213818799999999999999 221 881452-1199999999999999
149124104 95100117143170189194181152111 67 29  6  2 17 49 8912916017617626 520QJ 847194223217899999999999999 3 9 951543  199999999999999
163143122106100105121143165180182169143107 70 39 21 19 34 61 9613015516826 521QJ 939183232916999999999999999 4 31001636 1899999999999999
168157140122108103107119137155168169159137108 77 52 38 37 49 7310213015126 522QJ1039170999999999999999999999 5 71031734 3599999999999999
162162153138122109102103112126142154157151135113 88 67 54 53 63 8310713226 523QJ 031164115315799999999999999 6241011838 5299999999999999
150161161153138121106 96 94100113128141149148138120 99 81 69 66 74 9011326 524QJ 134162132315099999999999999 747 941946 6699999999999999
135153163164154137118 99 86 81 86 99116134146149143129110 92 79 75 82 9726 525QJ 232165145314999999999999999 9 0 812053 7599999999999999
119141159168167154133109 87 72 67 73 89110132148155151137118 99 85 81 8826 526QJ 32116916 715599999999999999 958 672153 8199999999999999
104127150167174168151125 96 71 56 53 63 84111137155163158142121101 88 8526 527QJ 4 317417 5163999999999999991044 522244 8599999999999999
 94113137160176178166142111 79 54 41 43 59 86118147165171163144120100 8826 528QJ 4411791753171999999999999991123 402329 8799999999999999
 89101124149171182178159129 93 60 37 30 38 62 95130159175176163141116 9726 529QJ 5151821834177999999999999991158 30999999999999999999999
 89 94111136162180185174147111 73 42 24 24 41 7210914517018117615813311026 530QJ 548185191118299999999999999 0 8 891231 2299999999999999
 94 91101122149173186183164131 92 55 28 18 26 50 8612515817818317215012426 531QJ 621187194518399999999999999 044 9013 4 1899999999999999
103 92 95111135162182188177151114 74 40 20 18 34 6410314016818117916213826 6 1QJ 654188201918299999999999999 118 921337 1699999999999999
115 98 93102122148172186185167136 96 58 30 18 24 47 8111915217317917015126 6 2QJ 727188205317999999999999999 151 931410 1899999999999999
127107 96 97111133158178186178154120 81 48 27 22 35 62 9813316017417416026 6 3QJ 8 0186212717699999999999999 223 951445 2299999999999999
140118102 97103120143165180181167140105 70 43 29 32 50 7911314316417216626 6 4QJ 83518222 317299999999999999 257 971520 2899999999999999
151131112101100110128149168177173155127 94 64 43 36 44 65 9412515016616826 6 5QJ 913177224216999999999999999 335 991557 3699999999999999
159143125109101103114131150165170163144117 88 63 48 46 58 7910713415516626 6 6QJ 955170232716799999999999999 4201011638 4699999999999999
165155139121108101104114130147159162154136112 88 68 57 58 70 9111614015826 6 7QJ1046162999999999999999999999 5151011725 5699999999999999
166164153137119105 98 99108123139151155149134114 93 76 68 69 8110012314526 6 8QJ 017166115415599999999999999 621 971821 6799999999999999
161168165153135115 99 89 89 97112130144152150139122103 87 78 79 8910712926 6 9QJ 111168131915299999999999999 734 881927 7799999999999999
150166173168154132109 88 75 73 82 99121141154157150134115 98 87 86 9511226 610QJ 2 7173144815799999999999999 841 722039 8599999999999999
134156173179173154127 98 72 56 54 65 87114141160168163148127108 94 91 9926 611QJ 3 017916 616899999999999999 941 532148 9199999999999999
117141164181186177153119 83 53 35 34 48 77112145170180176160137114 98 9426 612QJ 3511871712181999999999999991036 322251 9499999999999999
102122148174191194179149109 68 34 15 16 36 7111315218019218716814211710026 613QJ 4401951811192999999999999991128 132347 9699999999999999
 96106128157184200200180144 98 53 17  0  4 29 7011716018920019217114211626 614QJ 52920219 5200999999999999991218 -1999999999999999999999
100 97110135165193207203179138 88 40  5-10 -1 29 7412416719420319216813926 615QJ 618208195520399999999999999 039 9713 8-1099999999999999
113 99 99114141173199211204175131 80 32  0-11  1 35 8213217219720118816226 616QJ 7 8212204420299999999999999 129 971358-1199999999999999
132109 97100118146178202211200169124 73 29  2 -5 11 47 9314017719619618026 617QJ 758211213019899999999999999 218 961447 -599999999999999
153125104 95101120149179200206192160117 70 32 10  9 28 6310714917919218826 618QJ 848206221519399999999999999 3 7 951534  799999999999999
170144118100 94101121148175193196181151111 71 40 25 27 48 8212215718018726 619QJ 939197225818799999999999999 357 941621 2399999999999999
179160135112 97 93101119144167182182168141108 76 52 43 49 7010113516217926 620QJ1032184234118299999999999999 451 9317 6 4399999999999999
181171151128107 94 91 98115136156168168156135109 84 68 63 71 9111814516626 621QJ1131169999999999999999999999 549 911752 6399999999999999
176176164145123104 91 87 93108126143154156148133114 96 84 82 9010713015126 622QJ 025177124215699999999999999 653 871843 8299999999999999
167174171159140119 99 86 81 86 98115132144149146136122109 99 9810411913726 623QJ 11317414 814999999999999999 8 1 811943 9799999999999999
154168173169156136114 94 79 73 76 8910612514014915014413212011110811312426 624QJ 2 5173153615199999999999999 9 8 73205310899999999999999
140157169173168153132107 85 69 62 67 8110212414315515815214012711611211526 625QJ 25917316481589999999999999910 5 6222 311299999999999999
127143159171175168150126 98 73 57 52 59 7810313015216516715914512911611126 626QJ 3511751742168999999999999991054 5223 211199999999999999
116128146164176178168146117 86 60 45 43 56 8011014016317517416214412511226 627QJ 4391791825176999999999999991136 42235010999999999999999
109116132153172182181165138104 71 46 34 38 58 8812315417518317616013811826 628QJ 52318319 2183999999999999991214 34999999999999999999999
107107118139162181188182160127 90 56 34 28 39 6610113816718418617315212826 629QJ 6 3188193618799999999999999 0301051250 2899999999999999
110102107124149173190192179151113 74 43 26 27 46 7911715317918918316514026 630QJ 64119320 818999999999999999 1 51021325 2499999999999999
117102100112134160184196192171137 97 59 33 24 33 59 9613516718618917615326 7 1QJ 717197203819099999999999999 138 991359 2499999999999999
127107 97102119145172192198187160121 81 47 28 27 45 7711515217919018416526 7 2QJ 75219821 919099999999999999 211 971432 2599999999999999
140115 99 96106127155180196195177145105 68 41 30 38 62 9713516718618917626 7 3QJ 827197213919099999999999999 245 9515 5 3099999999999999
153127105 94 96111135163185194186163129 92 60 41 38 53 8211815317818918426 7 4QJ 9 4194221118999999999999999 321 931538 3799999999999999
167141116 98 91 98116141166184187175150117 84 59 48 52 7210213616618418826 7 5QJ 944188224418999999999999999 4 0 911612 4799999999999999
177156131107 92 89 98117142164178178164140110 83 65 61 70 9112115117418626 7 6QJ1030180232118799999999999999 445 891650 6099999999999999
184170147122100 87 86 95114137158169168156135111 90 78 77 8810913516017826 7 7QJ1127170999999999999999999999 538 851734 7699999999999999
185180164140115 94 81 79 89106128148160162154138119103 94 9410412214416426 7 8QJ 0 3185124116299999999999999 640 791829 9399999999999999
178183177160137111 88 74 70 77 9411513715216015714713311911010911512914726 7 9QJ 055183141516099999999999999 751 69194210899999999999999
165178183177161136108 82 63 56 61 7810212714916316716114913412311712013026 710QJ 158183155216799999999999999 9 5 56211211799999999999999
147165179186181165138105 74 51 40 44 62 9012215017117917516314513012011926 711QJ 3 71861710179999999999999991015 39223411899999999999999
128145166184193190171140103 65 37 23 27 48 8212115618119218717215013011626 712QJ 4151941812192999999999999991116 23234011499999999999999
114124144169191203199178142 98 55 23  9 15 41 8112616619220219517414712326 713QJ 51620419 3202999999999999991212  9999999999999999999999
109108121145175201214208183141 92 45 12  0 10 42 8713617720220819516913926 714QJ 613214194820999999999999999 03510613 3  099999999999999
113100102119149182210221212182136 84 37  7 -1 15 5110015018820920818915926 715QJ 7 5221202921199999999999999 123 991350 -299999999999999
126102 91 98120153189215223210176127 76 33  8  7 29 6911916519821020317826 716QJ 75422321 621199999999999999 2 8 911434  599999999999999
144113 92 86 96122158192215218200164117 70 34 18 24 51 9314017920320719126 717QJ 840219214120899999999999999 252 851514 1799999999999999
163129101 84 83 98126160191208206185150107 68 43 36 48 7811915918920319826 718QJ 925209221320399999999999999 334 821552 3599999999999999
177147116 92 80 84101128159184194189168136101 73 58 59 7610614217319319726 719QJ1010195224419799999999999999 417 801626 5699999999999999
185162133106 87 80 86104129154172178171152127102 84 77 8410313015818019026 720QJ1057178231619199999999999999 5 2 8017 0 7799999999999999
187172149123100 86 82 88104125145158162156143125109 99 9810712414616618026 721QJ1154162235118499999999999999 552 821735 9799999999999999
183177161140117 98 87 83 8910111813414515014814013012011511612313715216626 722QJ1313150999999999999999999999 652 83182211499999999999999
175176168154136116 99 87 82 85 9510912413614514814614013312912813214015126 723QJ 03717615 314899999999999999 8 6 82194112899999999999999
162169170165153136116 98 84 77 78 8610011713414715515615114413713213213826 724QJ 144170163915699999999999999 924 76212813199999999999999
147157166170166155138116 95 77 68 68 78 9511713915616616716014913712912726 725QJ 3 51701737167999999999999991029 67224712799999999999999
132142156168174172159138112 87 66 56 58 72 9612315016917717516314713112126 726QJ 4141751816178999999999999991120 56233911999999999999999
120127142160176183178162135104 74 53 45 52 7310313616418218617716013812026 727QJ 5 818318491869999999999999912 1 45999999999999999999999
111114127148171187192183159126 90 58 40 38 53 8111715318019218917314912526 728QJ 552193191819399999999999999 0171111237 3799999999999999
108104113133159184199199182151111 73 44 31 37 61 9713717119319818616213426 729QJ 630201194619899999999999999 0501041310 3199999999999999
110 98100116143174198208200175136 93 56 33 29 45 7711815918920219717614626 730QJ 7 5208201320299999999999999 121 971342 2899999999999999
117 96 90100124156187208211194161118 76 44 29 36 61 9914317920120418916126 731QJ 740212203920699999999999999 152 901412 2999999999999999
128100 85 87105135169198212207182144100 62 39 35 51 8312516619620720017526 8 1QJ 81421321 520899999999999999 224 841441 3499999999999999
142109 86 79 88112145179203209196166126 86 56 43 49 7311015118520520618826 8 2QJ 850209213220899999999999999 257 791511 4399999999999999
158124 94 77 76 91119153183200200182150113 80 60 56 70 9813517119720619726 8 3QJ 92820322 020699999999999999 333 741542 5599999999999999
174141108 83 72 76 95124155181192187167138108 84 72 76 9412315518420020026 8 4QJ1011192223120299999999999999 413 711614 7299999999999999
185159127 97 77 70 77 96124151172179173156133111 95 91 9911714216818719626 8 5QJ11 317923 719699999999999999 459 701651 9199999999999999
190173147118 92 75 70 77 9411714115816616315213712211211111913315217118426 8 6QJ1213166235318899999999999999 556 70173811199999999999999
188182166143117 94 77 69 72 8510512614315515915514713813112913214115316726 8 7QJ14 1159999999999999999999999 712 69185512999999999999999
177181178166147123 98 78 66 63 71 8810913115016116516215514613913613914726 8 8QJ 1 518116 216599999999999999 843 6321 213699999999999999
158170179181174157132103 77 57 49 54 71 9612515217118017816815414013112926 8 9QJ 24418217201809999999999999910 8 49224112999999999999999
136150168184191187170141106 71 45 33 38 58 9112816118519519017415213211826 810QJ 4111921810195999999999999991114 33234211599999999999999
116126146171194206202181146103 62 31 19 27 54 9413817620020619517114211726 811QJ 51720618512069999999999999912 7 19999999999999999999999
103103119146179206220213187144 95 50 20 12 26 6110815519321221119115912526 812QJ 612220192721499999999999999 0291011253 1299999999999999
 99 88 94117152189218229217184136 84 41 16 14 37 7812917620821920817914126 813QJ 7 022920 021999999999999999 110 871334 1299999999999999
106 83 77 90120160198224230212173123 73 36 20 28 5810415319421721719616026 814QJ 744230203022099999999999999 149 761411 2099999999999999
121 88 71 72 92127168204223221197157109 67 40 35 51 8713317720721720617726 815QJ 825225205821799999999999999 226 691444 3499999999999999
138101 75 65 73 98135173202214205178139 98 67 53 58 8111816019421120918926 816QJ 9 4214212321399999999999999 3 2 651515 5299999999999999
155118 86 68 66 80108142174195198185158125 95 75 72 8511214617920120619426 817QJ 942199214820799999999999999 338 651543 7199999999999999
168135103 79 68 72 89116145169181180165142118 99 90 9511213716518819819426 818QJ1022182221319899999999999999 414 6716 9 9099999999999999
176150120 95 78 73 80 9712014315916616215013411910910811713315417318618826 819QJ11 8166224018999999999999999 453 73163610899999999999999
179160137113 94 83 81 8810211913514715115014313512712412613314615917117726 820QJ1214152231617799999999999999 542 80171012499999999999999
175166151132114 99 90 87 9110011212413514214514514314013813814214815616226 821QJ1427146999999999999999999999 654 87182113799999999999999
166165159149135120106 95 88 87 9210211412714014915415415214714314114214626 822QJ 019166163815599999999999999 837 8721 714199999999999999
152157161160154143127110 94 83 78 81 9210812714616016616615914913913213126 823QJ 22316117261679999999999999910 6 78224113199999999999999
136145156165169164151132108 87 71 65 71 8611013615917417917316014312812026 824QJ 35716917571799999999999999911 1 65232511999999999999999
120130145163177181174156129 99 73 57 54 65 8912015117518818617315112911226 825QJ 4551811824189999999999999991142 53235810799999999999999
107113130154177191193180153119 83 56 44 48 6810113817119219818716313511126 826QJ 5371941848198999999999999991216 43999999999999999999999
 97 97112138168193205201178143102 65 42 37 51 8112216219220520017814611426 827QJ 614206191220699999999999999 028 951246 3699999999999999
 91 83 93117151185208215201169126 83 50 34 39 6410314818620821119316112326 828QJ 649215193621299999999999999 057 831316 3399999999999999
 92 74 75 94128167200219216193153108 67 41 36 52 8613117520621720617713826 829QJ 72322020 121799999999999999 127 721345 3599999999999999
 99 72 62 73101141181211221210178135 92 58 43 49 7411415919721721519315526 830QJ 758221202621999999999999999 158 621413 4299999999999999
113 77 57 57 76111153191214215196161120 82 59 55 7010214318321021820417326 831QJ 835217205121899999999999999 231 551443 5499999999999999
132 91 62 50 58 83121161193208203180146110 82 69 75 9612916719721320918726 9 1QJ 914208211821499999999999999 3 6 501512 6999999999999999
152112 77 55 50 64 92128163187195186164135108 91 87 9912215218120120619526 9 2QJ 957195214820799999999999999 344 501543 8799999999999999
169134 99 71 56 56 71 9712815617417817015313211510710912114116518519619426 9 3QJ1048179222219699999999999999 429 54161710699999999999999
179155125 96 74 62 63 75 9612114315716215914913812912512813815116617818426 9 4QJ12 316223 818499999999999999 526 6117 212599999999999999
181169150127103 84 72 69 75 8910712614115115515415014514214114315015816626 9 5QJ1418155999999999999999999999 650 68184514199999999999999
171172167155137116 95 78 68 67 75 9011013014816116616516015114313813814326 9 6QJ 039172162016799999999999999 838 66213213799999999999999
152163171174168153131105 80 62 54 59 7610112915517418217916815113512312026 9 7QJ 25217417141829999999999999910 6 54224912099999999999999
127142161178188185169141107 74 50 40 46 6810113817019019618716614011710326 9 8QJ 41918917521969999999999999911 7 40233610199999999999999
102114138167192205201180145102 64 38 30 42 72113156189206204185154121 9526 9 9QJ 5182051824207999999999999991154 30999999999999999999999
 83 87108141178206219210182139 92 53 30 28 49 88134177206215203173134 9826 910QJ 6 7219185421599999999999999 015 821234 2699999999999999
 74 67 80110151190218225210175127 80 45 30 38 6711216019821821519115210926 911QJ 650226192222099999999999999 051 671310 3099999999999999
 75 57 58 80118162201223223200160112 71 45 40 58 9514118421322020417012626 912QJ 730226194822099999999999999 125 551342 3999999999999999
 85 57 48 59 88130173206220211183142100 68 53 60 8612516820221721118414426 913QJ 8 7220201221899999999999999 158 481411 5399999999999999
101 66 47 47 67101143180204208193163126 92 72 70 8511515318820921119316026 914QJ 843209203521399999999999999 229 451438 6899999999999999
119 81 55 46 55 80115152181195192173144115 93 84 9111214217419820619617126 915QJ 917196205820699999999999999 259 4615 3 8499999999999999
136 99 70 53 53 68 9512715617618117315513211110010011313516118319619417726 916QJ 953181212219799999999999999 331 511528 9899999999999999
150118 88 68 60 65 8210613215316516515714212711611211713115016818218517726 917QJ1033166214718599999999999999 4 5 59155411299999999999999
159134108 87 74 71 78 9311213014415115114613813012512613214215516617217026 918QJ1130152221917299999999999999 447 70162512599999999999999
161146127109 93 84 82 87 9710912213314014314314113913713714014415115615826 919QJ1335144231015899999999999999 548 82173013799999999999999
157151142130116104 95 89 89 9310111212313414314915115014714213913813914326 920QJ16 8151999999999999999999999 736 88205313899999999999999
147150150147139127114100 89 83 83 9010311913715116116315915013913012512626 921QJ 140150165216399999999999999 926 82222212499999999999999
132141151158158151137118 98 81 71 72 8210112514816617517316214512711410926 922QJ 3341591720175999999999999991028 7023 010999999999999999
114126144161172172161141114 87 67 59 63 81108139166183186176155130107 9526 923QJ 43317317441879999999999999911 9 582331 9399999999999999
 95107129155177188184166137103 72 53 50 63 90126161187197191169138107 8526 924QJ 51618818 7198999999999999991143 49999999999999999999999
 76 85108140172195202191163125 87 57 43 49 72109150185204204185152113 8126 925QJ 554202183020799999999999999 0 0 761214 4399999999999999
 62 63 82116155190210210189153110 72 47 42 58 91135176205214201169127 8526 926QJ 630212185421499999999999999 029 601244 4299999999999999
 55 45 56 86128172205218210181139 96 62 46 52 77117162199218214188146 9826 927QJ 7 7219192021999999999999999 1 0 451315 4699999999999999
 58 36 35 56 95143186213219202167125 85 60 55 7010214518621322020316711926 928QJ 744220194622099999999999999 132 321346 5499999999999999
 73 39 25 34 63107155193213210188152114 83 68 72 9412916820121721118514326 929QJ 824214201421899999999999999 2 6 251417 6799999999999999
 95 54 28 23 40 74118161192204196172140109 88 83 9411815118420621019516426 930QJ 9 5204204421199999999999999 243 231449 8399999999999999
122 79 46 29 30 50 841241591821881791581331121001021151381651882001961772610 1QJ 952188211720199999999999999 324 271523 9999999999999999
146109 74 49 38 42 61 901231501671711641491331201161201321491681821871802610 2QJ1049171215618799999999999999 412 3716 211699999999999999
162136107 80 60 51 54 69 901151361501561551481401331301321391491601681712610 3QJ1217156225417199999999999999 514 5117 613099999999999999
166155137115 93 75 65 63 70 841021211371491551551511451401361351381441512610 4QJ1433155999999999999999999999 644 62194213599999999999999
157160156146130110 90 74 64 64 74 901111331511631661631531401291211201252610 5QJ 056160155916699999999999999 831 63214111999999999999999
137150161166161147124 99 76 60 56 64 83110138162176179170152131112100 992610 6QJ 3 2166164317999999999999999 951 562238 9899999999999999
109128150170180177160133101 72 52 48 59 85118152178191187169142113 89 772610 7QJ 4181811718191999999999999991047 482319 7799999999999999
 80 98126158183195190167133 95 64 46 45 64 97136172195200187159123 89 652610 8QJ 5131951748201999999999999991131 432355 5899999999999999
 58 68 96133170196205195166126 86 57 44 51 78117158191207202177139 97 632610 9QJ 55820518162079999999999999912 8 44999999999999999999999
 45 45 66102145183206209191156115 78 54 50 66100142181205210192157113 71261010QJ 639210184221199999999999999 028 421242 4999999999999999
 42 32 42 72114159193209204180142103 72 58 64 89126166197211202174131 86261011QJ 71621019 721199999999999999 1 0 321313 5899999999999999
 49 28 28 49 85130171198205193164127 94 73 69 84114151185205205185149104261012QJ 752205193120899999999999999 130 261341 6999999999999999
 63 34 24 34 63102144178196194176146115 90 80 86107138170195203191163123261013QJ 826197195520399999999999999 159 2414 9 7999999999999999
 81 47 29 29 48 80119154179187179158132107 92 91104127156181195192172139261014QJ 859187202019699999999999999 229 271435 9099999999999999
101 66 42 33 42 64 96130158173174163143122106100105121143166182186175152261015QJ 934175204618799999999999999 3 0 3315 310099999999999999
120 87 60 45 44 57 80109135155163160149133119110110118133151167175172158261016QJ1013163211517599999999999999 333 43153310999999999999999
135108 82 63 55 58 72 92114134146151148140131122118120127139151160163157261017QJ11 5151215016399999999999999 413 55161211899999999999999
144125104 86 73 68 71 81 96113127137142143139134130127127130136143148149261018QJ1234143224414999999999999999 5 6 67172812699999999999999
145136123108 94 84 78 78 84 94107119131140144145142137131127125126130135261019QJ1440145999999999999999999999 629 7720 312599999999999999
139140137129118105 92 83 78 80 88100116132145153155150141129118112112117261020QJ 047140154515599999999999999 815 78213511199999999999999
126135143145140129113 96 81 73 73 81 98119141158166165154136117102 94 95261021QJ 249145162116799999999999999 930 712220 9399999999999999
106123140154159153138116 93 74 64 66 80103131157174178169149122 97 79 74261022QJ 3591591650179999999999999991021 632254 7499999999999999
 82101127152169174164142113 84 64 56 64 85117150176189185165134 99 70 54261023QJ 44817417161909999999999999911 1 562326 5399999999999999
 56 74104139169186187170140105 75 56 54 70100137172194199183151110 70 42261024QJ 5311891744200999999999999991137 532359 3399999999999999
 33 43 72113154186200194169134 96 67 54 60 83120160192207200172129 82 42261025QJ 6122001812207999999999999991212 53999999999999999999999
 19 17 39 78125169199207194164125 88 64 59 72103143181206210192154104 55261026QJ 653207184221299999999999999 033 151248 5899999999999999
 18  3 11 41 87138180204206188154116 85 68 70 90124163196212205177132 80261027QJ 735208191321299999999999999 1 9  21323 6799999999999999
 34  4 -3 13 50 98147184202198176144110 86 78 86110144178202208193158111261028QJ 819203194720999999999999999 148 -414 0 7899999999999999
 62 22  0  0 22 60107151181192185164135109 93 91103127157184199197177141261029QJ 9 6193202420199999999999999 230 -21439 9099999999999999
 97 54 22  7 11 34 70112148171179171153131112102104116137161180189183161261030QJ 95817921 518999999999999999 316  6152210299999999999999
129 91 56 31 20 26 46 77111140159165160147131118112114123139156169174168261031QJ11 0165215717499999999999999 4 8 20161711299999999999999
150124 94 66 45 36 40 56 801071311471551541461361261191171221311431531582611 1QJ1222155231215999999999999999 512 36174611799999999999999
156145127104 80 62 51 51 61 791011231411521551511421301201131111161251362611 2QJ1355155999999999999999999999 632 50194611199999999999999
146150147135117 96 76 62 57 62 77 98121141156162158146130113100 94 971072611 3QJ 1 515015 616299999999999999 8 1 572113 9499999999999999
123139150154147131108 86 68 59 62 76 99126149165170163146122 99 81 73 772611 4QJ 250154155417099999999999999 916 592210 7399999999999999
 93115139157164159141116 89 69 59 63 80107137162177178163138107 79 59 532611 5QJ 4 51641632179999999999999991014 592254 5399999999999999
 63 85115145166175167146117 88 67 60 68 90121153176186179156122 86 56 392611 6QJ 5 117517 51869999999999999911 0 602331 3699999999999999
 38 55 86122156177182170145113 84 66 63 77104138169188190173140100 62 342611 7QJ 5481831735191999999999999991140 62999999999999999999999
 23 31 57 94135167185185167138105 80 67 71 91123157183193185158119 75 392611 8QJ 62918818 419399999999999999 0 5 231216 6799999999999999
 18 15 33 66108149177189182159128 97 77 72 84109142172191191172137 94 522611 9QJ 7 6189183219399999999999999 037 141249 7299999999999999
 22  9 17 43 82125161183186173146116 91 78 81 99127158182191181154114 71261110QJ 74218719 019199999999999999 1 8  91320 7799999999999999
 34 12  9 26 58 99139169182178160133106 88 83 93115143170186185166133 92261111QJ 815183192818899999999999999 138  81350 8399999999999999
 52 23 11 17 41 76115149171176166145120100 89 91106129155175182173148113261112QJ 849176195718299999999999999 2 9 111420 8899999999999999
 74 41 21 17 31 58 93127154167166152132112 97 93100117139160173173158130261113QJ 924168202917599999999999999 242 171452 9399999999999999
 96 63 38 26 29 47 74106134153159154140123108 99100109126144159166160142261114QJ10 215921 316699999999999999 317 251527 9899999999999999
116 86 59 41 36 43 62 87113135148151145133119108103106115128143153155147261115QJ1047151214315599999999999999 355 36161210399999999999999
129106 82 62 49 47 56 73 95116133143145140131120111107108115125135142143261116QJ1145146223614499999999999999 440 47171810799999999999999
136122104 84 68 59 58 65 80 98116132141144141133123113107105108115124132261117QJ1258144235813499999999999999 537 57185210599999999999999
134131121107 91 77 68 65 70 82 99117133144149146137124111100 94 95102113261118QJ14 8149999999999999999999999 650 652021 9499999999999999
124131133127116100 85 73 68 71 82100120139152157152139120101 85 77 78 88261119QJ 14413315 215799999999999999 8 8 682123 7699999999999999
104121135142139127109 91 75 68 71 83104127149163166156136109 83 63 55 59261120QJ 311142154316799999999999999 915 6822 9 5599999999999999
 76100126145155152138116 93 75 67 71 87112140163176173155126 91 59 38 32261121QJ 4161551621177999999999999991010 662250 3299999999999999
 43 69102135160170164146119 92 73 66 74 95125155178186175148109 67 32 13261122QJ 5 91701657186999999999999991059 662330 1099999999999999
 13 32 67109148174182173149118 90 72 68 80106140171190191172135 89 43  8261123QJ 5581821733193999999999999991143 67999999999999999999999
 -7  0 28 71119159185190176148115 88 72 73 90120155184198191164120 68 21261124QJ 645190181219899999999999999 011 -81227 7199999999999999
-10-20 -5 30 78128168190191173143111 86 75 81102134168193200186152104 51261125QJ 733193185220099999999999999 054-201310 7599999999999999
  7-20-23 -3 36 87135172189186166137107 87 81 90113145175195197177140 91261126QJ 821190193519899999999999999 139-251354 8199999999999999
 41  1-20-18  5 46 95139170183177157130105 89 86 98121150176191188166129261127QJ 910183202119299999999999999 226-221440 8699999999999999
 82 37  4-12 -7 18 57101140166174167148124103 91 91103124149171182176155261128QJ10 1174211118299999999999999 315-131531 9099999999999999
120 79 41 13  2  9 33 68106139159165158141121103 93 93103121142160168163261129QJ105516522 816899999999999999 4 7  21631 9299999999999999
144115 81 50 28 19 27 47 78110137154159152137119103 93 91 98112130145153261130QJ1154159231615499999999999999 5 2 191744 9199999999999999
151137115 88 62 44 37 43 61 86113136151155150136118102 89 84 87 991141292612 1QJ1255155999999999999999999999 6 3 3719 7 8499999999999999
140142134118 97 76 60 54 57 72 93117138152156150136116 97 81 73 73 83 992612 2QJ 043142135515699999999999999 7 9 532027 7299999999999999
116130138136125108 89 74 66 68 80 99122142155159151134111 88 69 57 57 682612 3QJ 219138145015999999999999999 819 662132 5699999999999999
 86108127139141133118 99 83 74 75 86105128148161162151130102 74 53 41 422612 4QJ 343142153716399999999999999 925 732224 4099999999999999
 56 80106130146150142125105 88 78 79 92112136156166164147120 88 57 35 262612 5QJ 4491501619167999999999999991023 7723 7 2699999999999999
 32 51 81112139155157147127105 88 79 83 98121145164170162139106 70 39 192612 6QJ 5401581657170999999999999991113 792345 1499999999999999
 15 27 54 89123150164162147125102 85 79 87106131155171171156126 89 51 212612 7QJ 6241651733173999999999999991155 79999999999999999999999
  7 10 30 63102137161169162143118 95 81 81 93116143165175168145110 69 332612 8QJ 7 216918 817599999999999999 020  61233 7999999999999999
  8  1 12 40 78118150168170157133108 88 79 84102128154172175161131 91 512612 9QJ 737171184117699999999999999 053  113 8 7999999999999999
 18  0  2 21 55 95132159170165147121 97 82 80 91113139163175170149114 73261210QJ 810171191517599999999999999 126 -21340 7999999999999999
 35  8 -1  9 35 72111144164167156134109 89 80 84100124149168173161134 97261211QJ 842168194917399999999999999 159 -11412 7999999999999999
 57 24  6  5 22 52 90126152164160144121 99 84 80 90109133156168166148118261212QJ 914164202316999999999999999 232  31445 8099999999999999
 80 45 19  9 16 38 71106136155160150132110 91 82 83 96117139157163155134261213QJ 948160205816399999999999999 3 6  91521 8199999999999999
102 68 38 20 18 31 56 88119143155154141122102 88 82 87101120140153154142261214QJ1023156213715599999999999999 340 1716 2 8299999999999999
119 90 60 38 27 30 47 72102129147153148134115 97 85 82 88102119136145143261215QJ11 1153222214699999999999999 416 271651 8299999999999999
130109 83 60 43 38 45 62 87113135148151144129111 94 83 80 85 97113127135261216QJ1145151232113699999999999999 456 381752 8099999999999999
134123105 84 65 53 50 58 75 97120139149150142126107 89 77 72 76 87103117261217QJ1235151999999999999999999999 544 5019 3 7299999999999999
127128121107 91 75 65 63 69 84104125142151151142124103 82 67 60 62 74 91261218QJ 040129133015299999999999999 644 622014 5999999999999999
108122129126117102 87 76 73 77 90109129146155154143122 96 71 51 42 44 58261219QJ 215129142715699999999999999 757 732118 4199999999999999
 79103123135137130115 99 86 79 82 93112133151161159145119 87 56 32 21 25261220QJ 342138152216299999999999999 914 792215 2099999999999999
 42 70101128146151144127108 91 82 83 95116139159169165146114 75 38 11  0261221QJ 4531511614170999999999999991023 8123 7  099999999999999
  7 31 66104137158164155136112 92 82 83 97121147169178171146107 62 20 -8261222QJ 55216417 5178999999999999991123 812358-1899999999999999
-18 -6 24 66111148170174162139112 90 79 83100127156179186175144 99 49  5261223QJ 6451751755186999999999999991216 79999999999999999999999
-23-30-13 23 71119157178179163136107 85 76 83103134165187192176140 90 38261224QJ 734181184419299999999999999 047-3013 5 7699999999999999
 -6-32-34-12 29 79128165182179159129 99 79 73 83107140171191193172133 81261225QJ 820183193419599999999999999 135-361353 7399999999999999
 29-12-32-29 -4 40 91138169181173150119 91 73 71 84110143173190188165124261226QJ 9 5181202319299999999999999 223-341440 7099999999999999
 73 25-10-25-17 12 56105146171177164138108 83 69 69 84111143170183177153261227QJ 947177211318499999999999999 3 9-251529 6799999999999999
114 68 26 -1 -9  3 34 76119152170169153127 98 76 65 68 84109138161170163261228QJ102817222 417099999999999999 354 -91619 6599999999999999
139104 66 33 14 12 27 57 94130155165160142116 91 72 63 66 81104129147153261229QJ11 9166225915399999999999999 437 111714 6399999999999999
146127 99 69 45 34 36 52 79110138155159151132109 86 69 61 63 76 95115130261230QJ1150160235913699999999999999 521 331816 6099999999999999
136132117 97 76 61 55 60 75 98123143154154144125103 81 64 56 57 67 83101261231QJ1231155999999999999999999999 6 4 551924 5599999999999999
