 57 84110129139140133122113107107113123135143145136116 87 55 25  4 -4  226 1 1QO 432140144014599999999999999 93110622 3 -499999999999999
 23 53 86116138148148139126114106105112125139148149137114 81 45 12 -9-1626 1 2QO 52614915341509999999999999910341052253-1699999999999999
 -6 20 54 91123144153149137122108101102112128143153152138110 74 35  3-1726 1 3QO 61115316251549999999999999911211002340-2199999999999999
-20 -6 24 62 99129148153145130113100 94 99113131147156152134104 66 28 -326 1 4QO 65115317141569999999999999912 2 94999999999999999999999
-19-17  3 36 74109135149148137119102 90 88 97114133148155148127 96 58 2326 1 5QO 72815018 115599999999999999 023-201240 8899999999999999
 -2-12 -4 19 53 89119140146140125106 90 82 84 96114132146149139117 86 5226 1 6QO 8 0146184614999999999999999 1 3-121318 8299999999999999
 23  5  2 15 41 73105129141141130112 94 81 76 82 95112129139139127106 7826 1 7QO 829143193014099999999999999 140  11358 7699999999999999
 50 28 18 22 39 65 94119135140134119101 85 74 73 80 93109122128126115 9626 1 8QO 855140201612999999999999999 214 181441 7299999999999999
 73 53 40 37 46 64 88111129137136125109 92 78 70 70 77 8910211211611410426 1 9QO 92013821 811699999999999999 244 371530 6999999999999999
 90 74 62 55 58 69 87106123134136130117101 86 74 67 68 73 83 9310110510426 110QO 945136221910599999999999999 313 551629 6799999999999999
 98 90 81 74 73 78 89104118129134132124111 96 82 71 64 63 67 74 83 91 9726 111QO1014134999999999999999999999 342 731742 6399999999999999
 99 99 95 91 89 90 95103113123129131128119108 93 79 67 59 56 58 64 74 8426 112QO 015100105213199999999999999 418 8919 2 5699999999999999
 93100104105104102103105110116122126128125117106 91 75 61 50 46 47 55 6726 113QO 247105114912899999999999999 5271022014 4699999999999999
 81 95106113116115112109109111115120124126125117104 87 68 51 39 34 37 4826 114QO 4 511613 812799999999999999 74210921 8 3499999999999999
 64 83102116123125121115110107107111118124128127118102 81 59 39 26 22 2926 115QO 444125141612999999999999999 9241072152 2299999999999999
 44 66 90111125131130122113105101103109119128133130118 97 72 46 25 13 1326 116QO 51513215 91339999999999999910151012231 1199999999999999
 25 47 74100121133136129118106 97 95100110124134138131114 89 59 31 11  326 117QO 5431361553138999999999999991050 9523 6  399999999999999
  8 27 55 85112131139135124109 96 89 90100115131141142130107 77 45 17  026 118QO 6111391633143999999999999991121 882339 -399999999999999
 -2 11 36 68 99124138140131115 97 85 82 88104122138146142125 97 63 31  626 119QO 6371411711146999999999999991150 81999999999999999999999
 -5  0 20 51 84114135142137122102 85 76 78 90109129144148139116 85 50 2026 120QO 7 4142174914899999999999999 011 -51221 7599999999999999
  1 -3 10 36 70102128142142129110 89 74 69 76 93115134146145131106 73 4126 121QO 730143182814799999999999999 043 -31254 6999999999999999
 16  4  9 28 57 90119138144136119 96 77 65 65 77 96118136144139122 95 6526 122QO 75514419 914499999999999999 114  41330 6499999999999999
 37 20 16 27 50 80110132143141127106 83 66 59 63 77 97118133137130113 8826 123QO 820144195413799999999999999 145 1514 9 5999999999999999
 62 42 32 35 50 74101125140143134116 94 73 58 54 60 76 9511312512812110526 124QO 846143204712899999999999999 216 311454 5499999999999999
 86 67 54 50 58 74 96118134141138125105 84 65 53 50 57 71 8810411411811326 125QO 911141215411899999999999999 249 501547 5099999999999999
103 89 78 71 72 81 95112127137138131117 98 78 60 49 46 50 62 76 9110210826 126QO 939138233810999999999999999 323 711655 4699999999999999
109105 99 93 91 93100110121130134133125112 95 76 58 45 39 41 49 62 76 9026 127QO1015135999999999999999999999 4 4 911819 3999999999999999
102109112112110108109112117123127130129123112 96 77 57 41 30 27 33 46 6326 128QO 220112111613099999999999999 5181081949 2799999999999999
 82100114122125124121117115116118122127129127117101 80 56 34 19 13 17 3226 129QO 4 812513 312999999999999999 82311521 4 1299999999999999
 54 79103122133136133125117111109111118127133134125107 81 52 25  6 -2  526 130QO 454136143313499999999999999 95810822 3 -299999999999999
 24 52 83111132142142134121109100 99105117131141142132110 79 45 15 -5-1126 131QO 5291431539143999999999999991043 982251-1199999999999999
  0 24 58 92122141147142128110 95 88 89101119137148149135109 74 37  6-1226 2 1QO 6 01471633150999999999999991119 872333-1599999999999999
-13  4 34 71106133147147134115 95 80 76 84101123143153151133103 65 28  126 2 2QO 6291481720154999999999999991152 76999999999999999999999
-11 -5 18 52 89121142148140121 98 78 67 68 82104128146154147126 93 56 2326 2 3QO 65514818 315499999999999999 010-121224 6699999999999999
  2 -2 12 40 75109135147144128105 81 64 58 65 83107130146149138114 82 4926 2 4QO 718147184415099999999999999 043 -21257 5899999999999999
 24 12 17 37 67100127143146134113 88 66 54 54 66 87110130141139125101 7326 2 5QO 740147192414299999999999999 113 111330 5299999999999999
 47 31 29 41 64 93120139146139121 97 73 55 49 54 69 90110126132127112 9126 2 6QO 75914620 413299999999999999 139 2814 4 4999999999999999
 68 52 45 51 67 91115134144141128106 83 63 50 49 57 72 9110711812111410126 2 7QO 818144204612199999999999999 2 3 451440 4899999999999999
 85 70 62 63 73 91111129140141132115 94 73 58 50 51 60 74 8810110810910426 2 8QO 836141213811099999999999999 225 611522 4999999999999999
 95 85 78 77 82 93108123134137132121104 85 69 57 52 53 61 71 83 92 9810026 2 9QO 85613723 310099999999999999 244 771616 5299999999999999
 99 95 92 90 92 98108118126131130123112 97 82 69 59 53 53 57 65 74 82 9026 210QO 918131999999999999999999999 259 901733 5399999999999999
 95 99101101102105109114119122123121116107 96 83 71 60 52 49 50 55 64 7426 211QO 9491239999999999999999999991916 49999999999999999999999
 86 96104109112112112112113114115116116113108 99 86 72 58 47 40 39 44 5526 212QO11291169999999999999999999992040 38999999999999999999999
 70 87102113119120118113109106105107112115117113103 88 70 52 36 27 27 3526 213QO 445120134711799999999999999 9401052133 2699999999999999
 52 73 94112123127124116107 99 96 97104113121124119107 87 63 40 23 15 1826 214QO 5 21271457124999999999999991013 962214 1499999999999999
 32 55 81105123132131122109 96 87 86 93105119130132124106 81 52 27 10  526 215QO 5231331546132999999999999991039 862249  599999999999999
 15 37 66 95120134137129113 96 81 75 80 93112129139139126102 71 39 14  026 216QO 54413716281419999999999999911 6 752321 -199999999999999
  3 21 49 82112133142136120 99 79 67 66 78 98121139147142123 93 59 27  526 217QO 6 614217 8148999999999999991133 652351 -199999999999999
 -1 10 35 69103129144143129106 81 62 54 61 79105130147151141116 83 48 2026 218QO 62814517481529999999999999912 3 54999999999999999999999
  5  7 26 57 92123143148138116 88 62 47 46 59 84112137151150135107 73 4226 219QO 650148182915399999999999999 022  41235 4499999999999999
 20 14 25 50 82114138149145126 98 69 46 36 42 61 89117139149144126 98 6826 220QO 712150191114999999999999999 052 1413 8 3699999999999999
 43 30 32 49 76106132147148135110 80 52 35 31 42 64 92118136142135116 9226 221QO 734150195714299999999999999 121 291345 3099999999999999
 68 52 47 56 75101125142148140121 93 64 41 29 30 43 66 9111412813112410926 222QO 755148204813199999999999999 150 471426 2899999999999999
 90 75 67 69 81 99120136144142129107 81 56 37 29 32 45 64 8610411511811426 223QO 817145215411899999999999999 218 661515 2999999999999999
105 94 87 85 91102116129138139132117 97 75 54 39 32 34 43 58 75 9010110726 224QO 839140234710899999999999999 243 851618 3299999999999999
108106103101103108115123130132130123111 95 77 59 45 36 34 38 48 61 75 8926 225QO 9 4132999999999999999999999 3 21011751 3499999999999999
100107112114115116117119121122123121118110 99 84 68 51 38 30 29 35 47 6326 226QO 9471239999999999999999999991939 28999999999999999999999
 82 99112121125125122117113111111113116119117109 95 76 55 36 22 17 22 3726 227QO 42312513 811999999999999999 9281102059 1799999999999999
 58 82104121131133127118108100 96 99107117125127120104 80 54 29 13  7 1526 228QO 44213314461279999999999999910 3 962154  799999999999999
 35 62 90115132138134122107 92 83 83 91106123135138129109 80 48 21  5  326 3 1QO 5 51381547138999999999999991033 822237  299999999999999
 16 42 74105129141141129109 89 73 67 73 89110131144146133107 74 41 15  226 3 2QO 52714216361479999999999999911 2 672314  299999999999999
  7 27 58 92122140145136116 91 69 55 55 68 91117139151148130100 66 34 1326 3 3QO 5491451719151999999999999991131 542346  899999999999999
  8 21 47 81113137147142124 97 70 50 43 50 70 98125145152144122 90 57 3126 3 4QO 61014717591529999999999999912 0 43999999999999999999999
 19 23 43 73105132147147132106 76 51 36 36 51 76105131146148135110 80 5226 3 5QO 630149183714999999999999999 015 181229 3499999999999999
 35 32 44 69 99126144149139116 86 57 36 29 37 57 85112133143139123 99 7326 3 6QO 648149191414399999999999999 041 311258 2999999999999999
 53 45 51 69 94121140149143124 97 67 42 29 29 43 66 92116131135127111 9026 3 7QO 7 6149195013599999999999999 1 5 451328 2899999999999999
 71 60 60 72 92115135146144130107 79 53 35 29 35 51 74 9711512512511610126 3 8QO 723147202912699999999999999 128 591359 2999999999999999
 85 74 71 78 92111128140142133115 91 66 46 35 34 43 59 79 9711011511310626 3 9QO 742143211411699999999999999 149 711435 3399999999999999
 95 87 82 85 94107122132137132120101 80 60 46 39 41 50 63 78 9210110510426 310QO 8 0137221910599999999999999 2 8 821517 3999999999999999
100 96 92 93 98106116124129127120108 92 75 61 50 46 47 53 62 73 83 91 9726 311QO 819129999999999999999999999 223 921619 4599999999999999
 99100101101103107111116119119116110101 89 77 66 57 51 48 50 56 64 74 8426 312QO 83712099999999999999999999918 0 48999999999999999999999
 93100106109110110110110110110109108105101 93 84 72 61 51 45 43 46 55 6726 313QO 4481109999999999999999999991951 43999999999999999999999
 81 95107114117116112106102 99 99101105108107101 91 77 61 46 36 32 37 4926 314QO 4 9117132010899999999999999 930 992057 3299999999999999
 66 86104117124123116106 96 89 87 91 99109116117111 97 77 56 37 25 23 3226 315QO 422124144111799999999999999 949 872141 2299999999999999
 50 74 98117129131123109 93 80 74 76 87103118127128118 98 73 47 26 16 1926 316QO 4401311534129999999999999991013 742218 1599999999999999
 34 59 88114131138131115 94 75 62 60 70 89111130140137122 96 66 38 18 1326 317QO 4591381619140999999999999991039 592251 1399999999999999
 23 46 76107131143140125100 74 53 45 50 69 95122142149142121 91 58 31 1726 318QO 52014317 11499999999999999911 7 442323 1699999999999999
 19 37 65 98127145148135110 79 51 33 31 45 72104133151155142117 85 53 3126 319QO 5411481744155999999999999991138 302355 2499999999999999
 24 34 58 89120143152144122 90 56 30 18 24 46 78112140155154138111 80 5326 320QO 6 31521827157999999999999991210 18999999999999999999999
 39 40 56 82112138152151133103 68 35 14  9 22 50 84117142153148130104 7826 321QO 626153191315399999999999999 027 371245  999999999999999
 59 53 61 80106131148153142118 84 49 21  6  8 26 55 8811713714413812210026 322QO 64815320 114499999999999999 057 531323  599999999999999
 82 71 72 83102124142150146129101 68 38 16  7 13 32 59 8811212813212711426 323QO 711150205613299999999999999 127 7014 5  799999999999999
100 89 86 90103119134143144134115 88 60 35 19 14 21 37 60 8310211411911726 324QO 73414522 811999999999999999 155 861455 1499999999999999
110103 99100106115126134137133122104 83 60 41 29 24 28 40 56 74 9010110926 325QO 757137999999999999999999999 221 9916 1 2499999999999999
111111110110111114119123126126121113100 85 68 52 40 33 32 38 49 63 78 9226 326QO 020111 82312699999999999999 2411101736 3299999999999999
104112116118117116114113113113113112110104 94 80 65 50 39 33 34 42 55 7226 327QO 3181189999999999999999999991921 32999999999999999999999
 90106117123124120113106100 97 98103109113112106 93 75 56 40 30 28 37 5326 328QO 336124132811399999999999999 910 972038 2899999999999999
 74 96114126130126115102 90 82 81 87 98111121124117102 80 57 37 26 26 3826 329QO 357130145112499999999999999 939 802130 2499999999999999
 58 84108126135133121103 85 70 64 68 81 99118131134125106 80 54 34 25 2926 330QO 41813515471349999999999999910 8 642210 2599999999999999
 46 72 99123137139129109 85 64 51 49 60 81106127141141128105 76 50 33 2926 331QO 4391401633143999999999999991036 482245 2999999999999999
 40 63 91118137144137118 91 64 43 35 41 60 87115137147143126 99 71 48 3626 4 1QO 5 014417141479999999999999911 5 352316 3699999999999999
 40 57 84112135147144128100 69 43 27 26 41 66 97125143149140119 92 66 4926 4 2QO 5201481752149999999999999991133 252344 4599999999999999
 46 57 79106131146149136111 79 48 26 17 25 47 76107132146146132110 85 6526 4 3QO 53915018291489999999999999912 1 17999999999999999999999
 56 60 77101125143150142121 91 58 30 15 16 31 57 88116136144138122101 8026 4 4QO 55815019 414499999999999999 010 561229 1399999999999999
 68 67 77 97119138148145129102 70 41 20 13 21 41 69 98121135137128112 9426 4 5QO 618149194013899999999999999 035 651257 1399999999999999
 80 74 80 94113131143145134112 84 54 30 17 18 31 53 7910312113012811810326 4 6QO 638146201813099999999999999 1 0 741328 1699999999999999
 90 83 84 93107123136141135120 96 69 45 28 21 27 42 63 8510411712111710926 4 7QO 65914121 112199999999999999 124 8214 2 2199999999999999
 99 91 89 94103116127134132123105 83 61 43 32 30 36 50 68 8610010911211026 4 8QO 722134215811299999999999999 149 891443 2999999999999999
104 99 96 97102110118124126121110 95 77 60 47 39 38 44 55 68 82 9410210626 4 9QO 745126234010699999999999999 215 961537 3899999999999999
106105103102103106110114116115110102 90 77 64 54 47 44 47 54 65 76 88 9726 410QO 813116999999999999999999999 2561021657 4499999999999999
104108110109108106105105105106106104100 93 83 72 61 52 46 46 50 59 72 8626 411QO 2 9110 92710699999999999999 6411041839 4599999999999999
 99109115117114109102 97 93 93 96100103104101 93 81 67 54 44 41 45 56 7226 412QO 252117124410499999999999999 833 931958 4199999999999999
 90106119124123115103 91 82 78 81 89100109114112103 88 70 52 40 37 43 5826 413QO 317124141611499999999999999 9 5 782052 3799999999999999
 79100119130132124108 90 73 64 63 72 87105120127125112 92 69 49 37 36 4726 414QO 339132151512899999999999999 934 622136 3599999999999999
 67 92116133139134117 94 70 51 44 50 67 91115133141135118 94 68 47 37 4126 415QO 4 213916 51419999999999999910 4 442215 3799999999999999
 57 82109132145143128102 72 45 29 27 41 67 98126146151142121 94 67 49 4426 416QO 4251461653151999999999999991036 262252 4399999999999999
 53 74101128146151140116 82 48 21  9 15 38 71106136154157144121 93 69 5526 417QO 4501511740158999999999999991110  92328 5499999999999999
 56 70 94121143154150130 98 60 25  2 -3 10 39 76113142157156142118 93 7426 418QO 5151551827159999999999999991147 -3999999999999999999999
 66 72 90114137152155142115 79 40  9 -8 -7 12 44 82117142154151136114 9426 419QO 541156191715499999999999999 0 4 661226-1099999999999999
 82 80 90108129146155150130100 62 27  1-10 -4 18 50 8511613714514112811226 420QO 6 915520 914699999999999999 038 7913 8-1099999999999999
 98 91 94105121137148150139117 86 53 23  3 -3  5 26 55 8511112813413112226 421QO 63815121 913499999999999999 113 911355 -399999999999999
111103101105115127138143140127106 79 51 27 12  8 16 34 58 8210311712412326 422QO 710143222312499999999999999 1491001449  899999999999999
118112108108111118125131133128117100 78 56 38 25 22 27 40 58 78 9610911626 423QO 747133999999999999999999999 2361071555 2199999999999999
119118115112110111113116119120117110 99 84 67 51 39 34 35 44 58 75 9110526 424QO 0 3119 84512099999999999999 4191101717 3399999999999999
115120120117112107103101102104108109108103 93 79 64 51 43 41 47 59 75 9226 425QO 135120111411099999999999999 7121011843 4199999999999999
108119124123117108 98 90 85 86 91 99107112111104 91 75 60 49 45 51 63 8126 426QO 222124132411299999999999999 822 851954 4599999999999999
 99116126129125113 98 83 72 68 71 82 96110119121114100 81 64 53 50 56 7126 427QO 253130144312199999999999999 9 2 682048 4999999999999999
 91111127135133121103 82 64 53 52 62 78 98117128130121104 84 66 56 55 6626 428QO 319135153913099999999999999 936 522132 5499999999999999
 84105125137140131112 87 63 45 37 42 58 81106126137136124105 84 68 60 6426 429QO 34314016261389999999999999910 7 372210 6099999999999999
 78 99121137145140123 97 68 43 28 26 38 61 89116135143139124103 83 70 6726 430QO 4 614517 8144999999999999991037 252244 6799999999999999
 76 93115135146146133108 77 47 25 16 22 42 70100126143146137120 99 82 7326 5 1QO 42914817461479999999999999911 6 162315 7399999999999999
 76 89109130145149141119 89 57 29 13 11 25 50 82112135146144132113 94 8226 5 2QO 4521491822147999999999999991135 102344 7999999999999999
 79 87103123140149145129102 70 38 16  7 14 34 62 94121139144138124106 9126 5 3QO 51514918581449999999999999912 4  7999999999999999999999
 84 87 99116133145147136114 84 52 26 10  9 22 45 7510312613813913011510026 5 4QO 539148193314099999999999999 013 841235  799999999999999
 90 88 95109125138144140123 98 68 40 19 11 16 32 57 8510912613313112010726 5 5QO 6 5144201113499999999999999 041 8813 8 1199999999999999
 96 91 94103116130138139129110 84 57 34 20 17 26 44 68 9211112412712211326 5 6QO 632140205312799999999999999 111 911344 1699999999999999
103 96 95 99109120130133130117 97 74 51 34 25 26 36 54 74 9511011912111726 5 7QO 7 2133214412199999999999999 144 941425 2499999999999999
109102 98 99103111119125125119107 89 70 52 39 33 35 45 60 78 9510811611726 5 8QO 736126225011899999999999999 226 981514 3299999999999999
115109104101101103108113117116111101 87 71 57 46 41 43 51 64 80 9510711526 5 9QO 824117999999999999999999999 3371011615 4199999999999999
118117112107102 99 98101104108109106100 90 77 65 54 48 48 55 67 82 9711026 510QO 0 7118 95310999999999999999 537 981730 4799999999999999
119123121115106 98 91 87 89 93100105108105 98 87 74 62 54 52 58 70 8510226 511QO 11012312 510899999999999999 713 871845 5299999999999999
117126129125114100 86 76 72 74 83 95106114116110 99 84 69 59 56 62 75 9326 512QO 153129134411699999999999999 8 7 721950 5699999999999999
111126135134125108 87 69 56 53 60 75 94112125129123110 92 75 64 61 68 8426 513QO 227136145512999999999999999 848 532046 6199999999999999
104123137142136119 95 68 46 34 35 48 71 97121137142135119 99 81 69 68 7826 514QO 258142155314299999999999999 927 332136 6799999999999999
 96117136147147133108 77 46 23 13 20 41 71103131148152143125104 86 76 7826 515QO 32814916471529999999999999910 6 132222 7599999999999999
 90110131147154146125 93 57 24  3 -2 10 38 73109138155157147128107 91 8426 516QO 4 01541739158999999999999991047 -323 6 8499999999999999
 88103123143155156142114 77 38  7-11-11  7 39 77114142157158146127108 9526 517QO 4331571832159999999999999991130-142348 9299999999999999
 92 99115134151158153134102 63 25 -4-17-12  9 43 8111614215415314112410926 518QO 5 81581924155999999999999991215-18999999999999999999999
100100109124141154156147124 91 53 19 -6-15 -7 16 49 8511613814814513512126 519QO 545157201814899999999999999 030 9913 2-1599999999999999
109103105115129142151150138115 83 49 20  0 -5  4 26 56 8711413214013712826 520QO 626152211314099999999999999 1141031352 -599999999999999
117108105108116128138143141128107 80 51 27 12  8 18 38 64 9011212713313026 521QO 712144221113399999999999999 2 31051445  899999999999999
123114107104106113121129133130120103 81 58 38 26 24 33 50 72 9411212412826 522QO 8 713323 912899999999999999 3 61041542 2499999999999999
126120112105101100104110117121120114102 85 67 52 42 40 47 61 80 9811412426 523QO 924121999999999999999999999 4331001642 4099999999999999
127125118109100 93 90 92 97104110113111104 92 78 66 57 55 60 73 8810511826 524QO 0 5127111211399999999999999 6 8 901746 5599999999999999
127129126117105 92 82 77 78 83 92102110113110102 90 78 69 67 72 83 9711226 525QO 05312913 211399999999999999 724 771850 6799999999999999
125132132126113 97 81 68 62 64 72 85 99111118118111100 88 79 77 82 9210726 526QO 134133142811999999999999999 818 621951 7799999999999999
121132137135123106 85 66 53 48 53 65 83102117126126119107 95 86 84 9010126 527QO 2 9138153112799999999999999 9 0 482046 8499999999999999
116130140141134117 94 70 50 38 36 46 64 87109126135133124111 98 90 90 9726 528QO 242142162213599999999999999 937 362134 8999999999999999
110125138145142128106 79 53 34 25 29 45 69 95119135142137126111 99 93 9526 529QO 31314517 4142999999999999991011 252216 9299999999999999
104119134145147138119 92 62 37 21 18 28 49 77106129142145137124109 98 9426 530QO 3441471743145999999999999991044 172254 9499999999999999
100112127141148145130106 75 46 23 12 15 32 58 88116137146144133118104 9626 531QO 4141481819146999999999999991116 112328 9599999999999999
 97105119135146148139119 91 59 31 13  9 18 40 6910012514114513912611110026 6 1QO 4441491854145999999999999991149  8999999999999999999999
 95100111126140148145130106 76 45 22  9 11 26 51 8110913014114113211810526 6 2QO 515148192814299999999999999 0 0 951223  899999999999999
 96 96104117132143146138119 93 63 35 17 10 18 37 63 9211613313913512411026 6 3QO 54814620 413999999999999999 032 951258 1099999999999999
100 95 98108122134142140129108 81 53 30 17 16 28 49 7510112113313512811726 6 4QO 622143204113599999999999999 1 6 951334 1599999999999999
105 97 95101111124134138133119 97 72 48 30 22 26 40 61 8610912513213112326 6 5QO 658138212113399999999999999 144 951412 2299999999999999
112102 96 96102112122130131124110 90 67 48 35 31 37 52 73 9611512713212926 6 6QO 74013222 413299999999999999 231 951453 3199999999999999
120110100 95 95100109117123124117104 87 68 53 43 42 49 64 8410412013013226 6 7QO 834124225013299999999999999 331 941539 4199999999999999
128119108 98 91 90 94101110116118114104 90 75 62 54 54 62 76 9411112513326 6 8QO 949118233713499999999999999 445 901633 5399999999999999
133128117104 92 83 80 83 91100109114114109 98 86 74 67 67 73 8610211813026 6 9QO1130115999999999999999999999 6 1 801735 6699999999999999
136136128114 98 82 70 65 68 78 91105115120118110 99 88 80 78 84 9511012526 610QO 024137131412099999999999999 7 7 651844 7899999999999999
136141138126109 87 67 53 47 52 65 83103119129130124113101 92 89 9310311826 611QO 1 9141144013199999999999999 8 3 471955 8999999999999999
132142145139124100 74 49 33 28 35 53 78104125139142136125111101 9710011126 612QO 152146155014299999999999999 854 2821 2 9799999999999999
125139149150140119 90 58 31 14 10 22 45 7610713214815214613211810710210626 613QO 236151165115299999999999999 944 1022 210299999999999999
117132147155153139112 79 44 15 -2 -3 13 41 7611113815415815013612010910526 614QO 3201561746158999999999999991033 -5225510599999999999999
110123139153159154136106 68 31  2-12-10  9 41 7911514215715914913411910926 615QO 4 61601838159999999999999991122-14234410699999999999999
106113127144157162153132 99 60 23 -4-16-10 12 46 8411914415615514512911526 616QO 4531621926157999999999999991211-16999999999999999999999
106106115130146158160150126 92 55 20 -4-12 -3 21 55 9112314415214913712226 617QO 541161201115399999999999999 0301051259-1299999999999999
109102104115130145155155143120 87 52 22  3 -1 11 36 6810012714314714112826 618QO 631157205314799999999999999 1151021345 -199999999999999
113102 98101112127141148147135113 84 54 29 16 16 29 53 8211013114114213326 619QO 723149213114399999999999999 2 3 981430 1499999999999999
120106 96 93 97107120132139137126107 83 59 41 32 36 50 73 9711913414013726 620QO 81913922 714099999999999999 256 931513 3299999999999999
126112100 91 88 91100111121127126118103 85 68 56 52 57 71 9111112713713826 621QO 923128224213999999999999999 357 881555 5199999999999999
132121107 94 85 81 83 91101110116118113103 91 79 72 71 77 9010612113313826 622QO1044118231913999999999999999 5 6 811639 7099999999999999
137129117102 88 78 73 74 80 90100108113113108100 93 87 88 9310411612813626 623QO1228114999999999999999999999 619 731730 8799999999999999
139136127113 97 82 70 63 64 70 81 9310511411711611110510110010411312213226 624QO 0 1139141211899999999999999 726 63183510099999999999999
138140136125109 91 73 59 52 53 62 75 9210711912512512111410910811011712526 625QO 048140153012699999999999999 823 52195310899999999999999
134140141135122103 82 62 47 41 45 56 74 9511312713413312712011311011211826 626QO 138141162413599999999999999 910 4121 711099999999999999
127137142142133117 94 70 49 35 32 39 55 7810212213614113813012011210911226 627QO 22614317 514199999999999999 951 3122 310999999999999999
120130140145142130109 83 57 36 24 25 37 58 8511113214314513812711610810626 628QO 3101451741145999999999999991029 23224510699999999999999
111122135145148141124 99 70 43 24 16 22 40 66 9512113914714413412110910326 629QO 35114818141479999999999999911 5 16232010399999999999999
104113126140149148137116 87 57 31 15 13 24 47 7710613014414714012711310226 630QO 4291501845147999999999999991140 122352 9999999999999999
 99104117132145151147130105 74 44 21 11 15 32 59 9011813814614413311810426 7 1QO 5 61511916147999999999999991214 10999999999999999999999
 96 97106121137149151142121 93 61 34 16 12 22 45 7410412814314613812410826 7 2QO 542151194614699999999999999 024 951247 1299999999999999
 96 92 97110126141149147134110 81 52 28 17 19 35 61 9011713714614313111526 7 3QO 619150201514699999999999999 058 921320 1699999999999999
100 91 90 98113129142147141124100 72 46 29 24 32 52 7810612914314613812326 7 4QO 659147204514699999999999999 135 891353 2499999999999999
107 93 86 89 99114129139141133116 92 67 47 36 36 49 70 9612013814614313226 7 5QO 742142211514699999999999999 216 861427 3599999999999999
116 99 87 83 86 97112125134134126109 89 69 54 48 53 68 8911213114314613926 7 6QO 833135214614699999999999999 3 3 8315 3 4899999999999999
125108 92 81 77 81 92106119127128121108 92 77 67 65 72 8610512413814514426 7 7QO 937128222014699999999999999 359 771544 6599999999999999
135119102 85 74 70 73 83 97110119123120112101 90 84 83 9010211813214214526 7 8QO11 3123225914599999999999999 5 3 701633 8399999999999999
142131114 96 78 65 59 61 71 8510011212112312011310610110010511412513614326 7 9QO1255123234914599999999999999 614 59173810099999999999999
145140129111 91 70 54 46 46 56 71 9010812213013112812111511311412012913726 710QO1444131999999999999999999999 726 4519 811399999999999999
144146142129110 86 61 42 30 30 40 59 8210612613814314013312512011812212926 711QO 05214716 414399999999999999 833 29204811899999999999999
138147150146132109 81 52 28 15 14 26 49 7810713214715214914012912011712026 712QO 2 015017 315299999999999999 934 1322 311799999999999999
128140151156151135108 76 43 16  1  2 17 45 7911213915415815214012611511226 713QO 3 31561751158999999999999991029 -1225711299999999999999
116128143156162156137106 70 34  6 -8 -4 15 48 8511914515915914913411810726 714QO 4 11621832161999999999999991119 -9234110599999999999999
105113129147161166158136103 64 27  1-10 -2 22 57 9512815116015514112310626 715QO 45516619 91609999999999999912 5-10999999999999999999999
 98 99111130149163167156132 97 58 24  2 -3 10 37 7310913715415714712911026 716QO 545167194215899999999999999 022 971247 -499999999999999
 95 89 94109130149162162150124 90 55 26 11 12 29 58 9212314515515113611626 717QO 634164201215599999999999999 1 2 891326  999999999999999
 97 85 83 91108128146155154140115 84 55 34 26 33 54 8211213615115214212426 718QO 722156203815399999999999999 142 8214 2 2699999999999999
104 87 78 79 89106124139146142128107 82 61 48 47 59 8010512914515214713226 719QO 81114621 315299999999999999 225 771434 4699999999999999
113 94 80 74 76 87102118129134130119102 84 71 66 70 8410312414014914913926 720QO 9 4134212615099999999999999 311 7315 3 6699999999999999
123104 88 76 71 74 84 97109119123120113102 92 85 85 9210512113514514814326 721QO10 8123215214899999999999999 4 5 711531 8499999999999999
132116 99 84 74 69 71 79 8910010911411511210710310010210911913014014414426 722QO1144115222314599999999999999 5 9 6916 310099999999999999
137126112 96 82 71 66 66 72 81 9210211011511711611511411512012613313814126 723QO14 7117231214199999999999999 624 65165511499999999999999
139134123110 94 79 67 60 59 63 73 85 9911112012512612512312212312613013426 724QO1548126999999999999999999999 742 59185912299999999999999
137137133123109 92 75 60 51 49 55 67 8310111712913413513112612212012112626 725QO 031138163213599999999999999 846 4921 612099999999999999
131136138134124108 87 67 50 40 39 48 64 8610712613714113913212311711411626 726QO 15213817 414299999999999999 936 3922 411499999999999999
123132139142137124103 79 56 38 29 32 45 67 9311713514514513812711610910726 727QO 2531421732146999999999999991017 29224010799999999999999
113124136145147139121 96 68 43 26 21 29 48 7610412814414914413211810610026 728QO 3411471758149999999999999991054 21231010099999999999999
103114129143152150137114 85 55 30 17 17 32 58 89118140150149138122106 9526 729QO 4221521824151999999999999991127 152339 9399999999999999
 94102118136151156150132104 72 42 21 13 21 43 74106132149153145128109 9326 730QO 5 11561848153999999999999991158 13999999999999999999999
 86 90104124143156158146123 92 59 32 17 18 33 61 93123145155151136115 9526 731QO 538159191215599999999999999 0 9 861228 1599999999999999
 82 80 90109130149158155139112 80 50 29 21 30 52 8211413915415514412410126 8 1QO 616159193615799999999999999 040 801258 2199999999999999
 83 74 78 92113135151156149129101 72 47 33 34 49 7510513215115815113311026 8 2QO 656156195915899999999999999 114 741327 3299999999999999
 88 73 69 77 94116136149151140120 94 69 51 46 53 72 9812514615715514212126 8 3QO 738151202315899999999999999 150 691357 4699999999999999
 97 77 66 66 76 95116133143142132113 92 74 63 64 75 9511914015315614813126 8 4QO 827144204715699999999999999 231 641427 6299999999999999
109 86 69 61 63 75 92111126134134125111 96 85 81 85 9811513314715415114026 8 5QO 926135211315499999999999999 318 611459 8199999999999999
121100 80 65 58 60 70 8510211512412612211410610010010511612914114815014526 8 6QO1049126214415099999999999999 417 571536 9999999999999999
133116 96 77 62 54 54 61 73 8810311412112412211911711712012713414114514526 8 7QO13 4124223214699999999999999 533 53162911799999999999999
141130115 97 78 61 49 45 48 58 74 9110712112913313313112912812913213714026 8 8QO1526133999999999999999999999 7 3 45185212899999999999999
143141134120101 79 58 42 33 33 43 61 8310612513814414413913312712512613026 8 9QO 0 9143162614599999999999999 827 31211612499999999999999
137144146142128107 80 54 32 19 19 31 53 8110913314815315014012911911411726 810QO 15414617 415399999999999999 933 17221311499999999999999
125138149155151136110 78 47 21  7  9 25 53 8711814315615714913411810610226 811QO 3 91551736158999999999999991025  6225210299999999999999
109123141156164159140110 74 39 13  1  7 29 62 99131153161156140120102 9126 812QO 4 716418 6161999999999999991110  12328 9099999999999999
 92104124146163170162139105 67 32  9  3 16 44 80116144160161148126103 8526 813QO 4581701833162999999999999991149  3999999999999999999999
 78 84102127151167171159133 98 60 30 14 15 34 66101133155162154135109 8626 814QO 545171185816299999999999999 0 3 781225 1299999999999999
 71 70 81104130153166166151123 89 57 34 27 36 60 92124149161159143118 9226 815QO 630168192116299999999999999 037 691257 2799999999999999
 71 62 66 82106131151160156139113 83 59 46 47 62 8811714215816015012810226 816QO 713160194116199999999999999 112 621325 4499999999999999
 78 62 58 67 85108130145150143127104 82 67 63 71 8911313715416015413711326 817QO 75515020 016099999999999999 148 581351 6299999999999999
 88 69 58 59 70 88108126136138131117100 86 80 82 9411313214815715514312326 818QO 840139201915799999999999999 225 571413 7999999999999999
101 80 65 59 63 74 89106119126127121111102 96 9510211412914215115214513126 819QO 934127203915399999999999999 3 7 591433 9599999999999999
113 93 77 66 63 66 75 8710011011611811611210810711011712613614414614413526 820QO105611821 114699999999999999 359 63144910799999999999999
122107 92 78 69 65 67 73 82 9110110811311611711811912112613113513813813526 821QO2131138999999999999999999999 513 65999999999999999999999
128119107 94 81 71 65 63 66 73 82 9410511512212612712712712712812913013026 822QO23 9130999999999999999999999 653 63999999999999999999999
130127120110 97 83 70 60 55 56 63 76 9110712113013413413112612211912012226 823QO1625135999999999999999999999 820 55212411999999999999999
127130130125115 99 81 64 51 44 46 57 74 9511413013914113612811911210911226 824QO 133131164414199999999999999 917 44215810999999999999999
119129136137131117 97 74 53 39 34 40 56 7910412614114614213211810610010126 825QO 24413717 414699999999999999 958 342224 9999999999999999
109122135144145135116 90 63 41 27 27 40 63 91118139150149138122104 92 8926 826QO 3331461725151999999999999991032 252250 8999999999999999
 96111129145153150135110 80 51 29 21 28 48 77108135151154146127106 88 7926 827QO 41515417461559999999999999911 3 212316 7899999999999999
 82 96117139155160151130100 67 40 23 22 38 65 98128150159153136111 88 7226 828QO 45316018 6159999999999999991133 212345 6899999999999999
 68 79100126148162162148122 89 57 34 25 33 56 87120146160160145120 92 7026 829QO 53116418271629999999999999912 1 25999999999999999999999
 59 63 80106134155165160141112 79 52 36 36 52 80112140159164153131101 7326 830QO 610165184816499999999999999 015 581230 3499999999999999
 55 50 61 84113140158163153132103 74 54 47 55 76105134155165160141113 8326 831QO 651163191016599999999999999 047 501258 4799999999999999
 58 45 47 63 89117141155156144123 97 76 64 65 79101127149162162149125 9626 9 1QO 734157193116499999999999999 122 441326 6399999999999999
 68 48 41 48 66 92117137147146134116 98 84 80 8710212214315716115413611126 9 2QO 823148195216199999999999999 2 1 411353 8099999999999999
 83 60 45 42 50 68 90112128135134126114103 98 9910712113715015615414312426 9 3QO 923136201515699999999999999 246 421420 9799999999999999
101 78 59 47 45 52 66 8410111512312512211811411311612313314214814914413426 9 4QO1055125204214999999999999999 344 45144411399999999999999
118 99 80 64 52 48 50 59 72 8710111212012412512612712813113513814014013726 9 5QO2124140999999999999999999999 5 8 48999999999999999999999
130119105 88 71 57 47 44 48 59 73 9010712113013513713513313012812813013226 9 6QO1554137999999999999999999999 655 44203312899999999999999
134133127115 98 78 59 43 35 36 46 64 8610812714014514313712812011511512026 9 7QO 015134161414599999999999999 824 34212911499999999999999
128137141139127107 82 56 36 25 26 40 63 90117138150151143130115103 9810226 9 8QO 210141163715199999999999999 924 2422 3 9899999999999999
114130144152150136111 81 51 28 18 23 42 71103131150156151135115 96 84 8326 9 9QO 31815317 1156999999999999991011 182235 8299999999999999
 94113135154163158139110 76 45 24 18 29 55 88120146159158143120 95 76 6826 910QO 4111631724160999999999999991050 1823 7 6799999999999999
 73 91117143162168160137104 69 41 25 27 45 75109139158162151129100 74 5826 911QO 4571681746163999999999999991124 242338 5599999999999999
 56 69 93123149166169156130 96 64 42 35 45 69101132155164158138109 79 5626 912QO 54017018 7165999999999999991155 35999999999999999999999
 46 51 71 99129153166163147119 89 64 50 52 69 95125150164163147120 89 6126 913QO 621166182716599999999999999 0 9 451223 4999999999999999
 43 41 53 77106134153160153135110 85 68 64 74 94120144160164154131101 7126 914QO 7 0160184516499999999999999 040 401248 6499999999999999
 49 38 43 60 85112135149150141123103 86 78 82 96117139155162156139113 8426 915QO 74015119 416299999999999999 112 381311 7899999999999999
 59 44 41 50 69 92115132140139129115100 92 91100115133148157156144123 9826 916QO 820141192215899999999999999 144 401333 9099999999999999
 73 55 46 47 58 76 9611312513012812011110310110511512814114915114412911026 917QO 9 8130194115199999999999999 220 45135210199999999999999
 88 70 57 52 55 66 80 9510811612011911611211011111712513314014314013211826 918QO101712020 114399999999999999 3 4 5214 711099999999999999
102 86 72 63 59 61 68 78 89 9910711311611711711812012312713113313312912226 919QO2019133999999999999999999999 4 7 59999999999999999999999
112101 89 78 70 64 63 66 72 81 9110111011812212512512512412312312212212126 920QO1554125999999999999999999999 549 63999999999999999999999
118114106 96 85 74 64 59 58 63 73 8610111412513113212912411811311111211526 921QO1546132999999999999999999999 735 58211311199999999999999
119121120114103 88 73 59 51 49 56 70 88107124135139135127116106100 9910526 922QO 11312116 113999999999999999 840 492133 9999999999999999
114123130130122107 87 67 50 41 43 54 74 97120136144143132117101 90 86 9126 923QO 230131161914599999999999999 924 412156 8699999999999999
103119133141139127107 82 58 41 35 42 60 86113135149150140122101 82 73 7426 924QO 320141163815199999999999999 959 352221 7299999999999999
 87107129145152146128102 74 49 35 35 49 74104132151157149130104 79 62 5826 925QO 4 31521657157999999999999991030 332248 5899999999999999
 68 89116140156160148125 95 66 44 36 44 65 95125149161158140112 82 57 4426 926QO 44316017171629999999999999911 1 362317 4499999999999999
 48 67 95126151165163146119 88 61 45 45 60 87118145162164150123 90 58 3726 927QO 5231661738165999999999999991131 432348 3199999999999999
 32 44 70103135158168161141112 83 62 54 62 82111139160167159136103 67 3926 928QO 6 516818 01679999999999999912 1 54999999999999999999999
 24 26 45 76111141160165154133106 83 69 69 83106132154166164147118 83 4926 929QO 648165182216799999999999999 022 231231 6899999999999999
 26 18 27 50 82115141155156145125104 88 82 88104126147161164154132100 6726 930QO 734158184516599999999999999 058 1813 0 8299999999999999
 39 22 20 32 56 86114135146145135120106 98 98107122139153160156141117 882610 1QO 82614719 816099999999999999 138 191328 9799999999999999
 60 38 26 27 39 60 841071241331331271191121101131221331441511521441291082610 2QO 933134193415299999999999999 226 25135410999999999999999
 84 61 44 35 35 44 60 79 971111211241241221201211241291351401421401331212610 3QO112312520 314299999999999999 328 34141912099999999999999
106 88 70 55 45 42 46 56 70 861001131211261281281281271271281291291291262610 4QO144512921 612999999999999999 457 42174612799999999999999
120111 98 83 67 54 46 44 50 62 78 951111241321351341291231171131131161212610 5QO15 7136999999999999999999999 642 44203511399999999999999
125126121111 95 76 59 46 41 45 57 76 97118133141141134122110100 95 981062610 6QO 045126152914299999999999999 8 4 412110 9599999999999999
118129136134123104 81 59 43 37 43 59 83108129144147141126108 91 80 78 862610 7QO 219136155214899999999999999 9 1 372141 7799999999999999
102121138147145131108 82 57 42 38 49 70 97123143153149134112 88 69 60 642610 8QO 320147161415399999999999999 944 382212 6099999999999999
 80103128147156151134108 79 56 43 46 62 87116141155157144120 92 65 49 452610 9QO 4101561635158999999999999991021 432242 4599999999999999
 57 80109137156161153131103 76 57 51 59 81109136155161153131100 69 45 33261010QO 4541621656161999999999999991054 502312 3399999999999999
 38 58 87118145161162149125 98 74 62 63 78103130152163159141112 78 48 29261011QO 5351631717163999999999999991124 612342 2599999999999999
 26 39 64 96127150161157141117 93 76 71 80 99124146161163150124 91 58 33261012QO 6141611737164999999999999991152 71999999999999999999999
 22 27 46 75107134152156148131109 91 82 84 98118140156162154134104 71 43261013QO 651157175716299999999999999 012 211217 8199999999999999
 25 22 34 57 86115137148148137121104 92 90 98114133149158155141116 86 57261014QO 728150181815899999999999999 042 211242 9099999999999999
 35 25 29 45 69 95119135141138127113102 97100111126141151152144125100 73261015QO 8 7141184015399999999999999 113 2513 6 9799999999999999
 50 35 31 39 56 78100118129132127119110104104110120132142146142130111 88261016QO 85113219 314699999999999999 148 31133110399999999999999
 66 50 41 41 50 65 82100113121123120115110109111116124132136136129117101261017QO 950123192713799999999999999 228 40135810999999999999999
 83 67 55 49 50 57 69 82 96107114117118116115114116119122125126124119109261018QO1134118195312699999999999999 322 49144311499999999999999
 98 85 73 63 57 56 60 68 79 91102111117120121120118116115114115115114112261019QO1354121999999999999999999999 442 56999999999999999999999
108100 91 81 71 63 59 59 65 75 88101113122127127124117111105102102105109261020QO1433128999999999999999999999 621 58202510299999999999999
112112108100 89 76 64 57 56 62 74 90107122132135131122110 98 90 87 91 99261021QO 034113145713599999999999999 738 562053 8799999999999999
110118122119109 94 77 62 54 53 62 78 98118134142140129113 94 79 72 73 84261022QO 2 5122151914299999999999999 832 522119 7199999999999999
100116129134130116 96 76 59 51 54 68 89113133146148139120 96 73 58 54 63261023QO 3 2134154014999999999999999 914 512147 5499999999999999
 82105127142146138120 96 73 58 53 61 80105130148155149130102 72 49 37 40261024QO 34914616 215599999999999999 952 532217 3699999999999999
 58 85115140154155143120 95 72 59 60 74 97124147159158142113 79 47 26 20261025QO 4341571625161999999999999991028 582250 2099999999999999
 31 58 92125150163160143119 93 74 66 73 91117142159164154128 93 55 24  8261026QO 51816316501659999999999999911 2 662324  699999999999999
 10 29 62 99133157165159140116 93 79 77 89110134155166162143111 72 35  8261027QO 6 31651716166999999999999991137 76999999999999999999999
 -1  7 32 68106137157162153135113 95 87 91106127148162165154129 93 55 22261028QO 650162174316699999999999999 0 2 -21211 8799999999999999
  1 -2 11 39 74108136152154145129112100 98105120138154162158142114 80 45261029QO 741155181316299999999999999 043 -31245 9899999999999999
 18  3  4 19 46 77107130142143136124113107108116129143153155147129103 73261030QO 838144184415599999999999999 128  2132010799999999999999
 44 23 12 15 29 51 78102121131133129122116113116122131140145144135119 98261031QO 947134192114599999999999999 220 1214 211399999999999999
 74 51 34 25 27 37 55 76 971131231271261231201181181211251301321311251142611 1QO1118127201313299999999999999 322 25152111799999999999999
 99 81 63 48 39 38 45 58 75 921081191261281261221171141121121151181191192611 2QO1256128221811999999999999999 440 37181711299999999999999
114105 92 76 62 51 47 50 60 75 92108121129131128121112103 97 95 981041122611 3QO1351132999999999999999999999 6 6 471950 9599999999999999
117119114104 89 73 60 54 55 64 79 97115129136135128115100 86 78 77 84 952611 4QO 047119142613799999999999999 722 532037 7799999999999999
109121127125115 99 81 67 59 60 71 88108126139143137122102 82 66 59 62 742611 5QO 217128145414399999999999999 821 582114 5999999999999999
 92112129137135123105 86 71 64 68 81100121139148146132110 85 62 46 43 522611 6QO 319137152014899999999999999 9 9 642147 4299999999999999
 71 95120138146141127107 88 74 70 78 94116136150153143122 93 64 41 30 322611 7QO 4 9146154415399999999999999 950 702219 2999999999999999
 48 74103129146151144127106 88 78 79 90110131148156151133105 73 44 24 192611 8QO 45315216 9156999999999999991026 772250 1999999999999999
 29 52 83114139152153142123103 88 83 89104124144156156143118 86 52 26 132611 9QO 5331541633158999999999999991058 832320 1299999999999999
 16 33 62 94124145154150136117 99 89 90100117137152157150130100 66 35 15261110QO 6101541657157999999999999991129 882351  999999999999999
 10 20 43 74106132148151143127110 97 92 97111129145155153139113 81 49 24261111QO 6461511722155999999999999991158 92999999999999999999999
 11 13 29 55 86115136146144134118104 96 97106120136148152144124 96 65 38261112QO 722146174915299999999999999 022 101227 9599999999999999
 19 13 21 41 68 96120135140135124111101 98102113127140146144131109 82 55261113QO 758140181614799999999999999 054 131256 9899999999999999
 33 21 21 33 53 78102121131133126116107101101107118129138140133118 97 72261114QO 839133184614099999999999999 130 19132810099999999999999
 50 34 27 31 44 64 85105119126126120112106103104110119127131130122107 88261115QO 927127191913299999999999999 2 8 2714 910399999999999999
 68 51 40 37 42 54 71 90106117122122118112107105106110115120122119112100261116QO102612320 112299999999999999 253 37151610599999999999999
 85 70 57 48 46 51 62 76 92106116122122119114109105103104106110112111107261117QO1138123211911299999999999999 349 46171410399999999999999
 99 88 76 65 57 55 58 67 80 95108119125126123116108100 94 92 94 98103107261118QO1243126233710799999999999999 458 551859 9299999999999999
107103 96 85 75 66 62 63 71 84 99113125131131125114100 88 79 77 80 89 99261119QO1329132999999999999999999999 613 611954 7799999999999999
108113113107 96 84 73 67 68 76 90106122133138134123105 86 70 60 59 68 82261120QO 12811414 413899999999999999 722 662034 5999999999999999
 99115124126119106 91 78 71 73 82 98116133143144134115 91 66 47 39 43 58261121QO 241126143514599999999999999 821 712111 3999999999999999
 80104125137138130114 97 83 76 79 91109129144151146128102 71 43 24 20 30261122QO 33813915 615199999999999999 912 762148 1999999999999999
 53 83112136149149138120101 87 82 87102122141154155143118 84 49 20  4  5261123QO 430150153715699999999999999 958 822227  299999999999999
 22 52 87121145157155141122103 91 89 97114135152160155136104 66 29  1-11261124QO 5191581610160999999999999991041 8823 8-1199999999999999
 -4 20 55 93127151160155140121104 95 96107126145159162151126 90 50 14-10261125QO 6 81601645163999999999999991123 942352-1799999999999999
-17 -5 22 59 98130151158151136119105 99103117134151161159144115 78 39  6261126QO 65815817221629999999999999912 4 99999999999999999999999
-13-16 -1 28 65101130147151144130115105103109123139152158153134105 70 34261127QO 75015218 315899999999999999 038-17124610299999999999999
  6 -9 -7  9 37 71103127141143136124112105105112124138148151143125 98 66261128QO 842144184715199999999999999 126-10133210499999999999999
 36 14  3  6 22 48 77104124135136129119110104105111120131138139132117 94261129QO 936137193914099999999999999 217  2142710499999999999999
 68 44 26 19 22 37 59 84106122130130125116107102101105112120125127122111261130QO1031131204512799999999999999 310 18154410199999999999999
 94 74 55 42 36 40 52 71 91109122128128122113104 97 93 94 981051111151152612 1QO1125129222411599999999999999 4 7 361721 9399999999999999
109 98 84 69 58 54 56 67 82 99114125130128121111 99 88 82 80 83 90 991072612 2QO1217130999999999999999999999 5 9 541850 8099999999999999
111111105 95 84 74 69 71 79 92106120129133130120106 91 76 67 64 68 77 902612 3QO 02611213 313399999999999999 615 691955 6499999999999999
103113117114107 96 87 81 82 89101114127135137131117 98 78 61 51 49 55 692612 4QO 2 8117134413799999999999999 723 812043 4899999999999999
 87105119125124117105 95 89 90 97109122134141139129110 87 63 45 35 36 482612 5QO 320126142114199999999999999 826 892124 3499999999999999
 67 90112128135132123111100 94 95103116130141145139123 99 71 46 29 23 292612 6QO 414135145614599999999999999 920 9422 0 2399999999999999
 47 71 98122137142137125111101 96 99109123137146146134113 84 55 30 16 152612 7QO 45814215291479999999999999910 6 962234 1499999999999999
 28 51 80109131144145137123109 99 97103115131143149143126 99 68 38 16  72612 8QO 53614616 1149999999999999991046 9623 7  799999999999999
 13 32 60 92120139147144132117103 96 98107122137147148136114 83 51 24  72612 9QO 6111471633149999999999999991120 962339  499999999999999
  5 17 41 72103128143146138124109 98 95100113129142148143126100 68 37 14261210QO 64414617 5148999999999999991152 94999999999999999999999
  3  8 26 54 85113134143140129114101 94 95104119134144146135114 85 54 27261211QO 716143173714699999999999999 012  31222 9399999999999999
  9  6 16 38 67 97121136139133120106 95 92 97109123137143139125101 72 43261212QO 749139181014399999999999999 045  51254 9299999999999999
 21 11 13 28 52 81107126135134125111 99 92 92 99112125135138130113 89 62261213QO 822136184513899999999999999 119 101329 9199999999999999
 38 22 17 25 43 67 93115129133128118105 95 90 93101113124130129120102 79261214QO 857133192313199999999999999 153 171410 9099999999999999
 56 38 28 28 39 58 81103121130131124113101 93 89 92100110119123120110 94261215QO 93413120 812399999999999999 229 2615 2 8999999999999999
 75 57 44 38 41 54 72 93112125130129121109 98 90 86 88 94103110114112104261216QO1014131211111499999999999999 3 8 381610 8699999999999999
 92 77 63 54 51 56 68 85103118128131127118107 95 85 79 80 85 93101106107261217QO1057131224510899999999999999 353 511728 7999999999999999
104 96 85 75 67 65 70 81 95110123131132127117103 88 75 68 66 71 81 92101261218QO1144132999999999999999999999 448 651841 6699999999999999
107109105 97 88 82 79 82 91103116127134134127114 96 78 61 51 49 56 68 84261219QO 043109123313599999999999999 558 791943 4999999999999999
100112118117111103 95 90 91 98109121132138137127110 87 63 43 32 31 40 58261220QO 223118132313899999999999999 718 902036 3099999999999999
 80103120130131125114104 98 98103114127138143140127104 76 47 24 12 13 27261221QO 337131141114399999999999999 835 972126 1099999999999999
 51 80108129141142135122110102101107119133144149143125 97 63 30  6 -6 -2261222QO 436143145814999999999999999 9411002215 -799999999999999
 17 47 82114138149149140125111103102110123139151154144122 89 51 16 -9-19261223QO 528151154615499999999999999103510123 3-1999999999999999
-11 13 48 86120144154151139123109101102112128145156157144117 80 40  5-19261224QO 61615416331589999999999999911231002350-2599999999999999
-25-12 16 54 93125147154148134117103 97101114132149159157141111 73 33 -1261225QO 7 215417211609999999999999912 7 97999999999999999999999
-20-22 -6 25 63100130147150141125108 96 93100115133149157153134104 67 30261226QO 744150181015799999999999999 036-241250 9399999999999999
  1-14-12  8 39 75109133145143132115 99 90 89 98113131145151144126 97 63261227QO 82414619 015199999999999999 121-151334 8899999999999999
 31  9  0  6 27 57 90117135141135122105 91 83 85 94109125136140133116 91261228QO 9 0141195214099999999999999 2 4  01422 8399999999999999
 63 38 23 19 29 50 77104124136136127113 97 84 78 80 88102115124127121108261229QO 933137205112799999999999999 245 191517 7899999999999999
 88 68 50 41 42 54 73 95115129135131120105 91 79 73 74 81 91102111114111261230QO10 513522 411499999999999999 324 401623 7399999999999999
102 89 76 66 62 66 78 94112125133134128115100 85 73 66 65 70 79 89 98104261231QO1035135234810599999999999999 4 0 621738 6599999999999999
