 42 65 85100107107102 93 86 82 83 89 98107113112103 84 58 29  4-12-15 -626 1 1QQ 430108142511499999999999999 917 822146-1699999999999999
 14 40 68 92108116115107 96 87 82 83 90101112118117104 82 52 20 -7-22-2426 1 2QQ 5221161519119999999999999991018 812234-2599999999999999
-11 14 44 74 99115121117106 93 83 78 81 91105117123120104 78 45 11-15-2826 1 3QQ 6 512116101239999999999999911 5 782320-2999999999999999
-26 -8 19 51 82105119121114100 86 76 74 80 93108120125119101 72 37  5-1926 1 4QQ 6441211659125999999999999991146 74999999999999999999999
-27-20  1 30 62 91110119117106 91 77 69 70 79 93109120123114 94 64 31  226 1 5QQ 718120174512399999999999999 0 2-271224 6899999999999999
-16-19 -7 16 46 75 99113117110 96 80 67 63 67 78 93107116116105 84 56 2726 1 6QQ 749117182911899999999999999 041-2013 2 6399999999999999
  4 -7 -4 11 36 63 88106113111100 84 69 59 58 64 76 90103109106 94 74 5026 1 7QQ 815114191410999999999999999 117 -81341 5799999999999999
 27 11  7 15 33 56 80 99109110103 89 73 60 54 54 62 73 86 95 99 95 83 6626 1 8QQ 8371111959 9999999999999999 149  71423 5399999999999999
 47 32 24 26 37 54 75 93105109105 94 79 65 54 50 52 59 69 79 86 89 85 7626 1 9QQ 8581092051 8999999999999999 218 231511 5099999999999999
 63 50 42 40 45 57 73 89101107106 99 86 72 59 51 47 49 55 63 71 77 80 7826 110QQ 92010822 2 8099999999999999 246 391610 4799999999999999
 72 65 58 55 56 63 73 86 97104106102 93 81 68 57 48 44 45 49 56 63 70 7426 111QQ 947106999999999999999999999 313 551725 4499999999999999
 75 74 72 69 69 71 76 84 93100103103 98 90 79 67 55 46 40 38 42 48 56 6526 112QQ 0 4 75102410499999999999999 346 691846 3899999999999999
 73 78 81 82 81 81 82 84 89 94 99101101 97 90 79 66 53 41 33 30 34 41 5226 113QQ 3 0 82112510199999999999999 5 3 811957 3099999999999999
 64 76 85 90 92 91 89 87 87 89 92 96100101 98 91 79 64 48 34 24 21 26 3726 114QQ 4 8 92125310199999999999999 737 872052 2199999999999999
 51 68 82 94100101 97 92 88 85 86 90 96101104101 93 78 59 40 23 14 13 2126 115QQ 44110114 610499999999999999 914 852136 1299999999999999
 36 55 75 91102107105 98 90 84 81 83 90 98105108104 92 74 51 29 12  4  726 116QQ 5 910714591089999999999999910 4 812214  399999999999999
 20 40 63 84101109110104 94 84 78 77 82 92103111112105 88 65 39 15  0 -426 117QQ 5361111541113999999999999991038 772248 -499999999999999
  5 23 48 73 95109113109 99 86 76 71 74 84 97109116114102 80 53 25  3 -826 118QQ 6 111316191169999999999999911 8 712320 -999999999999999
 -6  9 33 60 86105114113104 90 76 67 66 73 87102114119112 95 69 40 12 -626 119QQ 6251151656119999999999999991136 652351-1199999999999999
-11 -2 19 46 74 98112116109 95 78 64 59 63 75 91107117118107 86 57 27  326 120QQ 64911617331199999999999999912 6 59999999999999999999999
 -9 -7  8 33 62 89108116113100 83 65 54 53 61 76 94109117113 99 75 46 1926 121QQ 714116181311799999999999999 022-101238 5299999999999999
  1 -4  4 24 50 78101114115106 89 69 53 46 49 60 77 95108112106 89 66 4026 122QQ 738116185511299999999999999 053 -51313 4699999999999999
 18  6  8 21 43 68 92109115110 96 76 57 44 40 46 59 76 93104105 97 81 6026 123QQ 8 3115194110699999999999999 124  51352 4099999999999999
 39 24 19 25 41 62 84102112112102 85 65 47 37 36 43 57 73 87 96 96 89 7626 124QQ 8271132034 9799999999999999 156 191437 3599999999999999
 59 45 36 37 45 60 79 96107111105 92 75 56 41 33 33 40 52 66 79 86 88 8326 125QQ 8521112142 8899999999999999 228 351531 3299999999999999
 74 64 56 53 56 65 77 91102108107 99 85 68 52 38 30 29 34 44 56 68 76 8026 126QQ 9191082334 8199999999999999 3 0 531641 2999999999999999
 81 78 74 71 71 74 81 89 98104105102 94 82 67 51 37 27 23 25 33 44 57 6826 127QQ 952106999999999999999999999 335 7018 8 2399999999999999
 77 83 86 87 86 86 87 90 94 99102102100 94 84 70 53 37 23 15 14 20 32 4726 128QQ10491029999999999999999999991937 14999999999999999999999
 63 77 89 96 99 99 97 94 93 93 95 98101102 99 90 75 55 35 17  5  2  8 2226 129QQ 422 99124510299999999999999 816 932049  299999999999999
 41 63 82 98107109107100 94 89 88 90 96103107106 97 80 56 30  8 -6 -9 -126 130QQ 456109142010799999999999999 950 882146-1099999999999999
 17 42 68 91107115115108 97 87 81 80 86 96107114113102 82 54 24 -1-15-1626 131QQ 5271161526115999999999999991034 802233-1799999999999999
 -3 20 49 78101116120115102 88 76 70 73 84 98112120118104 79 48 16 -8-2026 2 1QQ 55512016191219999999999999911 9 702314-2099999999999999
-15  3 30 62 90111121119108 91 74 63 61 69 84102117123118101 73 40  9-1126 2 2QQ 62212217 6123999999999999991141 612350-1799999999999999
-17 -6 17 47 78103118121113 96 76 59 52 55 67 86105118122114 93 64 32  626 2 3QQ 6461221750122999999999999991213 52999999999999999999999
 -7 -5 11 37 67 94113120116101 80 60 47 44 52 68 88106117117105 83 55 2826 2 4QQ 7 7121183011899999999999999 023 -81244 4499999999999999
  9  4 13 33 60 87108118117106 86 64 47 38 41 52 70 89104111107 94 72 4826 2 5QQ 725119191011199999999999999 052  41316 3899999999999999
 28 18 21 35 57 81103116118109 92 71 51 38 35 41 55 72 89100103 97 83 6526 2 6QQ 741119195010399999999999999 118 181349 3499999999999999
 47 35 33 41 57 78 98113117112 98 79 58 42 34 35 43 57 72 86 93 93 87 7526 2 7QQ 7581172033 9499999999999999 142 321425 3399999999999999
 62 51 47 50 61 77 94108115113103 87 68 51 39 35 37 46 58 70 80 85 85 8026 2 8QQ 8171152127 8599999999999999 2 4 4715 8 3599999999999999
 73 65 61 61 67 78 91103111112106 94 79 63 50 41 37 40 46 56 65 72 77 7826 2 9QQ 83811223 1 7899999999999999 224 6016 5 3799999999999999
 77 75 73 73 76 81 89 98105107105 98 87 75 62 52 44 40 40 44 50 58 65 7126 210QQ 9 1107999999999999999999999 232 721728 3999999999999999
 76 79 81 83 85 87 90 94 98101101 98 93 85 76 65 55 45 39 36 37 42 50 5926 211QQ 9291019999999999999999999991910 36999999999999999999999
 69 78 85 90 93 94 93 93 93 94 94 95 94 92 87 79 68 56 44 34 29 29 34 4426 212QQ11 2 959999999999999999999992030 28999999999999999999999
 58 72 84 94 99100 98 94 90 88 87 89 92 95 96 92 83 70 53 37 25 19 20 2826 213QQ 4471001340 9699999999999999 941 872121 1899999999999999
 43 61 79 93103106103 97 89 83 80 82 87 94100101 96 84 67 46 27 13  8 1426 214QQ 5 010614471029999999999999910 8 802159  899999999999999
 28 48 70 90103110108100 89 79 73 72 79 89100107107 99 82 59 35 14  2  226 215QQ 5171101534108999999999999991031 722232  099999999999999
 13 33 58 82101112113105 91 77 66 62 67 79 94107114111 98 76 48 22  3 -526 216QQ 5351131615114999999999999991055 6223 3 -599999999999999
  1 19 45 73 97112116110 95 77 61 53 54 65 82100114118111 93 67 37 11 -426 217QQ 5541161654119999999999999991121 522333 -699999999999999
 -5  9 32 61 89109118115101 81 60 45 41 49 66 87106119120108 86 57 28  626 218QQ 6151191735121999999999999991150 41999999999999999999999
 -2  4 23 51 80104118119108 88 63 43 32 34 47 68 91110120117102 77 49 2326 219QQ 636120181612099999999999999 0 4 -21221 3199999999999999
  9  7 20 43 71 97115121114 96 70 46 28 23 30 48 71 94111116110 94 70 4526 220QQ 658121185911699999999999999 034  61254 2399999999999999
 26 19 24 41 64 89109119117103 80 54 31 19 19 30 50 73 93106109102 86 6626 221QQ 719120194511099999999999999 1 4 191330 1799999999999999
 47 36 36 45 63 84103116118108 90 65 41 23 15 18 31 51 71 89 98 99 92 8026 222QQ 740118203710099999999999999 132 341411 1599999999999999
 66 55 51 55 67 82 99111116111 97 78 55 34 21 16 20 32 49 66 80 87 89 8526 223QQ 8 01162145 8999999999999999 158 5115 0 1699999999999999
 78 71 67 68 74 84 96106112110102 88 70 51 35 24 19 22 31 44 57 68 76 8026 224QQ 819112999999999999999999999 219 6716 5 1999999999999999
 82 81 80 81 84 89 96102106107103 95 84 70 54 40 29 23 22 27 35 46 57 6726 225QQ 0 3 82 83810799999999999999 212 801738 2299999999999999
 76 83 88 92 94 95 97 98100100 99 96 92 85 75 62 48 34 24 18 18 24 35 4926 226QQ 8421009999999999999999999991928 18999999999999999999999
 64 78 90 98102102100 97 93 91 90 91 93 94 92 84 72 55 37 21 11  9 15 2826 227QQ 4351031251 9499999999999999 950 902047  999999999999999
 46 66 85 99108109105 97 88 82 79 81 87 94100101 94 79 58 35 15  3  1 1026 228QQ 44410914361019999999999999910 6 792140  199999999999999
 28 51 75 96109114111100 86 74 67 67 74 86 99108109101 82 56 30  9 -2 -126 3 1QQ 5 21141538110999999999999991030 662222 -399999999999999
 13 36 63 89108117116105 88 70 58 53 59 72 90106116115102 80 51 23  4 -326 3 2QQ 5231181626117999999999999991057 532257 -399999999999999
  5 24 51 80103117119110 92 71 52 43 44 55 74 95112120116 99 73 43 18  426 3 3QQ 54212017 9120999999999999991123 422329  299999999999999
  4 18 43 71 97115121115 98 74 51 36 32 40 57 80101116120111 91 64 37 1826 3 4QQ 6 01211749120999999999999991150 322357 1199999999999999
 11 19 38 64 91112121118104 80 55 34 24 27 41 62 86106116116103 82 56 3526 3 5QQ 6161221826117999999999999991217 24999999999999999999999
 23 25 38 61 86108120121109 88 62 38 22 19 28 46 69 91107113108 93 73 5226 3 6QQ 63212219 311399999999999999 023 221245 1999999999999999
 38 34 42 60 82103118122114 96 71 45 26 17 20 33 53 75 94105106 99 84 6726 3 7QQ 649122194010799999999999999 048 341314 1799999999999999
 52 46 49 61 79 99114121116102 81 56 35 21 18 26 41 60 79 93 99 98 90 7826 3 8QQ 7 7121201910099999999999999 111 461346 1899999999999999
 66 58 58 65 78 94108117116106 89 68 47 31 23 24 33 47 64 78 88 91 89 8326 3 9QQ 72711821 7 9199999999999999 133 571423 2299999999999999
 75 69 67 71 79 91102111113107 95 78 60 44 33 29 31 39 51 63 74 80 83 8326 310QQ 7461132220 8399999999999999 152 6715 7 2999999999999999
 80 77 76 78 82 89 97104107104 97 85 72 58 46 39 35 37 42 50 59 66 73 7726 311QQ 8 3107999999999999999999999 159 761611 3599999999999999
 80 82 83 85 87 90 94 98 99 99 95 89 80 71 61 52 44 40 38 40 45 51 59 6826 312QQ 8121009999999999999999999991754 38999999999999999999999
 75 82 87 91 93 93 93 93 92 91 90 88 85 81 74 66 57 47 39 35 34 37 45 5526 313QQ 534 939999999999999999999991943 34999999999999999999999
 67 79 89 95 98 97 94 90 86 83 83 84 86 87 86 80 71 59 46 34 27 25 30 4126 314QQ 414 9813 4 8799999999999999 948 832046 2599999999999999
 56 72 87 97102101 96 88 80 74 73 76 82 89 93 93 87 74 58 40 25 17 18 2726 315QQ 4191031429 9499999999999999 949 732128 1699999999999999
 43 63 83 98106106100 88 75 65 61 64 72 84 96102101 91 74 53 31 16 10 1526 316QQ 43210715221039999999999999910 6 6122 3 1099999999999999
 30 52 75 96109112105 91 73 57 48 49 58 73 91105111107 93 71 45 23  9  826 317QQ 44811216 7111999999999999991029 472236  799999999999999
 19 40 66 91109116112 97 75 54 38 33 40 56 78 99114118110 91 65 38 18  926 318QQ 5 71161650118999999999999991055 3323 9  999999999999999
 14 31 56 83106118118105 82 55 32 20 21 35 58 84107120121109 87 60 34 1826 319QQ 5281191734122999999999999991125 192341 1599999999999999
 16 27 48 75100117121112 91 63 34 14  7 15 35 63 90112122119105 81 56 3526 320QQ 5501221818122999999999999991157  7999999999999999999999
 26 30 45 69 93113122118101 74 43 16  1  1 14 38 67 94112119114 98 77 5626 321QQ 61212319 311999999999999999 012 261231 -199999999999999
 42 40 49 66 88108120121109 87 57 27  5 -4  1 18 43 70 93107111105 91 7426 322QQ 634122195111199999999999999 042 3913 8 -499999999999999
 60 54 57 68 85103116121114 97 72 44 18  2 -2  6 23 46 70 88 99101 96 8626 323QQ 655121204610199999999999999 110 541350 -399999999999999
 75 68 68 74 85 99111117115104 85 62 38 18  6  5 13 28 47 65 79 88 91 8926 324QQ 71611722 3 9199999999999999 134 671439  499999999999999
 84 80 79 81 88 96105111111105 94 77 58 39 24 15 14 19 30 44 58 69 78 8326 325QQ 736112999999999999999999999 152 791543 1399999999999999
 86 87 87 89 91 95 99102103101 95 87 75 62 47 35 26 22 23 29 38 49 61 7226 326QQ 7491039999999999999999999991716 21999999999999999999999
 81 88 93 95 96 96 95 94 93 91 90 88 85 79 70 59 46 35 26 23 25 32 43 5726 327QQ 4 7 9699999999999999999999919 9 23999999999999999999999
 72 85 95100101 98 93 87 82 79 79 81 85 88 87 81 69 55 40 27 21 21 29 4326 328QQ 3421011318 8899999999999999 929 782027 2099999999999999
 60 78 93103106102 94 83 72 65 64 69 77 87 95 96 90 77 59 40 25 18 20 3126 329QQ 3561061445 9699999999999999 943 642118 1799999999999999
 49 69 89103110107 97 82 66 54 49 53 64 78 93103105 97 80 59 38 23 18 2426 330QQ 41411015411059999999999999910 6 492157 1899999999999999
 40 61 83102112112103 85 65 47 37 37 47 64 84101111110 99 79 55 35 23 2326 331QQ 4321131626112999999999999991030 362230 2199999999999999
 34 54 78 99113116108 91 68 45 29 24 31 48 70 92109116111 96 74 51 34 2726 4 1QQ 44911617 7116999999999999991055 2423 0 2799999999999999
 33 50 72 95112119114 98 74 48 26 15 18 31 54 79101114117109 91 68 48 3626 4 2QQ 5 61191744118999999999999991120 152328 3599999999999999
 37 48 68 91110120119106 83 55 29 12  8 18 37 63 88107117115103 83 63 4826 4 3QQ 5231211820117999999999999991147  82355 4399999999999999
 43 50 66 86106119122112 92 65 37 15  5  8 24 47 73 96110115109 95 77 6126 4 4QQ 5421221855115999999999999991214  4999999999999999999999
 52 54 65 82101116122117101 76 48 23  8  5 14 33 57 81 99109109101 87 7326 4 5QQ 6 3122193111099999999999999 021 521243  499999999999999
 62 60 66 79 96111120118107 87 61 36 17  8 11 24 44 66 86 99104102 93 8226 4 6QQ 624120201010499999999999999 047 601315  799999999999999
 72 67 69 78 91104114116110 94 73 50 30 17 13 20 34 52 71 86 95 97 94 8726 4 7QQ 6461172054 9799999999999999 112 671350 1399999999999999
 80 75 74 79 88 98107111108 98 82 63 44 29 22 22 29 42 57 71 82 89 90 8826 4 8QQ 7 71112154 9099999999999999 135 741429 2199999999999999
 84 81 80 82 86 93100104104 98 88 74 58 44 34 29 30 36 46 58 68 77 83 8626 4 9QQ 7261052353 8699999999999999 157 801519 2899999999999999
 86 86 85 85 87 90 94 96 97 94 89 80 70 58 48 40 35 35 39 46 55 64 73 8026 410QQ 742 97999999999999999999999 218 851633 3599999999999999
 85 88 90 90 89 89 88 88 88 87 86 83 78 71 63 54 46 40 37 38 42 50 61 7126 411QQ 227 909999999999999999999991816 37999999999999999999999
 81 89 94 95 93 89 84 80 78 77 78 81 82 81 77 70 60 50 40 35 33 38 48 6126 412QQ 247 951216 8299999999999999 844 771942 3399999999999999
 75 88 97100 98 91 82 73 66 64 66 72 80 86 89 86 78 66 51 38 30 29 36 4926 413QQ 3 610014 2 8999999999999999 9 0 642038 2999999999999999
 67 84 97105104 96 83 68 56 49 50 58 71 84 95100 96 85 69 50 35 27 28 3926 414QQ 32610615 510099999999999999 924 482122 2699999999999999
 57 77 96108111104 89 69 49 35 32 38 53 73 92106110104 90 70 49 33 27 3226 415QQ 348111155611099999999999999 952 3122 2 2799999999999999
 48 69 91108116112 97 74 49 27 15 17 31 54 79102116118110 92 69 48 35 3326 416QQ 4111161644119999999999999991023 142239 3299999999999999
 43 61 84105118119108 85 55 27  6 -1  8 29 57 86109122122111 91 68 50 4126 417QQ 4361201732124999999999999991056 -12315 4099999999999999
 44 57 78100117124117 98 69 35  7-10-10  5 31 62 92114124122109 89 69 5526 418QQ 5 11241819125999999999999991132-122349 5199999999999999
 51 58 74 95113124124110 85 52 18 -7-17-12  7 36 67 95113121117104 87 7126 419QQ 52712619 8121999999999999991210-18999999999999999999999
 63 64 74 90108121126118 99 71 38  8-12-17 -8 13 41 70 94109114110 99 8526 420QQ 55412620 111499999999999999 022 621251-1799999999999999
 75 72 77 88102115123121109 88 60 30  6 -9-10  0 21 46 70 89101105102 9426 421QQ 62112321 110599999999999999 054 721337-1199999999999999
 86 81 81 87 97107115118113 99 79 54 30 11  1  1 11 28 48 67 83 93 97 9626 422QQ 6511182220 9799999999999999 127 811428 -199999999999999
 93 89 87 88 93 99105109108102 90 74 54 36 21 13 13 21 33 49 64 77 87 9226 423QQ 722109999999999999999999999 2 6 871529 1299999999999999
 94 94 92 91 91 92 94 96 97 96 92 84 73 60 46 34 27 25 29 37 49 62 74 8526 424QQ 012 94 8 1 9799999999999999 329 911649 2599999999999999
 92 96 97 94 91 88 85 83 83 84 85 85 83 78 69 58 47 38 33 34 40 50 63 7626 425QQ 139 971036 8599999999999999 741 831824 3399999999999999
 87 96100 99 94 87 79 72 68 68 72 77 83 86 85 79 69 57 46 39 38 43 54 6826 426QQ 2181001317 8699999999999999 830 681941 3899999999999999
 82 94102104 99 89 77 65 56 53 56 64 75 86 93 94 88 77 63 51 43 42 48 6126 427QQ 2451041439 9499999999999999 9 1 532037 4199999999999999
 77 92103108105 95 79 62 48 40 40 48 62 78 92101102 94 81 66 53 46 47 5726 428QQ 3 7108153610299999999999999 929 392119 4599999999999999
 72 89103111111102 85 64 45 31 26 32 46 66 86101109108 98 82 66 54 50 5526 429QQ 328112162110999999999999999 956 262155 5099999999999999
 68 85102113116109 93 71 47 27 17 18 31 51 74 95110115110 98 81 65 56 5626 430QQ 34911617 2115999999999999991022 162228 5599999999999999
 65 81 98113120116102 80 54 29 12  8 16 35 60 85105116118110 94 77 64 6026 5 1QQ 4111201738118999999999999991050  823 0 6099999999999999
 64 77 94110121122111 91 64 36 14  3  6 21 44 71 95112119117106 90 75 6626 5 2QQ 4341231814120999999999999991118  32331 6499999999999999
 66 74 89106119124118102 77 48 22  5  1 10 29 55 81103115118112100 85 7326 5 3QQ 4591241849119999999999999991148  1999999999999999999999
 69 73 84100114123122110 89 62 35 13  2  4 18 41 66 90107115114106 93 8126 5 4QQ 525124192511699999999999999 0 1 691220  199999999999999
 74 74 81 94108118121115 99 76 50 26 10  5 12 29 52 75 94107111108 99 8826 5 5QQ 55212220 211199999999999999 030 731253  599999999999999
 80 77 80 89101112118116105 87 64 41 22 12 12 22 40 61 81 96104106101 9326 5 6QQ 618118204310699999999999999 1 0 771328 1099999999999999
 85 80 80 86 94104111113107 94 76 55 36 23 17 21 32 49 67 83 95100100 9626 5 7QQ 645113213110199999999999999 131 8014 5 1799999999999999
 90 85 82 84 89 96102106105 97 85 69 51 37 27 25 30 41 55 70 83 93 97 9726 5 8QQ 7151062232 9899999999999999 2 9 821449 2599999999999999
 94 90 86 84 85 88 93 97 98 96 89 79 66 52 41 34 32 37 46 59 72 83 92 9726 5 9QQ 755 982344 9799999999999999 3 8 841543 3299999999999999
 97 95 91 86 83 82 83 85 88 89 89 85 78 68 58 48 41 39 42 49 60 72 84 9326 510QQ 915 89999999999999999999999 5 3 821656 3999999999999999
 99100 97 91 84 78 74 72 74 77 82 85 85 82 75 66 56 48 44 45 51 62 75 8726 511QQ 0461001138 8699999999999999 659 721821 4499999999999999
 98103104 98 89 77 67 59 57 60 68 77 86 91 91 86 76 65 54 48 48 54 65 8026 512QQ 1321041330 9299999999999999 754 571935 4799999999999999
 94104109106 96 81 65 50 41 41 48 62 77 91100102 97 86 72 59 51 51 58 7226 513QQ 2 8109144510299999999999999 834 402034 5099999999999999
 88103113114106 90 69 47 30 22 25 39 59 81 99111113107 94 78 63 56 56 6626 514QQ 241115154511499999999999999 912 222124 5599999999999999
 81 99113120117103 80 53 27 10  5 14 34 60 87108120122114 99 81 67 61 6526 515QQ 313120164012399999999999999 951  522 9 6199999999999999
 76 93110122125116 96 67 35  8 -7 -7  7 33 63 92115126127117101 84 72 6926 516QQ 3441261732128999999999999991031 -92251 6999999999999999
 75 88105121129127112 86 53 19 -6-18-13  6 35 68 97118128127116101 86 7726 517QQ 4171301824129999999999999991113-182331 7699999999999999
 77 85100116128132125105 75 41  8-14-21-13  9 40 72 99118126124113 99 8726 518QQ 4521331916126999999999999991156-21999999999999999999999
 82 85 94108122131131119 97 66 32  3-14-18 -6 17 46 75 99115121118109 9726 519QQ 52913220 912199999999999999 011 821242-1899999999999999
 89 86 90100112123129125111 89 60 30  5 -8 -8  5 26 52 77 9811011511210426 520QQ 6 812921 511599999999999999 052 861330 -999999999999999
 95 89 89 93101111119121116103 82 57 32 13  4  6 18 37 59 80 9610611010726 521QQ 65112122 211099999999999999 139 881420  399999999999999
101 94 89 88 92 98104110111106 95 79 59 40 25 19 21 32 47 65 82 9610410626 522QQ 743111225810699999999999999 239 881513 1999999999999999
104 98 92 87 85 86 89 94 98 99 97 90 78 64 50 39 34 36 45 57 72 86 9710426 523QQ 855 99235110599999999999999 410 851612 3499999999999999
105102 96 89 82 78 76 77 81 86 89 91 88 81 72 61 53 49 50 56 67 79 9110026 524QQ1050 91999999999999999999999 6 4 761718 4999999999999999
106106102 94 84 75 67 64 65 69 76 83 89 90 88 81 73 65 61 61 66 75 86 9726 525QQ 0351061253 9099999999999999 719 641829 6099999999999999
105109107100 89 76 64 55 51 53 61 71 82 91 96 96 90 82 74 69 69 74 83 9426 526QQ 1121091423 9799999999999999 8 7 511934 6899999999999999
104111113108 97 82 65 51 41 39 45 56 71 86 98104104 98 89 80 75 75 80 9026 527QQ 146113152710599999999999999 845 392030 7499999999999999
102111117115107 91 72 52 37 29 31 41 58 77 94107113111103 93 83 78 79 8726 528QQ 219117161611399999999999999 919 292118 7899999999999999
 98110118121116102 82 59 38 24 20 27 42 63 85104116119115105 93 84 80 8426 529QQ 252121165711999999999999999 952 2022 1 8099999999999999
 93105117124123113 95 71 46 25 14 15 28 48 72 95113122123116104 92 84 8326 530QQ 3251251734124999999999999991025 132239 8299999999999999
 89100113124128122107 85 58 33 15  9 16 33 57 83105120126123113100 89 8426 531QQ 35712818 9126999999999999991058  92315 8399999999999999
 86 94107120128128118 98 72 45 22  9  9 21 42 68 93112123125119108 95 8726 6 1QQ 4301291844126999999999999991131  72348 8499999999999999
 84 90100114125129125110 87 60 34 15  8 13 29 53 78101117124122113101 9126 6 2QQ 5 212919171249999999999999912 4  8999999999999999999999
 85 86 94106118126127118100 75 49 26 12 11 21 40 64 88107118121116107 9526 6 3QQ 533128195112199999999999999 020 851238 1099999999999999
 87 85 89 98110120125121109 89 64 40 22 14 18 31 52 75 9611111811711110026 6 4QQ 6 6125202511999999999999999 052 851312 1499999999999999
 91 85 85 91101111118120113 99 79 56 36 23 20 27 43 63 8410111311611310526 6 5QQ 64012021 211699999999999999 128 841348 2099999999999999
 95 87 83 85 91100109113112104 90 72 53 37 28 29 38 54 73 9110511311511026 6 6QQ 721114214111599999999999999 211 831426 2899999999999999
101 92 84 81 83 89 96103107105 98 85 70 54 42 37 40 49 64 81 9610811411326 6 7QQ 814107222511499999999999999 3 7 811510 3799999999999999
107 98 88 81 77 77 82 88 95 99 99 94 85 73 61 52 48 51 59 72 8710111011426 6 8QQ 929100231211499999999999999 421 7716 4 4899999999999999
113106 95 84 74 69 68 71 78 87 93 97 95 90 81 71 63 60 61 68 79 9310511326 6 9QQ1113 97999999999999999999999 543 671712 5999999999999999
116113104 91 77 65 57 54 58 68 79 90 98101 98 92 83 75 70 71 76 86 9810926 610QQ 0 011613 310199999999999999 651 541829 7099999999999999
117119114102 86 68 52 41 39 45 57 74 90102109109104 95 86 80 79 83 9210426 611QQ 048119143211099999999999999 747 381944 7899999999999999
115122122115100 79 56 36 24 23 32 49 71 92109119120115105 95 87 85 89 9926 612QQ 134123154312199999999999999 838 222049 8599999999999999
111122128127116 96 70 43 20  8  9 22 44 71 96116127129123112100 92 90 9526 613QQ 219129164412999999999999999 926  72146 9099999999999999
105118129134130115 91 60 30  6 -4 -1 16 43 73101121133134127115102 95 9426 614QQ 3 41341738135999999999999991014 -52237 9399999999999999
100112125136139132113 85 51 19 -4-12 -5 16 45 77105125135135127114102 9526 615QQ 35013918291379999999999999911 2-122324 9599999999999999
 96104117131140141131109 78 44 12 -8-13 -3 20 50 82109127135133123110 9926 616QQ 4361421917136999999999999991150-13999999999999999999999
 94 97106119133141140127104 73 39 11 -6 -8  5 29 59 8811212713312811710526 617QQ 52414120 213399999999999999 010 941236 -999999999999999
 95 92 96106119131137134121 98 68 38 14  2  4 19 42 70 9611512612812211026 618QQ 613137204212999999999999999 056 921322  199999999999999
 98 90 88 93103115125130126113 92 66 41 23 16 21 36 58 8210311812512311526 619QQ 7 4130211812599999999999999 144 8814 5 1699999999999999
103 92 85 84 89 98108117120116105 87 67 48 35 33 40 54 74 9411012012211826 620QQ 8 0120215012299999999999999 238 841446 3399999999999999
108 96 86 80 79 83 90 99106110107 99 86 71 58 51 51 59 72 8910411512112026 621QQ 9 5110222012199999999999999 340 791527 5099999999999999
113102 90 80 74 72 75 82 90 97101101 96 88 78 70 67 69 76 8710011211912126 622QQ1029101225212199999999999999 452 721610 6799999999999999
117109 98 86 75 68 65 67 73 81 89 96 99 98 94 88 83 81 83 89 9810811612126 623QQ1218 99233012299999999999999 6 5 6517 3 8199999999999999
121116107 94 81 69 60 57 59 65 75 86 95101104102 99 95 92 93 9810511311926 624QQ14 6104999999999999999999999 7 8 561816 9299999999999999
123122116105 91 76 62 52 48 51 60 73 86 99108112112108103100 9910210811526 625QQ 019123152511299999999999999 8 2 481938 9999999999999999
122125123116104 87 69 53 43 40 46 58 74 9110611612011911410810210110411026 626QQ 114125161712199999999999999 848 40205110199999999999999
118125128125116101 81 60 43 34 34 43 59 79 9811412412712411610810210110426 627QQ 2 7128165612799999999999999 930 33214710099999999999999
112121129131127114 95 72 50 33 26 30 44 64 8710712313113112511510510010026 628QQ 25513117311329999999999999910 9 262230 9999999999999999
105115126133134126110 87 61 39 25 22 30 48 72 96116129134131121110101 9726 629QQ 33713418 3134999999999999991045 2123 6 9799999999999999
 99108120131136134122102 76 50 29 19 21 35 57 82106124133134127115103 9526 630QQ 4151371833135999999999999991120 182338 9499999999999999
 94101112125135138131115 92 64 39 22 17 25 43 68 94115129134130120107 9626 7 1QQ 45113819 2134999999999999991153 17999999999999999999999
 91 94103116129136136125106 80 53 31 20 21 34 55 81105123133133125112 9826 7 2QQ 527137193013499999999999999 0 9 911225 1899999999999999
 89 88 94105119130135131117 95 69 45 28 22 29 46 69 9411512913312911710326 7 3QQ 6 3135195713399999999999999 042 871257 2299999999999999
 90 84 86 94107120129131124108 86 62 41 30 30 41 60 8310612313213112210926 7 4QQ 643131202613399999999999999 118 841330 2899999999999999
 94 83 80 84 93106118125125116100 79 59 44 38 42 56 75 9711612813212711526 7 5QQ 727126205513299999999999999 158 8014 4 3899999999999999
100 86 77 75 80 90103114119118110 95 78 62 52 50 57 71 8910812213012912126 7 6QQ 820120212613199999999999999 245 751442 5099999999999999
108 93 80 72 70 75 85 97107113113106 95 82 71 64 65 73 8510111612613012626 7 7QQ 92611422 013099999999999999 341 701524 6499999999999999
116102 87 73 65 63 68 77 89100107109106 99 91 83 79 81 87 9811012112712826 7 8QQ1055109224012999999999999999 448 631616 7999999999999999
123113 98 82 67 57 54 57 67 79 92103109110108102 97 94 94 9910611512412826 7 9QQ1249110233012999999999999999 6 0 541726 9399999999999999
128123111 96 78 61 48 42 45 55 70 8610011111711811511010610410611111912626 710QQ1440118999999999999999999999 711 42185910499999999999999
130131125113 95 74 53 37 30 32 43 61 8110111612612812612011411011011312026 711QQ 035131155912899999999999999 816 29203310999999999999999
128134135129116 95 69 44 26 17 20 34 55 8010412213413713312511711010911326 712QQ 143135165613799999999999999 915 16214510999999999999999
121131139141135118 94 64 36 15  6 11 28 54 8210912914014213612511410710626 713QQ 24714117431439999999999999910 9  6223910699999999999999
112122135144147139120 91 59 28  7  0  8 29 57 8811613514414313412010810126 714QQ 3451471824145999999999999991058  0232510099999999999999
101110123138148150140118 88 53 23  4  1 12 36 67 98123140145140127111 9926 715QQ 43915019 0145999999999999991144  0999999999999999999999
 93 97108124139149149137114 82 49 22  8  9 24 50 8010913014214213311710026 716QQ 530150193214399999999999999 0 6 931226  699999999999999
 89 87 93106123138146144131107 77 48 26 18 24 42 68 9612013614113612210526 717QQ 62014620 014199999999999999 047 8613 4 1899999999999999
 89 81 81 89104120133139136122100 74 50 36 34 44 63 8811112913813712711126 718QQ 7 9139202313999999999999999 128 801339 3399999999999999
 93 80 75 77 87101115126130126113 94 74 58 51 54 66 8510612413513713011726 719QQ 758130204413799999999999999 210 751411 5099999999999999
100 84 74 71 75 84 97109118121116106 92 78 69 68 74 8710412013213613312326 720QQ 85312121 513699999999999999 256 711441 6799999999999999
108 92 79 71 69 72 81 92103110112110103 94 87 83 85 9210411712813413412826 721QQ10 0112212913599999999999999 349 681510 8399999999999999
117102 88 76 69 67 70 77 87 96103107108105101 98 9710010611512413013313126 722QQ113810822 113399999999999999 454 671545 9799999999999999
124113100 87 75 67 64 66 72 81 90 9910611011111010910911011412012512913026 723QQ14 2111225113099999999999999 6 8 64164710999999999999999
128122112100 87 74 65 60 61 66 76 87 9910911611912011811611511611912312626 724QQ1538120999999999999999999999 722 59185811599999999999999
128127123114101 86 71 59 53 54 61 73 8710211512412812712311911511411612026 725QQ 016128162012899999999999999 825 53205111499999999999999
125129130126116100 83 65 52 46 47 57 73 9110912313113413012411611111011326 726QQ 141130165213499999999999999 916 45214911099999999999999
119127133134128115 97 76 56 43 38 43 57 77 9811713113713612912011110510626 727QQ 242134172013799999999999999 958 38222610599999999999999
112121131138137129112 90 66 45 34 33 43 62 85108127137140134123111102 9926 728QQ 3291391746140999999999999991034 322256 9999999999999999
103113126137142139126105 79 54 35 27 32 48 71 97119135141138128114101 9426 729QQ 4 914218101419999999999999911 7 272324 9399999999999999
 95103117131142144137119 94 67 43 28 27 38 59 85110130141141133118102 9026 730QQ 4461441833142999999999999991138 262353 8699999999999999
 86 92105121136144143131110 83 56 36 27 32 49 73100123139143137123105 8926 731QQ 52414518561439999999999999912 8 27999999999999999999999
 80 81 91107125138144139123100 73 49 34 33 43 64 90115134143141129111 9226 8 1QQ 6 2144191914499999999999999 024 801238 3299999999999999
 78 73 78 92109127138140132115 91 67 48 40 44 60 82107128141143135118 9826 8 2QQ 643141194214399999999999999 057 7313 9 4099999999999999
 80 69 68 77 92110126135135125107 86 66 54 52 61 78 9912113614213812510626 8 3QQ 72813620 614299999999999999 134 671340 5299999999999999
 86 70 63 65 76 91109122129128118103 86 72 66 69 79 9611413013913913111526 8 4QQ 818130203014099999999999999 215 631412 6699999999999999
 95 77 64 59 63 73 89104116122121113102 91 83 81 86 9711112513513813412326 8 5QQ 919122205713899999999999999 3 3 591445 8199999999999999
107 88 72 61 57 60 69 83 96108114115112106100 97 9710211112113013513512926 8 6QQ1046115212813699999999999999 4 4 571522 9799999999999999
118103 86 71 59 54 55 62 73 86 9810711311511411211111111411912513013313226 8 7QQ1310115221513399999999999999 521 53161711199999999999999
127117104 88 72 58 49 47 51 62 75 9010311412112412412212112012112412713026 8 8QQ1528124235213199999999999999 648 47184612099999999999999
131129122109 92 73 55 42 36 39 50 66 8510411912913413312912311911811912326 8 9QQ1620134999999999999999999999 8 9 3621 311899999999999999
129134134129116 96 73 50 33 25 28 41 62 8510812713814113712912011211011226 810QQ 140135165614199999999999999 914 2522 011099999999999999
120130139142137122 98 71 44 25 17 22 39 64 9111713514514413612311010110026 811QQ 25514217281469999999999999910 6 17224010099999999999999
106119133145149142124 97 66 37 18 13 22 44 73102127143148142128111 96 8926 812QQ 3541491757148999999999999991051 132316 8999999999999999
 91102119137150153144123 93 60 33 17 17 32 57 87116137147146134115 96 8226 813QQ 4461531823148999999999999991131 152351 7999999999999999
 79 86101121140151152140117 86 56 33 24 29 48 75105129144147139121 99 8126 814QQ 53415318461479999999999999912 6 24999999999999999999999
 71 72 83101122140149147133109 80 55 39 37 48 70 96122139146142127105 8426 815QQ 61915019 614699999999999999 024 701238 3699999999999999
 68 63 69 83103123137143138123101 77 59 51 55 71 93116135145144132113 9126 816QQ 7 3143192414699999999999999 058 6313 7 5199999999999999
 71 61 60 69 85104121132135128114 95 78 68 67 76 9311213114214413612010026 817QQ 746135194214599999999999999 133 591333 6699999999999999
 79 64 58 61 72 87104118125126119107 94 84 80 84 9511112713814313912710926 818QQ 83312620 114399999999999999 210 581358 8099999999999999
 90 73 63 60 64 74 88102112117117113105 98 94 9410011112313313913813111826 819QQ 930118202314099999999999999 253 601422 9399999999999999
102 86 73 65 63 67 76 87 9710511011211110810510410711212012813313513112326 820QQ11 0112204813599999999999999 348 63144410499999999999999
112 99 87 76 69 66 68 74 82 91 9910511011311411411411611912312612812812526 821QQ2123129999999999999999999999 5 4 66999999999999999999999
119111101 90 80 71 66 66 69 76 85 9410411211812112212112012012012112212326 822QQ1552122231112399999999999999 640 6519 512099999999999999
122119114105 94 82 70 63 60 62 69 81 9410711812512812712311911511411411726 823QQ1610128999999999999999999999 8 4 60211211399999999999999
121123123119109 95 79 65 55 51 55 65 81 9811412613213212712011210710610926 824QQ 128124163113399999999999999 9 0 51214610699999999999999
116123128129123110 92 73 56 45 44 51 66 86106123133136132122111102 9810026 825QQ 235129165213699999999999999 941 432212 9899999999999999
107118129135134124107 85 63 45 37 40 53 73 97118132139136126112 98 90 8926 826QQ 3221351711139999999999999991015 372236 8899999999999999
 96109124136141136121100 74 51 36 33 42 61 86110130140140131115 97 84 7826 827QQ 4 21411730141999999999999991046 3223 2 7899999999999999
 83 96114131142144135116 90 63 42 32 35 51 75101124139143136120 99 80 7026 828QQ 4401441750143999999999999991115 322329 6899999999999999
 70 80 99119137146144130108 80 55 38 35 45 65 92117136145141126104 81 6426 829QQ 5191471811145999999999999991145 342359 5899999999999999
 58 65 81103125141146140124 99 73 52 42 45 60 84109131144144133112 87 6526 830QQ 5591461833146999999999999991215 41999999999999999999999
 52 52 63 83107128141143134116 92 70 55 52 61 79102125140145138120 96 7126 831QQ 641144185414599999999999999 031 501244 5299999999999999
 52 45 49 64 86109128137137126109 89 72 65 68 80 98119135143141128106 8226 9 1QQ 725138191614499999999999999 1 6 441313 6599999999999999
 59 45 42 50 67 88108124130128119104 90 81 79 86 98115130139141132116 9526 9 2QQ 815131193714199999999999999 145 421341 7999999999999999
 72 54 44 43 52 68 86103115121119113104 96 93 9510211312513413813412310726 9 3QQ 91712120 013899999999999999 231 4214 7 9399999999999999
 88 69 54 46 46 53 66 81 9510511111211110810510610911512212913313212711726 9 4QQ1057112202513399999999999999 330 45142910599999999999999
103 88 72 59 50 48 52 60 71 83 9410311011311511611711812012312512612512226 9 5QQ21 0126999999999999999999999 454 48999999999999999999999
115106 93 79 65 54 47 46 51 61 73 8710011212012412512312111811711711812026 9 6QQ1547125999999999999999999999 639 46203711799999999999999
121119113103 88 71 55 43 38 41 51 67 8510311812813112912311610910510611026 9 7QQ 0 112116 613199999999999999 8 8 38212410599999999999999
117124127123112 94 73 52 37 30 34 47 67 90111127135135128116104 95 92 9626 9 8QQ 2 1127162913699999999999999 9 9 302156 9299999999999999
106119130136132119 97 71 47 31 26 33 50 75100122136139133119102 87 79 8026 9 9QQ 3 9136165214099999999999999 955 252226 7899999999999999
 89105123137143137121 95 67 42 28 27 39 62 89114133141138125105 84 70 6526 910QQ 4 21431714142999999999999991034 262256 6599999999999999
 71 87108129143147138118 90 62 40 31 36 54 79106128141142131110 86 66 5526 911QQ 44814717341439999999999999911 8 312325 5499999999999999
 56 68 89113134146146134111 84 59 43 41 52 73 99123139143136117 92 68 5026 912QQ 5311471752143999999999999991139 402355 4599999999999999
 45 52 70 94118136144141126103 79 59 51 56 72 94118136144140124101 74 5226 913QQ 61214418101449999999999999912 7 51999999999999999999999
 41 42 55 76100121135139133117 96 77 65 64 74 92113132142142130110 84 6026 914QQ 652139182814399999999999999 024 401234 6399999999999999
 43 38 45 61 82104122131132123109 92 79 75 80 92110127139142134118 95 7126 915QQ 731133184714299999999999999 055 381259 7599999999999999
 52 41 41 51 68 88106119125123115103 92 86 87 94107122134139135124105 8426 916QQ 81412519 713999999999999999 129 401323 8599999999999999
 64 50 45 48 59 74 91105114117115109102 96 95 98106117127133133126113 9626 917QQ 9 4117192913499999999999999 2 7 451347 9599999999999999
 79 64 54 52 55 65 77 9010010610910910710410210410811412012612712411610526 918QQ1022110195012799999999999999 253 5114 610299999999999999
 92 79 68 61 58 61 67 76 85 9310010410710810910911111311511811911811510926 919QQ20 8119999999999999999999999 359 58999999999999999999999
102 92 83 74 67 63 62 65 71 78 87 9610310911311511511411211211111111010926 920QQ1523115999999999999999999999 538 62999999999999999999999
107103 97 88 79 70 63 59 59 64 73 84 9610711511911911611110710310110210526 921QQ1532119999999999999999999999 723 5921 710199999999999999
108110108103 93 81 68 58 52 53 59 71 86101114121123119112103 96 91 92 9726 922QQ 1 6110154712399999999999999 826 512123 9199999999999999
104112116115107 94 78 62 50 44 47 59 75 94111123127124114102 89 81 80 8526 923QQ 21911616 312799999999999999 9 9 442143 7999999999999999
 96108119124121110 92 72 54 42 39 47 64 85106122130129119103 86 72 67 7026 924QQ 3 9124162113199999999999999 944 3922 6 6799999999999999
 82 99116128131125109 87 64 46 37 40 54 75 99119132134125107 86 66 55 5426 925QQ 3511311640134999999999999991016 362232 5399999999999999
 65 84106125136136125105 81 57 42 38 47 66 90114131137131114 90 65 47 4026 926QQ 43213717 0137999999999999991047 3823 1 4099999999999999
 46 64 88113132141137123100 74 53 43 46 60 82107128138137123 98 70 45 3026 927QQ 5131411722139999999999999991118 422331 2899999999999999
 30 43 67 94120137142135117 94 71 55 51 59 77100122137140130109 80 51 2926 928QQ 5551421744140999999999999991149 51999999999999999999999
 20 26 45 71100123137138129111 89 71 62 64 76 95116133140135119 93 63 3626 929QQ 63813918 714099999999999999 0 5 201219 6299999999999999
 19 17 28 49 76102122132131121105 88 77 74 80 94111127137137126106 79 5126 930QQ 725133183013899999999999999 041 161247 7499999999999999
 29 18 19 33 54 78101116123121113101 91 85 87 95108122132135130115 94 692610 1QQ 817123185313599999999999999 122 171315 8599999999999999
 46 29 22 26 38 57 77 95107112112107101 96 96 99107116125129128120106 872610 2QQ 926113191813099999999999999 2 9 221340 9599999999999999
 67 49 36 30 33 42 56 72 86 961031061061041041051081121171201211181111002610 3QQ1129106194312199999999999999 310 3014 110499999999999999
 87 72 57 46 39 39 44 53 64 77 88 971041081101101101101101101101101091062610 4QQ1726110999999999999999999999 435 38999999999999999999999
101 92 81 68 56 46 41 42 47 58 70 84 97107114115114110104100 97 97 991022610 5QQ1459115999999999999999999999 625 412038 9699999999999999
105106101 92 79 63 50 41 38 43 54 70 87103114119118112102 92 84 81 83 912610 6QQ 036106152012099999999999999 752 3821 5 8199999999999999
100109114112102 86 67 50 39 36 43 57 76 95112122123117104 89 75 67 66 742610 7QQ 213114154112499999999999999 849 362133 6599999999999999
 87103116123120108 89 68 49 38 38 48 66 87108122127122109 90 70 56 50 552610 8QQ 31412316 112799999999999999 932 3622 1 5099999999999999
 70 89109124130125110 88 65 48 40 44 59 80102120129127115 95 71 50 39 392610 9QQ 4 313016211309999999999999910 8 402229 3799999999999999
 51 71 95117130133125107 84 63 49 47 56 75 97117130132122102 76 51 33 27261010QQ 4461341639132999999999999991040 462256 2799999999999999
 34 53 77103123134133122102 80 62 54 58 72 92113129134128111 85 57 34 21261011QQ 5261351658134999999999999991110 542324 2099999999999999
 22 36 59 86111128134129115 95 76 64 63 72 89109126135133119 96 67 41 22261012QQ 6 41341719135999999999999991138 622354 1799999999999999
 17 25 44 69 95116128130123107 90 76 70 74 86104121133134125106 80 52 30261013QQ 64113117401359999999999999912 5 70999999999999999999999
 18 19 32 53 78101118125124114100 87 78 78 86 99115128133128114 92 66 42261014QQ 71912618 313399999999999999 024 171232 7799999999999999
 26 20 26 42 63 85104115119115106 95 87 83 87 96109121128127118101 80 57261015QQ 758119182712999999999999999 057 201259 8399999999999999
 38 28 27 36 52 71 89102110112108101 94 89 90 95103113120123118107 90 71261016QQ 844112185112399999999999999 133 261327 8999999999999999
 54 40 35 37 46 59 74 88 98104105102 98 95 94 95100106112115114108 97 83261017QQ 945105191411599999999999999 215 341357 9499999999999999
 68 55 46 43 45 52 63 74 85 93 98100100 99 98 97 99101104106106104 99 90261018QQ1131101193710799999999999999 3 6 431447 9799999999999999
 80 70 60 53 49 50 55 62 71 80 89 95100102102101 99 98 97 97 97 97 96 93261019QQ1332102999999999999999999999 419 49999999999999999999999
 89 83 75 66 59 54 52 54 59 68 78 88 97103106105101 96 91 87 86 86 88 91261020QQ1412106999999999999999999999 559 522014 8599999999999999
 93 92 88 81 72 62 54 50 51 56 67 80 92103109110105 97 87 79 73 73 77 84261021QQ 017 93143711099999999999999 723 492038 7299999999999999
 92 98100 96 87 75 62 52 46 48 56 70 86101111115111101 87 72 62 58 61 71261022QQ 151100145911599999999999999 818 4621 3 5899999999999999
 84 97107109104 92 76 60 48 44 48 60 78 96111119117107 90 70 53 43 43 53261023QQ 250109152111999999999999999 9 2 442130 4199999999999999
 70 89106117118110 94 75 57 46 44 53 69 90108121124115 97 73 49 32 25 32261024QQ 338119154412499999999999999 940 4422 0 2599999999999999
 49 73 97116126125113 94 73 56 47 50 63 82103120128123107 82 53 27 13 12261025QQ 42312716 9128999999999999991016 472232 1099999999999999
 26 50 78105124132127113 92 71 57 53 60 76 97117129130118 95 64 32  9 -1261026QQ 5 81321634131999999999999991051 5323 7 -199999999999999
  5 25 54 85111128133126110 89 71 62 63 74 92112127133127108 79 46 16 -4261027QQ 55313317 1133999999999999991124 612344 -899999999999999
 -8  4 28 59 90114127129121105 87 74 70 75 88105122132132120 96 65 32  6261028QQ 6401301729134999999999999991157 70999999999999999999999
 -8 -7  8 34 64 91111122122114100 87 79 79 87100115127132126110 84 54 25261029QQ 731123175813299999999999999 025-101230 7899999999999999
  4 -5 -1 16 40 66 89106113113107 97 89 85 88 96107118125125116 99 76 49261030QQ 827114182912699999999999999 1 9 -513 3 8599999999999999
 25  9  4  9 24 44 66 85 98105105102 96 91 91 94100108115118115106 91 72261031QQ 93710619 411899999999999999 159  41343 9099999999999999
 51 32 20 15 20 31 47 64 79 91 98101100 97 94 94 95 98102105106104 97 872611 1QQ1112101195210699999999999999 258 151452 9499999999999999
 73 58 43 33 28 30 37 49 62 76 87 95100101 99 96 92 90 89 90 91 93 94 922611 2QQ12461012154 9499999999999999 413 281813 8999999999999999
 87 79 68 56 45 39 37 42 50 62 75 87 97102103100 93 86 80 75 74 77 81 872611 3QQ1339103999999999999999999999 545 371948 7499999999999999
 91 92 88 79 67 56 47 43 45 53 65 79 92102106105 97 86 74 64 58 59 64 742611 4QQ 039 92141210699999999999999 7 9 432029 5899999999999999
 85 95 99 97 88 76 63 52 47 50 59 72 88101109110103 91 74 58 47 42 46 572611 5QQ 211 99143811099999999999999 811 4721 2 4299999999999999
 73 89101107105 95 81 66 55 52 56 67 83 98110114110 98 79 58 40 30 30 392611 6QQ 31410715 211499999999999999 858 522132 2899999999999999
 56 77 96109114110 99 83 67 58 57 64 78 95109118117106 87 63 40 23 17 232611 7QQ 4 3114152511899999999999999 937 5622 1 1799999999999999
 38 61 85105117119112 98 81 67 61 64 75 91107119122115 98 73 46 23 10 102611 8QQ 4451201549122999999999999991012 612231  899999999999999
 22 44 70 94113122121111 95 79 68 65 72 86103117124122108 85 57 29 10  32611 9QQ 5241231614125999999999999991044 6523 1  399999999999999
 10 28 53 80103118123119106 90 76 69 72 82 97113124125116 97 70 41 17  3261110QQ 6 01231640126999999999999991116 692332  199999999999999
  2 15 37 64 90110120121113100 85 75 73 79 91106120126122107 84 56 29  9261111QQ 63512217 8126999999999999991146 73999999999999999999999
  1  7 24 48 74 97112118116106 93 82 76 77 86 99113122123114 95 70 44 21261112QQ 711118173612399999999999999 0 4  11217 7599999999999999
  7  6 16 35 59 82100111113108 98 88 80 78 83 93105115119115103 83 59 36261113QQ 74711318 411999999999999999 038  51247 7899999999999999
 18 11 14 27 46 67 87100107107101 92 84 80 81 87 96106112113105 91 72 51261114QQ 827108183311399999999999999 113 101320 8099999999999999
 33 21 17 24 37 55 73 88 98102101 96 89 83 81 84 89 97103106103 95 81 65261115QQ 91110319 410699999999999999 150 171359 8199999999999999
 48 34 26 26 33 46 61 76 88 96 99 97 93 87 83 82 84 88 92 96 97 94 86 75261116QQ10 5 991945 9799999999999999 231 251456 8299999999999999
 62 49 39 34 35 41 52 65 77 88 94 97 96 92 87 83 80 80 81 84 86 88 86 81261117QQ1110 972058 8899999999999999 320 331639 8099999999999999
 73 64 54 46 42 42 47 56 67 78 88 95 98 97 92 86 79 74 71 70 73 76 80 82261118QQ1213 982314 8299999999999999 425 411837 7099999999999999
 81 77 70 62 54 49 47 51 58 69 81 91 98101 99 92 82 71 62 57 56 61 68 77261119QQ13 2101999999999999999999999 549 471935 5699999999999999
 83 87 85 79 71 61 54 51 53 61 72 85 96104105 99 88 73 58 46 40 42 50 64261120QQ 113 87134110599999999999999 7 8 512016 4099999999999999
 78 89 96 96 89 79 67 58 54 56 65 78 92104110108 97 80 59 40 26 22 28 43261121QQ 229 97141611099999999999999 810 532053 2299999999999999
 63 83 98106106 98 85 71 61 57 60 71 86101112115108 91 68 42 19  7  7 19261122QQ 328107144811599999999999999 9 1 572131  599999999999999
 40 66 90108116114104 89 74 63 61 67 80 97112120118105 82 52 23  0-10 -5261123QQ 420116152112199999999999999 946 6122 9-1099999999999999
 14 41 71 97115122119107 90 75 67 67 76 91108121125118 99 70 36  5-15-21261124QQ 5 91221555125999999999999991028 662250-2199999999999999
-10 13 44 76102119124119105 89 76 71 74 85101117127127115 91 58 23 -7-24261125QQ 55812416301299999999999999911 7 712333-2799999999999999
-25-10 16 49 80104119122115102 88 77 75 81 94109123129125108 81 48 14-13261126QQ 64812217 7129999999999999991146 75999999999999999999999
-26-22 -5 22 54 82104115117109 97 85 78 79 87 99113123126119100 73 41 10261127QQ 738117174712699999999999999 018-261226 7899999999999999
-11-20-14  4 30 58 83101110110103 93 83 79 81 89100111119119110 92 66 38261128QQ 830111183112099999999999999 1 5-201311 7999999999999999
 13 -4 -9 -1 16 39 63 84 98104104 97 89 81 79 81 87 96104109108 99 84 63261129QQ 923105192110999999999999999 153 -914 4 7999999999999999
 41 21  9  7 14 29 48 68 84 95100 99 93 85 79 76 77 81 86 92 96 96 90 79261130QQ10161002025 9799999999999999 244  61518 7699999999999999
 64 47 33 24 23 30 42 57 73 86 94 98 96 90 82 75 71 69 70 74 79 83 85 842612 1QQ11 8 9822 5 8599999999999999 338 2317 6 6999999999999999
 78 68 57 47 40 39 44 53 65 78 89 95 97 95 88 79 70 62 58 57 60 66 73 792612 2QQ1156 97999999999999999999999 441 391842 5799999999999999
 81 81 76 68 60 54 53 55 63 73 84 93 98 99 95 86 74 62 51 44 43 48 56 672612 3QQ 017 821240 9999999999999999 554 531942 4399999999999999
 77 84 87 85 79 72 65 62 64 71 80 90 98102101 94 82 66 51 38 31 31 39 512612 4QQ 2 3 87131910299999999999999 7 8 622027 3099999999999999
 66 80 90 95 94 88 80 72 69 70 77 86 96103106103 92 75 56 37 24 19 23 342612 5QQ 317 95135710699999999999999 812 6921 4 1999999999999999
 52 70 87 99103101 93 84 75 72 74 82 92103109110102 87 66 43 24 12 10 192612 6QQ 4 9103143411099999999999999 9 6 722139  999999999999999
 36 57 79 96107110105 95 84 76 74 78 87 99109114111 99 79 55 30 11  2  62612 7QQ 450110151011499999999999999 951 732213  299999999999999
 20 41 66 89105114113105 93 82 75 75 81 93106115117110 93 69 41 17  1 -32612 8QQ 5261151545117999999999999991031 742247 -399999999999999
  6 25 51 77 98112117113102 89 78 73 77 86 99112119117105 83 56 28  6 -52612 9QQ 6 011716191199999999999999911 6 732320 -699999999999999
 -3 12 35 62 87105115116108 96 83 74 73 80 92105116119113 96 71 43 17 -1261210QQ 6331171652120999999999999991139 732353 -699999999999999
 -6  2 21 46 73 95109115111101 88 77 72 75 84 97110117116105 85 59 31  9261211QQ 7 41151724118999999999999991210 72999999999999999999999
 -3 -2 11 33 58 82101110111104 93 81 73 71 77 88101111115109 95 73 47 23261212QQ 735112175611599999999999999 026 -41241 7199999999999999
  6  0  6 23 45 69 90104109106 97 85 75 70 71 79 90102109109100 83 61 38261213QQ 8 6109183011099999999999999 058  01314 6999999999999999
 18  7  7 18 36 58 79 96105106100 89 78 70 68 72 80 90 99103100 90 73 53261214QQ 83810619 710399999999999999 131  61353 6899999999999999
 34 19 14 18 30 49 69 86 99104102 94 83 73 67 66 70 77 86 93 95 91 81 66261215QQ 9111041952 9599999999999999 2 4 141441 6699999999999999
 49 35 25 24 30 43 60 77 91100102 98 89 79 69 63 62 65 72 79 84 86 83 75261216QQ 9481022054 8699999999999999 241 231545 6299999999999999
 64 52 41 35 36 43 54 69 83 94100100 95 86 75 65 58 55 57 62 69 76 80 80261217QQ10301012227 8099999999999999 325 3517 6 5599999999999999
 75 68 59 52 48 48 54 63 76 87 96101100 93 83 70 58 49 44 45 50 59 68 76261218QQ1118101999999999999999999999 422 471824 4499999999999999
 80 80 76 70 64 60 59 63 70 81 91 98102100 93 80 65 49 37 30 30 38 50 63261219QQ 030 81121110299999999999999 540 591926 2999999999999999
 76 85 89 88 83 76 70 68 70 76 85 94102105102 93 77 57 37 21 13 15 25 42261220QQ 216 8913 410599999999999999 7 8 682020 1399999999999999
 61 79 92 99 99 94 86 78 74 74 80 89 99107110106 92 72 47 22  4 -4  1 15261221QQ 331100135511099999999999999 824 7321 9 -499999999999999
 38 62 84101109109102 92 82 77 77 83 94106114116109 91 65 35  7-12-18-10261222QQ 429110144411699999999999999 926 762157-1899999999999999
  9 36 65 91108116115106 94 83 78 79 87 99112121121110 88 58 24 -6-24-28261223QQ 5201171531122999999999999991018 772244-2999999999999999
-16  8 39 70 96114120117106 92 81 77 80 90105118126124110 84 50 14-15-31261224QQ 6 812016181279999999999999911 5 772330-3499999999999999
-32-16 11 44 76101116120114101 87 77 74 80 93108122128123106 78 42  8-19261225QQ 65212017 6128999999999999991148 74999999999999999999999
-32-28 -9 20 52 82105116117108 94 80 72 72 79 93109121125118 99 71 37  5261226QQ 734118175412599999999999999 015-321231 7199999999999999
-17-24-16  4 32 63 89107114111100 85 72 66 68 77 91105115118109 91 64 35261227QQ 812114184311899999999999999 059-241316 6699999999999999
  8 -7-10  1 22 48 74 95107110103 90 76 65 61 64 73 86 98106107 99 82 60261228QQ 846110193510899999999999999 141-1114 4 6199999999999999
 36 17  8  9 22 41 64 85 99106104 95 82 68 59 56 59 67 78 88 95 95 88 76261229QQ 9161062033 9699999999999999 220  71459 5699999999999999
 59 42 30 26 31 43 60 78 93102103 98 88 74 62 54 51 53 60 68 77 83 84 80261230QQ 9441042147 8499999999999999 257 2616 5 5199999999999999
 72 61 52 46 46 52 63 77 90100104101 94 82 69 57 49 45 45 50 58 66 72 76261231QQ10 81042337 7799999999999999 329 451723 4499999999999999
