 29 25 21 15 10  6  3  1  2  4  9 14 18 22 24 25 25 26 26 26 28 29 31 3326 1 1QR2332 33999999999999999999999 715  1999999999999999999999
 33 31 27 22 16 10  4  1 -1  0  3  8 14 19 23 25 26 27 27 27 27 29 31 3326 1 2QR9999999999999999999999999999 814 -1999999999999999999999
 35 35 33 29 23 16  9  3 -1 -3 -2  2  8 14 19 23 25 26 26 26 26 26 28 3126 1 3QR 033 35999999999999999999999 910 -3999999999999999999999
 34 36 36 33 29 23 15  8  2 -2 -4 -2  2  8 14 19 23 24 25 24 23 24 24 2626 1 4QR 133 361736 259999999999999910 4 -42016 2399999999999999
 29 33 35 35 33 28 21 14  7  1 -3 -4 -2  3  9 15 19 22 23 22 21 21 21 2226 1 5QR 231 3618 2 23999999999999991053 -42117 2199999999999999
 24 27 31 33 33 30 26 19 12  5  0 -3 -3  0  5 11 16 19 21 21 20 18 18 1826 1 6QR 326 331829 21999999999999991138 -32227 1899999999999999
 19 21 25 28 30 29 27 22 16 10  4  1 -1 -1  2  7 12 16 19 20 19 17 16 1526 1 7QR 419 301857 20999999999999991218 -22343 1599999999999999
 15 16 18 21 24 25 25 22 18 13  8  4  2  1  3  6 11 15 17 19 19 17 15 1426 1 8QR 510 251922 19999999999999991252  1999999999999999999999
 13 12 13 15 18 20 21 20 18 15 11  8  6  5  5  7 10 14 17 18 19 18 16 1426 1 9QR 6 4 211945 1999999999999999 055 121317  499999999999999
 12 11 10 11 12 14 16 16 16 15 13 11  9  8  8 10 12 15 17 19 19 19 17 1526 110QR 7 9 1620 3 1999999999999999 2 5 101325  899999999999999
 13 11  9  9  9 10 11 12 13 13 13 12 12 12 12 13 14 16 18 20 21 20 19 1726 111QR 854 132017 2199999999999999 319  91256 1299999999999999
 15 12 10  8  7  7  8  9 10 12 13 13 14 14 15 16 17 19 20 22 22 22 22 2026 112QR2033 22999999999999999999999 437  7999999999999999999999
 17 15 12  9  7  6  6  7  8 10 12 13 15 16 17 18 19 21 22 23 24 24 24 2326 113QR2059 24999999999999999999999 547  6999999999999999999999
 21 18 15 12  9  7  5  5  6  8 10 13 15 17 19 20 21 22 23 24 25 26 26 2526 114QR2143 26999999999999999999999 640  5999999999999999999999
 24 21 18 14 11  8  5  4  4  6  8 11 14 17 19 21 22 22 23 24 25 26 27 2726 115QR2244 27999999999999999999999 724  4999999999999999999999
 26 24 21 18 14 10  6  4  3  4  6  9 13 16 19 21 22 22 22 23 24 25 26 2726 116QR2347 28999999999999999999999 8 5  3999999999999999999999
 28 27 24 21 17 12  8  4  2  2  3  6 10 14 17 19 21 21 21 21 22 23 25 2626 117QR9999999999999999999999999999 845  2999999999999999999999
 28 28 27 24 20 15 10  5  2  0  0  3  6 11 15 18 19 20 20 19 19 20 22 2426 118QR 043 281712 2099999999999999 924  01930 1999999999999999
 26 27 28 26 22 18 12  7  2 -1 -2 -1  2  7 11 15 17 18 18 18 17 17 18 2026 119QR 133 281721 199999999999999910 1 -22019 1799999999999999
 23 25 27 26 24 20 14  9  3 -1 -3 -3 -1  3  8 12 15 17 17 16 15 14 15 1626 120QR 218 271738 17999999999999991036 -321 7 1499999999999999
 18 21 24 25 24 21 17 11  5  0 -3 -4 -3  0  5  9 13 15 16 15 13 12 12 1226 121QR 3 2 251756 169999999999999911 9 -42159 1299999999999999
 14 16 20 22 23 22 18 13  8  2 -1 -3 -4 -2  2  7 11 14 15 14 13 11 10  926 122QR 346 231814 15999999999999991140 -42258  999999999999999
 10 12 15 18 20 21 19 15 11  6  2 -1 -2 -1  2  6 10 13 15 15 13 11  9  726 123QR 434 211828 159999999999999912 8 -2999999999999999999999
  7  7 10 13 16 18 18 16 13  9  5  3  1  1  3  6 10 14 16 16 15 12  9  726 124QR 530 181842 1699999999999999 0 0  71232  199999999999999
  5  5  5  8 11 14 15 16 15 12  9  7  6  6  6  9 12 15 17 18 17 15 12  826 125QR 640 161859 1899999999999999 1 2  51246  699999999999999
  6  4  3  4  6  8 11 13 14 14 13 11 10 10 11 12 14 17 19 20 20 19 16 1226 126QR 816 141923 2099999999999999 2 8  31242 1099999999999999
  8  5  3  2  2  4  6  9 11 13 14 14 14 14 15 16 17 19 21 22 23 22 20 1726 127QR1958 23999999999999999999999 323  2999999999999999999999
 13  9  5  2  1  0  1  4  7 10 12 14 16 17 18 19 20 21 22 24 25 25 24 2226 128QR2050 25999999999999999999999 447  0999999999999999999999
 19 14 10  6  2  0 -1 -1  1  5  9 12 15 17 19 20 21 22 23 24 25 26 27 2626 129QR22 4 27999999999999999999999 6 8 -1999999999999999999999
 24 21 16 11  6  2 -2 -3 -3  0  4  8 13 16 18 20 21 22 22 23 24 25 27 2826 130QR2326 28999999999999999999999 718 -3999999999999999999999
 28 26 22 17 12  6  1 -3 -5 -5 -2  3  8 13 16 19 20 20 20 20 21 22 24 2626 131QR9999999999999999999999999999 818 -5999999999999999999999
 28 29 27 23 18 11  5 -1 -5 -7 -6 -2  3  9 13 16 18 18 18 17 17 18 19 2226 2 1QR 038 291642 1899999999999999 911 -71937 1799999999999999
 26 28 28 26 22 17 10  3 -3 -6 -7 -6 -1  5 10 14 16 17 16 15 14 13 14 1626 2 2QR 140 291652 1799999999999999 957 -72040 1399999999999999
 20 24 27 27 25 20 14  7  1 -4 -7 -7 -4  1  7 11 14 15 15 13 11 10 10 1126 2 3QR 236 271710 15999999999999991038 -72143 1099999999999999
 13 18 22 24 24 22 17 11  5 -1 -4 -6 -5 -1  4  9 13 14 14 13 10  8  7  726 2 4QR 328 241730 15999999999999991113 -62243  799999999999999
  8 11 15 19 21 20 18 14  8  3 -1 -3 -4 -2  3  8 12 14 14 13 10  8  5  426 2 5QR 420 211749 14999999999999991143 -42338  499999999999999
  4  6  9 13 16 17 17 14 10  6  3  0 -1  0  3  7 11 14 15 14 12  9  6  426 2 6QR 511 1718 7 159999999999999912 5 -1999999999999999999999
  3  3  4  7 11 13 14 13 11  8  6  4  3  3  5  8 12 14 16 15 14 11  7  526 2 7QR 6 8 141820 1699999999999999 029  21214  399999999999999
  3  2  2  4  6  9 10 11 11 10  8  7  7  7  8 11 13 16 17 17 16 13 10  726 2 8QR 715 111830 1799999999999999 120  21157  799999999999999
  4  3  2  2  3  5  7  8  9 10  9  9  9 10 11 13 15 17 18 18 18 16 13 1026 2 9QR1839 19999999999999999999999 215  2999999999999999999999
  7  5  3  2  2  3  4  6  7  9 10 11 11 12 14 15 17 19 20 20 19 18 16 1326 210QR1854 20999999999999999999999 322  2999999999999999999999
 10  7  5  3  2  2  3  4  5  7  9 11 12 14 15 17 18 19 20 21 21 20 19 1626 211QR1924 21999999999999999999999 446  2999999999999999999999
 14 11  8  5  3  2  1  2  3  5  7 10 12 14 16 17 18 19 20 21 21 21 20 1926 212QR2022 21999999999999999999999 6 4  1999999999999999999999
 17 14 11  8  5  3  1  0  1  2  5  8 11 13 15 16 17 18 18 19 20 20 21 2026 213QR22 5 21999999999999999999999 7 2  0999999999999999999999
 19 17 14 11  7  4  1 -1 -1  0  2  5  8 11 14 15 16 16 16 17 18 19 20 2026 214QR2335 21999999999999999999999 749 -1999999999999999999999
 21 19 17 14 10  5  1 -2 -3 -3 -2  2  5  9 12 14 14 14 14 14 14 15 17 1926 215QR1626 15999999999999999999999 830 -41849 1499999999999999
 20 20 19 16 12  7  3 -2 -4 -6 -5 -2  2  6 10 12 13 13 12 11 11 11 13 1526 216QR 037 201621 1399999999999999 9 6 -61944 1199999999999999
 18 20 20 18 14 10  4 -1 -5 -7 -7 -5 -1  3  7 10 11 11 10  9  8  8  9 1126 217QR 129 201627 1299999999999999 940 -72033  799999999999999
 14 17 19 19 16 12  7  1 -3 -7 -8 -7 -4  1  5  9 10 11  9  7  5  4  4  626 218QR 217 191637 11999999999999991011 -82123  499999999999999
  9 13 17 18 17 14 10  4 -1 -5 -7 -7 -5 -1  4  8 10 11 10  7  4  2  1  126 219QR 3 5 181648 11999999999999991041 -82213  199999999999999
  4  8 12 16 17 16 13  8  3 -1 -4 -5 -5 -1  3  8 11 12 11  8  4  1 -1 -226 220QR 357 1717 0 12999999999999991110 -523 4 -299999999999999
 -1  2  7 11 14 15 14 11  7  3  0 -2 -2  0  4  9 12 13 13 10  7  2 -1 -326 221QR 454 151713 13999999999999991135 -22356 -499999999999999
 -4 -3  1  6 10 13 13 13 10  7  4  3  3  3  6 10 13 15 15 14 10  6  1 -226 222QR 6 1 131731 15999999999999991151  3999999999999999999999
 -4 -5 -3  0  4  8 11 12 12 10  8  7  7  8  9 12 15 17 18 17 14 10  6  126 223QR 719 121755 1899999999999999 051 -51146  799999999999999
 -2 -4 -5 -4 -1  3  6  9 10 11 11 10 11 11 13 14 16 19 20 20 18 15 11  626 224QR1826 20999999999999999999999 153 -5999999999999999999999
  2 -1 -3 -4 -4 -2  1  4  7  9 11 12 13 14 15 16 18 19 20 21 21 19 16 1226 225QR1911 21999999999999999999999 3 8 -5999999999999999999999
  8  4  0 -3 -4 -4 -3 -1  2  5  8 11 13 14 16 17 18 19 20 21 21 21 20 1826 226QR2023 21999999999999999999999 440 -5999999999999999999999
 14 10  6  2 -2 -4 -5 -5 -3  1  4  8 11 13 15 16 17 17 18 18 19 21 21 2126 227QR22 7 21999999999999999999999 6 9 -5999999999999999999999
 19 16 11  7  2 -2 -5 -7 -6 -4  0  4  8 11 13 14 15 15 15 15 16 17 19 2126 228QR2338 21999999999999999999999 718 -7999999999999999999999
 21 19 16 12  7  2 -3 -6 -8 -7 -4  0  5  9 11 13 13 12 12 11 11 13 15 1826 3 1QR1542 13999999999999999999999 813 -81914 1199999999999999
 20 21 19 16 12  6  0 -4 -7 -9 -7 -3  2  6  9 11 11 10  9  8  7  7  9 1226 3 2QR 049 211541 1299999999999999 858 -92010  799999999999999
 16 19 20 18 15 10  4 -1 -6 -8 -8 -6 -1  4  8 10 11 10  7  5  3  3  4  626 3 3QR 148 201551 1199999999999999 936 -821 2  399999999999999
 10 15 17 18 16 13  7  2 -3 -6 -7 -6 -3  2  7 10 11 10  7  4  2  0  0  126 3 4QR 243 1816 6 119999999999999910 9 -72151 -199999999999999
  4  9 13 16 16 14 10  5  0 -3 -5 -5 -3  2  6 10 11 11  9  5  1 -1 -3 -326 3 5QR 336 161621 11999999999999991037 -52236 -399999999999999
 -1  3  8 12 14 13 12  8  4  0 -2 -2 -1  2  6 10 12 12 10  7  3 -1 -3 -426 3 6QR 429 141636 12999999999999991059 -22318 -499999999999999
 -4 -1  3  7 10 12 11 10  6  4  2  1  2  4  7 11 13 13 12  9  5  1 -2 -426 3 7QR 524 121648 13999999999999991112  12358 -599999999999999
 -5 -4 -1  3  7  9 10 10  8  6  5  5  5  6  9 12 14 15 14 12  8  4  0 -226 3 8QR 620 101659 159999999999999911 7  5999999999999999999999
 -4 -4 -3  0  3  6  8  9  9  8  7  7  8  9 11 13 15 16 16 14 11  7  3  026 3 9QR 724  917 9 1699999999999999 039 -41039  799999999999999
 -2 -3 -3 -1  1  3  6  7  8  9  9  9 10 11 13 15 16 17 17 16 14 11  7  426 310QR1722 17999999999999999999999 124 -3999999999999999999999
  1 -1 -2 -2 -1  1  3  5  7  8  9 10 11 12 14 15 17 18 18 17 16 13 10  726 311QR1742 18999999999999999999999 219 -2999999999999999999999
  4  2  0 -1 -1 -1  1  2  4  6  8 10 11 12 14 15 16 17 17 17 16 15 13 1026 312QR1814 17999999999999999999999 336 -1999999999999999999999
  7  5  2  0 -1 -2 -1  0  1  4  6  8 10 12 13 14 15 15 16 16 16 15 14 1326 313QR1918 16999999999999999999999 513 -2999999999999999999999
 10  8  5  2  0 -2 -3 -3 -2  0  3  6  8 10 12 12 13 13 13 14 14 14 14 1426 314QR2137 14999999999999999999999 624 -3999999999999999999999
 12 10  7  4  1 -2 -4 -5 -4 -3  0  3  6  8 10 11 11 10 10 10 11 12 13 1426 315QR1530 112322 1499999999999999 714 -51813 1099999999999999
 14 12 10  7  3 -1 -4 -6 -7 -6 -3  0  4  7  8  9  9  8  7  7  7  8 10 1226 316QR1511  9999999999999999999999 754 -719 7  799999999999999
 13 13 12  9  5  1 -3 -6 -8 -8 -6 -2  2  5  7  8  8  6  4  3  3  3  5  826 317QR 030 1415 7  899999999999999 830 -81952  399999999999999
 12 13 13 12  8  4 -1 -4 -7 -8 -7 -4  0  4  7  8  7  6  3  0 -1 -1  0  326 318QR 127 141510  899999999999999 9 3 -82036 -199999999999999
  8 12 13 13 11  8  3 -2 -5 -7 -7 -5  0  4  7  9  8  6  3 -1 -3 -5 -4 -226 319QR 222 141517  999999999999999 935 -72122 -599999999999999
  2  8 12 14 13 11  7  3 -1 -4 -4 -4  0  4  8 10 10  8  5  0 -4 -7 -8 -726 320QR 320 141528 119999999999999910 5 -522 8 -899999999999999
 -4  2  8 12 13 13 11  7  3  1 -1 -1  1  5 10 12 13 12  8  3 -2 -6 -9-1026 321QR 423 141546 13999999999999991033 -12256-1099999999999999
 -8 -4  2  7 11 13 13 11  8  5  4  3  4  7 11 14 16 15 12  8  2 -4 -8-1026 322QR 528 1316 9 16999999999999991056  32347-1199999999999999
-11 -9 -4  2  7 10 12 12 11  9  8  7  8  9 12 16 18 18 16 13  8  2 -4 -726 323QR 635 131637 189999999999999911 1  7999999999999999999999
-10-10 -8 -4  1  6  9 11 12 11 10 10 11 12 14 16 19 20 19 17 13  8  2 -226 324QR 755 121711 2099999999999999 041-101031 1099999999999999
 -6 -9 -9 -7 -4  0  4  7  9 11 11 12 13 14 15 16 18 20 20 19 17 13  9  426 325QR1754 20999999999999999999999 144 -9999999999999999999999
  0 -4 -7 -8 -7 -4 -1  2  5  8 10 11 13 14 15 16 17 18 19 19 19 17 14 1026 326QR1855 19999999999999999999999 3 1 -8999999999999999999999
  6  2 -2 -5 -6 -7 -5 -3  1  4  7  9 11 13 14 14 15 15 16 17 17 17 16 1426 327QR2031 17999999999999999999999 434 -7999999999999999999999
 11  7  3 -1 -4 -6 -7 -6 -3  0  4  7  9 11 12 12 12 12 12 12 14 15 16 1626 328QR2223 16999999999999999999999 556 -7999999999999999999999
 14 12  8  4  0 -4 -6 -7 -6 -3  1  4  7  9 10 10 10  9  8  8  9 10 13 1426 329QR1428 102353 1599999999999999 659 -71842  899999999999999
 15 14 12  8  4  0 -4 -6 -7 -5 -2  2  6  8  9  9  8  6  5  4  4  5  8 1126 330QR1422  9999999999999999999999 747 -71933  399999999999999
 13 14 13 11  7  3 -1 -4 -6 -5 -3  1  5  8  9  9  8  5  2  1  0  0  2  626 331QR 1 2 141428  999999999999999 827 -62019 -199999999999999
 10 12 13 12 10  6  2 -1 -3 -4 -3  0  4  8 10 10  8  5  2 -1 -3 -4 -3  026 4 1QR 2 2 131438 1099999999999999 859 -421 1 -499999999999999
  5  9 12 13 12  9  5  2 -1 -2 -2  0  4  8 11 11 10  7  3 -1 -4 -6 -6 -426 4 2QR 259 131451 1199999999999999 927 -22139 -699999999999999
  0  5  9 11 12 11  8  5  3  1  1  2  5  9 12 13 12 10  6  1 -3 -6 -7 -726 4 3QR 353 1215 5 1399999999999999 948  12216 -799999999999999
 -4  1  6  9 11 12 11  8  6  4  4  4  6 10 13 14 14 12  9  4 -1 -5 -7 -826 4 4QR 445 121521 149999999999999910 3  42252 -899999999999999
 -6 -2  2  7 10 12 12 10  9  7  7  7  8 11 14 16 16 15 12  7  2 -2 -5 -726 4 5QR 536 121536 169999999999999910 7  72327 -799999999999999
 -7 -4 -1  4  7 10 12 12 11 10  9 10 11 12 15 17 18 17 14 10  6  1 -3 -526 4 6QR 629 121552 1899999999999999 959  9999999999999999999999
 -6 -5 -2  1  5  8 10 11 11 11 11 11 12 14 16 18 18 18 16 13  9  5  1 -226 4 7QR1610 18999999999999999999999 0 5 -6999999999999999999999
 -4 -5 -3 -1  2  5  8 10 11 11 11 12 13 14 16 17 18 18 17 15 12  8  4  126 4 8QR1632 19999999999999999999999 048 -5999999999999999999999
 -2 -3 -3 -2  0  2  5  7  9 10 11 12 13 14 15 16 17 18 17 16 14 11  7  426 4 9QR1659 18999999999999999999999 138 -3999999999999999999999
  1 -1 -2 -3 -2  0  2  4  6  8  9 11 12 13 14 15 15 16 16 15 14 12 10  726 410QR1735 16999999999999999999999 243 -3999999999999999999999
  4  1 -1 -2 -3 -2 -1  1  3  5  7  9 10 11 12 13 13 13 13 14 13 12 11  926 411QR1850 14999999999999999999999 4 6 -3999999999999999999999
  6  4  1 -1 -3 -3 -3 -2  0  3  5  7  9 10 10 10 10 10 10 10 11 11 11 1026 412QR2113 11999999999999999999999 520 -3999999999999999999999
  8  6  4  1 -2 -3 -4 -4 -2  0  3  6  8  9  9  9  8  7  6  7  7  9 10 1126 413QR1348  923 6 1199999999999999 614 -41818  699999999999999
 10  9  6  3  1 -2 -4 -4 -4 -1  2  5  7  8  8  8  6  4  3  2  3  5  7 1026 414QR1336  9999999999999999999999 657 -41859  299999999999999
 11 11  9  7  4  1 -2 -3 -3 -2  1  4  7  9  9  8  5  3  0 -1 -1  0  3  726 415QR 024 111334  999999999999999 736 -41940 -299999999999999
 10 12 12 10  8  5  1 -1 -2 -1  1  5  8 11 11  9  7  3 -1 -4 -5 -5 -3  226 416QR 132 121340 1199999999999999 812 -22022 -599999999999999
  7 11 13 13 12  9  6  3  2  1  3  6 10 13 14 13 10  5  0 -4 -7 -9 -8 -426 417QR 240 131356 1499999999999999 846  121 7 -999999999999999
  2  8 12 14 15 14 11  8  6  5  5  7 11 15 17 17 14 10  4 -2 -7-10-11 -926 418QR 346 151420 1799999999999999 918  52155-1199999999999999
 -5  2  8 13 15 16 15 12 10  9  9 10 12 16 19 20 19 15 10  3 -4 -8-11-1226 419QR 450 161450 2099999999999999 946  92245-1299999999999999
-10 -4  3  9 13 16 16 15 14 13 12 13 14 17 21 23 22 20 16  9  2 -4 -8-1126 420QR 552 161525 239999999999999910 1 122339-1299999999999999
-12 -9 -4  3  8 12 15 16 15 15 14 15 16 17 20 23 24 23 21 16  9  3 -3 -726 421QR 7 0 1616 6 2499999999999999 953 14999999999999999999999
-10-10 -8 -3  2  7 11 14 15 15 15 16 16 17 19 22 23 24 23 20 16 10  4 -126 422QR1653 24999999999999999999999 036-10999999999999999999999
 -5 -8 -8 -6 -3  2  6 10 12 14 14 15 16 16 17 19 21 22 22 21 19 15 10  526 423QR1752 22999999999999999999999 140 -8999999999999999999999
  1 -3 -6 -6 -5 -2  1  5  8 11 13 14 14 15 15 16 17 18 19 20 19 17 14 1126 424QR19 6 20999999999999999999999 253 -6999999999999999999999
  7  3 -1 -3 -5 -4 -2  1  5  8 10 12 13 13 13 13 13 13 14 15 16 16 16 1426 425QR2044 16999999999999999999999 412 -5999999999999999999999
 11  7  4  1 -2 -3 -3 -1  2  5  8 11 12 12 12 11 10  9  9 10 11 13 14 1426 426QR1252 122236 1499999999999999 521 -31740  999999999999999
 13 11  8  5  2  0 -1 -1  1  4  7 10 11 12 11 10  8  6  5  5  6  8 10 1226 427QR1252 12999999999999999999999 616 -21840  599999999999999
 13 12 11  8  5  3  1  0  1  4  7 10 12 12 12 10  7  5  2  1  1  3  6  926 428QR 0 6 131259 1299999999999999 659  01927  199999999999999
 11 13 12 11  9  6  4  3  3  4  7 10 13 14 13 11  8  5  2 -1 -2 -1  2  526 429QR 119 1313 9 1499999999999999 734  320 8 -299999999999999
  9 12 13 13 11  9  7  6  6  6  8 11 14 15 15 13 10  6  2 -1 -3 -3 -2  226 430QR 224 131322 1599999999999999 8 1  62045 -499999999999999
  6 10 13 14 14 12 10  9  8  9 10 12 15 17 17 16 13  9  4  0 -3 -4 -4 -126 5 1QR 320 141339 1899999999999999 821  82119 -499999999999999
  3  8 12 14 15 15 13 12 11 11 12 14 17 19 20 19 16 12  7  2 -1 -4 -5 -326 5 2QR 411 151358 2099999999999999 835 112152 -599999999999999
  1  5 10 13 16 16 16 14 14 13 14 15 18 20 22 21 19 16 11  6  1 -2 -4 -426 5 3QR 458 161420 2299999999999999 846 132227 -499999999999999
 -1  3  7 12 15 17 17 16 16 15 16 17 18 21 23 23 22 19 15 10  4  0 -2 -326 5 4QR 544 171444 2399999999999999 858 1523 3 -399999999999999
 -2  1  5  9 13 16 17 17 17 16 17 17 19 21 23 24 23 21 18 13  8  4  0 -226 5 5QR 633 171510 2499999999999999 9 4 162343 -399999999999999
 -2 -1  2  6 10 13 16 17 17 17 17 17 18 20 22 23 24 22 20 16 11  7  3  026 5 6QR1539 249999999999999999999999999999999999999999999999999
 -1 -1  1  4  7 10 13 15 16 16 16 17 18 19 20 22 23 22 21 18 14 10  6  226 5 7QR1612 23999999999999999999999 025 -2999999999999999999999
  0 -1  0  1  4  7 10 12 14 15 15 16 16 17 18 19 20 21 20 18 16 12  8  526 5 8QR1649 21999999999999999999999 112 -1999999999999999999999
  2  0  0  0  2  4  7  9 11 13 14 15 15 16 16 17 17 18 18 17 16 13 10  726 5 9QR1740 18999999999999999999999 2 4  0999999999999999999999
  4  2  1  0  1  2  4  7  9 11 12 13 14 14 14 14 14 15 15 15 15 14 12 1026 510QR19 1 15999999999999999999999 3 1  0999999999999999999999
  7  5  2  1  1  1  3  5  8 10 12 13 13 13 12 12 11 11 11 12 13 13 13 1226 511QR12 6 132057 1399999999999999 359  11647 1199999999999999
 10  8  5  4  2  2  3  4  7  9 12 13 13 13 11 10  9  8  7  8 10 11 13 1326 512QR1153 132256 1399999999999999 452  21745  799999999999999
 12 11  9  7  5  4  4  5  7 10 12 14 15 14 12  9  7  5  4  4  5  8 11 1326 513QR1152 15999999999999999999999 540  41830  499999999999999
 14 14 13 12 10  8  7  7  9 11 14 16 17 16 14 11  7  4  1  0  0  3  7 1126 514QR 030 1512 4 1799999999999999 624  71915  099999999999999
 14 16 17 16 14 13 11 11 11 13 16 19 20 20 18 15 10  5  1 -2 -3 -2  1  726 515QR 151 171226 2199999999999999 7 4 1120 2 -399999999999999
 12 16 19 20 19 17 16 15 15 15 18 21 24 25 23 20 15  9  3 -2 -5 -6 -4  126 516QR 3 4 201256 2599999999999999 741 152051 -699999999999999
  7 13 18 21 22 21 20 19 18 18 20 22 25 28 28 26 21 15  8  2 -3 -7 -7 -526 517QR 410 221333 2899999999999999 812 182144 -799999999999999
  1  8 14 19 22 23 23 21 21 21 21 23 26 29 31 30 27 22 15  8  1 -4 -7 -726 518QR 511 231416 3199999999999999 837 212238 -899999999999999
 -4  1  8 14 19 22 23 23 22 22 22 23 25 28 31 32 31 28 23 16  8  2 -3 -626 519QR 611 2315 4 3299999999999999 855 222334 -799999999999999
 -7 -4  2  8 14 18 21 22 22 22 22 22 24 26 29 31 32 31 28 22 16  9  3 -226 520QR1558 329999999999999999999999999999999999999999999999999
 -5 -5 -2  3  8 13 17 20 21 21 21 21 22 23 25 27 29 30 29 26 21 15  9  426 521QR1657 30999999999999999999999 032 -5999999999999999999999
  0 -3 -3  0  4  8 13 16 18 19 19 20 20 20 21 22 24 26 27 26 24 20 15 1026 522QR18 0 27999999999999999999999 132 -3999999999999999999999
  5  2  0  0  2  5  9 13 16 17 18 18 18 18 18 18 19 20 22 23 22 21 18 1426 523QR1042 181913 2399999999999999 232  014 2 1899999999999999
 11  7  4  3  3  4  7 11 14 16 17 18 17 16 15 15 14 15 16 18 19 19 18 1726 524QR1054 182048 1999999999999999 330  21559 1499999999999999
 14 11  9  7  6  6  7 10 13 16 17 18 18 16 15 13 12 11 11 12 14 15 16 1726 525QR11 9 182244 1799999999999999 423  61720 1199999999999999
 16 14 13 11 10  9  9 11 13 16 18 19 19 18 15 13 11  9  7  8  9 11 14 1526 526QR1124 19999999999999999999999 5 7  91821  799999999999999
 16 16 15 14 13 12 12 13 15 17 19 21 21 20 17 14 11  8  6  5  6  8 11 1326 527QR 025 161138 2199999999999999 541 1219 9  599999999999999
 16 17 17 17 16 16 16 16 17 19 21 23 23 22 20 17 13  9  6  4  4  5  8 1126 528QR 153 171154 2399999999999999 6 2 161949  499999999999999
 15 17 19 19 19 19 18 19 19 21 23 25 26 25 23 20 16 12  8  5  3  4  6  926 529QR 3 6 191214 2699999999999999 614 182024  399999999999999
 13 17 20 21 22 21 21 21 21 22 24 26 28 28 26 24 20 15 10  7  4  3  4  726 530QR 359 221239 2899999999999999 633 212058  399999999999999
 12 16 20 22 23 23 23 23 23 24 25 27 29 30 29 27 24 19 14  9  6  4  4  626 531QR 439 2313 8 3099999999999999 7 4 232132  499999999999999
 10 14 18 22 24 25 24 24 24 24 26 27 29 31 31 30 27 23 18 12  8  5  4  526 6 1QR 515 251341 3199999999999999 738 2422 9  499999999999999
  7 12 16 20 23 25 25 25 24 24 25 27 29 31 32 32 30 26 21 16 11  7  5  426 6 2QR1417 329999999999999999999992248  4999999999999999999999
  5  9 13 17 21 23 24 24 24 24 24 26 27 29 31 32 31 28 24 19 14  9  6  426 6 3QR1454 329999999999999999999992329  4999999999999999999999
  4  6 10 14 18 21 23 23 23 23 23 24 25 27 29 30 30 29 26 22 17 12  8  526 6 4QR1533 319999999999999999999999999999999999999999999999999
  4  5  7 11 14 18 20 22 22 22 22 23 23 24 26 28 29 28 26 23 19 14 10  726 6 5QR1613 29999999999999999999999 010  4999999999999999999999
  5  4  6  8 11 15 18 20 21 21 21 21 21 22 23 25 26 26 26 24 20 16 13  926 6 6QR1658 26999999999999999999999 050  4999999999999999999999
  7  5  5  7  9 13 16 18 19 20 20 20 20 20 20 21 22 23 24 23 21 18 15 1226 6 7QR1753 24999999999999999999999 129  5999999999999999999999
  9  7  7  7  9 12 14 17 19 20 20 20 19 18 18 18 18 20 21 21 21 19 17 1526 6 8QR 945 2019 8 2199999999999999 2 6  71428 1899999999999999
 12 11  9  9 10 12 14 17 19 20 21 20 19 18 16 15 15 16 17 18 19 20 19 1826 6 9QR 951 212055 2099999999999999 243  91555 1599999999999999
 16 15 13 13 13 14 16 18 20 22 23 22 21 18 16 14 13 12 13 14 16 19 20 2026 610QR10 2 2323 3 2099999999999999 320 1317 1 1299999999999999
 20 19 18 17 17 17 18 20 22 25 26 25 24 21 18 14 11 10  9 10 12 15 19 2126 611QR1021 26999999999999999999999 359 171757  999999999999999
 23 23 23 22 21 21 22 23 25 27 29 29 28 26 22 17 13  9  7  6  7 11 15 1926 612QR 055 231051 2999999999999999 443 211852  699999999999999
 23 25 26 26 26 25 25 26 27 29 32 33 33 31 27 22 17 11  7  4  4  5 10 1526 613QR 228 261130 3399999999999999 529 251947  499999999999999
 20 25 27 29 29 29 28 28 29 31 33 35 37 37 34 29 23 16 10  5  3  2  4  926 614QR 343 291217 3799999999999999 615 282043  299999999999999
 15 21 26 29 30 31 30 30 30 31 33 36 38 40 39 36 31 24 16 10  5  1  1  426 615QR 441 3113 9 4099999999999999 659 302140  199999999999999
  9 15 22 26 29 31 31 30 30 31 32 34 37 40 41 40 37 31 24 16  9  4  1  126 616QR14 5 419999999999999999999992236  1999999999999999999999
  4  9 16 22 26 29 30 30 29 29 30 31 34 37 40 41 40 37 31 24 16 10  5  226 617QR 614 3015 3 4199999999999999 829 292331  199999999999999
  2  5 10 16 22 26 28 28 28 28 28 28 30 32 35 38 40 38 35 30 23 16 10  526 618QR 656 2816 1 4099999999999999 927 28999999999999999999999
  3  3  7 12 17 22 25 27 27 26 26 25 26 27 30 33 35 36 35 32 27 22 16 1126 619QR 735 2717 1 3699999999999999 023  31050 2599999999999999
  7  5  6 10 14 19 22 25 26 25 25 24 23 23 24 26 29 31 32 31 29 25 20 1626 620QR 810 2618 2 3299999999999999 112  51234 2399999999999999
 12 10  9 10 13 17 21 24 25 25 25 23 22 21 21 21 23 25 27 28 27 26 23 2026 621QR 842 251913 2899999999999999 156  914 5 2199999999999999
 17 14 13 13 14 17 20 23 25 26 26 24 22 21 19 18 18 19 21 23 24 24 23 2226 622QR 910 262049 2499999999999999 234 131530 1899999999999999
 20 19 17 17 17 19 21 24 26 27 27 26 24 22 20 18 16 16 17 18 20 21 22 2326 623QR 934 272258 2399999999999999 3 3 171648 1699999999999999
 22 22 21 21 21 22 24 26 28 29 29 29 27 24 21 19 16 15 14 15 17 19 21 2326 624QR 955 29999999999999999999999 3 5 211754 1499999999999999
 24 24 24 25 25 25 26 28 29 31 32 31 30 27 24 21 18 15 14 13 14 16 19 2226 625QR1016 329999999999999999999991845 13999999999999999999999
 24 26 27 27 28 28 29 30 31 33 34 34 33 31 28 24 20 17 15 13 13 15 18 2126 626QR1043 349999999999999999999991927 13999999999999999999999
 24 27 28 29 30 30 31 32 33 34 35 36 36 34 32 28 24 20 16 14 13 14 16 1926 627QR1116 3699999999999999999999920 5 13999999999999999999999
 23 26 29 31 31 32 32 33 34 35 36 38 38 37 35 32 28 23 19 15 13 13 14 1726 628QR1157 389999999999999999999992042 13999999999999999999999
 21 25 29 31 32 32 33 33 33 35 36 38 39 39 38 35 31 27 22 17 14 13 13 1526 629QR1241 399999999999999999999992120 13999999999999999999999
 19 23 27 30 32 32 32 32 32 33 35 37 39 40 40 38 35 30 25 20 16 13 12 1326 630QR1326 4099999999999999999999922 0 12999999999999999999999
 16 20 24 28 30 32 32 31 31 32 33 34 37 39 40 39 37 33 28 23 18 14 12 1126 7 1QR1410 409999999999999999999992238 11999999999999999999999
 13 17 21 25 28 30 31 30 30 30 30 32 34 36 38 39 38 35 30 25 20 15 12 1126 7 2QR 6 7 311452 3999999999999999 838 302316 1199999999999999
 11 14 18 22 26 28 29 29 29 28 28 29 30 33 35 37 37 35 32 27 22 17 13 1126 7 3QR 634 291533 3799999999999999 924 282351 1099999999999999
 10 12 15 19 23 26 28 28 28 27 27 27 28 29 31 34 35 34 32 29 24 20 15 1326 7 4QR 7 0 281616 35999999999999991019 27999999999999999999999
 11 11 14 17 21 24 27 28 28 27 26 25 25 26 27 30 32 33 32 30 26 22 18 1526 7 5QR 723 2817 3 3399999999999999 023 111131 2599999999999999
 13 13 14 17 20 24 26 28 28 27 26 24 24 23 24 26 28 30 30 30 28 25 22 1926 7 6QR 741 2818 1 3099999999999999 052 131250 2399999999999999
 17 16 16 18 21 24 27 28 29 28 27 25 23 22 22 22 24 26 27 28 28 27 25 2326 7 7QR 755 291920 2899999999999999 117 1614 3 2299999999999999
 21 20 20 21 23 25 28 30 31 31 29 27 24 22 20 20 20 21 24 26 27 28 28 2726 7 8QR 810 312114 2899999999999999 137 201513 2099999999999999
 26 25 25 25 26 28 30 32 34 34 33 30 27 24 21 19 18 18 19 22 24 27 28 2926 7 9QR 834 34999999999999999999999 149 251625 1899999999999999
 29 29 29 29 30 31 33 35 37 37 37 35 32 28 24 20 17 16 16 17 20 24 27 3026 710QR 9 9 379999999999999999999991735 15999999999999999999999
 31 32 33 33 34 34 35 37 39 40 41 40 38 34 29 24 19 16 14 14 15 19 23 2726 711QR 958 419999999999999999999991840 13999999999999999999999
 31 33 35 36 36 37 37 38 40 42 43 44 43 40 36 30 24 19 15 12 12 14 17 2326 712QR1058 449999999999999999999991943 12999999999999999999999
 28 32 35 36 37 37 38 38 39 41 43 45 46 45 42 37 31 25 18 14 11 10 12 1726 713QR12 3 469999999999999999999992042 10999999999999999999999
 23 28 32 35 37 37 37 37 38 39 41 44 47 48 47 44 38 32 24 18 13 10  9 1226 714QR13 7 489999999999999999999992139  9999999999999999999999
 17 23 28 33 35 36 36 35 35 36 37 40 43 47 48 47 44 38 31 24 17 12  9  926 715QR 515 3614 8 4899999999999999 738 352231  999999999999999
 12 18 24 29 32 34 34 34 33 33 33 35 38 42 45 47 46 42 37 30 22 16 12 1026 716QR 538 3515 6 4799999999999999 843 322319  999999999999999
 10 14 20 25 30 32 33 33 31 30 30 30 32 35 39 43 44 43 40 34 28 21 16 1326 717QR 6 3 3316 3 4499999999999999 957 30999999999999999999999
 11 13 17 22 27 31 32 32 31 29 28 27 27 29 32 36 39 40 39 36 31 26 21 1726 718QR 629 3217 1 4099999999999999 0 1 111120 2799999999999999
 15 15 17 21 26 29 32 32 31 29 27 26 25 25 26 29 33 35 36 35 33 29 25 2226 719QR 655 3218 3 3699999999999999 039 151233 2599999999999999
 20 19 19 22 26 29 32 33 33 31 29 26 24 23 23 24 27 29 31 32 32 30 28 2626 720QR 719 331916 3299999999999999 1 9 191341 2399999999999999
 24 23 23 25 27 30 33 34 34 33 31 28 26 24 22 22 23 25 27 28 29 30 29 2826 721QR 741 342055 3099999999999999 127 231450 2299999999999999
 28 27 28 28 30 32 34 36 36 36 34 32 29 26 24 22 21 22 23 25 27 28 29 3026 722QR 8 0 36999999999999999999999 112 2716 3 2199999999999999
 30 31 31 32 33 35 36 38 38 38 37 35 32 29 26 24 22 21 21 23 24 27 29 3026 723QR 819 389999999999999999999991716 21999999999999999999999
 32 33 34 35 36 37 38 39 40 40 40 38 36 33 30 27 24 22 21 21 23 25 28 3026 724QR 847 409999999999999999999991817 21999999999999999999999
 32 34 35 37 38 38 39 40 41 42 42 41 39 37 33 30 27 24 22 21 21 23 26 2926 725QR 931 4299999999999999999999919 6 21999999999999999999999
 32 34 36 37 38 39 40 40 42 42 43 43 42 40 37 33 30 26 23 21 21 22 24 2726 726QR1033 439999999999999999999991950 21999999999999999999999
 31 34 36 37 38 39 39 40 41 42 43 44 44 43 40 37 33 29 25 22 20 20 21 2526 727QR1137 449999999999999999999992031 20999999999999999999999
 28 32 35 37 38 38 38 38 39 40 42 43 44 44 43 40 36 31 27 22 20 18 19 2126 728QR1233 459999999999999999999992110 18999999999999999999999
 25 29 33 35 36 37 36 36 36 37 39 41 43 44 44 42 39 34 29 24 20 18 17 1926 729QR 451 371322 4499999999999999 710 362147 1799999999999999
 22 26 30 33 35 35 35 34 34 34 35 37 40 42 44 43 40 36 31 26 21 18 16 1626 730QR 5 0 3514 6 4499999999999999 8 0 342221 1699999999999999
 19 23 27 31 33 34 34 33 32 32 32 34 36 39 42 42 41 38 33 28 23 19 16 1526 731QR 516 341449 4299999999999999 849 312253 1599999999999999
 17 20 25 29 32 33 33 32 31 29 29 30 32 35 38 40 40 38 35 30 25 21 18 1626 8 1QR 534 331532 4199999999999999 942 292322 1699999999999999
 17 19 23 28 31 33 33 32 30 28 27 27 28 30 34 37 39 38 36 33 28 24 20 1926 8 2QR 550 331619 39999999999999991040 272349 1899999999999999
 18 19 23 27 31 33 34 33 31 29 27 26 25 27 29 33 35 37 36 34 31 27 24 2226 8 3QR 6 4 341713 37999999999999991141 25999999999999999999999
 21 22 24 28 31 34 35 35 33 30 27 25 24 24 25 28 31 34 35 35 33 31 28 2626 8 4QR 616 351821 3599999999999999 011 211240 2499999999999999
 26 26 27 29 33 35 37 37 36 33 30 27 24 23 23 24 27 30 32 34 34 33 32 3126 8 5QR 631 371951 3499999999999999 026 261340 2399999999999999
 30 30 31 32 35 37 39 40 39 37 34 30 27 24 22 22 23 25 28 31 33 34 34 3426 8 6QR 654 40999999999999999999999 025 301447 2299999999999999
 34 34 35 36 38 40 41 43 42 41 38 35 31 27 24 22 21 22 24 26 29 32 34 3626 8 7QR 728 4399999999999999999999916 5 21999999999999999999999
 36 37 38 39 40 41 43 44 45 45 43 40 36 32 28 24 22 20 20 22 25 28 32 3526 8 8QR 818 459999999999999999999991727 20999999999999999999999
 37 38 40 41 41 42 43 45 46 47 47 45 43 38 34 29 24 21 19 18 20 23 27 3126 8 9QR 930 479999999999999999999991841 18999999999999999999999
 35 38 40 41 41 42 42 43 45 46 48 49 47 45 40 35 29 24 20 17 17 18 22 2726 810QR1053 499999999999999999999991945 16999999999999999999999
 32 35 38 40 40 40 40 41 42 44 46 48 50 49 46 41 35 29 23 18 16 15 17 2226 811QR12 9 509999999999999999999992042 15999999999999999999999
 27 32 36 38 39 38 38 38 38 39 42 45 48 50 49 46 41 35 28 22 17 15 15 1726 812QR 415 391314 5099999999999999 655 382132 1499999999999999
 23 28 33 36 37 37 36 34 34 34 36 39 43 47 49 48 45 40 33 26 21 17 15 1526 813QR 423 371413 4999999999999999 8 1 342215 1599999999999999
 19 25 30 34 36 36 35 33 31 30 31 33 36 41 45 47 46 43 38 31 25 20 17 1626 814QR 440 361510 4799999999999999 9 8 302254 1699999999999999
 18 23 28 32 35 36 35 33 30 28 27 28 30 34 39 42 44 43 40 35 29 25 21 1926 815QR 5 0 3616 7 44999999999999991016 272327 1999999999999999
 19 22 27 32 35 36 36 34 31 28 26 25 25 28 32 36 39 40 40 37 33 29 25 2326 816QR 521 3617 6 40999999999999991118 252355 2399999999999999
 23 24 27 32 35 37 37 36 33 29 26 24 23 24 26 30 34 36 37 37 35 32 29 2826 817QR 541 371810 37999999999999991213 23999999999999999999999
 27 27 29 33 36 38 39 38 36 32 29 26 24 23 24 26 29 32 34 35 35 34 32 3126 818QR 558 391922 3599999999999999 012 2713 7 2399999999999999
 31 31 33 35 37 39 40 40 38 35 32 29 26 24 24 24 26 28 31 32 34 34 34 3426 819QR 613 40999999999999999999999 0 3 3114 3 2499999999999999
 34 35 36 37 39 41 42 42 41 38 36 32 29 27 25 24 25 26 28 30 32 33 34 3526 820QR 626 4299999999999999999999915 8 24999999999999999999999
 36 37 38 40 41 42 43 43 43 41 39 36 33 30 28 26 25 25 26 28 30 32 34 3626 821QR 644 439999999999999999999991628 25999999999999999999999
 37 39 40 41 42 43 44 44 44 43 42 39 37 34 31 28 27 25 25 26 27 30 32 3526 822QR 716 449999999999999999999991745 25999999999999999999999
 37 39 40 41 42 43 43 44 44 44 44 42 40 37 34 31 28 26 25 24 25 27 30 3326 823QR 825 449999999999999999999991844 24999999999999999999999
 36 38 39 40 41 41 42 42 43 44 44 44 43 40 37 34 31 27 25 23 23 25 27 3026 824QR10 8 449999999999999999999991931 23999999999999999999999
 34 36 38 39 40 39 40 40 41 42 43 44 44 43 40 37 33 29 25 23 22 22 24 2726 825QR1128 449999999999999999999992011 22999999999999999999999
 31 34 36 38 38 38 37 37 38 39 41 42 44 44 42 39 35 31 26 23 21 20 21 2426 826QR 350 381227 4499999999999999 634 372047 2099999999999999
 28 32 35 36 37 36 35 34 34 35 37 39 42 43 43 41 37 33 28 23 20 19 19 2226 827QR 350 371317 4399999999999999 725 342119 1999999999999999
 26 30 33 35 35 35 33 32 31 31 33 35 38 41 42 42 39 35 30 25 21 19 18 2026 828QR 357 3514 3 4299999999999999 813 312149 1899999999999999
 23 28 32 34 35 34 33 30 29 28 29 30 34 38 41 41 40 37 33 28 23 21 19 2026 829QR 4 8 351449 4199999999999999 9 1 282218 1999999999999999
 22 27 31 34 35 35 33 30 27 26 25 26 29 33 37 40 40 39 36 31 27 23 22 2126 830QR 418 351538 4099999999999999 951 252245 2199999999999999
 23 26 31 34 36 36 34 31 28 25 23 23 25 28 33 37 39 39 38 35 31 27 25 2426 831QR 428 361635 39999999999999991041 2323 9 2499999999999999
 25 27 32 35 38 38 37 34 30 26 23 22 22 24 28 32 36 38 38 37 34 31 29 2926 9 1QR 441 381741 38999999999999991132 222325 2999999999999999
 29 30 33 37 39 40 39 37 33 29 25 22 21 21 23 27 32 35 37 37 37 35 33 3326 9 2QR 459 401857 37999999999999991225 212322 3399999999999999
 33 34 35 38 41 43 42 41 38 33 29 25 22 21 21 23 27 30 33 36 37 37 36 3626 9 3QR 524 432031 37999999999999991323 212255 3699999999999999
 36 37 38 40 42 44 45 44 42 38 34 29 26 23 21 21 23 26 29 32 34 36 37 3826 9 4QR 556 459999999999999999999991433 21999999999999999999999
 38 39 40 42 43 45 46 46 45 43 39 35 31 27 24 22 21 22 24 27 30 33 35 3726 9 5QR 642 469999999999999999999991559 21999999999999999999999
 39 40 41 42 43 44 45 46 46 46 44 41 37 33 28 25 22 20 20 22 25 29 32 3526 9 6QR 754 469999999999999999999991728 20999999999999999999999
 38 39 40 41 42 42 43 44 45 46 46 45 42 39 34 29 25 21 19 19 21 24 28 3226 9 7QR 933 469999999999999999999991841 19999999999999999999999
 35 37 39 40 40 40 40 40 42 44 46 46 46 43 40 35 29 25 21 18 18 20 23 2826 9 8QR11 7 469999999999999999999991939 18999999999999999999999
 32 35 37 38 37 37 36 36 37 39 42 45 46 46 44 40 34 29 23 20 17 18 20 2526 9 9QR 3 8 381220 4699999999999999 630 362028 1799999999999999
 29 33 35 36 36 34 33 32 32 33 36 40 43 45 45 43 39 33 27 23 19 18 19 2226 910QR 3 6 361323 4699999999999999 730 322110 1899999999999999
 27 31 34 36 35 33 31 29 28 28 29 33 38 42 44 44 41 37 31 26 22 20 19 2126 911QR 316 361422 4499999999999999 827 282146 1999999999999999
 25 30 34 36 36 34 31 28 25 24 24 27 31 36 40 42 42 39 35 30 26 23 22 2226 912QR 330 361520 4299999999999999 921 242217 2299999999999999
 25 30 34 36 37 36 33 28 25 23 22 22 25 30 35 39 40 40 37 33 30 27 25 2526 913QR 347 371618 40999999999999991012 212243 2599999999999999
 27 30 34 37 38 38 35 31 27 23 21 20 21 25 30 34 37 38 38 36 33 30 29 2826 914QR 4 5 381717 389999999999999911 0 2023 1 2899999999999999
 29 32 35 38 40 39 38 34 30 25 22 20 20 22 25 30 33 36 37 37 35 33 32 3226 915QR 421 401818 37999999999999991144 202259 3299999999999999
 32 34 37 39 41 41 40 37 33 29 25 23 21 21 23 26 30 33 35 36 36 35 35 3526 916QR 436 411927 36999999999999991229 212221 3599999999999999
 35 36 38 40 42 42 42 40 36 32 29 26 23 22 23 24 27 30 32 34 35 36 36 3726 917QR 450 429999999999999999999991316 22999999999999999999999
 37 38 40 41 43 43 43 42 39 36 32 29 26 25 24 24 25 27 29 32 34 35 36 3726 918QR 5 4 439999999999999999999991413 24999999999999999999999
 38 39 40 42 43 43 43 43 41 39 36 33 30 27 26 25 25 25 27 29 31 33 35 3726 919QR 523 439999999999999999999991530 24999999999999999999999
 38 39 40 41 42 42 43 42 42 40 38 36 33 30 28 26 25 24 25 26 28 30 33 3526 920QR 557 4399999999999999999999917 1 24999999999999999999999
 37 38 39 40 40 41 41 41 41 41 40 38 36 33 30 28 25 24 23 23 25 27 30 3326 921QR 726 4199999999999999999999918 7 23999999999999999999999
 35 37 37 38 38 38 38 38 39 39 40 39 38 35 33 29 26 24 22 22 22 24 27 3026 922QR 944 409999999999999999999991854 22999999999999999999999
 33 35 36 36 36 35 35 35 36 37 38 39 38 37 35 31 28 25 22 20 20 22 25 2826 923QR 243 361116 3999999999999999 6 6 351932 2099999999999999
 31 33 34 34 34 32 31 31 32 33 35 37 38 38 36 34 30 26 23 20 19 20 22 2626 924QR 233 341219 3899999999999999 652 3120 6 1999999999999999
 30 32 33 34 32 31 29 28 28 29 31 34 37 38 38 36 32 28 24 21 20 20 21 2526 925QR 233 341313 3899999999999999 734 272036 1999999999999999
 29 32 33 33 32 30 27 25 24 24 26 30 34 37 38 37 35 31 27 24 21 21 21 2426 926QR 236 3414 6 3899999999999999 816 2421 6 2199999999999999
 28 32 34 34 33 31 27 24 21 21 22 25 29 34 37 38 37 35 31 27 24 23 23 2526 927QR 243 3415 1 3899999999999999 859 212134 2399999999999999
 28 32 35 36 35 33 28 24 20 18 18 20 24 29 34 37 38 37 35 31 28 26 26 2726 928QR 254 3616 1 3899999999999999 943 1822 1 2699999999999999
 29 33 37 39 38 36 32 26 22 18 16 16 19 24 30 34 37 38 37 35 32 30 30 3026 929QR 312 3917 5 38999999999999991030 162221 3099999999999999
 31 34 38 41 41 39 36 31 25 20 17 15 16 19 24 30 34 37 38 37 36 34 33 3326 930QR 336 411811 38999999999999991120 152225 3399999999999999
 34 36 39 42 43 43 40 36 30 24 20 17 15 16 19 24 29 33 36 37 37 36 36 362610 1QR 4 5 431925 37999999999999991213 1522 9 3699999999999999
 36 38 40 42 44 45 43 40 36 30 25 21 18 16 17 20 23 28 31 34 36 36 37 372610 2QR 440 459999999999999999999991314 16999999999999999999999
 38 39 40 42 44 45 45 43 40 36 31 26 22 19 17 17 19 22 26 29 32 34 36 372610 3QR 524 459999999999999999999991427 17999999999999999999999
 38 39 40 41 42 43 44 44 43 40 36 32 28 24 21 18 18 19 21 24 28 31 33 352610 4QR 627 449999999999999999999991554 18999999999999999999999
 36 37 38 39 39 40 41 42 42 42 40 37 33 29 25 22 19 18 18 20 23 27 30 332610 5QR 8 0 429999999999999999999991718 17999999999999999999999
 34 36 36 36 36 36 36 38 39 40 41 40 37 34 30 26 22 19 17 18 20 23 27 302610 6QR 949 419999999999999999999991823 17999999999999999999999
 32 34 34 34 33 32 32 32 34 36 38 39 39 37 34 30 26 22 19 18 18 21 24 282610 7QR 150 341122 4099999999999999 6 0 321915 1799999999999999
 31 33 33 32 31 29 27 27 28 30 33 36 38 38 37 34 30 26 22 19 19 20 23 272610 8QR 144 331235 3999999999999999 656 271957 1999999999999999
 30 33 33 32 30 27 25 23 23 24 27 31 35 37 38 36 33 29 25 22 21 21 23 262610 9QR 151 331339 3899999999999999 746 232033 2099999999999999
 30 33 34 33 31 27 24 21 19 19 21 26 30 34 37 37 35 32 29 26 24 23 24 27261010QR 2 2 341440 3799999999999999 832 1921 3 2399999999999999
 31 34 35 35 33 29 25 21 18 17 17 20 25 30 34 36 36 35 32 29 27 26 26 28261011QR 217 351538 3699999999999999 915 172127 2699999999999999
 31 35 37 37 35 32 27 22 19 16 15 17 21 26 31 34 36 36 34 32 30 29 29 30261012QR 235 371633 3699999999999999 956 152144 2999999999999999
 32 36 38 39 38 35 31 26 21 17 16 15 18 22 27 31 34 36 36 34 33 32 32 32261013QR 254 391727 36999999999999991035 152148 3299999999999999
 34 36 39 40 40 38 34 29 24 20 17 16 16 19 24 28 32 34 36 35 34 34 34 34261014QR 314 401822 36999999999999991114 162139 3499999999999999
 35 37 40 41 41 40 37 33 28 23 20 18 17 18 21 25 29 32 34 35 35 35 35 35261015QR 333 419999999999999999999991154 17999999999999999999999
 36 38 40 41 42 41 39 36 31 27 23 20 19 18 20 22 25 28 31 33 34 35 35 36261016QR 353 429999999999999999999991238 18999999999999999999999
 36 38 39 40 41 41 40 37 34 30 26 23 21 19 19 21 23 25 28 30 32 33 34 35261017QR 415 419999999999999999999991330 19999999999999999999999
 36 37 38 39 40 40 39 38 35 32 29 26 23 21 20 20 21 22 24 27 29 31 32 34261018QR 441 409999999999999999999991434 20999999999999999999999
 35 35 36 37 37 38 37 37 36 34 31 28 26 23 21 20 20 20 22 24 26 28 30 32261019QR 519 389999999999999999999991553 20999999999999999999999
 33 34 34 34 34 34 35 35 34 34 32 30 28 25 23 21 19 19 19 21 23 26 28 30261020QR 649 3599999999999999999999917 1 19999999999999999999999
 31 32 32 32 31 31 31 31 32 32 32 31 29 27 25 22 20 19 18 19 21 23 26 28261021QR 131 32 9 7 3299999999999999 521 311752 1899999999999999
 30 31 30 29 28 27 27 27 28 30 31 31 30 29 27 24 22 20 19 18 20 22 25 28261022QR 112 311057 3199999999999999 6 8 271832 1899999999999999
 29 30 30 28 26 25 23 23 24 26 28 30 31 31 29 27 24 22 20 19 20 22 25 28261023QR 1 4 301214 3199999999999999 646 2319 7 1999999999999999
 30 31 30 28 26 23 21 19 20 21 24 28 31 32 32 30 28 25 22 21 21 22 25 28261024QR 1 4 311319 3299999999999999 723 191940 2199999999999999
 31 32 32 30 26 22 19 17 16 17 19 24 28 32 33 33 31 29 26 24 23 24 26 29261025QR 111 321423 3399999999999999 8 2 162011 2399999999999999
 32 34 34 32 29 24 19 15 13 13 14 19 24 29 33 34 34 33 30 28 27 27 28 30261026QR 126 351526 3599999999999999 844 132041 2699999999999999
 34 37 38 36 33 28 22 17 13 11 11 13 19 25 30 34 36 35 34 32 30 30 30 32261027QR 150 381627 3699999999999999 929 1021 6 3099999999999999
 35 38 40 40 37 33 27 20 15 11  9 10 13 19 25 31 34 36 36 34 33 32 32 33261028QR 220 401728 36999999999999991018  92121 3299999999999999
 35 39 42 43 41 38 33 26 19 14 10  9 10 13 19 25 30 33 35 35 35 34 34 34261029QR 255 431832 36999999999999991111  92124 3499999999999999
 36 38 41 43 44 42 38 32 26 19 14 11  9 10 14 19 24 29 32 34 34 34 34 35261030QR 336 4499999999999999999999912 8  9999999999999999999999
 36 37 39 42 43 43 41 37 32 26 20 15 12 10 11 14 18 23 27 30 32 33 33 34261031QR 425 439999999999999999999991310 10999999999999999999999
 35 35 37 39 40 41 41 40 36 31 26 21 17 13 12 12 14 18 22 25 28 30 31 322611 1QR 523 429999999999999999999991419 12999999999999999999999
 33 33 34 35 36 37 38 38 37 35 31 27 22 18 15 13 13 15 18 21 24 27 29 302611 2QR 636 399999999999999999999991535 13999999999999999999999
 31 31 31 31 31 32 33 34 35 35 33 30 27 23 20 17 15 14 16 18 21 25 27 292611 3QR 8 8 359999999999999999999991645 14999999999999999999999
 29 29 29 28 27 27 27 28 30 32 32 32 30 27 24 21 18 16 16 17 20 23 26 282611 4QR 015 2910 0 3299999999999999 456 271742 1699999999999999
 29 29 27 26 24 22 22 22 24 27 29 30 31 29 27 24 22 19 18 18 20 23 26 282611 5QR 016 291138 3199999999999999 6 4 221829 1899999999999999
 29 29 28 25 23 20 18 18 19 21 24 27 29 30 29 28 25 23 21 21 21 23 26 292611 6QR 025 301258 3099999999999999 657 1819 8 2199999999999999
 31 31 29 27 23 20 17 15 14 16 19 23 27 29 30 30 28 26 24 23 23 24 27 302611 7QR 037 3114 7 3099999999999999 743 141938 2399999999999999
 32 33 32 29 25 21 17 14 12 13 15 19 24 28 30 31 30 29 27 26 26 26 28 312611 8QR 054 3315 8 3199999999999999 824 1220 1 2699999999999999
 33 35 34 32 28 24 19 15 12 11 12 16 20 25 29 31 32 31 30 29 28 29 30 322611 9QR 113 3516 1 3299999999999999 9 2 112015 2899999999999999
 34 36 37 35 32 27 22 17 13 11 11 13 17 22 27 30 32 33 32 31 30 30 31 33261110QR 136 371649 3399999999999999 938 112027 3099999999999999
 35 37 38 37 35 31 25 20 16 13 11 12 15 19 24 28 31 33 33 32 32 32 32 33261111QR 2 1 381735 33999999999999991014 112040 3199999999999999
 35 37 39 39 37 34 29 24 19 15 12 12 13 16 21 25 29 32 33 33 32 32 32 33261112QR 228 391824 33999999999999991051 122052 3299999999999999
 35 37 38 39 38 36 32 27 22 17 14 12 12 14 18 22 26 29 31 32 32 32 32 32261113QR 257 399999999999999999999991131 12999999999999999999999
 34 35 37 38 38 37 34 30 25 20 17 14 13 13 15 18 22 25 28 30 30 30 31 31261114QR 328 389999999999999999999991213 13999999999999999999999
 32 33 35 36 37 36 34 31 27 23 19 16 14 13 14 16 19 22 24 27 28 29 29 30261115QR 4 1 379999999999999999999991258 13999999999999999999999
 30 31 32 33 34 34 33 31 28 25 21 18 15 14 13 14 16 18 21 24 25 27 27 28261116QR 438 349999999999999999999991347 13999999999999999999999
 28 29 29 30 30 31 31 30 28 25 23 20 17 15 14 14 14 16 19 21 23 25 26 27261117QR 526 319999999999999999999991437 13999999999999999999999
 27 27 26 26 27 27 27 27 27 25 24 21 19 17 15 14 14 15 17 19 22 24 25 26261118QR 638 282332 26999999999999991528 14999999999999999999999
 26 25 24 24 23 23 23 24 25 25 24 23 21 19 17 16 15 16 17 19 21 23 25 26261119QR 829 252324 2699999999999999 440 231616 1599999999999999
 26 25 23 22 20 19 19 20 21 23 24 24 23 22 20 19 18 17 18 19 21 24 26 27261120QR1039 242324 2799999999999999 536 1917 2 1799999999999999
 27 25 23 21 18 16 16 16 17 20 22 24 25 25 24 22 21 20 20 21 22 25 27 29261121QR1220 252335 2999999999999999 618 151744 2099999999999999
 29 28 25 21 18 15 13 12 13 15 19 23 25 27 27 26 25 24 23 23 24 26 29 31261122QR1341 272357 3299999999999999 659 121824 2399999999999999
 32 31 28 24 20 15 11  9  9 10 14 19 24 27 29 30 29 28 27 26 27 28 30 33261123QR1451 30999999999999999999999 743  919 1 2699999999999999
 35 35 33 29 24 18 12  8  6  6  9 14 20 25 29 31 32 31 30 29 29 30 31 34261124QR 028 351553 3299999999999999 830  61935 2999999999999999
 37 38 37 34 29 23 16 10  6  4  4  8 14 20 26 30 32 33 32 31 31 31 32 34261125QR 1 6 381651 3399999999999999 920  420 3 3199999999999999
 37 40 41 39 35 29 22 15  9  5  3  4  8 14 20 26 30 32 32 32 31 31 32 33261126QR 149 411747 32999999999999991013  32029 3199999999999999
 36 39 41 42 40 35 29 22 14  8  4  2  3  8 14 20 25 29 31 31 31 30 31 32261127QR 238 4299999999999999999999911 8  2999999999999999999999
 33 36 39 41 41 39 35 28 21 14  8  4  3  4  8 14 19 24 27 29 29 29 29 29261128QR 332 4199999999999999999999912 5  3999999999999999999999
 30 32 35 37 39 39 37 33 27 20 14  9  5  4  5  9 14 19 23 25 27 27 27 27261129QR 429 3999999999999999999999913 2  4999999999999999999999
 27 28 29 32 34 36 36 34 30 25 20 15 10  7  6  7 11 15 19 22 24 25 25 25261130QR 532 362137 25999999999999991359  6999999999999999999999
 25 24 25 26 27 29 31 31 30 27 24 19 15 12 10  9 10 13 16 20 22 24 24 242612 1QR 641 3122 5 2499999999999999 1 9 241455  999999999999999
 23 22 21 21 21 23 24 26 27 26 25 22 19 16 14 12 12 13 16 19 21 23 24 242612 2QR 810 272227 2599999999999999 3 9 211547 1299999999999999
 23 22 20 18 17 17 18 20 22 23 23 23 22 20 18 17 16 16 17 19 21 24 25 252612 3QR10 8 232248 2599999999999999 441 171634 1599999999999999
 25 23 20 18 15 14 13 14 16 18 20 22 23 22 21 20 19 19 19 20 22 25 26 272612 4QR12 4 2323 7 2799999999999999 552 131712 1999999999999999
 27 25 22 19 16 13 11 10 12 14 17 20 22 23 23 23 23 22 22 23 24 26 28 292612 5QR1350 232328 2999999999999999 648 101739 2299999999999999
 29 28 25 21 17 14 11  9  9 11 14 17 21 23 25 25 25 25 25 25 26 27 29 312612 6QR2352 31999999999999999999999 733  9999999999999999999999
 31 30 28 24 20 16 12  9  8  8 11 15 19 23 25 27 27 27 27 27 27 29 30 322612 7QR9999999999999999999999999999 813  8999999999999999999999
 33 33 31 28 24 19 14 11  8  8  9 12 17 21 25 27 28 28 28 28 28 29 31 322612 8QR 021 33999999999999999999999 849  7999999999999999999999
 34 35 34 31 27 22 17 13  9  8  8 10 14 19 23 26 28 29 29 29 29 29 30 322612 9QR 054 35999999999999999999999 925  7999999999999999999999
 34 35 35 34 30 26 20 15 11  8  7  8 11 16 20 24 27 29 29 28 28 28 29 31261210QR 131 361743 299999999999999910 1  720 5 2899999999999999
 33 35 36 35 33 29 24 18 13  9  7  7  9 12 17 21 25 27 28 28 27 27 28 29261211QR 2 9 361817 28999999999999991039  72040 2799999999999999
 31 33 34 35 33 31 26 21 16 11  8  6  7  9 13 17 21 24 26 26 26 26 26 26261212QR 247 359999999999999999999991117  6999999999999999999999
 28 30 32 33 33 31 28 23 18 13  9  7  6  7 10 14 18 21 23 24 24 24 24 24261213QR 326 339999999999999999999991154  6999999999999999999999
 25 26 28 30 31 30 28 24 19 15 11  8  6  6  8 11 14 18 20 22 23 22 22 22261214QR 4 4 319999999999999999999991230  6999999999999999999999
 22 23 24 26 27 27 26 24 20 16 12  9  7  6  7  9 12 15 18 20 21 21 21 20261215QR 444 282041 219999999999999913 4  6999999999999999999999
 20 20 21 22 23 24 24 23 21 18 14 11  9  8  8  9 11 14 17 19 20 21 20 20261216QR 531 242059 2199999999999999 025 201333  899999999999999
 19 18 18 18 19 20 21 21 20 18 16 14 12 10 10 10 12 14 17 19 21 21 21 20261217QR 634 212110 2199999999999999 2 6 181359 1099999999999999
 19 17 16 15 15 16 17 18 19 18 18 16 15 13 13 13 14 15 18 20 22 23 23 21261218QR 810 192123 2399999999999999 333 151421 1399999999999999
 20 17 15 13 12 12 13 14 16 18 18 18 18 17 17 16 17 18 19 21 23 25 25 24261219QR1036 182144 2599999999999999 443 121443 1699999999999999
 22 19 16 13 11  9  9 10 12 15 18 19 20 21 20 20 20 21 22 23 25 27 28 28261220QR2216 28999999999999999999999 541  9999999999999999999999
 26 23 19 15 11  8  6  6  8 11 15 18 21 23 24 24 24 24 24 25 27 29 31 31261221QR2258 31999999999999999999999 635  6999999999999999999999
 30 28 24 19 13  9  5  3  3  6 10 15 19 23 25 26 26 26 27 27 28 30 32 34261222QR2348 34999999999999999999999 728  3999999999999999999999
 34 33 30 24 18 12  7  3  1  1  4  9 15 20 24 26 28 28 28 28 28 29 31 34261223QR9999999999999999999999999999 823  0999999999999999999999
 36 37 35 31 25 18 11  5  1 -2 -1  3  8 15 20 24 27 28 27 27 27 28 30 32261224QR 043 37999999999999999999999 918 -2999999999999999999999
 35 38 38 36 32 25 18 10  4 -1 -3 -2  2  8 15 20 24 26 26 26 25 26 26 28261225QR 141 381750 26999999999999991013 -32014 2599999999999999
 31 35 37 38 36 31 24 17  9  3 -2 -4 -2  2  8 15 20 23 24 24 23 23 23 24261226QR 239 381823 249999999999999911 6 -42113 2399999999999999
 26 29 33 36 36 34 29 23 15  8  2 -2 -3 -1  4  9 15 19 22 22 22 21 20 20261227QR 338 361856 22999999999999991156 -32226 2099999999999999
 21 23 26 30 32 33 31 26 20 14  7  3  0 -1  1  6 11 16 19 21 21 19 18 17261228QR 436 331927 21999999999999991243 -12357 1799999999999999
 17 17 19 23 26 28 28 26 23 18 12  8  4  2  3  5  9 14 17 19 20 19 18 16261229QR 536 281957 20999999999999991326  2999999999999999999999
 15 14 14 16 18 21 23 23 22 19 16 12  9  7  6  7 10 13 17 19 20 20 19 17261230QR 644 232025 2099999999999999 124 1414 2  699999999999999
 15 13 11 11 12 14 16 18 18 18 17 15 13 12 11 11 12 15 18 20 21 22 21 19261231QR 813 182046 2299999999999999 248 111421 1199999999999999
