  4 21 48 79108127135131118101 87 79 82 94114136155164158137104 64 27 -226 1 1R1 6 813517 9164999999999999991116 79999999999999999999999
-15-10 11 43 80113135143137122102 85 77 80 95118143163172164139100 56 1526 1 2R1 7 314318 317299999999999999 013-151213 7699999999999999
-15-26-17  9 46 86121143148139119 96 79 72 78 96123150171179167137 94 4726 1 3R1 750148185417999999999999999 1 3-2613 2 7299999999999999
  5-22-30-16 14 55 96130148149135112 88 71 67 77 99128157176180165131 8526 1 4R1 833150194318199999999999999 150-301348 6699999999999999
 38 -1-24-25 -6 28 69108137150145126101 78 64 64 7710213215917617615612026 1 5R1 912150203017899999999999999 234-271432 6299999999999999
 75 31 -2-17-12 11 46 86121143149138116 91 70 59 63 7910513315717016514326 1 6R1 949149211517099999999999999 315-181516 5999999999999999
107 66 28  3 -4  7 33 68103131145144129105 82 64 57 64 8110613115015714926 1 7R11024146215915799999999999999 353 -416 1 5799999999999999
126 93 59 30 15 15 31 57 89117137144137119 96 75 61 58 66 8210312413814126 1 8R11058144224514199999999999999 428 131647 5799999999999999
131110 83 57 38 31 37 55 80105127139139128110 89 71 60 59 66 81 9711312326 1 9R11131141233512499999999999999 5 2 311739 5899999999999999
123114 98 78 61 50 49 59 76 97116131137133121103 85 70 61 59 65 75 8810026 110R112 7137999999999999999999999 535 481842 5999999999999999
107108103 92 80 69 65 67 76 91107121131133127115100 83 69 60 57 60 67 7726 111R1 039109124713399999999999999 611 6420 1 5799999999999999
 87 95 99 98 93 86 81 78 81 88 99111122128129124113 98 82 67 56 51 51 5626 112R1 216 99134013099999999999999 7 1 782128 5099999999999999
 66 78 88 96100 99 95 91 88 88 93101111120127128124113 98 80 63 49 41 4026 113R1 419100144612999999999999999 826 872237 3999999999999999
 46 58 73 88100107108104 97 92 89 92 99110120128131127114 96 75 54 37 2926 114R1 53910815531319999999999999910 0 892327 2899999999999999
 29 38 55 75 94109116115108 99 90 86 89 98111124134137131115 92 66 42 2426 115R1 62411716501379999999999999911 6 86999999999999999999999
 17 21 36 58 83105119124119108 94 84 80 86 99116132143144134112 84 53 2726 116R1 658124173614599999999999999 0 8 161153 8099999999999999
 11  7 18 39 67 95117129129118102 85 76 75 85104125143153150133105 71 3826 117R1 728130181715399999999999999 044  71231 7499999999999999
 12  0  3 21 49 81110129135128111 91 75 68 73 89112137155161152128 93 5526 118R1 756135185516199999999999999 117 -113 6 6899999999999999
 22  0 -5  6 32 65 99125138137122101 79 65 63 74 96124149164164148117 7826 119R1 824139193116699999999999999 149 -51340 6299999999999999
 39  9 -6 -3 17 49 84116137143133113 88 67 57 61 7910513515816816213810226 120R1 85114320 816999999999999999 220 -71414 5799999999999999
 61 25  2 -5  7 34 69105132146143126100 75 57 52 62 8511414316216715312426 121R1 919146204616799999999999999 250 -51450 5299999999999999
 86 47 17  2  5 25 56 91123144149138115 87 63 49 50 65 9012014516015914026 122R1 948149212616299999999999999 321  11529 4799999999999999
109 72 39 17 11 21 46 79111137149146129103 75 54 44 49 67 9312014215214626 123R1101815022 915299999999999999 352 101610 4499999999999999
126 96 64 39 25 27 43 69 99126144149140119 92 66 48 42 49 67 9111513213926 124R11050150225813999999999999999 424 241658 4299999999999999
132113 88 63 46 40 47 64 89114135146145132110 84 61 45 40 47 63 8410411826 125R11126147999999999999999999999 459 401754 4099999999999999
124118104 87 70 60 58 67 83103122137144140126105 81 60 45 39 42 54 71 8826 126R1 0 012412 914499999999999999 538 5819 6 3999999999999999
102110109103 92 83 77 77 83 95109124135140137125106 84 62 44 34 33 41 5426 127R1 12811013 714099999999999999 631 762037 3399999999999999
 71 87100107107103 97 92 90 92 99109121132138138129112 89 65 43 27 20 2426 128R1 336108142813999999999999999 8 3 9022 8 2099999999999999
 37 56 77 97111117116111103 96 93 95104116130141144138121 96 66 38 16  526 129R1 52311715551449999999999999910 3 932319  599999999999999
  8 23 46 74101120129128119106 93 86 88 97113132148155150131100 64 29  326 130R1 62213017 7155999999999999991123 86999999999999999999999
 -9 -4 15 45 80111132140135120101 84 76 78 92114138159167160136 99 57 1826 131R1 7 414018 516799999999999999 014 -91217 7599999999999999
 -9-19 -9 17 53 92125144147135113 89 71 64 70 90118147169177165135 93 4726 2 1R1 740148185517799999999999999 1 0-1913 2 6499999999999999
  7-17-21 -4 29 70110139152148128101 74 57 54 67 92125156177180162127 8126 2 2R1 813153194018199999999999999 141-221342 5399999999999999
 35  0-17-13 12 49 91128151155141115 85 59 46 49 67 9813216117817515111226 2 3R1 843156202217999999999999999 217-181420 4599999999999999
 67 26 -1 -9  5 35 75114143157151130 99 69 47 39 48 7210413616117116113426 2 4R1 91215721 117199999999999999 251 -91457 3999999999999999
 95 55 22  5  8 30 63100133153155141114 83 56 39 38 53 7810913715515714326 2 5R1 939157213915899999999999999 321  41534 3799999999999999
114 80 47 26 20 32 58 90121145154147126 98 69 47 37 42 59 8411013114213926 2 6R110 5154221714399999999999999 349 201611 3799999999999999
122 97 69 47 36 40 58 84112135149148135111 84 60 44 40 48 65 8610612112626 2 7R11029150225712699999999999999 414 361649 4099999999999999
120104 85 66 54 52 62 81104125140145138121 98 75 57 46 46 54 68 84 9810726 2 8R11055145234411099999999999999 438 521734 4599999999999999
109104 93 80 70 66 70 81 98115129137136126110 91 72 58 51 51 56 66 77 8726 2 9R11123137999999999999999999999 5 2 661832 5099999999999999
 94 96 94 89 84 80 80 85 94106117126129126117104 89 74 63 55 52 54 59 6726 210R1 1 1 9612 212999999999999999 528 8020 6 5299999999999999
 75 83 89 92 93 93 92 92 95100106113119122120115105 93 79 66 55 49 46 4926 211R1 4 1 93131212299999999999999 618 922157 4699999999999999
 56 66 78 89 98103104102 99 97 98101106113118121119111 99 83 66 50 39 3526 212R1 54710415 412199999999999999 920 9723 7 3599999999999999
 38 48 63 81 97108114113107 99 92 90 93101111121128127119104 83 60 40 2626 213R1 6181141629129999999999999991056 902352 2399999999999999
 23 29 45 67 90110121123117105 92 83 81 87100116131139138126104 76 48 2526 214R1 6431241724140999999999999991145 80999999999999999999999
 13 14 27 51 79106125132128114 96 79 71 72 85105127144152147128 98 64 3226 215R1 7 713218 715299999999999999 027 121221 7099999999999999
 10  3 11 34 65 97124139139125104 81 65 59 68 88115141159163150123 86 4726 216R1 730140184516399999999999999 058  31254 5999999999999999
 16 -1  0 18 49 85119141148138116 88 64 50 51 67 95127155170167146111 7026 217R1 754148192217199999999999999 128 -31326 4899999999999999
 31  5 -4  7 34 71109139154150130100 69 46 38 47 71105140165175164136 9626 218R1 818155195917599999999999999 157 -41359 3899999999999999
 54 19  1  2 23 57 97132155160145116 81 50 31 30 47 7811514816917215412126 219R1 844160203817499999999999999 226 -11434 2899999999999999
 80 42 15  7 18 47 84122150163157133 98 62 34 21 27 51 8512115116616213926 220R1 910164211816799999999999999 255  71511 2199999999999999
105 68 37 20 22 41 73109141161163147117 80 47 24 17 29 55 8912214615514626 221R1 93816422 115599999999999999 325 191551 1799999999999999
123 92 62 41 34 44 67 97128151162155134102 67 38 21 19 33 59 8811513413826 222R110 8162224913999999999999999 355 341635 1899999999999999
129109 85 64 53 54 67 89115138153155144121 91 61 37 24 25 37 58 8210311726 223R11042156235012199999999999999 426 521727 2399999999999999
120114101 86 74 70 74 87105123138146145133113 87 63 43 31 30 38 52 70 8726 224R11122147999999999999999999999 5 0 701838 2999999999999999
 99105105100 93 88 87 91 99110122131137136127112 92 71 52 39 32 33 41 5426 225R1 126106122113799999999999999 545 872021 3299999999999999
 70 85 97104107106103101100102106113121128131129120104 83 62 43 29 24 2826 226R1 41210714 913199999999999999 75210022 5 2499999999999999
 40 57 78 97111118119114107 99 95 95101111123134138133117 94 67 41 21 1226 227R1 5361201558138999999999999991027 942315 1299999999999999
 15 30 53 81106124132129118104 90 81 81 90106125142151147129100 66 34 1026 228R1 6141321711151999999999999991132 80999999999999999999999
  1  8 29 59 93121139142132114 92 73 64 67 83107133155164157133 97 58 2326 3 1R1 64514318 516499999999999999 0 5  11216 6499999999999999
  1 -4 10 38 75111139151146127101 74 55 49 59 82113144167173160129 88 4626 3 2R1 713151185017399999999999999 045 -51253 4999999999999999
 13 -4  0 22 58 97132154157142114 82 54 38 39 57 87123155174174154117 7426 3 3R1 740158193117799999999999999 120 -51327 3699999999999999
 34  8  0 14 44 83122151162154129 95 61 36 27 36 61 9613216117416614010126 3 4R1 8 516220 817499999999999999 151  014 1 2799999999999999
 60 27 10 14 36 71110143162162143111 74 42 23 22 39 7010613916116615112126 3 5R1 830164204516799999999999999 219  91433 2099999999999999
 84 49 26 21 35 64100133157164152125 89 54 28 18 25 48 8011314115515113226 3 6R1 853164211915699999999999999 246 2115 5 1899999999999999
102 70 45 34 39 61 91123149161157136104 70 40 22 20 34 59 8911713614213326 3 7R1 915162215414299999999999999 310 331537 1999999999999999
113 87 63 49 48 61 85113138154156142117 86 55 33 23 28 45 69 9411512612626 3 8R1 937157223012899999999999999 334 461610 2399999999999999
115 97 78 64 58 65 82105127144150144126100 72 49 34 31 39 55 74 9310711326 3 9R110 1150231111399999999999999 356 581646 3199999999999999
111101 89 77 71 72 82 98116131140140129111 89 67 50 41 41 48 60 74 87 9626 310R11027141999999999999999999999 419 701732 4099999999999999
100 99 94 88 83 82 86 95107118127131127117102 85 69 57 50 49 53 60 69 7826 311R1 01210011 013199999999999999 442 821843 4999999999999999
 85 91 94 94 94 93 94 96101107114118120118111102 90 77 66 57 52 51 53 5926 312R1 257 94115712099999999999999 510 932051 5199999999999999
 68 78 88 96102104104102100 99101104109113115114108 99 86 72 59 48 43 4326 313R1 520105141111599999999999999 852 992226 4299999999999999
 50 62 78 93106114116111104 96 91 90 94102112120123120109 93 73 53 38 3126 314R1 54411616 2123999999999999991039 902318 3199999999999999
 33 45 63 86106121127123112 98 85 77 78 87102118131137132117 93 67 42 2526 315R1 6 612717 3137999999999999991125 762354 2099999999999999
 20 28 47 74102124136136124104 83 68 62 68 85108131147151141118 87 55 2826 316R1 6271381748151999999999999991159 62999999999999999999999
 14 15 32 60 93123143148137115 88 63 48 48 63 89119146162161144113 75 4126 317R1 649148182816499999999999999 026 121232 4699999999999999
 16  8 19 45 80117145158152130 98 65 40 30 38 62 97133160172165139102 6226 318R1 71215819 817399999999999999 056  813 4 3099999999999999
 29 11 12 32 67106141162165147115 76 41 19 16 34 67107145170176161129 8926 319R1 737166194717799999999999999 126  91338 1599999999999999
 50 23 14 25 54 93132161173163134 94 52 19  3  9 35 7411615217217115011626 320R1 8 4173202817599999999999999 156 141414  399999999999999
 77 44 25 26 47 80119152173173153116 72 32  4 -4  9 40 8112115216616013626 321R1 832176211116699999999999999 227 231452 -499999999999999
102 69 45 36 46 71105139164175165137 97 55 19 -2 -3 15 47 8512014515314326 322R1 9 2175215715399999999999999 258 361533 -599999999999999
121 93 68 53 53 68 94123150166168152121 83 45 16  2  5 24 53 8511313113626 323R1 935169224913699999999999999 330 511619  199999999999999
127109 90 74 68 73 88110133151159155137109 76 45 23 12 16 31 54 7910111526 324R11011160235611999999999999999 4 3 671713 1299999999999999
119114104 93 85 83 89102117132143147141126104 78 54 35 26 26 35 51 69 8626 325R11056147999999999999999999999 442 831827 2599999999999999
100107109106102 98 97100105114122130133131122107 88 68 50 38 32 35 44 5826 326R1 147109121013399999999999999 546 972012 3299999999999999
 75 91104112114113109104101100102108116123127126117102 82 62 44 33 29 3626 327R1 4 6114141712899999999999999 8471002150 2999999999999999
 50 69 90109121126123114103 93 86 86 93105119131136130115 93 67 44 28 2326 328R1 5 512616 0136999999999999991031 852255 2399999999999999
 30 48 73 99122135136128112 93 77 69 70 82101122140148142124 96 66 39 2226 329R1 53913717 7148999999999999991122 682341 1899999999999999
 19 31 55 86116138147142125100 76 58 51 57 77103131151158149125 92 58 3126 330R1 6 814717571589999999999999912 1 51999999999999999999999
 18 22 41 72106135153154139113 82 55 38 37 52 79111142161164149119 83 4926 331R1 634156183916599999999999999 018 171235 3699999999999999
 26 20 32 59 94128153162153128 94 60 34 23 30 53 87122152166162141107 7126 4 1R1 659162191816799999999999999 050 2013 7 2399999999999999
 41 26 30 51 83119149165163142109 71 38 18 15 31 61 98133157165154127 9326 4 2R1 723166195416599999999999999 119 251338 1499999999999999
 60 38 33 47 74109141162168154124 86 48 20  8 15 39 7310914015715714011126 4 3R1 746168202915999999999999999 146 3314 8  899999999999999
 79 54 42 47 68 99131156167161137102 63 30 10  7 23 51 8511814215114412326 4 4R1 8 916821 315199999999999999 212 421438  699999999999999
 96 70 54 52 66 91120146162163147117 80 45 19  8 14 35 65 9612213814012826 4 5R1 832165213714199999999999999 237 5115 8  899999999999999
107 85 67 59 66 84110135153160151129 97 63 34 17 15 26 49 7610212113012626 4 6R1 857160221213099999999999999 3 2 591540 1499999999999999
113 96 79 69 70 81101122141152150136111 82 54 32 23 26 40 60 8310211511926 4 7R1 923153225311999999999999999 327 681615 2299999999999999
114103 90 80 77 82 95111128140144137121 98 74 52 38 33 38 50 67 84 9810626 4 8R1 953144235210899999999999999 355 771658 3399999999999999
108105 99 92 87 87 93103115126132132125110 92 73 58 47 44 47 56 68 80 9126 4 9R11030133999999999999999999999 428 861758 4499999999999999
 99103103101 98 96 96 99105112118122122117107 94 80 67 57 52 51 55 63 7426 410R1 142104112712399999999999999 530 961935 5199999999999999
 85 96104109110108104101 99 99103108113116116111102 89 76 63 54 49 50 5726 411R1 349110132511699999999999999 816 992118 4999999999999999
 69 85100112119120115107 97 90 88 91 98108117122121113 99 81 64 50 42 4426 412R1 438121152012299999999999999 959 882222 4299999999999999
 53 71 92112126132129117101 86 75 72 78 92109125134134124105 82 59 42 3526 413R1 5 81321630135999999999999991049 7223 6 3599999999999999
 40 56 80106129142143131111 87 66 55 56 69 91116137148147131106 77 51 3426 414R1 5331441722149999999999999991126 542343 3099999999999999
 31 42 66 97127148156147125 95 65 42 34 42 64 95127151162156134103 70 4326 415R1 55915618 81629999999999999912 2 34999999999999999999999
 30 33 53 84119148165163144111 73 39 18 15 32 64103139163171158131 95 6226 416R1 626167185217199999999999999 018 291238 1499999999999999
 38 32 43 71107142167176163132 91 48 14 -2  3 29 68111148170172155123 8726 417R1 654176193617499999999999999 052 311315 -399999999999999
 57 40 41 60 93130162180178155116 69 25 -5-14 -1 31 7411815317016714611426 418R1 725182202117299999999999999 126 381355-1499999999999999
 81 56 47 56 81114148174184173142 98 50 10-15-17  2 37 8012115116315613426 419R1 75918421 816399999999999999 2 1 471436-1999999999999999
106 79 61 60 74100131160178180161127 83 38  4-14-11 10 44 8311914315114326 420R1 835181215815199999999999999 237 581522-1599999999999999
124100 81 71 74 90114140162173169148114 74 36  8 -5  1 21 51 8311213113726 421R1 914174225613799999999999999 315 701612 -599999999999999
131116 99 87 82 88102121141156162155136106 73 42 20 10 15 31 54 8010412026 422R110 0162999999999999999999999 357 821710 1099999999999999
126123114103 95 92 97106120133144148143128105 79 54 35 26 27 38 55 76 9626 423R1 0 8126105814899999999999999 453 921823 2599999999999999
111120121117110103 99 99103110120129135134126110 90 68 51 39 36 42 55 7326 424R1 142121122413599999999999999 634 981951 3699999999999999
 92109121126124117108 99 93 92 96105116126131129118102 81 62 48 41 44 5526 425R1 311126141413199999999999999 843 922113 4199999999999999
 73 94114128134131121107 92 81 77 80 91106122133135128111 90 68 51 43 4526 426R1 4 913415451369999999999999910 4 772216 4299999999999999
 58 79104125140143136120 99 79 65 60 66 82103124139143135117 93 68 51 4426 427R1 4491431651144999999999999991056 6023 3 4499999999999999
 49 67 92118140151149134111 84 61 47 45 57 79106131147150139117 90 65 4926 428R1 5211521742151999999999999991137 442341 4699999999999999
 47 58 81109136154159148125 95 65 42 31 36 55 83114140154153137112 84 6126 429R1 5491591826155999999999999991212 31999999999999999999999
 50 54 72 99128152164160140109 75 44 24 20 33 59 92124148157151131103 7726 430R1 61616419 515899999999999999 015 501244 2099999999999999
 59 55 66 89118146164167153125 89 53 25 12 17 37 68103134153156144120 9326 5 1R1 642168194215799999999999999 045 541314 1299999999999999
 71 60 64 82108137159169162139105 67 34 12  8 21 47 8111514115315013310826 5 2R1 7 7169201715499999999999999 114 591345  799999999999999
 84 68 65 76 99126151166167151122 85 48 20  7 11 30 61 9412414314813912026 5 3R1 733169205114999999999999999 143 641415  699999999999999
 97 78 69 73 90115140159167159136103 66 34 14  9 20 44 7410412814114012826 5 4R1 8 0167212514299999999999999 211 691447  899999999999999
109 89 76 74 85104127148161161146120 86 54 28 15 17 33 58 8611112913513026 5 5R1 82916322 213599999999999999 240 741521 1499999999999999
117100 86 79 83 96115135151157151132105 75 47 29 23 29 46 69 9311312512726 5 6R1 9 1157224412899999999999999 310 791557 2399999999999999
121110 97 87 85 91105121137148149139120 95 69 48 35 33 42 57 77 9711212126 5 7R1 937150233812299999999999999 346 851640 3299999999999999
122116107 98 92 92 98109123134141139129112 90 69 53 44 43 51 65 81 9711026 5 8R11020141999999999999999999999 431 921732 4299999999999999
118120117110103 98 97101109118127132131123109 92 74 60 52 51 57 68 82 9726 5 9R1 049120112013299999999999999 542 971840 5199999999999999
110119123121116108101 97 97102109118124126122112 98 82 68 58 55 59 69 8326 510R1 210123124912699999999999999 727 961959 5599999999999999
 99115126131129121109 98 89 86 90 98110121127127120106 90 74 61 56 59 7026 511R1 311131143012899999999999999 858 862110 5699999999999999
 86106125137141136122104 87 74 70 74 87105122134137131116 96 76 62 55 5926 512R1 354141155013799999999999999 959 7022 7 5599999999999999
 73 95118139151151139117 92 68 53 50 59 78103127144149141123100 77 60 5526 513R1 4301521653149999999999999991046 492255 5599999999999999
 63 82108135155164157136106 73 45 30 30 46 74106136155159149127100 75 6026 514R1 5 41641748160999999999999991129 282338 5799999999999999
 58 71 95125153171173158128 89 51 21  8 14 38 73111144164166152127 98 7426 515R1 5391741838167999999999999991212  8999999999999999999999
 61 64 82111143169182178154115 70 29  1 -8  4 34 75117150169168151124 9526 516R1 615183192817199999999999999 019 611255 -899999999999999
 74 66 74 96127158181189177146101 54 13-12-16  2 36 7912115316816414611926 517R1 654189201816999999999999999 1 0 661340-1799999999999999
 93 76 73 85110141169188189171136 89 42  4-17-16  6 41 8412315116315713826 518R1 73619121 816399999999999999 141 721427-1999999999999999
114 92 79 81 96121149174187184163126 81 37  4-12 -8 15 49 8812314715514826 519R1 82018922 115599999999999999 224 781517-1399999999999999
131110 93 85 89104127151172181175153118 77 39 11 -1  5 26 57 9112114114726 520R1 9 9181225814799999999999999 311 8416 9 -199999999999999
141126109 95 90 94107127147164171164144113 78 46 24 15 21 39 65 9412013626 521R110 3171235814199999999999999 4 4 9017 6 1599999999999999
141136124110 99 93 96106121138152158153137112 83 57 39 31 36 51 73 9811926 522R111 5158999999999999999999999 510 9318 6 3199999999999999
134139135125112101 94 93100111125138145144133114 91 70 54 47 50 62 8110226 523R1 1 3139122114699999999999999 634 931911 4699999999999999
122135141137127114100 90 87 89 99112125135138132118 99 81 66 59 61 71 8826 524R1 2 5141134913899999999999999 8 5 862018 5899999999999999
109127141145141129113 96 83 76 77 85100116129136134123107 89 75 68 69 8026 525R1 3 0145151513699999999999999 922 752120 6799999999999999
 97117136148151143128108 87 71 62 64 74 92112129138138128112 95 80 73 7626 526R1 3471511629139999999999999991022 622214 7399999999999999
 88107127145155155143122 97 74 56 49 53 68 89113132143142132114 96 82 7726 527R1 42615617271449999999999999911 8 4923 0 7799999999999999
 83 97118139155161155137111 83 58 41 37 47 67 93119139148145132113 94 8226 528R1 5 11611815149999999999999991147 372340 8099999999999999
 81 90108130150163164151127 96 66 41 29 31 46 71101128146152145128108 9126 529R1 5341651856152999999999999991222 28999999999999999999999
 82 85 99120143161168162143113 79 48 27 21 30 51 8111113715115214112210226 530R1 6 5168193415399999999999999 015 821255 2199999999999999
 87 83 91110133154168170156130 97 62 34 18 19 34 61 9312214415314813311326 531R1 63617120 915399999999999999 049 831328 1799999999999999
 95 85 86100121145163172167147116 80 47 24 16 23 44 7410513214815114112426 6 1R1 7 8172204315199999999999999 121 8414 1 1699999999999999
104 89 85 92110132154169172160135101 66 37 20 19 32 57 8711613814814513326 6 2R1 741172211714899999999999999 153 851435 1799999999999999
114 97 87 88100119142161171167150121 88 55 32 22 27 45 71 9912514114513926 6 3R1 816171215314699999999999999 226 861510 2299999999999999
124107 94 88 93108128148163168159138109 77 50 32 28 38 58 8411013014214226 6 4R1 852168223114399999999999999 3 2 881546 2899999999999999
133118103 93 91 99114133150161161149127 99 71 48 37 38 50 71 9511813414126 6 5R1 931163231414299999999999999 342 911625 3699999999999999
139129115102 95 95103117134148156153140118 93 69 52 45 49 63 8310512413726 6 6R11015156999999999999999999999 429 9417 7 4599999999999999
142138127114102 96 96103116131143149145133113 91 72 58 54 60 73 9211212926 6 7R1 0 1142111014999999999999999 528 951756 5499999999999999
140144139128114102 94 93 98110123135142140130114 95 78 67 64 69 8210011926 6 8R1 052144121914299999999999999 639 921852 6499999999999999
135145148141129113 97 87 83 88 99113127137139132119102 87 76 72 77 8910726 6 9R1 145148134313999999999999999 756 831956 7299999999999999
126142152153145128108 89 75 69 73 85103121135141138127112 96 84 79 83 9626 610R1 236154151014299999999999999 9 6 6921 3 7999999999999999
114134152161160148126100 76 58 50 55 71 93117137148147137121103 90 84 8826 611R1 32416216281499999999999999910 6 5022 5 8499999999999999
102122144162171167149122 89 59 38 30 38 58 87117141155156146128108 93 8726 612R1 41117117341589999999999999911 0 3023 2 8799999999999999
 93109132156174181173149115 77 42 19 13 24 49 84119147163164151131110 9426 613R1 4591811833165999999999999991152 132354 8999999999999999
 89 97116141167185189177148108 64 27  4  0 15 45 8412215216816715313110926 614R1 5471901927170999999999999991243 -1999999999999999999999
 94 91101123150176193195178144100 54 16 -5 -6 12 46 8712715617016715012726 615R1 636197201817199999999999999 043 901333 -999999999999999
105 92 92105129158183199197177140 93 47 11 -8 -5 17 52 9413215917016314526 616R1 72620021 717099999999999999 131 901423 -999999999999999
122101 91 93108133162186199195172134 88 44 12 -2  4 27 6310313816016715826 617R1 817200215416799999999999999 220 901512 -399999999999999
139116 98 89 94110135162184195188164127 84 46 19  9 18 43 7711314316016326 618R1 9 9195224016499999999999999 310 8916 0  999999999999999
152132111 95 89 94110133158177185177154120 83 51 30 26 37 61 9212314716026 619R110 2185232516199999999999999 4 3 881647 2599999999999999
159146127107 93 88 93108129150166172164144115 85 60 46 45 57 8010713215126 620R11057172999999999999999999999 459 881733 4399999999999999
159155142123105 92 87 91103121139152157151135113 90 72 62 64 77 9611913926 621R1 0 9159115815799999999999999 6 2 871820 6299999999999999
154158152138121103 90 84 87 96110126139144141130114 97 84 79 82 9310912826 622R1 055158131014499999999999999 713 8419 9 7899999999999999
145155157150136119101 87 80 80 87100114127135136130118106 96 92 9510411926 623R1 143158143513799999999999999 829 7920 7 9299999999999999
135148157157149134116 97 81 72 71 77 9010612113213613312511410510110311126 624R1 23315816 413699999999999999 939 70211110199999999999999
124139152159158148132111 90 73 62 61 69 8410212013414013813011911010510726 625R1 3241591716140999999999999991038 61221510599999999999999
115129144156162159147127103 80 61 52 53 64 8210412514014614313312111010526 626R1 4121621810146999999999999991125 5123 910599999999999999
108118133149161166160144120 93 67 49 42 47 63 8611113314715114513211810726 627R1 45716618521519999999999999912 6 42235310399999999999999
103109122140157168169159138110 80 54 38 35 46 67 9412114315415414312711226 628R1 5391701928155999999999999991243 35999999999999999999999
102101111128148165175172156130 98 66 42 30 33 50 7610613315115815213711926 629R1 61817520 115899999999999999 0321001318 3099999999999999
104 97101116137158174180171150119 84 53 33 27 37 59 8911914415715814712926 630R1 655180203315999999999999999 1 8 971352 2799999999999999
110 97 95104123146168181181167140105 70 43 28 30 46 7210413315316015513926 7 1R1 73218321 416099999999999999 142 941425 2799999999999999
119102 93 96110132156175184179159127 92 59 37 29 38 59 8912014515916014926 7 2R1 8 8184213416199999999999999 217 921458 2999999999999999
130110 96 91 99116140163179183172147114 79 51 36 36 50 7610613415416215726 7 3R1 84518322 616399999999999999 253 911530 3499999999999999
142122103 92 91103123146167179177161134101 71 49 41 48 67 9412314716116326 7 4R1 924180223816499999999999999 332 9016 3 4199999999999999
153135114 97 89 92106126149166174168150122 93 68 53 51 63 8411113715616526 7 5R110 6174231316599999999999999 414 891637 5099999999999999
161147128108 93 87 92106126146161165158140115 90 71 62 65 7910112514716226 7 6R11054165235116699999999999999 5 2 871715 6299999999999999
166158142122102 88 83 89103121139152156149133113 94 80 75 80 9511513615426 7 7R11152156999999999999999999999 558 831758 7599999999999999
165165156138117 97 83 78 82 94111129142148144133117102 92 89 9510712514326 7 8R1 03416613 714899999999999999 7 4 781851 8999999999999999
158167166155137114 93 77 69 70 81 9811613214214313712611410510210511613126 7 9R1 124168144014499999999999999 818 6820 010299999999999999
147162170169157138113 88 68 56 56 65 8310512514014714613712611611011111926 710R1 224170161714899999999999999 934 55212211099999999999999
133150165175175163141113 83 58 42 39 49 69 9612214315415514813512211311226 711R1 3291761736156999999999999991043 39223911199999999999999
119134153171183183171146112 77 46 27 24 35 60 9112314916316515513912211126 712R1 4341851836165999999999999991144 23234310899999999999999
109117135157178192193179149110 69 35 14 12 27 56 9312915717117115713711826 713R1 5341951926173999999999999991239 11999999999999999999999
105103114135162187202202184150106 62 26  6  6 26 6010113916617817215513126 714R1 631204201017899999999999999 0371021329  499999999999999
109 97 98112137167194209207185147100 54 20  4  9 34 7111315017418017014726 715R1 723211205118099999999999999 127 951415  399999999999999
121 99 89 93112140172198211206180140 93 50 20 10 21 50 8912916217917916326 716R1 813212212918199999999999999 214 891458 1099999999999999
137110 90 83 91112142173197207197170129 86 49 27 24 41 7210914517118117426 717R1 9 120722 418199999999999999 259 831538 2399999999999999
153126101 84 80 91113142171190196183155119 82 53 40 44 65 9612915817617826 718R1 948196223817999999999999999 345 791615 3999999999999999
166143116 93 80 80 92114140163178180166141110 82 63 58 68 9011814616717626 719R11036181231217799999999999999 431 781649 5899999999999999
172156133108 89 80 81 93113134152163162150129107 88 78 79 9211213515616926 720R11126164234517399999999999999 521 791723 7799999999999999
172164147125104 88 81 83 93108125139147146138124109 98 94 9811112814516026 721R11225148999999999999999999999 617 811758 9499999999999999
167166156140121103 89 82 83 9010111512613413613212411611010911312313614926 722R1 022168134713699999999999999 724 82184210899999999999999
159163160151136119103 89 81 80 84 9310511712613213313012512011912212813826 723R1 1 9163154113399999999999999 847 79195311999999999999999
147155159157149136119102 87 77 73 75 84 9711212513413813713312712312312826 724R1 21115917151399999999999999910 6 73213112399999999999999
136145154159158151137119 99 81 69 64 67 78 9411313014214714413712812212026 725R1 32516018 91479999999999999911 6 63224912099999999999999
124133145156163163155138116 93 72 58 54 60 76 9812014015115414713612411526 726R1 4311641845154999999999999991153 54234111499999999999999
114120133149163171170158137110 82 60 47 47 59 8010713215116015714613011526 727R1 5231721916160999999999999991231 45999999999999999999999
107109120138157173180175158130 98 69 47 38 44 63 9112114616216515613811926 728R1 6 7180194416599999999999999 02110713 6 3899999999999999
105100107124146168184187177152119 84 55 37 35 49 7510713716016916514912726 729R1 646188201117099999999999999 0561001337 3499999999999999
107 95 95108131157180193190172142104 69 43 33 39 61 9212615417117316013826 730R1 722194203717499999999999999 129 9414 7 3399999999999999
114 95 88 94114141169189197188162127 89 57 37 36 51 7911314616917817115126 731R1 75819721 317899999999999999 2 3 881436 3499999999999999
125101 85 83 96121150177194195179148111 75 49 39 46 6910113516317917916426 8 1R1 834196212918199999999999999 237 8215 5 3999999999999999
138111 88 78 82100128157181192187165133 97 67 50 48 64 9112415417618317426 8 2R1 912193215718399999999999999 313 771534 4799999999999999
153125 98 79 73 83105133160179185175151120 89 67 58 65 8511314316818218126 8 3R1 952185222618399999999999999 352 7316 4 5899999999999999
166140112 87 73 72 84107133157172173161138112 88 74 73 8410613215717518226 8 4R11037174225918299999999999999 434 701637 7199999999999999
175156130103 81 70 71 84105128148160160149131111 95 87 9110412414516517626 8 5R11131161233717999999999999999 524 691713 8799999999999999
178168148123 99 79 69 70 81 9811813514614814113011710710410811913515116526 8 6R11244148999999999999999999999 625 68175810499999999999999
174173163145122 99 80 69 66 73 8610312013314014013512812111812012713815126 8 7R1 027174143114199999999999999 746 6619 811899999999999999
162170171164149128104 83 66 59 60 71 8710612413814514514113412812612813526 8 8R1 138172163314699999999999999 919 5821 412599999999999999
146158169174171158136110 83 61 47 45 55 74 9812314215415715214113012312126 8 9R1 3 91741747157999999999999991040 45224212199999999999999
127140156172183182170146114 80 52 34 31 43 66 9712815316616715814212511326 810R1 4301841835168999999999999991143 31234511099999999999999
111118136158180194196181152113 74 41 22 21 38 6810514016617717315713411326 811R1 5351971913177999999999999991233 20999999999999999999999
100 99111135163190206206187152108 65 31 15 20 43 7912015617918417314912126 812R1 630208194818599999999999999 035 981317 1599999999999999
 98 86 89107137170199214210186145 99 56 26 16 28 58 9814017218818516513626 813R1 718215202018999999999999999 118 851356 1699999999999999
105 83 74 83108141177204215206176134 88 50 28 27 47 8112216018519217915326 814R1 8 4215205119299999999999999 159 741432 2499999999999999
120 90 70 68 83111146179202208193161120 79 50 38 46 7210814517619118816826 815R1 847209212019299999999999999 239 6715 5 3899999999999999
137104 77 64 67 86116149178194194175144107 76 57 55 71 9913316418519017826 816R1 928196214719099999999999999 318 631535 5499999999999999
152121 91 70 62 71 92120148170180175156128100 79 70 77 9712415317518618226 817R110 9180221418699999999999999 357 6216 3 7099999999999999
164137108 83 68 66 77 97121143158163156139118 99 88 8810011914316317717926 818R11052163224118099999999999999 438 651630 8699999999999999
169149124100 81 72 73 8310011813414414614012811510410110611813515216517226 819R11142146231017299999999999999 522 71165610199999999999999
168156138117 98 84 77 79 87 9911212313113313012511811411412013014215316126 820R11257133234916399999999999999 618 77172711499999999999999
163158147133116101 89 83 82 85 9310211212112612912812612512512813314014826 821R11520129999999999999999999999 742 81182612599999999999999
153155152145133120106 93 84 79 79 84 9310511612713413613613313012813013426 822R1 055155171513799999999999999 929 7821 212899999999999999
140146151152148139126110 94 80 71 70 75 8710311913414314614313612812212226 823R1 2441521755146999999999999991045 69223912199999999999999
126135145154158156147130109 88 70 60 60 69 8610812914615415314413212011226 824R1 4131591823155999999999999991134 59232911199999999999999
112120134150163169166152129102 77 58 49 53 69 9312014415916315513912110726 825R1 5101691848163999999999999991211 49999999999999999999999
101105119140160175180172151122 90 63 45 42 54 7810813816017016615012810726 826R1 553180191217099999999999999 0 61011242 4299999999999999
 93 91102124150174188188173144109 75 49 37 43 63 9512915817417616213811126 827R1 631190193517799999999999999 039 901311 3799999999999999
 90 80 85104133163187197190167132 93 60 39 37 52 8111715117518417415112126 828R1 7 7197195818499999999999999 110 791339 3699999999999999
 92 73 70 83110144175196200185154115 78 50 38 45 7010514217218818516613426 829R1 743201202218999999999999999 142 6914 6 3899999999999999
101 74 60 65 86119154184199195173139100 67 47 46 63 9413016418719217915126 830R1 820200204819399999999999999 216 601434 4499999999999999
115 82 59 52 64 92127161186195185158123 89 63 53 62 8611915318019318816626 831R1 858195211519499999999999999 251 5215 3 5399999999999999
133 97 66 49 50 68 98132162181184170143112 84 68 68 8310914116918719117826 9 1R1 939185214419299999999999999 328 471532 6699999999999999
151117 83 58 47 53 73101132156170169154131106 88 81 8710513015517618718326 9 2R11025171221618799999999999999 410 4716 3 8199999999999999
165138106 77 57 50 57 76100125145155153141125109 99 9710612214216117517926 9 3R11120155225417999999999999999 458 501637 9799999999999999
172155130103 79 62 56 61 75 9411312913914013512611711311412113214615916826 9 4R11240140234817099999999999999 6 1 56172011299999999999999
170164150130108 87 70 62 61 69 82 9811412613313613413012712612813314115026 9 5R11457136999999999999999999999 732 60185112599999999999999
158163161153139119 98 78 63 56 58 68 8410312113514314514213612912512513026 9 6R1 121163164914599999999999999 918 56213112599999999999999
139150161166164152132107 81 60 47 46 56 7510012414415615715013712411411126 9 7R1 3141661739158999999999999991038 45225311199999999999999
116129147165177178166142111 79 52 36 35 49 75106136159168165151130111 9726 9 8R1 4361791814169999999999999991133 342344 9499999999999999
 95104124150174190191176146108 71 42 28 32 52 85122154174178166143116 9226 9 9R1 5351921844178999999999999991217 27999999999999999999999
 79 80 97124157185201199178142100 61 34 26 37 66104142172186181159128 9626 910R1 624202191318699999999999999 025 781255 2699999999999999
 72 63 71 95129165194207199172132 89 53 33 33 53 8812816418719017514410826 911R1 7 8207194119199999999999999 1 3 631329 3099999999999999
 76 55 52 68 99137173198204190159118 78 49 39 49 7711415218119418616112526 912R1 75020520 819499999999999999 139 5114 0 3999999999999999
 87 58 44 49 72106144176195194175142104 72 53 54 7210414017119019117414226 913R1 829197203319399999999999999 214 441429 5199999999999999
104 70 47 41 53 80114148174185178156125 94 72 64 74 9812916018219018115626 914R1 9 7185205819099999999999999 249 411456 6499999999999999
121 86 58 43 45 62 90121148166170159138112 90 78 80 9612114817118318116426 915R1 945171212218499999999999999 323 421521 7799999999999999
136104 74 54 47 54 73 98123144155153142124105 92 89 9811613815817317616726 916R11024156214717799999999999999 358 471546 8999999999999999
147120 93 70 57 55 65 8210212113514113812911610610010311312914616016616426 917R111 9141221616799999999999999 437 55161110099999999999999
152133111 89 73 65 66 74 8710111512412812712211611111111512313514515315626 918R11216128225215699999999999999 524 64164111099999999999999
151141126109 93 81 74 74 78 86 9610611412012312312212012012212713213914326 919R11440123235514599999999999999 637 73173812099999999999999
145142136126113101 89 81 76 76 80 87 9710811812613113112912612312212412826 920R11640131999999999999999999999 835 75204612299999999999999
134138140139132122109 94 81 72 68 71 80 9411012513614114013312511711211326 921R1 2 614017171419999999999999910 6 68222111299999999999999
119128138145147142130113 94 76 63 59 64 78 97119137149151144131116104 9926 922R1 3481471743151999999999999991058 5923 7 9999999999999999
102113129145156159152135111 86 65 52 51 62 83109135153161156141120101 8826 923R1 44815918 6161999999999999991136 502342 8599999999999999
 85 95113136157170170157133103 74 52 43 49 69 97128154168168153129102 8126 924R1 53217118281709999999999999912 7 43999999999999999999999
 70 74 92119148171182177156125 90 61 43 41 56 84119151172178167142110 8026 925R1 611182185017999999999999999 014 701236 4099999999999999
 59 55 68 95129162184189177149112 77 50 40 48 72107143172186180158123 8626 926R1 649190191418699999999999999 045 5513 4 3999999999999999
 56 41 45 67102141173191190170137 99 66 46 45 63 9513216618819117414110026 927R1 727193193919299999999999999 118 401333 4399999999999999
 62 36 28 41 72111150180192184158123 87 61 50 59 8411915518319518716012026 928R1 8 619220 719599999999999999 152 2814 3 5099999999999999
 78 42 22 23 44 79119155179185172144111 81 63 62 7910814117219119317614226 929R1 847186203719599999999999999 228 201433 6199999999999999
101 60 31 18 25 50 85123154172172156131103 82 73 8010012815717919018416126 930R1 93117421 919099999999999999 3 8 1815 5 7399999999999999
126 87 52 28 22 32 57 89121146158156142122102 89 88 981171411631781811712610 1R11021159214618299999999999999 352 211539 8799999999999999
147115 81 52 35 31 42 62 881131331431421321191071011031121281451601691692610 2R11123143223017099999999999999 444 31161810199999999999999
158138112 84 61 46 42 49 63 821021191291321291231171131141201291391491562610 3R11258132233815799999999999999 552 42171711399999999999999
157150136117 95 75 59 51 51 59 73 901071211301331321271231191181211271352610 4R115 8133999999999999999999999 728 50194311899999999999999
144149149142128109 88 69 55 49 53 64 821031221361431421351251151081061112610 5R1 132150162414399999999999999 9 8 49214610699999999999999
122135148155153142122 97 73 54 44 46 60 81107131148154150137120103 91 882610 6R1 32015517 5154999999999999991019 442247 8899999999999999
 96112132152165165153129100 71 49 39 44 62 90120146162164152131106 84 712610 7R1 4341671737165999999999999991110 392331 6999999999999999
 71 84108136161176175159130 96 64 43 37 48 73106139164174167146116 86 632610 8R1 52917718 6174999999999999991151 37999999999999999999999
 52 58 79110143170184179157124 88 58 41 43 61 92128159178179162132 96 642610 9R1 615184183318199999999999999 0 8 521226 3999999999999999
 43 39 52 81117152178186176149113 78 53 45 55 81116150175185175148111 73261010R1 65718619 018599999999999999 043 381257 4599999999999999
 43 28 32 54 88126160180182166136101 71 54 56 74104139168184183162128 88261011R1 736184192518699999999999999 117 271327 5399999999999999
 52 28 21 34 62 98135163177172151121 91 69 61 72 96127157178184172144106261012R1 814177195018599999999999999 150 211354 6199999999999999
 67 36 20 23 42 73109141162168157135108 84 71 74 90117145169180176155123261013R1 850168201518199999999999999 222 191421 7099999999999999
 85 51 29 22 31 55 85117142155154141120 98 83 79 88108133156171174162137261014R1 927157204117599999999999999 254 211448 7999999999999999
104 70 44 29 30 44 68 95120138145140127110 95 87 90102122142159167162145261015R110 514521 916799999999999999 328 281515 8699999999999999
120 90 63 44 37 42 57 78100119130133128117105 96 94101113129145155156148261016R11048133214015799999999999999 4 4 371545 9499999999999999
131108 84 63 51 48 54 67 83100114122123120114107103103109119130140145144261017R11149124222014699999999999999 448 47162410299999999999999
135121103 85 69 60 58 62 71 83 96107115119119116113110110112118124131134261018R11334119232113599999999999999 549 58173711099999999999999
134128118105 91 78 69 65 66 71 80 91103113121124124120115111109110114120261019R11522124999999999999999999999 722 65201010999999999999999
125128127121112 99 86 74 66 63 67 75 89104118129133132125115106 99 98102261020R1 117128161413499999999999999 859 632144 9899999999999999
111121129133130121106 90 74 62 58 62 74 92112130141144137124107 93 84 83261021R1 3 713316461449999999999999910 2 582233 8399999999999999
 91106122136143140129110 88 69 56 53 61 79103127145154150135114 91 73 65261022R1 4151431712154999999999999991046 522310 6599999999999999
 69 84107130148155150133108 82 61 49 51 66 91120146161163150125 95 68 50261023R1 5 61551737164999999999999991122 482344 4699999999999999
 47 59 83113141161166155132102 74 53 46 56 79110141165174166142107 71 42261024R1 54916618 2174999999999999991156 46999999999999999999999
 28 32 53 86123154172172155127 94 66 50 50 67 97132162180180160126 84 45261025R1 631174183018299999999999999 018 271228 4899999999999999
 19 11 23 53 93133163177172150118 85 61 52 60 85119153178188178148106 61261026R1 71317819 018899999999999999 053 1013 1 5299999999999999
 23  1  0 21 58100140167176166141109 80 62 60 76104138169188189169132 86261027R1 757177193319199999999999999 131 -21335 5999999999999999
 41  7 -8 -1 25 64106143165169155130101 78 67 73 93122153178189182156116261028R1 84217020 818999999999999999 212 -81411 6799999999999999
 71 30  2 -7  4 32 70109140157157143121 98 81 77 87108134160178183171143261029R1 931159204818399999999999999 255 -71448 7799999999999999
104 63 27  5  1 14 41 74107132146145133115 99 88 88 99117139158171171158261030R11026147213317399999999999999 344  11530 8799999999999999
132 98 63 34 17 14 26 47 75102123134134127115103 97 98106119135150158158261031R11133135222916099999999999999 440 131623 9699999999999999
147126 99 70 46 31 28 35 52 73 961141261301261181101041021061141251361442611 1R11258130234714699999999999999 548 28175010299999999999999
146140126105 82 61 46 39 42 54 71 91110124131131125116107100 981011091202611 2R11427132999999999999999999999 711 391955 9899999999999999
131138138130115 94 74 57 47 46 55 71 91112129138138131118103 91 84 85 922611 3R1 132139153113999999999999999 834 452127 8399999999999999
106122135141138125105 82 63 50 48 57 74 98121139148145133114 93 76 66 672611 4R1 3 9141161614899999999999999 942 482226 6599999999999999
 78 97118137147145132111 86 65 52 51 62 83110135152156148129103 77 57 482611 5R1 4221481652157999999999999991035 502311 4899999999999999
 52 68 93120143154151136111 85 63 53 56 72 97126150163161145117 86 57 372611 6R1 5191551724164999999999999991117 522350 3299999999999999
 32 43 66 96127150159153134107 80 62 56 65 86115143163169158134100 65 362611 7R1 6 61591753169999999999999991153 56999999999999999999999
 21 23 40 69104135155161150127100 75 61 62 78104133157171168149117 79 442611 8R1 649161182117299999999999999 025 201227 6099999999999999
 19 11 20 45 78113142158157142117 91 71 64 73 94121148167172160133 96 582611 9R1 728160184917399999999999999 058 111257 6499999999999999
 26  8  8 25 55 90123147156150131106 83 70 71 86110137159171167147114 76261110R1 8 4156191617299999999999999 130  61327 6999999999999999
 40 14  5 13 36 67101130147150138118 96 79 73 80 99124148165168156130 95261111R1 840150194516999999999999999 2 2  51356 7399999999999999
 58 28 10  9 23 49 80110133143140126107 88 78 79 91112135154164160142113261112R1 916143201516499999999999999 234  71426 7799999999999999
 79 46 23 13 18 36 62 91115131136129115 99 85 81 86101121140154157148127261113R1 953136204715899999999999999 3 8 131458 8199999999999999
 98 68 41 25 21 31 50 74 98117127128120108 95 87 86 94108125140149147135261114R11034129212314999999999999999 345 211534 8599999999999999
114 88 62 42 32 33 43 61 82101115122122115105 96 91 92 99111124135140136261115R1112412322 514099999999999999 426 311620 9199999999999999
124105 83 63 48 41 43 53 68 86102114120120115107100 95 95100109118126130261116R1122912023 113099999999999999 514 411728 9599999999999999
126116101 84 67 55 50 52 60 73 88102114121122118111103 97 94 95101109116261117R11344122999999999999999999999 615 5019 9 9499999999999999
121120114103 88 74 63 57 57 63 75 90105118126128123114103 92 86 84 89 98261118R1 025121144612899999999999999 729 562041 8499999999999999
108116120117109 96 81 68 60 59 64 77 94112127135136127113 96 80 70 68 75261119R1 2 6120153113799999999999999 842 582144 6899999999999999
 88103117125125117103 86 70 60 59 66 82102123139146142127105 82 62 50 50261120R1 33112616 714699999999999999 941 582230 4999999999999999
 61 81103123134135126108 88 70 60 59 71 91115138153155144121 91 61 38 28261121R1 4351361641156999999999999991030 582312 2899999999999999
 33 51 78107132145145132111 87 68 59 63 79104131154165161141109 72 37 14261122R1 5291471715166999999999999991114 592352  799999999999999
  8 19 45 80114141154151135110 85 66 60 69 90119148169175163134 93 51 15261123R1 6191551751175999999999999991155 60999999999999999999999
 -6 -8 11 44 84122149160153133106 81 66 64 78104135163179179159123 77 32261124R1 7 6160182918299999999999999 034-101235 6399999999999999
 -3-20-16  9 46 89127152160150128101 79 67 71 89117148173185178152111 63261125R1 754160191018599999999999999 117-211316 6799999999999999
 18-14-26-16 12 52 94130152156143121 96 78 71 79 99127156177184173143100261126R1 843156195418499999999999999 2 3-261358 7199999999999999
 53 12-16-23-10 19 58 98129147148135114 93 79 76 86106133158175178164134261127R1 934150204217999999999999999 251-231443 7599999999999999
 93 49 13 -9-13  1 29 65100127141141128110 92 81 80 90109132153167168153261128R11027143213416999999999999999 342-141534 7999999999999999
125 89 51 20  3  1 15 41 72102124136135124108 93 84 83 91106125143154155261129R11124137223315699999999999999 435  01635 8299999999999999
143119 88 57 32 18 18 30 52 78104123133132122108 95 85 82 87 98114129139261130R11224133234414299999999999999 532 161752 8299999999999999
142133115 91 67 46 35 34 44 62 84107124133132123110 96 84 78 79 86 991132612 1R11326133999999999999999999999 634 331923 7799999999999999
125130127115 97 77 60 49 48 56 71 91111127136135126111 94 79 69 66 72 832612 2R1 1 9131142413699999999999999 739 472049 6699999999999999
 99113123125118104 87 71 61 58 65 79 98118133141138127109 88 69 56 52 572612 3R1 241125151514199999999999999 845 582157 5299999999999999
 70 88107121126122111 95 79 68 66 72 87107126141146141125102 77 55 41 372612 4R1 4 512616 014699999999999999 946 652250 3799999999999999
 45 61 84106123131127115 99 82 72 71 79 95116135148150140119 91 63 39 262612 5R1 5111311640151999999999999991039 702333 2499999999999999
 25 37 59 86111129136131116 98 82 73 74 86105126144154151134108 76 46 232612 6R1 6 41361716154999999999999991123 72999999999999999999999
 14 18 36 63 92119135139130114 94 79 73 78 94115137152157148125 93 59 292612 7R1 647139175015799999999999999 011 1312 2 7399999999999999
 10  6 17 41 72102127140139126107 88 75 74 84103126147158157140112 76 412612 8R1 726141182415999999999999999 045  51237 7399999999999999
 14  1  4 22 51 83113134141135118 98 81 73 77 92114137154161152129 96 592612 9R1 8 1141185616199999999999999 118  11310 7399999999999999
 26  5 -1  9 33 64 96122137138127108 89 75 73 82101125146159159144116 80261210R1 834139193016199999999999999 151 -11342 7299999999999999
 44 16  1  3 19 46 78107128137132117 98 81 72 75 89111134152159153132101261211R1 9 713720 315999999999999999 224  01415 7299999999999999
 65 33 11  4 12 33 61 91116131133124107 89 76 73 80 97119139153155143118261212R1 941134203815699999999999999 258  41449 7399999999999999
 86 53 27 12 11 25 48 76102122131128116100 84 75 76 86104124141149146130261213R11015131211515099999999999999 331 101527 7499999999999999
105 74 46 26 18 23 39 63 89111125129123110 95 82 76 79 90107124137142135261214R11053129215514299999999999999 4 6 181611 7699999999999999
118 93 66 44 30 27 36 54 76 99117127127120107 92 82 77 81 91106120130132261215R11134128224213299999999999999 443 2717 3 7799999999999999
124107 86 64 47 38 39 49 67 87107121128127118105 91 81 76 78 87100112120261216R11219129234312299999999999999 524 3718 9 7699999999999999
122116102 84 67 54 48 50 61 77 95112125130128118104 89 77 70 71 78 89101261217R113 9130999999999999999999999 612 481926 6999999999999999
111115112102 88 74 63 58 60 70 85102118130134130119102 84 68 59 57 64 76261218R1 1 411514 213499999999999999 711 582041 5799999999999999
 91104112114107 96 83 73 67 68 76 91108124136140134119 98 75 55 42 39 47261219R1 238114145414099999999999999 821 662146 3999999999999999
 62 82101114120117106 93 80 73 73 81 96115133145148139119 92 63 38 22 20261220R1 4 6120154414899999999999999 932 722242 1999999999999999
 30 50 76101120129127116100 85 76 75 84101123143155156143117 83 48 19  2261221R1 5171291634157999999999999991035 742334 -199999999999999
  1 16 42 74105128138135122103 86 75 76 87108132154166164146114 73 33  1261222R1 6161391723167999999999999991129 74999999999999999999999
-16-14  6 38 76111136146140124103 84 73 76 91114142164176171147109 63 19261223R1 7 8146181317699999999999999 023-171220 7399999999999999
-13-28-22  3 40 82118142150141121 98 79 70 76 94121150173183174145103 54261224R1 75615019 218399999999999999 112-2913 8 7099999999999999
  9-22-33-22  6 47 89125146150138116 92 73 68 76 97126156178185172140 95261225R1 842151195218599999999999999 2 0-331355 6799999999999999
 46  4-23-30-15 17 58 99131148147132108 84 69 65 77100129157177181165132261226R1 927150204318299999999999999 247-301443 6599999999999999
 88 42  4-17-19 -1 32 71109136147142124100 78 65 64 77100128153170171154261227R11010148213417299999999999999 334-211533 6399999999999999
122 81 41 10 -5 -1 19 51 86118139145136117 94 74 63 63 76 97122144157156261228R11053145222715899999999999999 418 -61627 6199999999999999
140111 77 45 22 13 21 41 70100125140141130111 89 71 62 62 73 91112130140261229R11135142232414199999999999999 5 2 131726 6199999999999999
139125102 76 52 37 34 43 62 86111130139137125106 87 70 61 60 68 82 99114261230R11219140999999999999999999999 545 341834 5999999999999999
122122113 97 79 63 54 55 64 81101119133139134121104 85 68 58 55 59 70 84261231R1 01412313 313999999999999999 628 531953 5599999999999999
