 16 36 78131184225246248230199164135120122142175210236243227190136 77 2626 1 1RH 6332501748243999999999999991223118999999999999999999999
 -4 -7 19 69133194241265265243206163129111114138177219247253233189127 6126 1 2RH 731268184425499999999999999 036 -9132211099999999999999
  7-23-23 10 7014220925727927524620115311710110813918523125926223618511626 1 3RH 820281193626499999999999999 128-27141310099999999999999
 46 -9-35-28 14 81158225269286274237186138103 9210614519624226726423217426 1 4RH 9 5286202427099999999999999 217-361458 9299999999999999
102 32-17-35-20 30102179240276283262219166120 91 8710915520825026825822026 1 5RH 94528421 926999999999999999 3 3-361540 8599999999999999
159 88 25-15-23  2 58131201251275271241194144104 84 8811816621625126024326 1 6RH1022277215226199999999999999 346-241620 8299999999999999
201141 77 25 -2  1 35 94161219255265251215168123 92 81 9412917621824224426 1 7RH1054266223424699999999999999 425 -41658 8199999999999999
222179125 73 36 22 36 75131188230251249225187144108 87 8410313817921122626 1 8RH1124253231622799999999999999 5 1 221737 8399999999999999
222198160116 78 56 54 75114162205232239227200164127100 86 9011114317519826 1 9RH1152239999999999999999999999 535 521817 8599999999999999
206199179149117 93 82 88111146183211225223207179147117 96 88 9511414016426 110RH 0 3206122222799999999999999 6 9 8119 3 8899999999999999
181188183168148127113109118139165191208214208190166138113 96 90 9511013026 111RH 1 3188125921499999999999999 64810920 2 9099999999999999
151166175175168157144135133140154171188200203197182160135112 94 86 8810026 112RH 232176135120399999999999999 7451332117 8699999999999999
118138157171179179172162153148149156167181192197193181160135109 88 76 7626 113RH 42817915 719799999999999999 9211472234 7599999999999999
 86106131157178191194189176163151146149159174189198197185162133102 76 6126 114RH 55019516271999999999999999911 91462334 5899999999999999
 60 73100133166193209211201183162145136139153173193206206191162125 87 5726 115RH 6402121730208999999999999991215136999999999999999999999
 42 45 66101144183213226223206179152131124131152180205219215193156110 6626 116RH 719227181922099999999999999 021 4013 012499999999999999
 35 24 35 67113163205233240228201166135115113130160195222233222189142 8826 117RH 75224019 023399999999999999 1 1 24133711299999999999999
 42 14 11 33 7713318822924924722318614611510110813517521424024322117712026 118RH 823251193824599999999999999 138  9141110199999999999999
 63 19 -1  7 43 99161215249259244209164123 97 9211014919523425324621215826 119RH 853259201325499999999999999 213 -11443 9199999999999999
 95 38  2 -7 15 64128192240263259231186138101 83 8911916721625025924019626 120RH 922264204925999999999999999 247 -71515 8299999999999999
134 70 20 -5  0 35 94163222258267249210159112 82 75 9213318623325825522626 121RH 950267212526099999999999999 320 -71548 7499999999999999
174110 52 12  1 19 65130196244265260230182131 90 69 7210114920124125524326 122RH101826722 225599999999999999 354  01622 6799999999999999
207152 93 44 18 19 49102166221255262243204154106 74 62 7511116120923924526 123RH1046262224424699999999999999 428 151659 6299999999999999
226188136 86 50 37 48 84138193235254248221178130 89 64 61 8111916620622826 124RH1116254233123199999999999999 5 3 371739 6099999999999999
228209173130 92 69 65 83119166209236243229198156113 79 61 63 8412016119326 125RH1149243999999999999999999999 541 641826 5999999999999999
211211195168137110 96 97115146181211227227210180143107 78 62 63 8211214526 126RH 031213122922999999999999999 626 941925 6099999999999999
174193198191174154136126126138159183202213212198174142109 80 62 59 70 9426 127RH 154198132421499999999999999 7271242044 5899999999999999
124154178192196190178164152146148158173189200204197178150117 84 58 46 5026 128RH 352196145120499999999999999 9121462216 4699999999999999
 69100136171197211213204187167152144146157176194206207192164125 83 48 2726 129RH 53921416322089999999999999911191432334 2499999999999999
 26 45 81128174211232237224200170144129128142168198219225211178129 76 3126 130RH 6452371748225999999999999991233126999999999999999999999
  4  2 26 72131188231255256235199159125107110132170210238245227185126 6326 131RH 733258184724599999999999999 035  0132410699999999999999
 11-16-14 19 77146209253272265232185137101 87 9713218122825726023518311426 2 1RH 812273193626399999999999999 126-1914 6 8799999999999999
 45 -6-28-17 28 97172234272281260215160110 78 71 9314019824727126623116926 2 2RH 848281202027399999999999999 210-291445 7199999999999999
 95 28-15-27 -4 53129203256281276242187129 84 61 6610015721726027526021526 2 3RH 91928321 027599999999999999 251-281520 5999999999999999
148 76 18-13-11 26 91167231270278257211153 99 63 53 7111617623126326724126 2 4RH 947279213826999999999999999 327-161553 5299999999999999
191125 63 19  4 21 68136203251271262228175119 75 52 55 8513719323625524726 2 5RH1012271221325599999999999999 359  41624 5099999999999999
215164106 59 33 33 63115177228257258235192140 93 62 53 6810515520123023726 2 6RH1033261224823899999999999999 429 291653 5299999999999999
222187141 97 67 57 71108158207239249235203158113 78 59 62 8512416619921626 2 7RH1054249232421899999999999999 455 571723 5899999999999999
214195164129101 86 89110147187219235230208173133 98 74 66 7610113516618826 2 8RH1116235999999999999999999999 521 841757 6699999999999999
197192175152130115111121143172199217220208183152121 95 80 78 8911013515726 2 9RH 0 7197114122099999999999999 5481111840 7799999999999999
171178175165153142135137146163181196203200188168144121102 90 87 9410812526 210RH 110178121420399999999999999 6231351944 8799999999999999
141155164168168165160157156160167176183186185178165148129111 97 89 89 9626 211RH 324169131618699999999999999 7361562131 8899999999999999
109126144161174181183179173165160159161167174179179173159140117 96 81 7426 212RH 547183153618099999999999999105415923 8 7499999999999999
 78 93116143169189201202193178161148142145156171185192188172146115 84 6226 213RH 6352021712192999999999999991212142999999999999999999999
 53 60 82116154188212221215196171146129124133154179201211204181144101 6326 214RH 7 622118 721199999999999999 0 4 53125012499999999999999
 38 33 49 83129176214235236218187152122107110130163199224231215180131 7926 215RH 734238184923199999999999999 046 32132210699999999999999
 37 16 20 48 97154206241253241209166124 96 8810313718322424724521816910926 216RH 8 0253192625099999999999999 122 141352 8899999999999999
 52 13  1 18 62124189238263261234187135 93 72 7510515520925026525121114926 217RH 82626620 226599999999999999 156  11422 7099999999999999
 83 28 -2 -2 31 90161225264275257213155101 64 54 7211717823526927324719426 218RH 852275203827599999999999999 229 -61453 5399999999999999
126 59 13 -5 11 58128201255279273238181118 68 42 45 7813620225427827023326 219RH 918281211527999999999999999 3 2 -51525 3999999999999999
172103 45 11  9 38 97170234272279256207144 84 43 29 46 9215822126227425626 220RH 943280215327499999999999999 335  61557 2999999999999999
212151 89 44 25 36 77139205254274264228172109 58 29 28 5711017422825826026 221RH1010275223426299999999999999 4 9 251632 2599999999999999
236191136 88 58 52 73118176228258261239195139 84 45 28 37 7212518122224226 222RH1037263232024399999999999999 443 511710 2899999999999999
238214175132 99 83 87112154199234247239210167118 74 46 37 51 8513017420526 223RH11 6247999999999999999999999 518 821753 3799999999999999
218215196169141121114122145176205224227214187150112 79 57 51 63 8912315626 224RH 016219114122899999999999999 5591141850 5199999999999999
181194196189175160149144149162180195205205195176150121 94 73 63 66 8110426 225RH 141197123220699999999999999 6591442016 6299999999999999
131156176189194191184174166162162167175184189189180164140113 86 66 58 6226 226RH 4 9194142719099999999999999 92216122 9 5799999999999999
 80107139170195210214207192173157146145153168184196198187163128 91 59 4026 227RH 55121416401999999999999999911401442333 3799999999999999
 39 57 91135178213233236222195164136120119135162193216223211180134 84 4226 228RH 6402371754223999999999999991234118999999999999999999999
 19 19 44 90146199237255250223183140107 92 99127169212240247229187129 6926 3 1RH 716256184724899999999999999 030 161313 9299999999999999
 23  1  9 46105171227261269250209156108 77 69 8813218723626326323418011326 3 2RH 748270193026799999999999999 115  01348 6899999999999999
 50  8 -5 15 66135204254277270235180122 75 52 56 9114921125727726722616226 3 3RH 81627820 927899999999999999 154 -51421 5099999999999999
 92 34  3  3 37100174237274280256206143 86 48 37 5810717323327127925620626 3 4RH 842281204628099999999999999 230 -11452 3799999999999999
139 74 28 11 27 75144213261279267226167104 56 32 37 7313219824927326823426 3 5RH 9 5279211927599999999999999 3 2 111520 3099999999999999
179116 63 34 33 64121188242271269239187126 71 37 29 50 9816021725426424626 3 6RH 926274215126499999999999999 331 301547 2899999999999999
206152100 64 51 66108166221257265245203147 91 50 32 40 7312618222624724426 3 7RH 947265222224999999999999999 358 511613 3199999999999999
219178132 95 76 79105150200239254245213165113 70 44 40 6010015019422223126 3 8RH10 7254225523199999999999999 423 741639 3999999999999999
220192157124102 97111142183219239238217180135 93 63 51 58 8412216219320926 3 9RH1028241233121199999999999999 447 9717 9 5199999999999999
209195172147128119123141169199219225214189155119 89 71 67 7910313416118126 310RH1051225999999999999999999999 5121181745 6699999999999999
190188178164150141140147163182198206204191169143117 97 86 84 9411113114926 311RH 021190111720799999999999999 5421391837 8499999999999999
163171174172168163160159163171179185187184175162145128113101 96 9810611826 312RH 2 1174115618799999999999999 6391592013 9699999999999999
132147160172179182181177171167164164166169172172168159145128110 97 89 9026 313RH 51518214371739999999999999910361642225 8999999999999999
 99116138162183197202198186171156146143148159173183186179161136108 84 7126 314RH 6 320216481879999999999999911511432333 6899999999999999
 70 83110143177204219220206182155133121123138162187205210198170133 94 6326 315RH 6312221746210999999999999991223120999999999999999999999
 48 53 77116162204232241229201164128103 96109139177212233232210169119 7226 316RH 656241182923599999999999999 017 471252 9699999999999999
 39 29 45 83138193236257253226181132 93 73 77105151203242259248213159 9826 317RH 72125819 825999999999999999 054 291321 7199999999999999
 48 20 21 51105171229265273252207148 94 57 47 6611217423226927725520614126 318RH 746273194527899999999999999 129 171351 4799999999999999
 76 31 13 27 71139209261283274236175108 55 27 31 6713020125928828525119226 319RH 813284202429199999999999999 2 4 131423 2599999999999999
121 61 24 19 47105178243282287260206135 68 23  8 27 7915322627729528123726 320RH 84028921 429599999999999999 240 171457  899999999999999
173106 56 32 40 80145214266287275233168 96 36  4  3 36 9917624228128826626 321RH 9 8287214528999999999999999 316 311532 -199999999999999
218157100 63 53 72119182240273276250199132 66 19  0 11 5412019024427127026 322RH 936279222827499999999999999 352 5316 8 -199999999999999
244199147105 82 83109155208249265254220166106 52 19 10 30 7513519323225026 323RH10 6265231725199999999999999 428 791648 1099999999999999
245221185147120109116142181218241244227191144 95 55 32 30 51 9113918221126 324RH1038246999999999999999999999 5 71081735 2899999999999999
224221204181158142136144164190212222219202173137101 71 54 53 68 9613016226 325RH 018224111622399999999999999 5541361835 5199999999999999
186200204198187175164159161170182193199197187170146120 95 77 69 74 9011326 326RH 152204122019999999999999999 71315820 7 6999999999999999
139165186199205202193181169161158161168177185187182167145118 93 75 68 7526 327RH 410205144918799999999999999 95915822 1 6899999999999999
 94123155185208220219207186163144133134146165186200204193168134 98 69 5526 328RH 52622116452049999999999999911271322318 5499999999999999
 59 81117160199227239232209176142116104110133166199223229215182137 91 5726 329RH 6 92391749229999999999999991211104999999999999999999999
 41 49 80127179222249253235198153111 84 78 95132179221247249227184129 7826 330RH 641254183625199999999999999 011 411247 7799999999999999
 43 33 50 93151207248265256223172119 77 56 60 9214520124526726022717411426 331RH 710265191726899999999999999 053 331319 5499999999999999
 64 36 36 66121184238268270245196136 82 47 37 5710516822726527725921615626 4 1RH 735273195427799999999999999 129 321350 3799999999999999
 97 54 38 52 95157219261276261219160 97 50 26 32 6812819524927727624719526 4 2RH 759276202828099999999999999 2 3 381419 2599999999999999
135 84 54 52 80133195247273269237183119 62 27 19 42 9215822126227726322526 4 3RH 82227521 127799999999999999 234 491446 1899999999999999
171117 79 64 76115172227263270249203143 82 38 18 27 6412318723826526624226 4 4RH 845271213226999999999999999 3 4 641512 1799999999999999
199149107 83 83107153206247264253219165106 57 27 23 47 9415320824425724726 4 5RH 9 726422 325799999999999999 332 801539 2299999999999999
217175135106 96108140185227251251228185132 81 45 31 40 7412317521623824026 4 6RH 931254223524299999999999999 359 9616 6 3199999999999999
223193158130114116135169206233241229199155108 70 48 46 6410014518521222426 4 7RH 955241231222499999999999999 4261131637 4499999999999999
219201176151135129137159187212225223205173135 99 73 62 66 8812015418220026 4 8RH1021226999999999999999999999 4561291713 6199999999999999
206200186170155147146156173191205209202184158129104 87 80 8610312715117126 4 9RH 0 0206105220999999999999999 53314518 2 8099999999999999
184190189183174167161160165174183189190185173155136118103 96 9710712214026 410RH 118191114219099999999999999 6411601921 9599999999999999
157173184190191187180171164161162165171176178175166152135117104 97 9911026 411RH 339191135517899999999999999 9171612116 9799999999999999
127149171190203207201188171155144140145157172184189185171149123101 87 8526 412RH 45520716 61909999999999999910541402239 8499999999999999
 96119150182208223224210185157132117115128152180203214209189157120 89 7026 413RH 53222517122149999999999999911351142332 6899999999999999
 70 87121164205234244235208169129 99 86 93119159200230241230200156109 7226 414RH 6 224418 12419999999999999912 9 85999999999999999999999
 55 60 89136189234259259235191138 91 62 56 77121177228260266246203148 9526 415RH 631262184426799999999999999 016 541242 5599999999999999
 58 46 61103161220262276262221162 99 51 28 35 7213320125628528325319913726 416RH 7 0276192728899999999999999 057 461316 2799999999999999
 83 51 48 74127193250282282252196125 59 16  3 25 7815322727930029025019026 417RH 731286201030099999999999999 137 451352  399999999999999
126 77 54 60 97158223272289275230162 87 26 -8 -8 27 9317424629130328524026 418RH 8 3289205430399999999999999 218 521430-1399999999999999
178120 80 66 82126188246281284256201129 57  5-18 -6 4011319225528929527126 419RH 836286214029699999999999999 259 661510-1899999999999999
225169121 91 87110156212257277267231172103 40  0-12  9 6013120025127727626 420RH 911277222928099999999999999 341 851552-1299999999999999
252210164128109111137180224254262245205150 89 39 10  6 31 8114219823725626 421RH 947262232325899999999999999 4241071638  499999999999999
254233200166140129134158191223241240221185138 90 52 30 31 54 9514418721826 422RH1029243999999999999999999999 5111281730 2899999999999999
234233219197173154146150166189209220218203176140104 74 56 55 7210213817226 423RH 028236112322199999999999999 6111461833 5399999999999999
200216221214200183166156154161174188199201195178154125 99 80 73 8110112926 424RH 154221124820299999999999999 7401531958 7399999999999999
160187208218218208190170154144144152167182194198191174148120 96 82 82 9626 425RH 329220145319899999999999999 9321432131 8099999999999999
122154186211226227214191164139123120130150175197210210194166133103 83 7926 426RH 43422816282129999999999999910461192244 7899999999999999
 92121158196224238235215182146115 96 95112143180211229229210176136101 7926 427RH 5192391730231999999999999991134 932338 7599999999999999
 76 95130174214241249236205162118 85 70 77105148194230247243217176131 9426 428RH 5532501818248999999999999991212 69999999999999999999999
 75 79105148197236256254228184132 86 56 50 6911116521625026225021516812126 429RH 623258185926299999999999999 021 741245 4999999999999999
 88 76 89124174223255264247208153 98 55 35 41 7512918923826626924720515526 430RH 650264193727199999999999999 1 0 761316 3499999999999999
111 85 83106150202245266260229178118 65 32 25 45 9215421425727426723518826 5 1RH 717267201127599999999999999 136 811346 2499999999999999
140104 88 97130179228260266246202144 85 40 19 27 6211918323626727425521726 5 2RH 744267204527599999999999999 2 9 881415 1899999999999999
170128102 97117158206246264255222170110 58 25 19 40 8714820725026926423726 5 3RH 811264211827099999999999999 241 961444 1899999999999999
196154121106112141184227254258236194138 83 42 23 30 6311617422325326124726 5 4RH 839259215026199999999999999 3121051514 2299999999999999
216177142120116132165205238252243212165113 67 38 31 50 9014219323024824626 5 5RH 9 7252222525099999999999999 3431151546 3199999999999999
227196164138126130152185217238240223188142 96 62 44 48 7311516120122723626 5 6RH 93724223 323699999999999999 4151251620 4399999999999999
229209182158141136146168196219229224202168127 91 67 58 68 9513317120121926 5 7RH1010229234922399999999999999 4511361658 5899999999999999
223215197177159148147157176196211215207186156124 96 79 75 8611014117219526 5 8RH1051215999999999999999999999 5361461746 7499999999999999
210213207194178164154153160173187198201194178155130108 93 89 9811714216826 5 9RH 050214115020199999999999999 6411521848 8999999999999999
190205211208198184168155149152160173185192191182165143122105 9710111613926 510RH 2 9211132619399999999999999 8131492010 9799999999999999
165190209218217206187165146134133141157176192200196182160134112 99 9811126 511RH 324219151220099999999999999 9381322132 9799999999999999
135166197220232229211184152125109107121146177203218218203175143113 95 9226 512RH 41723216302209999999999999910351062238 9199999999999999
107136174212238247237210170127 93 76 80104142186223243242222187146110 8926 513RH 4592471728245999999999999991120 752333 8699999999999999
 88107144190232257260239199146 94 58 44 57 9414720424726826423819414510626 514RH 53726218202709999999999999912 1 44999999999999999999999
 85 87113159211253273266233179115 59 23 17 41 9215922427028928024619514326 515RH 614274191028999999999999999 024 831243 1699999999999999
103 85 93126178232270281263218153 83 27 -3 -1 35 9817524328730128724719326 516RH 653282195930199999999999999 112 851326 -699999999999999
140103 90104143198250281282254199127 56  4-19 -7 3811019025529430428524226 517RH 733285205030499999999999999 2 0 901410-1999999999999999
188139107100119162216261282275239179106 38 -7-22 -2 5012520126029229727526 518RH 814283214029999999999999999 248 991457-2299999999999999
232182139114112135179228264276262222161 92 32 -5-13 13 6713820625628228326 519RH 858276223228699999999999999 3361101544-1499999999999999
261221177142123125149190231258264246205149 88 38  8  6 34 8614820624726826 520RH 944265232627099999999999999 4251211634  499999999999999
266245211175146131136158193225246247229193144 93 52 30 31 5710215520223626 521RH1036249999999999999999999999 5171301727 2799999999999999
252250232203173149137141160187213229230216186147106 73 55 57 7911615919826 522RH 023254113623299999999999999 6161361825 5399999999999999
226240238223199172150137138152174196212216208187157124 96 80 80 9712616226 523RH 124241125321699999999999999 7261361930 7899999999999999
195220233232219196169146131128138157179198208208194171142116100 9710913426 524RH 228234142621099999999999999 8431272042 9699999999999999
16519622023223221719216213511611112014116719220921420618615813211310811726 525RH 326234155421499999999999999 952111215210899999999999999
140171202226237233214183148117 97 9210413016319521822621919816914012011426 526RH 41523717 3226999999999999991047 92225311399999999999999
123148180212235243233206169128 95 75 75 9412816920623224023020517214112126 527RH 4562431757240999999999999991132 73234511699999999999999
117130158194226245246228192148104 71 56 64 9213618422424725123620516913826 528RH 5332481842252999999999999991210 56999999999999999999999
119119138172210240253245216172122 78 49 43 6110115320424226125823519916126 529RH 6 7253192226299999999999999 0311171245 4399999999999999
131118124150188226252256237199148 95 54 34 39 6911817522525826825722718826 530RH 641257195826899999999999999 1111181319 3399999999999999
150125119133166207241258252223176121 71 37 27 44 8514119924326726924921426 531RH 715259203327199999999999999 1491181352 2799999999999999
173140122124146184224252259243204151 96 51 28 30 5810816621925627026223526 6 1RH 74826021 827099999999999999 2251201425 2599999999999999
197159132122133163202238257254227182127 75 40 27 41 7913318923426126524926 6 2RH 822259214226699999999999999 2591221459 2799999999999999
217180148129128147180218246255242208159106 62 37 35 5910315720724325925526 6 3RH 855255221726099999999999999 3331261534 3399999999999999
233200166141130137161195228247247226187139 92 57 42 50 8012717721924525326 6 4RH 930250225325399999999999999 4 813016 9 4299999999999999
242217185157138134147173205230241234209169125 85 60 54 6910314819222624326 6 5RH10 7241233224699999999999999 4451341647 5399999999999999
244229204176152139139154179207226231220194157119 87 69 70 8912316420122826 6 6RH1050231999999999999999999999 5291371729 6799999999999999
240236220196170149138140155178201217220209186154122 96 83 8610613817420626 6 7RH 016240114422199999999999999 6211371819 8299999999999999
229237232215191165144133134148169192208213206187160132110 9810111914718026 6 8RH 1 7237125621399999999999999 7241321918 9799999999999999
21023023823221318715813412012013315518120221321219817414812511111212715326 6 9RH 2 3238142221499999999999999 831118202811099999999999999
184213234242234213182147117100 9811314017320222222621619316513812111813026 610RH 3 0242154722699999999999999 935 97214211799999999999999
155187219242249238211173130 94 73 73 9212716920923624623721318114912712126 611RH 35424917 0246999999999999991033 70225212199999999999999
132157193228252257242207160109 67 45 47 7211717222125526725723019315613026 612RH 44625818 3267999999999999991126 43235712199999999999999
121132160200239263265244201144 86 40 18 24 5811417823527228527424220015826 613RH 53626719 1285999999999999991217 17999999999999999999999
130121133166210250273271243193128 64 17 -3  9 5111618824928629828424820026 614RH 625275195629899999999999999 05612113 8 -399999999999999
157128120136173220261281274240183113 47  1-15  2 5212319925929530428524526 615RH 715282204830499999999999999 1501191359-1599999999999999
196152125120140181230269285274234173100 36 -6-17  6 6113521026629830227926 616RH 8 5285213830399999999999999 2421191450-1899999999999999
236187145122121146190238273284268225162 92 32 -4 -9 20 7815122027029429226 617RH 855284222629799999999999999 3321181539-1199999999999999
266222175138119124152197241271277258214153 89 37  9 10 4310116922826928526 618RH 945278231128699999999999999 4201181627  699999999999999
278248206164132118127157199239262264243201147 92 50 30 38 7312718523426426 619RH1035266235427399999999999999 5 81181714 3099999999999999
273260229190153127119130159197230248247228191145101 70 58 7010415119923626 620RH1129250999999999999999999999 55711818 0 5899999999999999
256258242212177145124118130157189216231231215186150117 94 8910213217120826 621RH 035260122923399999999999999 6491181848 8899999999999999
23524824522719916713812011612715017720121521820818716013511911612915318426 622RH 118248134221999999999999999 746115194111699999999999999
21323224023421618915913211411011913916418820621320919417415414013814716626 623RH 2 424015 821399999999999999 849109204413799999999999999
190214230235228209182151123105 9910812815518320421621720618816915515015526 624RH 256235163221899999999999999 953 99215915099999999999999
171193215230235226205174141111 91 86 9712015218521222722921819917816015326 625RH 3512351738230999999999999991050 86231015399999999999999
157172195218234237225200165127 95 76 73 8911915819622524124122720317815826 626RH 4442371830243999999999999991138 72999999999999999999999
149155173199224240241225193152110 77 60 63 8712517121324225525022920017126 627RH 533243191225599999999999999 0 81491221 5999999999999999
150144153177207235249244221182135 90 59 48 59 9213918923225826425222419026 628RH 617249194926599999999999999 05514413 0 4899999999999999
160141139156186220247256244212166114 70 43 40 6210515821125026926824621226 629RH 657256202427199999999999999 1351381337 3999999999999999
176147133139164200236258260239198145 92 52 33 41 7412518223226527526323426 630RH 735262205727599999999999999 2121331413 3399999999999999
195159135130145177217250266259228179123 72 39 31 50 9315020725127427325226 7 1RH 811267213027699999999999999 2461291448 3199999999999999
216176144127131155193233261268250211157101 57 34 38 6811817823026427626526 7 2RH 84726822 127699999999999999 3201261522 3299999999999999
236196158132124136168209246265262236191136 85 50 39 53 9314820424827127226 7 3RH 922267223127499999999999999 3541241556 3999999999999999
251216176143124124145181221252262250218171119 76 52 52 7712217722626027126 7 4RH 95926223 227199999999999999 4291221631 4999999999999999
262234196159131119127153191227250253236201156111 78 64 7310415120124126426 7 5RH1039255233526799999999999999 5 711917 7 6499999999999999
265248217179144122116129158194226243242223190150113 89 84 9813117521824826 7 6RH1127245999999999999999999999 5501161747 8399999999999999
26125623420116413311511212715619021823323221618715412610810712315419122626 7 7RH 012262122623599999999999999 639111183510599999999999999
24825624622218915412410610512014717920722422721619516814513012914316819926 7 8RH 056256134222899999999999999 736103193412899999999999999
226245250239216183147116 96 9210513216419621922922521018916715114715517426 7 9RH 149250151322999999999999999 843 91205214799999999999999
199223241247238215181142106 82 74 8511214918821923824223221218816715715826 710RH 254247164524299999999999999 954 74222315699999999999999
171194220241250243219182137 94 64 52 62 9213618422625326225423220317515726 711RH 4 525018 12629999999999999911 3 52234615399999999999999
153164188219246259253227184132 81 43 28 39 7512818723727028227224520917426 712RH 51325919 22829999999999999912 5 28999999999999999999999
150144156185223256272266236186124 65 23  8 22 6512819625228829828425020526 713RH 614273195529899999999999999 05214313 1  899999999999999
165138132149186231269286277241183114 50  7 -6 15 6613721126930230728624326 714RH 710286204230899999999999999 1461321353 -699999999999999
193149124122146191242282297283241176102 38 -1 -8 20 7915623028330930727626 715RH 8 2297212431299999999999999 2341201442-1099999999999999
227174132111116149200254290300281233164 91 33  1  3 3910518224929330929626 716RH 85030122 330999999999999999 3191101527 -399999999999999
257204153117103116156211261291294269218151 85 37 16 27 7113820926429529826 717RH 936297223730099999999999999 4 210316 9 1599999999999999
275231179134106101122166219262283279250200140 86 51 42 6311117423227228826 718RH102128523 928999999999999999 442 991648 4299999999999999
280249203156120101104131175221254267258229184135 96 75 7710415120424727126 719RH11 6267233827599999999999999 521 991724 7399999999999999
27425622217914011210211214117921623924623621017413911410511514418422325126 720RH1154246999999999999999999999 6 110218 010599999999999999
26225523219916213111110711914517720422222621819917515213713614917320323026 721RH 0 6262125122699999999999999 645106183813599999999999999
24524823621418415412911311112314416819020621220919818417016116217218920926 722RH 040249141021299999999999999 738110192816099999999999999
22623523422320317815212911511211913615717819620721120719918818017718219226 723RH 125236155921199999999999999 847112205117799999999999999
20521822622621820117815312911210511012414617119521222222221420219018118026 724RH 23522717302239999999999999910 7105224417999999999999999
185196210222226221206181152124103 93 9711414117320322623823722520718817426 725RH 4 12261825239999999999999991114 92235816999999999999999
169175190209226234230211182146112 87 77 8410814418422024425424722820317826 726RH 51123419 52549999999999999912 5 77999999999999999999999
161157168189216237247239214176132 93 68 62 7711115620324126326525022218926 727RH 6 3247193826799999999999999 0451571247 6199999999999999
161146148167198230254259244209162112 71 50 52 7912417822826327726924320626 728RH 64626020 927799999999999999 1231451324 4899999999999999
169143134145175214250270268242196141 88 51 38 52 9114720625428128426422726 729RH 724272203728599999999999999 1561341359 3899999999999999
184147126127150190234269281268231176116 66 37 36 6411517823727629128124926 730RH 8 028121 529299999999999999 2281241432 3399999999999999
203158126115127161210255283285260213152 92 50 34 46 8714821326429229226826 731RH 834287213229599999999999999 25911515 4 3499999999999999
225175133110109133178230271289279244190128 76 45 42 6812018524528429628226 8 1RH 9 9289215829699999999999999 3311061536 4099999999999999
246196147112 99110145196246278285266224168111 70 53 6310015822026829228926 8 2RH 945286222429499999999999999 4 3 9916 8 5399999999999999
263219167124 98 95117159211254276274248204152106 78 73 9413719324527928826 8 3RH1023278225228899999999999999 437 941641 7299999999999999
273238191143108 91 97126170218252266258231190147113 9710112817121925827726 8 4RH11 7266232227999999999999999 515 911717 9699999999999999
274252214168127 99 9010113217421424125024221818615413112313315919623225826 8 5RH12 1250235826699999999999999 558 90175812399999999999999
266257232196156121 98 9210413116720122423523121519317115615216018020723226 8 6RH1313235999999999999999999999 651 92185115299999999999999
248252242220189154123100 92 9912115018120722322822321119618217617818820426 8 7RH 047252145822899999999999999 8 2 92201717599999999999999
221235240235219193162129102 86 8610112716019321923524023422020318918118226 8 8RH 2 3240165424099999999999999 931 84222418199999999999999
191207224237240230207174135 98 73 65 7610414418822625226225723921418917226 8 9RH 3462401810262999999999999991056 65235516699999999999999
166174194220243255249225185136 88 54 41 52 8713719324127328527524821117626 810RH 51225519 22859999999999999912 3 41999999999999999999999
152146158188226259276270241191130 73 33 20 36 8114421026429530128224319626 811RH 616276194430299999999999999 0521451257 2099999999999999
154129126148190239279296286248188118 55 16  8 34 9016323528731230827622526 812RH 7 9297202231499999999999999 1371241344  799999999999999
170128107112146200257297310292245176102 42  9 11 4811519326230531830125626 813RH 756310205531899999999999999 2181051427  699999999999999
197141103 91108154216273308313287232159 88 37 16 30 7915222728531331128026 814RH 839315212631699999999999999 256 9115 7 1699999999999999
226165114 86 85114169233284308303269210141 81 44 38 6412119325729830929126 815RH 920310215330999999999999999 332 811543 3699999999999999
248190134 94 78 89129187244284297283244188130 85 64 7210816722927629729126 816RH 959297221729899999999999999 4 6 781615 6399999999999999
261213158112 85 81104148202248274277257218171127100 9411315420625328028426 817RH1037278223928599999999999999 439 801645 9399999999999999
265228180134101 87 9412216520924125625223119816313612312915319123126027126 818RH111625723 227199999999999999 511 86171312399999999999999
262236198157123101 9711013917420622723522821118816715315016118521423925326 819RH12 2235232725599999999999999 546 96174215099999999999999
25323821117914812311011012414717319521021521220319118017417518620222023326 820RH13 8215999999999999999999999 629108182017399999999999999
23823321919717315013212112113014516318019420320720620319819319319720421126 821RH 0 1238152220799999999999999 733120194019399999999999999
21822121921019617916014212912312413314716518420121422022021420619819319326 822RH 1 6221172922199999999999999 917122224219299999999999999
19620221021521420619117014812711411011713415818621123023823622420719117926 823RH 3252151816238999999999999991053110235517599999999999999
175181193209222228221203175143115 96 9110212716219923125125524522319717326 824RH 4582281847255999999999999991148 91999999999999999999999
159159172195220240246235208170129 94 74 75 9513317922325627026524321017526 825RH 552246191427199999999999999 0321571229 7299999999999999
150140148173207241262263242203154105 70 56 6710115120625227928326422818526 826RH 633265194028499999999999999 1 314013 4 5699999999999999
148126125146184229265281272240188130 80 50 47 7212018224028129628525120226 827RH 7 928220 529699999999999999 1321231337 4599999999999999
154119106118154205255288294273227165104 59 40 51 9115322027330230127422526 828RH 743295202930599999999999999 2 110614 8 3999999999999999
168121 94 94121171231280303297263206140 82 48 43 6912319225729831029324926 829RH 818304205431099999999999999 231 911440 4199999999999999
190132 92 77 91133194255296308290245183119 71 51 60 9916323228531030427126 830RH 853308211831199999999999999 3 1 771512 5099999999999999
216153101 71 70 98152217272301301274223162108 74 67 9013820326329930628526 831RH 929305214430799999999999999 333 671544 6699999999999999
239179121 79 62 74112171233277295285253203150109 90 9612717823527929728926 9 1RH10 8295221029899999999999999 4 6 621617 8999999999999999
257206149100 70 64 8512918623726927826423319015012411613016320925227928226 9 2RH1052278223928499999999999999 443 63165111699999999999999
264228179131 93 73 75 9914118922825125624421918816214714716319222525326526 9 3RH1145256231326699999999999999 525 71173114599999999999999
260240206166127 98 84 8710814217820922823523021619818317517518620522524026 9 4RH13 2235999999999999999999999 619 83182717499999999999999
245240223198168138113 97 9610813015818420622122722521820819919319420121026 9 5RH 0 1245151422799999999999999 738 95202219399999999999999
219226227221206184156129106 94 9510913316319321923724424122921219618518226 9 6RH 140228171124499999999999999 926 93225418299999999999999
187199215228233226207176140106 82 74 8411115019323125726726023921118316326 9 7RH 35823318 6267999999999999991057 74235815699999999999999
156164186215241255252229190141 95 63 52 6510115320825328128627023619415626 9 8RH 5202561845287999999999999991158 52999999999999999999999
133129147183227263281275245193133 78 43 36 5810617123328030129626621716526 9 9RH 616282191830399999999999999 0401281245 3599999999999999
124104109141192247287303289248185117 61 31 33 6712920126430331229224618626 910RH 7 2303194931399999999999999 1181021327 2899999999999999
130 92 81100147210269307314291238169100 51 31 45 9316423729131530827221326 911RH 744315201731699999999999999 153 8114 5 3199999999999999
149 97 69 71104164232288316312278219149 88 51 46 7413220526930731328923926 912RH 824318204231599999999999999 227 661440 4499999999999999
174113 71 57 74121187253297313298256195133 86 65 7411417624229030829625726 913RH 9 131321 630899999999999999 258 571513 6499999999999999
199136 86 59 60 90146211265295298274229174125 94 8911115821726829529426726 914RH 936300212829899999999999999 328 561542 8899999999999999
219161107 71 60 7511517122726628227524620416012711312115119824527728526926 915RH1010283214928699999999999999 357 6016 911299999999999999
232183132 92 71 73 9814119123325726224822018615713913715418622525627026426 916RH1045263221127199999999999999 425 69163613699999999999999
239200156117 91 83 9412216119922724023922520318016415716318220923525125226 917RH1124241223525499999999999999 456 8317 315799999999999999
23921217814411710210111414016919521222021820919718617917818519921623023526 918RH122022023 323599999999999999 534 99173817799999999999999
23021619517014612811811812814516418119420320720620319919619419620220921326 919RH1419207235321599999999999999 631117185619499999999999999
21521220419117515914513312813013814916418019520721521821620920119519119126 920RH17 1218999999999999999999999 813128223819199999999999999
19419820320420019117615814012612012213315217620022123323522821319518017126 921RH 2482041743236999999999999991017119233416999999999999999
17017819220721721920918916213411210110412115018521824225324823020317615526 922RH 4392191811253999999999999991119100999999999999999999999
147153172198223239240224193155118 91 82 9212116220724526726825121818014626 923RH 532242183527099999999999999 0 514712 0 8299999999999999
127126145178217249264257230186137 95 70 69 9113418823927428627323919214626 924RH 612264185928699999999999999 0321241234 6699999999999999
113101113148196244276284266225170114 73 56 6710416222327229729326321315526 925RH 648285192329999999999999999 1 010113 7 5699999999999999
107 81 82110162223273299297266212148 93 59 54 7913119826029930828723917626 926RH 724302194730999999999999999 129 781340 5299999999999999
114 72 57 73119185251297313298255193128 79 57 6510416723729031330426620426 927RH 8 0313201331499999999999999 159 571414 5699999999999999
134 77 45 45 77138211275311316290238173114 77 68 8913920626830631128623426 928RH 838318204031399999999999999 231 411448 6799999999999999
165 97 49 31 45 91160233288312306273219159112 88 9112217623828630629525726 929RH 91731321 830699999999999999 3 4 311523 8599999999999999
198130 71 37 31 5711118124528630028725220215412010912115720825828829227026 930RH10 0300213729499999999999999 340 3016 010999999999999999
225167107 61 39 44 761301922432722792642321931591391361531862282612762692610 1RH1047279221027699999999999999 420 38163813599999999999999
242199148100 67 54 63 951411902282502542432211951731621631782032312502542610 2RH1146254224825499999999999999 5 6 54172516199999999999999
244219184145109 84 74 821061411762062252332302202061921841831902032182282610 3RH1313233234823199999999999999 6 5 74183918299999999999999
231224209185157130107 93 931061291561832062222302302222101981891851881952610 4RH1526231999999999999999999999 731 9221 418599999999999999
204213216213200180154127105 94 961111361681992252422462382211991781651612610 5RH 2 3216165124699999999999999 921 93224916199999999999999
169185205222230225205174138105 84 80 941251662072412612632472181841541352610 6RH 4 82301737264999999999999991044 79233913199999999999999
132147176210239254250225185138 97 71 67 861271782282642802732442011561202610 7RH 5172551812280999999999999991140 65999999999999999999999
103108136180226262278269235185129 83 59 62 921432032552862912702261711202610 8RH 6 8278184229299999999999999 0171021225 5799999999999999
 86 76 94137195249285295277234174115 73 56 691111722352813002902521951342610 9RH 65229619 930099999999999999 052 7613 4 5699999999999999
 84 58 61 94151217272301302273221158102 69 64 90142208265297300273222157261010RH 731305193530399999999999999 125 561340 6299999999999999
 96 55 42 60108175241288307297258201141 96 75 83121180241285301286244183261011RH 8 830820 030199999999999999 156 421414 7499999999999999
118 65 38 41 74133202261296302281236180129 97 90111157216266293290260207261012RH 843303202429599999999999999 225 351445 9099999999999999
144 85 47 35 53 98162225271292286257211163125107114144193243277286268226261013RH 917293204828699999999999999 254 35151510799999999999999
170111 65 43 46 76128188240271279264231190153129124141176220257275268238261014RH 950279211327599999999999999 322 41154412399999999999999
192138 91 60 51 67105156206243260259239209176152140145167201235257260243261015RH1024262213826199999999999999 352 51161314099999999999999
209164119 85 67 70 92130174211235243237218194173159156166188214236245239261016RH11 224322 624599999999999999 423 66164415599999999999999
217185147114 92 83 92115147179205220225218205190178171171181197214225226261017RH1153225223922799999999999999 5 1 83172617099999999999999
217198172144122107102110128152174193205211209204196189183182186194202206261018RH1317211233420799999999999999 552102184318299999999999999
207201188172153136123117120130145163180195206212212208199189182178179183261019RH1534213999999999999999999999 712117212117899999999999999
188194195192183169152136124119122134152174196214225226218203185169159157261020RH 153195163922799999999999999 9 4119224315699999999999999
163176191203207201186164139119108109123148179209232243239222195166143132261021RH 3572071715243999999999999991024107232113199999999999999
134150175202222229221199167133106 93 98120155196233255259244213173136110261022RH 4592291743260999999999999991115 93235210399999999999999
103116146186223248253237204161119 90 81 94127175223260276267236189138 97261023RH 54525418 9276999999999999991156 81999999999999999999999
 76 79107154208252275273246201149103 77 75100146203254284287263215155 97261024RH 625277183728999999999999999 022 741234 7399999999999999
 59 47 65110173235279296284247192134 91 71 80116173234280299286245183114261025RH 7 529619 629999999999999999 054 471312 7199999999999999
 57 27 28 62123197261300308286239179122 86 76 95141204262297301273218146261026RH 745309193630399999999999999 128 231351 7599999999999999
 76 26  6 21 69142220280310309279227167117 90 90118171232281301290250186261027RH 82831420 930299999999999999 2 4  61430 8699999999999999
112 47  7  0 27 86163236287308299265213159119102110145198252286293271223261028RH 912308204329499999999999999 243 -1151110299999999999999
156 87 32  4  7 42105178242281294282248202158129120134170217258279275246261029RH10 0294212028199999999999999 324  1155412099999999999999
197135 76 33 14 24 62121184236266274262232196163144140156187224252263253261030RH105327522 126399999999999999 410 14164113999999999999999
224179127 79 46 34 46 81131181222246253244223196173159157169192217236241261031RH1155253225224199999999999999 5 1 34173915699999999999999
232208172132 95 68 58 67 941321712052272372342212031841701641691832002142611 1RH1316237999999999999999999999 6 3 5819 116499999999999999
220217202178148117 93 80 82 991271591902152302332262101901721601571631762611 2RH 010220144923399999999999999 722 79204915699999999999999
192205211208193169140113 94 89 981201511842132332402342151891631421331372611 3RH 2 921216 124099999999999999 853 89221213399999999999999
153177200217222213190159126101 89 941171511892232452502392121761411161052611 4RH 3532221650251999999999999991011 8923 510599999999999999
113137171206231241232206169130100 86 93120160204240259258236198152112 852611 5RH 5 32411727261999999999999991110 862347 7899999999999999
 79 95131177220250259246213169126 95 85 98132179225258270257223173121 792611 6RH 5552591759270999999999999991157 85999999999999999999999
 57 60 89138193240268272251211162119 92 88110152203248272272246199141 872611 7RH 639273182927599999999999999 023 551239 8799999999999999
 50 38 54 96155215260281276247201151111 92 981291782292652782632241671062611 8RH 719282185727899999999999999 056 381317 9199999999999999
 56 29 30 60115179237274286271234185139107 981141532042502752732441941322611 9RH 756286192627799999999999999 128 261352 9899999999999999
 74 34 21 36 79141205255281282258216169129108110136180228263274258218161261110RH 831285195427499999999999999 159 21142610699999999999999
100 51 24 24 53105168226264279269238196154125114127160204244266263235188261111RH 9 5279202326899999999999999 229 20145811499999999999999
130 76 38 25 38 77133192239265268250216177145126126146182222251259245209261112RH 938269205326099999999999999 3 0 25153012399999999999999
159106 62 37 36 60105158208242257251229197165141132141165199230247245223261113RH1013257212324999999999999999 332 3316 213299999999999999
184136 91 59 46 55 85129176214237243233210183159144142155180208229236226261114RH1050243215723699999999999999 4 6 46163814199999999999999
200163122 88 66 62 76107146184212228229217198177160151152165186206218220261115RH1134230223622199999999999999 444 61172215099999999999999
207183151119 94 79 80 96123155185207218218209194178164156157167181195204261116RH1230219233020599999999999999 528 78182415699999999999999
204193174150125106 95 96109131157182201212215208196181166156153158168180261117RH1344215999999999999999999999 626 93195215399999999999999
189193189176158138119107105114132155179200214219214201182162146138139149261118RH 059193145921999999999999999 741105211913799999999999999
165181192195189173152131114108113129154182207224230222202175146124113116261119RH 249195155523099999999999999 9 4108221811299999999999999
131155182202212208191165137115104108127157191221239242226196158120 93 83261120RH 412212163724399999999999999101410423 2 8399999999999999
 92118155193222235229207174138111 99105129166207240256250223180130 86 58261121RH 5112351715256999999999999991110 982342 5299999999999999
 53 72112164213247259248219177135105 94105136181227259268252212156 97 49261122RH 6 225917512689999999999999912 0 94999999999999999999999
 25 29 61116180236270279262224175130100 93110149201247274274246193127 62261123RH 649279182927799999999999999 022 231248 9399999999999999
 16 -1 13 59126198256288291267223170125 99 97121166220264283272233171 98261124RH 73729319 828399999999999999 1 3 -21334 9599999999999999
 33 -8-17  8 64140215270297295265217164122101105135184237274284264216148261125RH 825299194928499999999999999 146-181421 9999999999999999
 74 13-21-21 13 76155227276296289256208158122107116150200247276277250198261126RH 914297203328099999999999999 231-2515 810799999999999999
129 59  6-20-14 26 92167231273288277243198154125115128163209249269264234261127RH10 4288211827199999999999999 319-22155611599999999999999
182117 55 10 -9  3 45107175230263274261229189153129123138171211243256248261128RH105627422 825699999999999999 4 8 -9164712299999999999999
218170113 61 24 12 26 66121178224251257245217183152132128143171203228239261129RH115025823 423999999999999999 459 12174312899999999999999
231205165118 75 46 37 51 86133179216238243232208178151133129139162188210261130RH1247243999999999999999999999 554 37184812899999999999999
220216198167130 96 72 64 751031411792102292332242021751491291221281461692612 1RH 014220134923499999999999999 655 6420 212299999999999999
191205207197176147118 96 87 941151471802072252292201991701411191081111272612 2RH 143208145022999999999999999 8 4 87211710799999999999999
151176196206204189164137115104107124151182209226230218194161128102 88 912612 3RH 319207154523099999999999999 9181032220 8799999999999999
109137169197213216203180151127113114130157188216232232216185147109 80 672612 4RH 43921716322349999999999999910271122312 6799999999999999
 73 97133173206226229216189158131116117135164198225239233210171126 85 572612 5RH 54123017142399999999999999911271152354 4899999999999999
 48 61 94139185221241241223192157129115119141175211236244230198151102 602612 6RH 6302431752244999999999999991217115999999999999999999999
 36 35 58101154203238253247222186150123113123151190225246245222180127 762612 7RH 712254182824899999999999999 032 3313 011399999999999999
 38 22 31 661181752232532612462141751391161131311662062382512402071571012612 8RH 75026119 325199999999999999 1 8 22133911299999999999999
 51 21 16 37 821411982412622602372001591271121171431832222472512291871312612 9RH 825264193825299999999999999 142 14141511199999999999999
 75 32 12 19 52105166218253264252222182144118112126159200235251244212163261210RH 858264201225299999999999999 215 11144911199999999999999
106 54 21 12 31 74131189233257258237202163131114117140177216242248230191261211RH 931260204524999999999999999 249 12152211399999999999999
138 84 40 18 22 51100157208242254245218182147123115126155192225243238212261212RH10 4254211824499999999999999 322 16155511599999999999999
168116 68 35 25 39 76127179220243245229199165136120120138168202227235222261213RH1037247215323599999999999999 356 25162911799999999999999
191147100 61 39 39 61102150195226239234212183152130120126147176205222222261214RH1111239223122499999999999999 430 3617 812099999999999999
205172131 92 63 51 59 85126169205227232221199170144126121129150176199211261215RH1148232231721199999999999999 5 7 51175412199999999999999
207189160125 94 73 68 80107144181209224225212189162138122118127146169189261216RH1231226999999999999999999999 549 68185011899999999999999
199196181157129104 88 86 99124156187210222220206183156132114109116134156261217RH 018199132222399999999999999 640 85195510999999999999999
177190192183165142120105102113134162189211221219204179150121100 92 98117261218RH 141193142022299999999999999 74410221 4 9299999999999999
142168188198194180160137120114120138163190213224222205176140105 79 68 75261219RH 314198152022599999999999999 9 111422 7 6899999999999999
 97130165195212213201179153131120122137163193218231228206171126 84 53 41261220RH 437214161723299999999999999102111923 4 4199999999999999
 50 79122169208231235222196164136120119135164199228241235208163109 59 24261221RH 54523617112429999999999999911321172357 1399999999999999
 13 27 66120178225251256240208169135116115133167208240253242207153 91 34261222RH 64325718 3253999999999999991233113999999999999999999999
 -3-11 10 58124190242270272251212167130109110133174219253263247204142 72261223RH 736274185426399999999999999 048-12132810799999999999999
 12-24-28  1 59133204257283281254209160121102107136183231264270248198129261224RH 826286194327199999999999999 138-30141910199999999999999
 55 -4-36-35  2 68147218267289281248198148111 96106142193242271272244189261225RH 914290203327599999999999999 227-4015 7 9699999999999999
116 44-12-38-29 14 84163230273287273234183135102 92109149202247270266234261226RH10 0287212127299999999999999 316-391553 9299999999999999
177106 38 -9-27-12 37107180238271277256215165122 95 91113156206245262253261227RH1043278221026299999999999999 4 3-271639 9099999999999999
219164 99 42  4 -5 17 67133196242264261235193148111 91 93118159203235246261228RH112326523 124699999999999999 448 -51726 8999999999999999
235202153 99 54 28 27 52100157207239251241213174134104 90 95120157193218261229RH12 2251235622599999999999999 533 241814 8999999999999999
225215187148107 74 58 63 89130175211232235221194158125100 89 96118148177261230RH1241236999999999999999999999 617 5719 8 8999999999999999
198205198178150121 99 90 98121154187212224221205179147117 95 86 92110135261231RH 1 1205132022599999999999999 7 3 9020 8 8699999999999999
