 42 11 -4 -2 21 6311516019121021520418015212710810010712714715515113510726 1 1SB 95121520 715599999999999999 225 -516 310099999999999999
 67 26 -4-17-11 18 6712316920021822220918315312710810011013115015514812926 1 2SB1045222205215599999999999999 312-17165710099999999999999
 98 55 13-15-24-13 22 7613317720522022120517614612210510111513915615814726 1 3SB1135223213715999999999999999 358-25174310199999999999999
126 90 45  4-21-25 -8 32 8914418320621821519416413511410110212114616115926 1 4SB1220219222316299999999999999 443-261826 9999999999999999
147123 84 37 -1-20-19  3 47105155188206214205180149123104 9510212515016226 1 5SB13 3214231516399999999999999 528-2219 8 9599999999999999
159146120 79 34  1-13 -7 19 67122166192206209194165134109 93 8710012715126 1 6SB1341210999999999999999999999 614-131950 8799999999999999
161158145117 76 36  9  0  9 40 88138175196206202180148117 94 79 79 9612426 1 7SB 014161141520699999999999999 7 0  02032 7799999999999999
147157156143115 78 43 23 18 31 63109152182198202191164130100 78 66 70 9226 1 8SB 124158144820399999999999999 748 182115 6599999999999999
119141153154142117 85 57 42 40 55 87127162185196193176146113 83 63 55 6426 1 9SB 237155152119699999999999999 836 3922 0 5599999999999999
 86113135149153144123 98 77 65 65 80107138164181186178158128 96 69 51 4726 110SB 349153155618699999999999999 929 642247 4799999999999999
 58 81107130147154149135116100 90 89 99118140159169171160139111 82 58 4326 111SB 5 71541637171999999999999991034 882339 4099999999999999
 41 53 75102128148160160151137123112107111121135147154154144124 98 71 4926 112SB 63216117281559999999999999912 6107999999999999999999999
 36 35 47 71100130154170174169157142127116113116125134141141131112 88 6326 113SB 754174183014299999999999999 034 33135711399999999999999
 41 28 28 43 70103137165183188183170151131115108108116126134134124105 8026 114SB 859188193213599999999999999 129 26152310799999999999999
 53 30 18 22 41 72110148178195199191174150126108100102112125134133121 9926 115SB 949199202413599999999999999 217 17161610099999999999999
 71 41 18  9 18 43 81124163190203202190167139115100 9610311713213913411826 116SB102920421 613999999999999999 3 1  91651 9699999999999999
 92 59 27  6  3 19 52 96141176198205199180152125104 94 9711112914314513526 117SB11 2205214014699999999999999 340  11718 9499999999999999
113 80 43 12 -3  1 26 67115158187202202189163134110 96 9310412414415214826 118SB113320422 915399999999999999 416 -41742 9399999999999999
132103 64 26  0 -7  6 40 88137174195202195173144117 99 91 9611614015615826 119SB12 2202223715999999999999999 450 -718 8 9199999999999999
147125 89 47 11 -6 -4 18 61113159187200200184155124102 89 8810212815316326 120SB122920223 916399999999999999 524 -81836 8799999999999999
159143115 74 32  4 -5  5 36 86139178197203194170136106 88 80 8710913916126 121SB1256203234816699999999999999 558 -519 6 8099999999999999
166157138104 61 24  4  3 21 59112161192204202184152115 88 73 71 8511414626 122SB1322205999999999999999999999 634  11939 7099999999999999
164166156133 97 56 25 12 17 42 85136178200205195168131 94 69 58 62 8311726 123SB 037167135020599999999999999 713 122016 5899999999999999
148165166155131 96 61 37 29 38 66108153185200197180148109 74 52 45 54 8026 124SB 135167142120099999999999999 758 292057 4599999999999999
116146163166157135106 77 58 53 63 88124160183190182160127 89 56 37 34 4726 125SB 243167145619099999999999999 850 532143 3399999999999999
 75110141160167162147124100 85 80 87105131157173174163141109 73 44 27 2526 126SB 4 3167153717599999999999999 954 802238 2499999999999999
 38 65100133157169171164147128113105105113129146156156146126 97 65 37 2126 127SB 54317216281589999999999999911331042345 1799999999999999
 17 28 53 89125154174184183172155138123114113120132141142135118 93 63 3526 128SB 7251851739143999999999999991338112999999999999999999999
 15  8 16 41 78118154181197200192174152131114106110121132137132118 94 6326 129SB 84720119 113799999999999999 059  8151110699999999999999
 32  8 -2  5 30 70117158189207212203182155128109 99103118134141137123 9826 130SB 95421220 614199999999999999 2 7 -21613 9999999999999999
 64 27  0-10 -2 25 71122165194212216204177146120101 9310312414314914412826 131SB1048216205714999999999999999 3 5-101658 9399999999999999
100 59 19 -7-15 -4 29 80134174198212212194162132108 93 9211013715615815026 2 1SB1133214214015999999999999999 356-151735 9099999999999999
132 98 51 12-10-13  3 42 98149181200209202175141115 96 86 9412215216616526 2 2SB12 9209222216799999999999999 442-1418 8 8699999999999999
155131 90 43  8 -7 -5 18 65121164188200202185152120 97 83 81 9913316217226 2 3SB123920323 917299999999999999 524 -81840 8099999999999999
168156126 81 37 10  1  9 41 92144178194200192164128 99 80 70 7710514216626 2 4SB13 2200999999999999999999999 6 4  11911 7099999999999999
173169153119 75 38 19 15 30 69120163188197196176142105 79 63 60 7611014526 2 5SB 0 5173132319899999999999999 643 151943 5999999999999999
166172168149114 75 46 33 35 56 97143176192196184156119 84 60 49 53 7711226 2 6SB 1 7172134619699999999999999 723 322018 4899999999999999
144163171165145113 81 60 52 58 83121157180190185166134 97 66 46 40 51 7926 2 7SB 2 8171141219099999999999999 8 6 522054 3999999999999999
113142160168163144118 94 79 74 83106136161175178167144111 78 52 37 37 5226 2 8SB 3 8168144117899999999999999 852 742133 3599999999999999
 80112139157165162148129112100 97104121140155161158145122 93 66 45 35 3826 2 9SB 414166151116299999999999999 949 972217 3599999999999999
 55 81110135154165165157143130120115117125135141143138126106 82 60 44 3726 210SB 53416615471439999999999999911161152315 3699999999999999
 40 55 79106131153168173168159147135125119120122125126124115 99 80 61 4626 211SB 65817317 7126999999999999991322119999999999999999999999
 37 38 52 74101129156174182180172158140124113109109112118120114101 83 6426 212SB 813182185212099999999999999 024 36153410999999999999999
 45 32 32 45 69 99133163184191189178159135115103 98100110121126121108 8826 213SB 914191195912699999999999999 131 301610 9899999999999999
 63 38 23 23 39 66103142174192198193175149122102 92 9210211913413813011426 214SB10 0198204913899999999999999 228 211632 9199999999999999
 87 55 26 12 16 36 71115157185199200188162132107 91 86 9511513714914913726 215SB1037201212715099999999999999 317 121654 8699999999999999
114 78 40 13  4 13 41 86135172193202196174142113 93 83 8710713515616215626 216SB11 9202215716299999999999999 4 0  41716 8399999999999999
138106 63 25  5  3 20 58110156185198200184153119 95 82 80 9512615617016926 217SB1136201222317199999999999999 438  11738 7999999999999999
158132 91 46 15  3  9 36 85138176194200191164127 96 79 73 8110914617217826 218SB1158200225317899999999999999 511  318 1 7399999999999999
171154121 75 35 13  9 24 61116163190199195175138100 75 64 66 8512316118126 219SB1215199233218399999999999999 544  91824 6399999999999999
182172149109 64 33 20 23 46 91144182197198184153110 74 55 49 60 9113417026 220SB1231199999999999999999999999 618 191853 4999999999999999
184183171144103 64 41 34 43 72119164191197190166127 83 51 36 37 57 9514026 221SB 023185125519899999999999999 657 341928 3599999999999999
172185184171143106 75 57 54 67 98139173190189174144102 61 33 22 29 55 9626 222SB 126186132619199999999999999 744 5420 9 2299999999999999
139169184185172148118 94 80 78 90116147171180173154122 82 46 23 15 25 5326 223SB 23518614 318099999999999999 839 772056 1599999999999999
 92132162179184177159137117105101108124144159162154134106 72 41 21 15 2426 224SB 354184144616299999999999999 9521012154 1599999999999999
 49 84121152173184184175159142128119117123133141143136122100 72 46 27 1926 225SB 53318515431439999999999999911461172310 1899999999999999
 23 42 71106139166185193190179163145128117113117123128128120104 82 58 3626 226SB 7151931728129999999999999991355113999999999999999999999
 22 20 32 58 92129163187201203194175150126109101102112124130127116 96 7026 227SB 84220419 913099999999999999 038 19152010099999999999999
 42 21 15 23 46 83127165191207210199174144117 98 89 9511313214114013011026 228SB 948211202114299999999999999 157 1516 7 8999999999999999
 77 42 18 10 16 42 85133170194209210192161129104 86 82 9812614715515414326 3 1SB1036212211815699999999999999 3 5 101643 8199999999999999
116 75 38 15  8 17 49 99146177196207200173138109 89 77 8311214516416816526 3 2SB111220722 216899999999999999 4 1  81714 7699999999999999
149112 67 33 15 11 27 69122162184197199181146112 90 75 72 9213116317717826 3 3SB1140201224117899999999999999 446 111740 7199999999999999
171145102 58 31 19 22 49 98147177190195186155117 88 71 63 7310714917618426 3 4SB1159195232218599999999999999 522 1818 4 6399999999999999
183170136 91 54 35 29 41 78128168187193188165126 89 66 54 55 7912116118226 3 5SB12 9193999999999999999999999 555 291827 5299999999999999
188184164125 84 57 43 44 66108153182192190174140 98 66 47 42 54 8913316726 3 6SB 0 9188122119299999999999999 629 421853 4199999999999999
185190182156118 85 64 56 64 92134169186189179153113 74 47 33 36 59 9914126 3 7SB 057190124319099999999999999 7 5 561923 3299999999999999
170186189177150117 91 76 73 86115149173182178160127 88 55 33 27 38 6810926 3 8SB 145189131118299999999999999 744 721955 2799999999999999
146171185186172147121101 90 91105130154168170160137104 69 42 28 28 46 7826 3 9SB 234187134017199999999999999 829 892029 2699999999999999
115148170182182169149129114105107119135149155152138115 86 58 38 30 35 5526 310SB 32818414 715599999999999999 92210421 8 3099999999999999
 86118147167178179170155139126118117123132138138133121101 78 57 43 38 4426 311SB 43518014351399999999999999910401172159 3899999999999999
 61 88116141162175179174163150137126119119121122122120112 98 81 64 52 4526 312SB 55518015161229999999999999912341182317 4599999999999999
 48 61 84109134158176184181172158142125113108108109114118116106 92 76 6026 313SB 7111841816118999999999999991444108999999999999999999999
 48 45 55 75101130160181190188178161137116102 96 97105118128128120106 8626 314SB 817190193512999999999999999 043 451522 9599999999999999
 62 43 37 46 66 96133167189197194179153125102 89 86 9411213314414513611726 315SB 912197203214699999999999999 154 371549 8599999999999999
 87 56 34 28 38 63102145178196201193169136107 87 78 8210213115316216014626 316SB 955201211616399999999999999 253 281614 7899999999999999
118 80 45 26 23 37 71119162188200199182148113 88 74 72 8912215517317617026 317SB1028201215017699999999999999 342 221637 7199999999999999
148110 67 37 23 25 48 93143178195199189160120 88 70 64 7410514617618718526 318SB1053199221818799999999999999 424 221659 6499999999999999
173142 97 57 34 27 37 71122167189195191169129 88 64 54 58 8112516919119526 319SB11 7196224919599999999999999 5 0 271718 5499999999999999
190170131 86 54 40 39 58100151183193191175141 95 59 43 41 56 9314518420026 320SB1112194233320199999999999999 535 381739 4099999999999999
200191164122 83 60 52 57 83129171190191180153110 65 36 26 31 5710515719126 321SB1130192999999999999999999999 612 511810 2599999999999999
203203190160121 89 72 67 77108149179189182164129 82 41 18 13 26 6111316126 322SB 03020412 118999999999999999 656 671849 1399999999999999
191204204190161128103 88 85 97125157177179169145106 63 28  9  8 26 6511526 323SB 133206124018099999999999999 747 841935  699999999999999
158187202204191167141119106102111132154166165152127 92 54 25  9 10 30 6626 324SB 238205132516799999999999999 8491012027  799999999999999
110150179196201194177156137122114118129142149148137116 87 57 32 18 18 3426 325SB 35520114201509999999999999910121142129 1699999999999999
 64101138167188199199188171152134121116118125131133127114 94 70 48 33 2926 326SB 52820015461339999999999999912 51162251 2999999999999999
 38 59 90123155181198203198183162139119107104108117125128122109 90 68 4826 327SB 7 02031748128999999999999991352104999999999999999999999
 37 38 52 77111146177197206204189163134110 94 89 96112129137137129111 8526 328SB 818207192813899999999999999 025 361456 8999999999999999
 59 42 37 45 69105145177197208204184153121 96 80 78 9311914115215514912726 329SB 919208205215599999999999999 152 371539 7699999999999999
 94 63 43 36 42 69111152180198206197168133103 80 68 7410213615916917316226 330SB10 3206215117399999999999999 3 6 351613 6799999999999999
133 94 63 44 36 47 82128164185197198178143107 82 65 61 8212115617618518526 331SB1035200223318699999999999999 4 0 361642 6099999999999999
166129 89 62 46 43 63105149175188193182151112 81 62 53 63 9914317518919526 4 1SB105719323 719599999999999999 442 4217 5 5399999999999999
189160119 84 63 52 57 88133168183188183159119 82 58 46 48 7412016318819926 4 2SB11 6188233920199999999999999 516 511726 4599999999999999
200184149110 83 67 62 78116156180186183166130 88 56 40 36 52 9114017719626 4 3SB11 8186999999999999999999999 548 621746 3599999999999999
204199175138105 84 73 77102141171184183171142100 62 37 27 34 6311015618626 4 4SB 012204112518599999999999999 619 731810 2799999999999999
202205193164131105 89 83 95124156176180173152116 75 42 25 22 40 7912616626 4 5SB 047206115318199999999999999 654 831838 2199999999999999
192204203185157129107 95 94111137161172171157129 92 55 30 19 26 53 9513926 4 6SB 125205122517399999999999999 732 931910 1999999999999999
173195204198178152129111102105122143158163157138108 74 44 25 22 36 6810926 4 7SB 2 6204125816399999999999999 8151011944 2199999999999999
148177195201192174151131115108113126140149150141121 94 65 41 28 30 48 8026 4 8SB 253201133515099999999999999 9 71082023 2799999999999999
117151177192196189172153134120113115123132137136127111 88 65 47 38 42 5926 4 9SB 34919614191389999999999999910161132113 3899999999999999
 86119149173188193188174156138123113111115121126126122111 93 74 59 50 5126 410SB 5 019315421279999999999999911441112227 4999999999999999
 63 86115143167185193190178160140121107102105111118125127120107 90 73 6026 411SB 61219417441279999999999999913 61022356 5599999999999999
 55 62 81106136164186196194181161136112 97 91 94105120134140137125106 8426 412SB 71619719 61419999999999999914 7 91999999999999999999999
 64 54 57 73100134167190199196181154124 98 83 79 8710813315215915614311826 413SB 812200201115999999999999999 114 531450 7999999999999999
 88 62 50 52 68100141175195201194171137103 80 69 71 9012215417217817315426 414SB 85820121 417899999999999999 223 491523 6899999999999999
121 85 60 48 51 72112155184197197183151111 79 62 57 6910314517719119418526 415SB 932198214819499999999999999 320 471551 5799999999999999
157117 81 59 51 58 88133171190194186161120 79 55 45 50 7712417019620520426 416SB 952194222820699999999999999 4 9 511614 4599999999999999
188153111 80 64 59 74111156183190185168131 85 49 33 32 49 9114718920921426 417SB 95919023 821499999999999999 451 591636 3199999999999999
209186146108 85 73 73 96137173187185172144 98 53 25 17 24 5410816420121626 418SB1014188235422099999999999999 531 7117 3 1799999999999999
220210181143112 94 85 90118155180184175155118 70 29  9  6 22 6312117320526 419SB1042185999999999999999999999 614 841740  599999999999999
219222209179145120104 97106133163178176163138 97 51 17  0  2 25 7112817426 420SB 045222112217999999999999999 7 2 971825 -199999999999999
203219221207181153130113107116139160169166151123 84 44 14  1  5 32 7712826 421SB 141222121216999999999999999 7571071916  099999999999999
170199216219208186161138121113119135150157154140115 81 47 21  9 15 39 7926 422SB 243220131415799999999999999 9 41132012  999999999999999
123163192210216209191168145125114115124136143143134115 88 60 37 25 28 4726 423SB 35621614311449999999999999910261132118 2499999999999999
 79117153183204213210195173147125109105110121131137134122103 79 58 44 4226 424SB 51521316131379999999999999911551052239 4199999999999999
 54 78110144175198209209196173145119100 92 96108124136141136123103 80 6226 425SB 62721118 0141999999999999991311 92999999999999999999999
 54 59 76103137169193206206193168136108 87 78 83101124144154154145125 9926 426SB 733208193515599999999999999 0 8 541411 7899999999999999
 76 63 62 74100136169191202201185155121 92 72 65 7610313415717017416514126 427SB 829203205217499999999999999 137 611457 6599999999999999
110 85 70 65 76105142172190197193170134 99 73 57 56 7811515017418819217826 428SB 913198214619299999999999999 253 651533 5499999999999999
148115 90 73 69 84118154177188191178146107 76 55 45 56 9113516919120320226 429SB 944191222820599999999999999 348 6816 3 4599999999999999
181146115 92 77 77100136166180185179155117 79 54 39 41 6611215618620521326 430SB10 318523 321399999999999999 431 741628 3799999999999999
204175140113 93 82 91121154174180178161127 86 54 36 31 46 8513517520021426 5 1SB1012181233421799999999999999 5 7 821650 3099999999999999
215197165134110 94 92109141166177176165137 98 60 35 25 31 6010815618920926 5 2SB1025178999999999999999999999 540 901711 2499999999999999
217210185154128109 98104127155171175168147112 72 40 23 21 40 8113017219926 5 3SB 0 4217104917599999999999999 612 981737 2099999999999999
214215200173146123108104117140161170169155127 89 53 28 17 26 5610114818426 5 4SB 034217112017199999999999999 64510318 6 1799999999999999
206216210190163139119108110126146161165159140108 71 40 22 19 36 7311916126 5 5SB 1 8216115616599999999999999 7221061839 1899999999999999
192210214203181156133116108114130146157158148125 93 61 35 22 26 50 8913326 5 6SB 145215123815999999999999999 8 41081917 2199999999999999
171198212211197175151129113108115129143151150138115 86 57 36 28 37 6310126 5 7SB 227213132515299999999999999 8531081959 2899999999999999
141176200211208194171147125111106112125137144143132112 86 61 43 38 49 7426 5 8SB 317211142114599999999999999 9531062050 3899999999999999
108146177199209206191169144122107102107118131139140132116 94 72 56 51 5926 5 9SB 41620915371409999999999999910591022154 5099999999999999
 80111145175196206204189166140117100 94 99111126138143140127108 87 70 6226 510SB 51820717 91439999999999999912 2 942311 6299999999999999
 66 83110142172194205202187162133107 89 83 89105125144154155145127104 8326 511SB 6172051831156999999999999991259 83999999999999999999999
 70 70 83107139171193202198181152119 91 75 71 8110313315817117416514611826 512SB 7 9202194317499999999999999 030 691347 7099999999999999
 92 77 73 83107141174193198190169135 98 71 58 59 7611014917719119318415926 513SB 752198204619499999999999999 147 731428 5699999999999999
126 98 82 77 86113150179192191178149108 71 49 41 50 7912516919620921019726 514SB 825193214021199999999999999 256 7715 1 4199999999999999
166130103 87 82 94126162183187180160122 78 44 28 28 47 9014518921222322126 515SB 847187222622499999999999999 353 821532 2699999999999999
202166132109 94 91109143173184180166137 92 48 21 12 20 5210616420322323126 516SB 9 8184231123199999999999999 442 9016 3 1299999999999999
226201165135114102103125158179181171150113 66 26  5  2 19 6112117621022826 517SB 936182235823499999999999999 5281001640  199999999999999
234225197165139120109114138166178175161135 94 48 13 -4 -1 23 7213218121226 518SB1014179999999999999999999999 6141081724 -599999999999999
229234222195166142123115122144165173169153124 83 40  9 -4  2 31 8113618126 519SB 04923411 417399999999999999 7 51141813 -499999999999999
211228231219195167143124116124142159166162147119 81 42 14  3 11 41 8713726 520SB 14423212 716699999999999999 8 211619 6  399999999999999
179208225229217194167141121113119134150159157145120 86 52 26 16 24 51 9226 521SB 244229132115999999999999999 9 611320 5 1699999999999999
138177205222225214192163136115105109124140151154146126 97 67 44 34 40 6226 522SB 345226144515499999999999999101210521 9 3499999999999999
 98138174201217221210186157128106 95 98112130145153151137114 88 66 55 5726 523SB 4442211618153999999999999991117 942221 5499999999999999
 74103138171196212214202178147117 94 83 86101122143156159152134111 89 7626 524SB 5402151748160999999999999991217 822339 7399999999999999
 74 85107137168192205205192167135104 81 70 74 9211914616417216915513311026 525SB 6332071915173999999999999991314 70999999999999999999999
 94 87 92110137166187197195181153119 88 66 57 65 8912315417618818817515126 526SB 723198203219099999999999999 1 5 8714 5 5799999999999999
126107 96 97113139166183189185166134 99 70 52 47 61 9413416819220520518826 527SB 8 7189212920799999999999999 228 951447 4799999999999999
161135114101101118145167179181172148112 78 52 39 42 6710815118520721921426 528SB 844182221421999999999999999 331 981522 3799999999999999
192163137115103106127152169176172156125 88 57 37 31 45 8112817020022022526 529SB 912176225122699999999999999 4191021551 3099999999999999
214188159134114106115138159170171161137101 65 39 26 31 5710214918721222626 530SB 936172232322799999999999999 4581061617 2599999999999999
224205178151128112112127149165170165147116 79 46 26 22 39 7612416820021926 531SB10 0170235222599999999999999 5331101644 2299999999999999
225215193166141122113120138157167167156131 95 60 33 20 26 54 9814518420926 6 1SB1029169999999999999999999999 6 41131712 2099999999999999
222219203179153132117116128147162168163145115 78 46 25 20 36 7211816319626 6 2SB 02122311 316899999999999999 6361151744 1999999999999999
215221212191166142123114119134152164166156134101 65 37 22 25 49 9013617726 6 3SB 052221114116799999999999999 7101141820 2199999999999999
206219219205181155131116111120137154164163149124 91 57 33 24 34 6410715226 6 4SB 127221122416599999999999999 7491111859 2499999999999999
189213222216198172144122109108120138155163159144118 85 54 34 31 46 7812126 6 5SB 2 6222131316399999999999999 8331071942 3099999999999999
165199218223213192163134113102104118137154161157141116 85 58 42 42 59 9226 6 6SB 24922314 816199999999999999 9211012030 4099999999999999
134174204220221208184153124104 95 99114135152160157143120 93 68 55 56 7326 6 7SB 3362221514160999999999999991012 942125 5499999999999999
104142178205217216201174142113 93 86 92109132151162162152132107 85 72 7226 6 8SB 42421816311639999999999999911 3 862229 7099999999999999
 86113146178201211207190162129100 81 75 83103130154169173166150127105 9026 6 9SB 5122121752173999999999999991155 752344 8799999999999999
 87 97117146175196203196177148113 83 66 62 73 9813116218118918617214812426 610SB 6 02031913189999999999999991245 62999999999999999999999
107100103119145173190193184163130 93 64 48 48 63 9613817419720720619216626 611SB 644193202620899999999999999 1111001333 4699999999999999
139119108107121146172184183172147110 71 43 31 34 57 9914918921322422320626 612SB 724185212622699999999999999 2361061418 3099999999999999
177149127113111125151173181175159130 89 49 24 15 25 5710816220222523623326 613SB 8 1181221923799999999999999 34211015 1 1599999999999999
212182153131117116133158176178168148113 69 30  8  4 21 6211917421123324226 614SB 83817923 824299999999999999 4351141543  499999999999999
235212182154133120122141166178176163138 99 53 17 -1  0 24 7113018221623526 615SB 919179235824299999999999999 5241181627 -399999999999999
242233208178152132122128149170179174159131 89 45 11 -3  2 31 8113918721726 616SB10 6180999999999999999999999 6121221714 -499999999999999
234239227202173148130122130152172179173157127 85 43 13  1 10 42 9214719026 617SB 04923911 017999999999999999 7 112218 4  199999999999999
218233235221194165141123117128150170177172157128 87 47 21 12 23 5510315426 618SB 14023612 417799999999999999 7521171858 1299999999999999
193218231231214185155130113109122145165174172159131 93 57 34 27 39 7011626 619SB 229233131917499999999999999 8441091953 2799999999999999
162196219229225204174143117101 99114138159171172162137104 73 53 47 59 8826 620SB 315230144017399999999999999 936 982051 4799999999999999
129168199218224216192160129103 88 89105130153168174167147119 93 75 70 8026 621SB 3582241559174999999999999991027 862152 7099999999999999
105139172198213215203177145114 89 76 79 97122148167177175160138116100 9426 622SB 4412161719178999999999999991119 7523 0 9499999999999999
101119145172192203202188162130100 76 66 70 8911714617018418617716014012326 623SB 5252041842187999999999999991213 65999999999999999999999
115115127146167184191188173147116 86 65 57 63 8411614917719520119518016026 624SB 61219220 220199999999999999 02511413 6 5799999999999999
141128123128143161174180175159133102 74 55 48 58 8412015718820821621119426 625SB 7 218021 621699999999999999 2 01231355 4899999999999999
172150132123126139156167171164146119 88 61 44 42 58 9013117020122122721926 626SB 751171215622799999999999999 3161231438 4199999999999999
199174150130121125139154165165155134104 73 48 35 40 6410214618621422923126 627SB 835166223623299999999999999 4121211515 3599999999999999
218195168143125120127143158165162147122 89 58 36 30 44 7611916420022323226 628SB 912165231023299999999999999 4541191549 3099999999999999
227209183156134121122134152164167158138108 73 44 28 31 54 9313918121122626 629SB 945168233922999999999999999 5271201621 2799999999999999
228217195167143126120128145162171168153127 93 58 33 25 37 6911315919621826 630SB1016171999999999999999999999 5551201654 2599999999999999
226221204178151131121122136156171175167146115 78 45 27 27 48 8713417820826 7 1SB 0 7226104917599999999999999 6221201728 2599999999999999
223224212189161137122117126145166177176163138102 65 37 26 35 6310715619526 7 2SB 037225112417899999999999999 65111718 3 2699999999999999
218226221202174146125114115130153172180175158128 91 55 34 30 46 8112917626 7 3SB 1 822612 418099999999999999 7251121841 2999999999999999
209226228216191159131112105113133158176180173153121 84 53 37 40 6210115026 7 4SB 141229125018199999999999999 8 21051921 3699999999999999
193220231227208176143116100 98110135162178181171150118 83 58 48 55 8112226 7 5SB 214231134318199999999999999 840 9720 5 4899999999999999
167204225230220195160125100 88 90108136163179182173152122 92 71 65 7510126 7 6SB 249230144418299999999999999 921 872054 6599999999999999
139179209223222206177141108 85 76 83104134162180185178161135109 91 87 9626 7 7SB 32522415551859999999999999910 5 762151 8699999999999999
118149182205214208189159123 91 71 65 75 9813016118219118917615513211610926 7 8SB 4 52141717191999999999999991053 6523 510999999999999999
114129152178195200191172142107 77 58 54 64 9012516118720120419617815713926 7 9SB 4502001848204999999999999991147 53999999999999999999999
128126133150170184186177158129 94 64 45 41 53 8112116219321322121620017826 710SB 54218620 922199999999999999 0481261247 4199999999999999
156140131132145162175177168149119 84 52 33 28 42 7412016620222523523221526 711SB 640177211623699999999999999 2251301346 2899999999999999
190165145131130141159172174164144112 74 41 20 17 34 7112217221023424424026 712SB 737175221524499999999999999 3371291440 1699999999999999
221193166143129129143163176176164141107 66 30 11 10 31 7312918121723824626 713SB 82817723 824699999999999999 4331271531  899999999999999
240218188160139127130149171183180166141102 57 22  6 10 35 8214018922123826 714SB 915183235624499999999999999 5201261619  599999999999999
244234208177151133125133157180189184168140 97 52 20  8 15 45 9615319722226 715SB10 2189999999999999999999999 6 312517 7  899999999999999
236238223193163140125122136164187193186170139 94 50 23 16 27 6011316720426 716SB 040239105319399999999999999 6451211755 1699999999999999
224234231209177148127115117138168189194188171138 93 54 33 29 44 8113318126 717SB 120235115219499999999999999 7251131845 2899999999999999
211227232221193160132112102110137168187193189172138 97 65 48 47 6510515326 718SB 15423213 619399999999999999 8 71021934 4599999999999999
192216228227208176142114 96 90104134164183192190173141107 81 68 70 9012726 719SB 227229142119399999999999999 849 902024 6799999999999999
168199218224216191157124 97 81 81 99129158179191191176150122102 91 9511426 720SB 259224153019299999999999999 932 792117 9199999999999999
145177200212213199172139107 83 71 75 9512415317619019318316314212511611926 721SB 3322141642193999999999999991017 70221911699999999999999
133155177193200196180154123 95 74 65 71 9112014917419219819318016314813826 722SB 41020018 31989999999999999911 6 65234413699999999999999
136143156169180183178162138111 87 69 62 69 8811714717519720720619718216626 723SB 45718319252089999999999999912 1 62999999999999999999999
152144144149157165168164150129105 82 65 58 66 8611514918120521821921119526 724SB 6 0168203622099999999999999 1351431259 5899999999999999
176156143137139146154159156143124101 77 59 53 63 8511815519021522722821826 725SB 7 9160213322999999999999999 3151371353 5399999999999999
199174151136129131141153159155142122 96 69 51 48 61 8812516720222423323126 726SB 8 7159221723499999999999999 4141291441 4799999999999999
216191163141127124131146160165158142117 86 58 42 44 62 9613918221323023426 727SB 853165225123499999999999999 4491241524 4199999999999999
226204176149130122125140159171172161139108 73 46 36 44 7011115819722123226 728SB 930173232123299999999999999 51412116 2 3699999999999999
230214186157135122121134155175182176160132 94 58 37 34 50 8513217821022626 729SB10 2182234823099999999999999 5361201638 3399999999999999
230220196166140124118126148172187188177154118 77 46 33 38 6310715719822126 730SB1032189999999999999999999999 5581181713 3399999999999999
229226206175146125115117135163186194189173144103 64 41 36 50 8413418221426 731SB 01423011 319499999999999999 6221151746 3699999999999999
228230217188154127112108119146176195197188167131 90 57 43 45 6711016120326 8 1SB 038231113819899999999999999 6491081820 4299999999999999
226232225202167132110100103123156185199198185160122 83 59 52 61 9013718526 8 2SB 1 1232122220099999999999999 719 991856 5199999999999999
218232231215183143111 92 87 98126163190201198184156119 87 69 67 8211516026 8 3SB 125233131620299999999999999 751 871938 6699999999999999
201224230221197160120 90 76 76 95128165192202200185159126100 87 8810513626 8 4SB 153230141820399999999999999 828 742026 8699999999999999
175206221220205175137 99 73 62 68 9212716419120320319116914312111011212526 8 5SB 225223152920599999999999999 9 9 62212410999999999999999
150179201209203184154118 84 61 54 62 8612215918720320820218616514613513326 8 6SB 3 3209165520899999999999999 958 54224713299999999999999
139155174189192185167140107 76 55 48 56 7811215018220421521620618917115626 8 7SB 3491931834217999999999999991059 48999999999999999999999
147144151163173176171156133103 75 53 43 47 6710114017720622423022420918926 8 8SB 45317620 023099999999999999 0471441213 4399999999999999
169152142142150161168166155134107 77 51 37 38 56 9013317621023224123722126 8 9SB 621168211324199999999999999 2291411326 3599999999999999
197171149135133143158169170160141112 78 47 29 29 48 8413218021623724624226 810SB 735171221324799999999999999 3411331430 2799999999999999
222193163141128128143165179179169149116 75 41 24 25 45 8614018922123924626 811SB 83018123 324699999999999999 4301261526 2299999999999999
238212179151132122129153179192189178154114 69 36 22 26 51 9915519922423726 812SB 916192234224199999999999999 5101221617 2299999999999999
240224192160137122118135167194202197183154108 63 36 27 36 6712017420922626 813SB 958202999999999999999999999 54411817 3 2799999999999999
234229204168140122112117145181204208201185149101 62 42 38 52 9214619221726 814SB 015235104520899999999999999 6161111746 3899999999999999
228229214180145120106102118153189207210203182143 99 68 54 55 7612017120626 815SB 040230114321099999999999999 6471011828 5299999999999999
222227220194156123101 90 94119159191207210203179140103 80 70 7610314718926 816SB 1 0227125321099999999999999 720 891911 7099999999999999
214224222205172133103 84 78 89121160189205209201177143114 96 9010012916726 817SB 122225135721099999999999999 756 771956 9099999999999999
198215219210185149113 86 71 70 8912315918620220820017815112911511212314826 818SB 149219145720899999999999999 833 68204511199999999999999
177198207205191163129 97 75 64 69 9112415718320020720118416414713513314126 819SB 22020816 220799999999999999 912 64214413299999999999999
159177189192186169143113 87 70 64 72 9412415417919820720419317916415314826 820SB 252192171720799999999999999 956 6423 814899999999999999
151159168173173166151129105 85 71 67 76 9612315017619720921120419317916526 821SB 3301741838212999999999999991051 67999999999999999999999
155151151153156156153141124105 88 75 70 76 9411914617520021521921420318726 822SB 449156195221999999999999999 1151501159 7099999999999999
167152143139139144149149141127111 92 76 67 72 8911414517920722222622120726 823SB 634150205422699999999999999 32613813 8 6799999999999999
184160142131127131142153156149135116 92 70 61 66 8311215018821522923122226 824SB 745156214223199999999999999 4 112714 9 6099999999999999
201172146129120122135153166168159142116 85 61 52 60 8211916320022423323126 825SB 837169221923499999999999999 42312015 1 5299999999999999
214185154131118115127149171182180167143107 72 50 46 59 8913518121323023426 826SB 918182224923499999999999999 4421151545 4599999999999999
223197163135118111118142170189194187168134 92 60 44 46 6710815920022323226 827SB 951194231523299999999999999 5 21111624 4399999999999999
228207173140118108110130163191202200188160118 77 53 45 55 8713618521522826 828SB1018203233623099999999999999 5231071657 4599999999999999
229215183145118104102115148184205209201182146102 69 53 54 7311516720722526 829SB1044209235022899999999999999 5431011728 5299999999999999
228220193154119 99 92 99126166200213211199173132 92 69 62 70 9814619322126 830SB1117213999999999999999999999 6 4 921759 6299999999999999
228223203166124 94 81 82100137180208216212196165124 92 77 76 9112617321026 831SB 0 222812 221699999999999999 628 801835 7599999999999999
226224210180137 97 73 66 74102146188212218213194162127102 92 9511415018926 9 1SB 023227125921899999999999999 7 0 661918 9199999999999999
215222213191154111 75 56 54 7010515119021221921419616713811911111513416426 9 2SB 05322214 521999999999999999 738 53201211199999999999999
194210210196170132 92 61 46 48 6810514918520921821620217915614013113314726 9 3SB 130212151821999999999999999 824 45212013199999999999999
168187196192177151117 83 56 44 47 6710114117620221621921219617816115014626 9 4SB 212196164821999999999999999 917 4323 014699999999999999
150161173178174162141113 84 60 48 49 64 9212816419321422422421319717916226 9 5SB 3 61781827225999999999999991027 46999999999999999999999
150146149155161162156141119 94 71 54 49 58 8111415118621323023422821218926 9 6SB 440162195423499999999999999 1 21461154 4999999999999999
165146135134141152160160151133109 82 59 47 50 6910114218321523424123521626 9 7SB 63016121 524199999999999999 2371331316 4699999999999999
187158136123122135154169172165149123 88 59 44 44 61 9614318821923624323426 9 8SB 746172215924399999999999999 3341211428 4299999999999999
207173144123112117140168184187181163129 88 56 42 42 6110315519722223623826 9 9SB 845187224123999999999999999 4131111529 4099999999999999
221187152127110105122156186199200192168126 83 55 44 47 7412317420722323126 910SB 935201231123299999999999999 4461041620 4399999999999999
225197159128109 98104135176203211209197164118 80 59 52 62 9815019321522326 911SB1018211233222599999999999999 515 9817 1 5299999999999999
223204167130106 92 90110152192213217214195155111 81 67 65 8412817720821926 912SB11 3217233922099999999999999 540 891738 6499999999999999
220209178136104 86 79 87121167202217221213188147110 88 79 8411215719621526 913SB1154221234721899999999999999 6 4 791814 7999999999999999
218211188149109 82 69 69 90132177206219221210180143115 99 9410613817820526 914SB1245221999999999999999999999 631 671852 9499999999999999
215212196164123 87 66 58 67 9814218220721921920417614612411211112715818726 915SB 012215133422199999999999999 7 2 58193411099999999999999
204207198175140101 72 56 54 7110714918320621821620117615313512512814416726 916SB 044207142521999999999999999 736 53202212599999999999999
186195192179152119 86 63 53 58 8011615318320421521320018016214713814015226 917SB 117195152121699999999999999 813 52212013899999999999999
166177180174158133105 79 62 57 66 9012215418220121221120118617115714814626 918SB 150180162721399999999999999 853 57224114699999999999999
151158162162156142122100 80 68 65 75 9612315217719721021220519317916315126 919SB 225163174421399999999999999 944 65999999999999999999999
144143145146147144136121104 89 78 73 79 9612014617219521121621119918316426 920SB 345147185621699999999999999 0401431059 7399999999999999
146135131131134140144141130116100 85 76 77 9111213917019821622121620318126 921SB 6 6144195722199999999999999 2331311223 7599999999999999
156135122118121132146155154145130109 87 72 71 8210513717420522222621819926 922SB 724156204922699999999999999 3 71181335 6999999999999999
170141120109108120141161172171160139109 81 64 63 7610414518621422722721326 923SB 823172213122999999999999999 3331071435 6199999999999999
185150122104 98107131160181189185170139102 72 57 59 7811516220022222922226 924SB 91018922 422999999999999999 357 981526 5699999999999999
198161126103 92 95117152183199202194169130 91 66 56 63 9113818421222422426 925SB 947203222822699999999999999 420 9116 8 5699999999999999
206171131102 87 84100137177203212210194160116 83 65 62 7811716620321922126 926SB1017212224122199999999999999 441 831644 6299999999999999
210180137100 80 74 83114161199216218211187146106 82 72 7610214719121421826 927SB1043219224521899999999999999 459 741716 7299999999999999
210188147102 73 63 66 88133182214223221208177136104 88 85 9612917520721626 928SB1117223225921699999999999999 517 621750 8599999999999999
210193159113 72 52 49 62 9715019622022622220417013411010010011815419121126 929SB12 5226232621299999999999999 543 481829 9999999999999999
210197172130 84 51 37 40 6310716020122222822220117014012211411713616819526 930SB13 3228999999999999999999999 618 36191911399999999999999
205199181149107 65 38 28 37 661131632002202272222031771531371281311471702610 1SB 0 320514 722899999999999999 7 3 28201912799999999999999
188192183163132 93 57 34 28 39 691131581932152252232091891681511401391482610 2SB 048192152022699999999999999 754 27213713899999999999999
162173175167150123 90 61 41 34 44 711081481822072212252172021821631481402610 3SB 143176164822599999999999999 854 34232213999999999999999
141148155159155144124 99 74 55 46 50 69 991351691982182272252121931701482610 4SB 3 21591818228999999999999991011 46999999999999999999999
133128131139147151147135116 94 72 58 55 66 891211581912162292302191961682610 5SB 5 4151193523199999999999999 1 61281143 5499999999999999
141121112115128144156159153138115 88 66 57 62 801121531902162302312181902610 6SB 648159203823299999999999999 2171121310 5799999999999999
156127106 97105127152170176173159130 97 71 58 59 761131571942172282272072610 7SB 812176212723099999999999999 3 5 971428 5799999999999999
172136108 90 86104137168186194191172137100 74 60 61 831251702002162232142610 8SB 91919422 322399999999999999 343 851530 5999999999999999
185145111 89 76 83114155187202209203176135 99 77 65 701001461852052142132610 9SB10 9209222721599999999999999 415 761618 6599999999999999
192154114 87 71 68 89132176203215218205171130100 82 75 88126170198207208261010SB1049219223520899999999999999 441 671657 7599999999999999
195163120 85 66 58 68104154193214223221199161125102 89 89112153188203204261011SB1124224223420599999999999999 5 4 581731 8799999999999999
196171130 89 62 50 52 76123172204220226217189153124107 99108137174197202261012SB1159226225220299999999999999 525 4818 5 9999999999999999
196178143100 65 46 41 54 91141185211223224209179148127113111126156183196261013SB1235226232219799999999999999 549 41184111099999999999999
195182155116 76 49 36 40 64108156192214224220200173148130119122140165183261014SB1314224235718899999999999999 619 35192111999999999999999
188182164132 94 61 40 34 47 79123165196215222214194170149133125131147164261015SB1357222999999999999999999999 652 3420 712599999999999999
175176166144113 80 53 39 39 59 93134171199215218208191170151136130135146261016SB 035177144421899999999999999 728 3721 213099999999999999
157163161150129101 74 53 44 50 71105141173198212214206190170152137131133261017SB 117164154121599999999999999 8 9 44221513199999999999999
140147150148138120 98 76 60 54 61 81110143172194208212205190171152136127261018SB 2 9150164921299999999999999 859 54234312599999999999999
125129135139139134122104 86 72 66 70 86111139167191207212206192172150130261019SB 33814017572129999999999999910 9 66999999999999999999999
118114117124133139140132118101 85 75 74 85106133162190208214208192168142261020SB 534141185821599999999999999 0571141135 7399999999999999
118104101106119136149154148135116 95 78 73 80100129163193212216208188158261021SB 657154195021799999999999999 1521011254 7399999999999999
126102 89 89101124149166172167152127 98 77 70 76 97131170200215216202174261022SB 8 3172203421799999999999999 233 8714 3 7099999999999999
137104 83 75 81105139169186191184162129 96 76 68 76103143182206214209187261023SB 85719121 821499999999999999 3 6 7515 2 6899999999999999
150110 80 65 64 83121162190204206193163124 93 76 71 84119162194207207193261024SB 942206213020999999999999999 333 631550 7199999999999999
161116 79 57 51 61 96144186208217214194156118 93 81 81102142181201203194261025SB1020217213920399999999999999 357 511632 7899999999999999
169126 81 51 39 42 67116169205221225216187148116 98 90 96125166194200193261026SB1055225215120099999999999999 418 381710 8999999999999999
174138 90 49 28 25 40 80137188216227228212179144119106102115147181197193261027SB1134229221419799999999999999 442 25175010199999999999999
179151108 60 26 14 18 44 94153198221230227207175145126115114131161186192261028SB1219231224919299999999999999 514 13183511299999999999999
182163129 84 40 14  6 17 52105161200221230225205177152134123124140164180261029SB1312230233418299999999999999 555  6192812199999999999999
181170148113 70 33 11  6 22 59111161197219228224206182159140128128140157261030SB1412228999999999999999999999 644  6203212699999999999999
168169159137105 68 36 16 14 30 65111156190213225223209188165144130126132261031SB 032170152222599999999999999 740 12215112599999999999999
144154156150133107 76 48 30 26 39 681071481822072212232131931681441261172611 1SB 146156164022499999999999999 844 26231811699999999999999
119128139146145136117 93 68 49 42 49 711031391732002172222141941671391172611 2SB 32614717522229999999999999910 1 42999999999999999999999
104103112127140148146134114 91 70 58 59 73 981321671952142192111901601282611 3SB 518148185621999999999999999 0341021128 5799999999999999
103 88 87 99120142156161155139114 89 72 67 74 951291651932102152051801452611 4SB 656161195221599999999999999 135 861256 6799999999999999
111 85 71 73 92123151170179177160132103 83 73 76 971321681932062071931612611 5SB 820180203820899999999999999 225 701418 7299999999999999
123 89 66 56 64 95134166187198195174142111 90 78 811051421741922001961732611 6SB 922199211320099999999999999 3 6 551521 7799999999999999
135 96 66 48 45 66108151183203213205179144115 94 83 911201561801911911782611 7SB10 9213213619299999999999999 340 441610 8399999999999999
146104 69 45 34 43 78128171199216221206175142116 98 921071391691841861782611 8SB1048221214618699999999999999 4 8 341650 9199999999999999
155115 74 45 29 29 53 991501872112232211981661371161021031251561771821772611 9SB1122225215918299999999999999 432 27172610099999999999999
160127 85 49 27 21 34 70122169200218224213187157133115107117142166178177261110SB1153224222317999999999999999 454 21175910799999999999999
165139100 60 31 18 21 47 92143183208221219201175149128115114129152169174261111SB1224222225517499999999999999 520 17183311299999999999999
167149117 77 43 21 15 30 65113159192213219211190165142124115120136155166261112SB1257219233316799999999999999 549 15191011599999999999999
166155132 98 61 33 18 20 43 84130171199215215203181157136120115123138152261113SB1333217999999999999999999999 623 16195311599999999999999
160157143117 84 52 29 20 30 59100143179204214211196174151130116114121135261114SB 017160141621599999999999999 7 0 20204311399999999999999
146152147132107 78 50 32 28 42 73112152184205213208192169145124112109116261115SB 1 615215 421399999999999999 743 28214210999999999999999
128139144140126104 78 54 40 40 55 84120157186205211205188164139118105102261116SB 2 314416 021199999999999999 831 38224610299999999999999
109121132138136126108 85 65 53 53 66 91124158185203209202184159132110 96261117SB 318138165820999999999999999 931 512347 9299999999999999
 92 99113126136139133119100 80 67 64 74 95125156183201206198178151122 97261118SB 4511391755206999999999999991045 64999999999999999999999
 83 80 89106126142150148136118 97 80 73 79 96123154182199202192170138106261119SB 618150184620399999999999999 042 8012 4 7399999999999999
 81 67 67 81105133155166166156135110 90 80 81 96123155182196196183155119261120SB 733168193119899999999999999 130 651323 7999999999999999
 84 60 50 55 78113148173185186174148119 96 84 83 98128161184191186167133261121SB 83618720 619199999999999999 211 501435 8299999999999999
 91 58 39 35 49 84129168192204203185154123101 88 88106139169184184173145261122SB 928205203118599999999999999 246 341533 8699999999999999
103 61 32 19 24 50 98150188209218213188154124104 93 96119152176181174155261123SB1012218205118199999999999999 316 191621 9299999999999999
119 72 31  9  4 19 60117170203221226215186152126108 99108135164178175161261124SB1054226211617999999999999999 347  417 5 9999999999999999
134 91 43  8 -7 -4 23 73135184212226228211181150128112107121148171177168261125SB1136229215017799999999999999 420 -8175010799999999999999
148115 68 23 -6-15 -4 31 87147190215227225206177150129116114129154170171261126SB1223228223317399999999999999 459-15183711399999999999999
160137100 54 13-11-16  1 41 97152192215225221202175150130117117131152165261127SB1315226232816699999999999999 545-17193111599999999999999
164152129 93 50 13 -8-10 10 50104154190213223218200174148127114113126144261128SB1413223999999999999999999999 636-11203211299999999999999
156157147126 93 55 22  3  2 22 59108153188210220215197171144121106104115261129SB 035158151322099999999999999 732  0213810399999999999999
133146150145128100 67 37 20 19 36 69111153185206216211193165136111 95 91261130SB 156150161221699999999999999 834 182243 9199999999999999
102120136145145135113 85 59 42 39 51 78115151181202210204185156125 98 802612 1SB 33214617 721099999999999999 944 392344 7699999999999999
 77 87107127143150145130107 84 67 60 67 87117149177195202195174144111 832612 2SB 5 915018 02029999999999999911 1 60999999999999999999999
 65 62 74 97123145158160151132109 90 80 80 93117147172188192183161128 942612 3SB 642161185119299999999999999 043 611227 7899999999999999
 66 49 47 63 92125153171178173155131109 94 89 971181451681801811701451092612 4SB 8 6178193818299999999999999 137 461357 8999999999999999
 74 48 34 36 58 95134165186196191171145121103 941001211461641731701551252612 5SB 911197201917399999999999999 224 3215 9 9399999999999999
 87 54 31 21 31 63107148180202211202178150125105 961041261491621661581372612 6SB10 1211205216699999999999999 3 3 2116 3 9699999999999999
102 64 34 16 15 35 76124165195214217202176148122104 991121341521601581442612 7SB1041218211716199999999999999 336 131647 9899999999999999
116 78 42 17  7 17 49 961441812062192141951671391171031051221421561581492612 8SB1116219214315999999999999999 4 4  7172310299999999999999
128 94 56 24  6  6 27 691181631942122162051811541291111041131321491571542612 9SB1146216221115899999999999999 431  3175610499999999999999
138110 73 37 11  1 12 44 91139178202212208191166140119106107121140154157261210SB1213213224515799999999999999 459  1182610599999999999999
147126 93 55 23  4  4 25 64112157189206209198177151127110104111127145155261211SB1242210232315699999999999999 530  1185810499999999999999
154139113 78 42 14  3 11 40 84132172198208205189164137115102101112130147261212SB1314209999999999999999999999 6 4  3193510099999999999999
154148131102 66 33 11  7 23 58103149184204209200179152125105 95 98112131261213SB 0 5154135120999999999999999 642  62016 9599999999999999
146150143123 93 59 30 14 16 38 75121163193208208195170140113 95 88 94110261214SB 051151143121099999999999999 723 1321 2 8899999999999999
130144146138118 89 58 34 23 30 54 92135173198209205187159127101 85 80 89261215SB 144147151320999999999999999 8 7 232150 8099999999999999
107127140143136118 92 65 45 38 47 70106145178198205197176146114 89 74 71261216SB 247144155720599999999999999 857 382240 7199999999999999
 82102123138143139124102 79 62 56 64 85116150178194196186163132100 75 61261217SB 4 2143164319799999999999999 955 562331 5999999999999999
 61 74 97121139149148138120 99 82 75 80 95120149173185185173148116 83 59261218SB 52715017301879999999999999911 7 75999999999999999999999
 47 49 65 92122146160164157141120102 92 91100120145166176173159133 98 64261219SB 654164181717699999999999999 023 461237 9099999999999999
 41 31 35 56 91128157176183179162138117103 97101119143161167162145116 78261220SB 8 918319 116799999999999999 113 3014 9 9799999999999999
 43 21 13 22 51 95139172193202196177150127109 99102120143159161153132 98261221SB 910202194216299999999999999 159 131519 9899999999999999
 57 22  1 -2 14 52104153187208215207184155130110100105125148160158145119261222SB10 1215202116099999999999999 243 -31614 9999999999999999
 80 36  2-15-13 11 58116166199217222210184154129110102110133154162156138261223SB104922221 016299999999999999 325-1717 110299999999999999
107 63 18-13-26-18 15 69128176205221222207179149125109105117141160164153261224SB1136223214316499999999999999 4 7-26174710499999999999999
132 97 51  6-22-30-15 23 80139182208220218200170142120107106122147163164261225SB1224221223216599999999999999 452-30183310499999999999999
152128 90 43  1-23-26 -7 35 92148186208217212191161133113102104123148163261226SB1313218232716499999999999999 539-27192210199999999999999
162150126 88 42  4-16-16  6 49105155188207214206181150123103 93 98120144261227SB14 0214999999999999999999999 630-182012 9299999999999999
159159149127 89 47 14 -2  0 23 66118162191207210197169137110 90 81 89112261228SB 033160144421199999999999999 723 -321 2 8199999999999999
137152156150129 96 59 31 18 21 44 84129167191204203185155123 94 75 68 79261229SB 153156152720699999999999999 819 172154 6899999999999999
102127145153151135107 77 54 43 46 66100138168188197191171140107 79 60 56261230SB 31815416 819799999999999999 918 422246 5599999999999999
 66 91118139153155145124100 81 70 72 87114143167182186176154123 90 62 45261231SB 4421561649186999999999999991023 692340 4299999999999999
