 83102116122122118114111114120130139144143134115 90 61 32  9 -4 -4  9 3126 1 1SG 330122122114599999999999999 7 31112030 -599999999999999
 59 86109125131130125118114116123133144150148137116 88 55 23 -2-14-12  526 1 2SG 421132132215099999999999999 8131142120-1599999999999999
 31 62 93117131136132124115111114123136148156154141116 84 48 15 -9-19-1326 1 3SG 5 1136142015699999999999999 9 811122 6-1999999999999999
  8 38 71101123134135128117108105109121137152159156140113 78 41  9-12-1726 1 4SG 535136151416099999999999999 9551042250-1899999999999999
 -7 18 50 82110128135131120107 98 96104119138152159153135106 70 35  6 -926 1 5SG 6 513516 4159999999999999991040 962329-1199999999999999
 -9  7 34 66 96119131132123109 95 87 88 99117135149153145125 95 62 31  926 1 6SG 6321331652153999999999999991123 86999999999999999999999
  0  6 26 54 84110126132126113 97 84 77 81 94112129141142132111 84 55 3126 1 7SG 657132173914399999999999999 0 5  012 8 7799999999999999
 16 15 27 49 76102122131129118102 86 73 69 75 88105119128127117 98 75 5226 1 8SG 720132182712999999999999999 037 131255 6999999999999999
 36 29 34 50 72 97117130133125110 92 76 66 63 69 81 95107113112102 87 7026 1 9SG 743133191911399999999999999 1 6 291346 6399999999999999
 55 46 46 55 72 93113128134130118102 84 69 60 58 63 72 83 93 98 98 91 8126 110SG 8 81342023 9999999999999999 132 451445 5799999999999999
 71 63 60 64 75 91108124133134126112 95 78 64 55 52 55 62 71 80 86 88 8626 111SG 8351342159 8899999999999999 157 601558 5299999999999999
 82 78 75 76 81 91104118128133130121107 90 74 60 50 45 46 51 60 70 79 8526 112SG 9 8133999999999999999999999 223 751722 4599999999999999
 88 89 89 88 90 94102112122129131127117103 87 70 55 43 37 36 42 52 64 7726 113SG 1 4 89 95013199999999999999 254 881835 3599999999999999
 88 95100101100100102106114122128129125116102 85 66 49 35 27 27 34 47 6426 114SG 3 1101104612999999999999999 4471001931 2699999999999999
 81 95105110111108105104107114121128130126117101 82 60 40 24 17 19 30 4726 115SG 332111115613099999999999999 6431042018 1799999999999999
 68 88105116119116110105102105113122130133130118100 77 52 29 14  8 14 2926 116SG 4 111913 213399999999999999 7561022059  899999999999999
 51 76 99115124123117108101 99103113125135138133118 95 68 40 17  4  3 1326 117SG 429124135613899999999999999 848 992137  299999999999999
 34 60 87109123128123113102 95 95103116131141143134115 87 56 27  6 -3  126 118SG 457128144214499999999999999 929 942211 -399999999999999
 18 44 73 99119129128118105 93 88 92104121137146145132107 76 43 16 -1 -426 119SG 52312915241479999999999999910 7 882243 -599999999999999
  6 29 58 87111126130123109 94 84 82 90106126142148143124 96 62 31  8 -326 120SG 54913016 4148999999999999991042 812314 -399999999999999
  1 18 45 75102122130126114 97 82 74 76 89108129143146136113 83 50 23  626 121SG 6121301645146999999999999991118 742343  299999999999999
  3 14 37 65 94116128129119102 84 70 65 72 88109128139138125101 71 42 2126 122SG 6331301727140999999999999991155 65999999999999999999999
 12 16 33 59 86110126130123108 88 70 59 58 68 86106122130127112 89 63 4126 123SG 653130181313099999999999999 011 121235 5799999999999999
 28 26 37 57 82105123131128114 95 74 58 49 51 63 80 98112118114100 81 6226 124SG 71213119 511899999999999999 038 251319 4999999999999999
 48 42 46 60 81102120131131121104 83 63 49 42 45 56 71 87 99104101 92 7926 125SG 73313220 910499999999999999 1 5 421410 4299999999999999
 68 61 61 69 83101118129133128114 95 75 56 43 37 38 47 59 73 84 91 92 8926 126SG 7561332141 9299999999999999 130 601515 3699999999999999
 84 79 78 82 90102115127133133124109 91 71 53 39 31 30 35 45 58 71 81 8726 127SG 824134999999999999999999999 149 781641 3099999999999999
 91 93 94 96 99106114123130133131122108 91 72 54 37 25 20 22 31 44 60 7526 128SG 9 41339999999999999999999991813 20999999999999999999999
 88 98104108110111114118124129132130124113 97 77 55 34 18  9  9 18 34 5426 129SG10101329999999999999999999991928  8999999999999999999999
 75 93107116118117115114116121126131133130121104 82 55 30  9 -2 -1 10 3026 130SG 410118115713399999999999999 6551142027 -399999999999999
 55 81102117124123118112108109115124133139139129111 84 53 23  1-10 -7  926 131SG 424124132814099999999999999 8181082117-1099999999999999
 34 63 91113125127122112102 97100109122136146146135113 82 47 16 -5-13 -526 2 1SG 445128143314799999999999999 911 972159-1399999999999999
 16 45 77104122129126114100 88 85 90104123140151149135109 75 40 10 -7 -926 2 2SG 5 7129152515299999999999999 955 852237-1099999999999999
  5 31 63 94117129129118101 84 74 73 83102124142151147129100 65 32  8 -326 2 3SG 5271311612151999999999999991035 7223 9 -399999999999999
  3 23 53 85111128132123106 86 69 60 63 78101123140146138117 88 56 28 1126 2 4SG 5471321656146999999999999991114 602338  899999999999999
  9 22 47 78106126134129113 91 70 54 50 58 76 99120134136125103 75 49 2926 2 5SG 6 61341739136999999999999991152 50999999999999999999999
 21 27 47 73101123135134120 99 76 56 44 44 55 75 96114123122109 89 66 4726 2 6SG 624136182212499999999999999 0 4 211230 4299999999999999
 36 37 50 72 97120134137128108 85 62 46 38 42 55 73 91105111107 95 79 6326 2 7SG 64413719 711199999999999999 027 351310 3899999999999999
 52 49 56 72 94115131137132117 96 73 53 41 37 42 54 70 84 94 98 94 85 7426 2 8SG 7 51371958 9899999999999999 048 491353 3799999999999999
 66 62 65 75 92110125134134124106 85 65 49 40 38 43 52 64 75 83 87 85 8126 2 9SG 72913521 9 8799999999999999 1 7 621446 3899999999999999
 77 74 75 81 91105118128131126114 97 79 62 49 41 39 41 48 57 66 74 79 8226 210SG 756131999999999999999999999 117 741559 3999999999999999
 84 84 86 89 94101111119125125119107 93 78 64 51 42 37 37 41 48 58 68 7726 211SG 8321259999999999999999999991738 36999999999999999999999
 85 91 95 97 99101105110116119119114106 94 81 67 52 40 32 29 32 40 52 6626 212SG 92612099999999999999999999919 0 29999999999999999999999
 80 92101105106105103104106111115117115109 99 85 68 50 34 23 20 24 35 5126 213SG 34110611 511799999999999999 6211031959 2099999999999999
 70 88103111113110104 99 98101107114119120116104 87 65 43 25 13 11 19 3526 214SG 349113124612199999999999999 751 982043 1199999999999999
 56 79100113119116108 98 92 91 96105117126128122107 85 58 33 13  4  6 1926 215SG 4 8119135112999999999999999 842 902120  399999999999999
 41 67 93112122122113100 88 81 83 93108123134136126106 78 48 21  4 -1  726 216SG 428123144013699999999999999 920 812152 -199999999999999
 27 55 83107122126118104 87 75 70 77 92112131141140125 99 68 36 12 -1  126 217SG 448126152314299999999999999 955 702222 -299999999999999
 17 43 73101120128123109 89 71 60 60 73 94117136144138119 90 57 27  8  326 218SG 5 712816 6144999999999999991028 582251  399999999999999
 13 35 65 94117129128114 93 71 53 46 52 71 96121138142132109 79 48 24 1226 219SG 52513016481429999999999999911 2 462318 1299999999999999
 15 32 59 88113129132121100 75 52 37 35 47 70 97120134135122 98 70 45 2826 220SG 5421321732136999999999999991138 342345 2499999999999999
 25 36 57 85110128134127109 83 56 35 25 29 45 70 95115126123109 88 65 4826 221SG 5591341819126999999999999991215 25999999999999999999999
 40 44 60 83107127136133118 94 66 41 24 19 26 44 67 90106113110 98 82 6726 222SG 616136191011499999999999999 0 9 401255 1999999999999999
 58 57 67 85106124135137126106 80 54 33 20 18 26 42 62 80 94 99 97 90 8026 223SG 6361382011 9999999999999999 032 561342 1799999999999999
 74 72 77 89105121133137132117 96 72 50 32 21 20 26 38 53 68 80 86 87 8626 224SG 6591372154 8799999999999999 048 721442 1999999999999999
 85 84 87 94105117127133133125110 91 71 52 37 26 22 24 31 43 55 67 76 8326 225SG 727134999999999999999999999 036 841610 2299999999999999
 88 93 97101106113120125128126119107 93 77 61 45 31 22 19 23 32 44 58 7226 226SG 8 61289999999999999999999991758 19999999999999999999999
 85 96103107109110112115118120120117111102 88 71 51 33 19 12 14 23 38 5626 227SG 9301209999999999999999999991920 12999999999999999999999
 76 93105112113110106104104107112117120119113 99 78 55 32 14  5  7 19 3926 228SG 343113122212099999999999999 7271032018  599999999999999
 62 85104115118113104 95 90 90 96107118127129123106 81 53 27  8  1  7 2426 3 1SG 349118134813099999999999999 827 8921 3  199999999999999
 49 76100116122118106 92 79 74 77 88105122134137128107 79 48 21  5  2 1426 3 2SG 4 3122144513899999999999999 9 9 742140  299999999999999
 37 66 94115125123111 93 74 61 58 67 84107127140140127102 71 41 17  7 1126 3 3SG 420126153214299999999999999 946 582212  699999999999999
 30 58 87112127129118 98 75 55 45 47 61 84110131141137120 93 63 35 18 1526 3 4SG 4371301615142999999999999991022 442241 1599999999999999
 28 52 82109128133125106 81 56 38 32 40 60 87113131137129109 82 55 34 2526 3 5SG 4551331656137999999999999991056 3223 7 2599999999999999
 31 50 78105126136132115 89 62 38 25 25 39 63 90113127129117 96 72 51 3826 3 6SG 5121361736130999999999999991129 232331 3699999999999999
 38 51 75101124137137123 99 71 45 25 18 25 43 67 92111120117104 85 66 5226 3 7SG 53013918161209999999999999912 2 182353 4899999999999999
 48 55 73 97119134139130109 82 55 32 19 18 29 48 71 91105110105 92 78 6526 3 8SG 5501391857110999999999999991235 17999999999999999999999
 59 61 74 92113129137133117 94 67 43 27 20 23 36 53 72 88 97 99 94 85 7526 3 9SG 6111371943 9999999999999999 014 591310 1999999999999999
 69 69 76 90106122131132122104 80 58 39 28 25 30 41 55 70 81 88 89 86 8226 310SG 6341332044 8999999999999999 033 681351 2599999999999999
 78 78 81 89101113123127123110 92 73 55 41 33 31 35 43 53 64 73 79 83 8426 311SG 7 1127999999999999999999999 045 781448 3199999999999999
 85 86 88 92 98106113118119113101 87 72 58 47 39 36 36 40 47 56 65 74 8126 312SG 7341199999999999999999999991623 35999999999999999999999
 87 92 95 97 99101105108111110106 98 88 77 65 53 43 36 32 34 40 49 61 7426 313SG 8221119999999999999999999991813 32999999999999999999999
 86 95101103102100 98 99100103105104101 95 84 71 56 42 31 25 26 33 46 6326 314SG 3 3103102110599999999999999 625 981923 2599999999999999
 80 95105109107102 95 90 89 92 98104109109103 91 74 55 37 23 17 20 32 5026 315SG 3 8109123511099999999999999 745 892010 1799999999999999
 71 91107114113106 94 84 77 78 85 96108117119112 96 74 50 29 15 12 20 3726 316SG 323115134311999999999999999 827 772047 1299999999999999
 61 85105117119111 96 80 68 63 67 81 99116127128117 96 69 43 22 12 14 2826 317SG 339120143412999999999999999 9 1 632121 1199999999999999
 51 78102119124117101 80 61 49 48 59 80104124135133118 93 64 37 20 15 2426 318SG 355124152113699999999999999 934 472151 1599999999999999
 44 71 98119128124108 84 59 39 31 36 55 82109130139133114 87 59 36 24 2626 319SG 41212816 61399999999999999910 7 312221 2399999999999999
 42 67 95118131130116 92 63 36 19 16 29 54 85113132138129108 81 57 40 3526 320SG 4281321652138999999999999991042 152250 3599999999999999
 44 65 92116132136126103 72 41 16  4  8 26 55 87113129131120100 77 59 4926 321SG 4461361739132999999999999991117  42317 4999999999999999
 52 67 90114132140134115 86 53 24  3 -3  6 28 57 86109121121110 93 76 6526 322SG 5 51401827123999999999999991155 -32342 6299999999999999
 63 72 90111130141140126101 70 39 13 -2 -3  9 31 58 83101110109100 89 7926 323SG 5271421921110999999999999991236 -4999999999999999999999
 75 79 91108125138141134115 89 60 33 12  2  3 15 34 56 75 90 97 97 93 8826 324SG 5501412029 9899999999999999 0 3 751323  199999999999999
 85 86 93105119131137135124105 81 57 35 19 11 12 20 34 51 66 79 86 89 9026 325SG 618137999999999999999999999 017 851424 1099999999999999
 91 92 96103112121128130125114 98 80 61 44 30 22 19 23 32 45 58 70 80 8726 326SG 6521309999999999999999999991551 19999999999999999999999
 93 97100102106110114118118115108 98 86 71 56 42 30 24 23 29 39 52 67 8026 327SG 7411189999999999999999999991736 23999999999999999999999
 92100104104103101101101104106107106103 95 84 68 51 35 25 21 26 37 53 7126 328SG 238104101010799999999999999 5561011856 2199999999999999
 88101108109104 97 90 85 85 89 96104110111106 94 75 55 36 24 20 27 41 6126 329SG 235109124811299999999999999 732 851950 2099999999999999
 82100112115109 98 84 73 67 69 77 91105116121115100 78 55 35 23 22 33 5326 330SG 249115135712199999999999999 817 672032 2199999999999999
 76 98114121116103 85 67 53 49 55 70 90110124127119101 76 52 33 25 30 4626 331SG 3 5121144812899999999999999 855 4921 7 2599999999999999
 70 95115126124112 91 67 47 35 35 48 69 94116130130118 97 72 49 34 33 4426 4 1SG 323127153313299999999999999 929 332138 3299999999999999
 65 91114129131121100 73 47 28 20 27 46 73100122132129113 91 67 48 40 4526 4 2SG 34113216151329999999999999910 2 2022 7 4099999999999999
 62 87111129136129110 83 53 28 13 12 26 50 80107125130123105 84 63 51 5026 4 3SG 4 01361655130999999999999991034 102235 4899999999999999
 62 83107127138136120 94 63 34 13  5 11 31 58 87111124125114 97 78 63 5726 4 4SG 41913917341269999999999999911 4  423 1 5799999999999999
 63 80102123137139128105 75 45 20  5  4 17 40 67 93111120116105 89 74 6626 4 5SG 4401401812120999999999999991134  32326 6599999999999999
 66 78 96116132139133115 88 58 31 12  4 10 26 50 74 95108112107 96 84 7426 4 6SG 5 313918521129999999999999912 5  42351 7299999999999999
 72 77 91109125134134121 99 72 45 24 12 10 19 36 57 78 93102103 98 90 8226 4 7SG 5271361937104999999999999991238  9999999999999999999999
 78 80 88102116127130124108 86 61 39 24 17 19 29 44 61 77 89 95 95 92 8826 4 8SG 5531302037 9699999999999999 015 781316 1799999999999999
 85 84 88 96107117123122113 96 76 57 40 29 25 27 36 47 61 73 82 88 91 9126 4 9SG 6231242247 9199999999999999 038 8414 6 2599999999999999
 91 90 91 95100107113115112103 89 73 58 45 36 32 33 38 47 57 68 78 86 9126 410SG 657115999999999999999999999 1 2 901520 3299999999999999
 95 96 96 96 97 99102105106103 97 88 76 64 53 43 37 34 37 43 53 65 77 8826 411SG 7501069999999999999999999991659 34999999999999999999999
 97102102100 96 93 91 92 95 97 99 97 92 84 72 59 47 38 33 34 41 53 67 8326 412SG 139102 957 9999999999999999 6 7 911821 3399999999999999
 96105108105 98 89 82 78 80 85 92 99102101 93 80 64 49 37 31 33 42 58 7626 413SG 158108121610399999999999999 717 781917 3099999999999999
 94107114112103 89 76 66 62 66 77 91104112112103 87 67 49 36 31 36 49 6926 414SG 215114133011399999999999999 757 6220 1 3199999999999999
 90108118119109 93 73 56 45 45 55 73 93112122121110 91 69 50 37 36 45 6326 415SG 233120142712399999999999999 832 432039 3599999999999999
 86107122126118100 76 51 32 24 29 47 72 99120130128114 93 70 52 43 46 6126 416SG 250126151813199999999999999 9 7 242115 4399999999999999
 82106124132127110 84 54 27 10  7 19 44 75105126135130115 93 72 57 54 6226 417SG 3 913216 813599999999999999 942  62148 5399999999999999
 81104124137137123 97 65 32  6 -8 -5 14 45 79109129135128112 93 75 66 6826 418SG 3301381658135999999999999991019 -92220 6599999999999999
 81101123139144135113 82 46 14 -9-17 -8 15 48 81109126130123108 92 80 7626 419SG 3531441749130999999999999991058-172251 7699999999999999
 83 99119137147144128101 67 32  2-16-18 -5 20 52 82106120122115103 92 8526 420SG 4201471842122999999999999991139-192320 8599999999999999
 87 97114131144148139119 89 56 24  0-13-12  3 27 54 80100110112107 99 9326 421SG 4491481941112999999999999991224-142348 9199999999999999
 91 96108123136144142130108 80 51 25  5 -4 -1 13 33 56 77 92101103101 9826 422SG 5221442056103999999999999991314 -4999999999999999999999
 95 96102112123133136132119100 76 53 32 16  9 12 22 38 56 73 86 95 9910026 423SG 6 0136224810099999999999999 019 951415  999999999999999
 98 97 98103109117122124120110 95 78 60 43 30 23 23 29 41 56 71 84 93 9926 424SG 648124999999999999999999999 1 9 971529 2299999999999999
101101 98 97 97100104108110108103 95 84 70 55 42 34 31 35 45 59 74 87 9826 425SG 010101 8 711099999999999999 316 971653 3199999999999999
104106102 97 91 86 85 87 91 96100101 99 92 80 66 52 42 37 40 50 65 81 9626 426SG 046106105610199999999999999 553 8518 5 3799999999999999
107111109101 90 79 71 67 69 76 86 96104106101 89 74 58 47 42 47 58 75 9326 427SG 112112124710699999999999999 7 6 6719 1 4299999999999999
108117118110 96 79 63 52 49 54 66 82 98109113108 95 78 62 51 48 55 70 8926 428SG 135118135411399999999999999 753 491946 4899999999999999
107121125120105 85 63 44 33 33 44 62 84104117120112 98 80 64 55 56 67 8526 429SG 158125144712099999999999999 831 322025 5499999999999999
105122131129116 95 69 45 26 18 23 40 64 90111123124114 98 80 66 61 66 8126 430SG 221131153312599999999999999 9 6 1821 0 6199999999999999
101120133136127107 80 51 26 11  9 20 43 71 98118127125113 96 79 69 68 7826 5 1SG 244136161512899999999999999 939  82134 6799999999999999
 96116132140135118 92 62 33 11  1  6 25 52 81107123128122109 92 78 72 7726 5 2SG 3 81401655128999999999999991010  122 6 7299999999999999
 91110128140140128105 75 44 18  2 -1 11 34 62 91113125126117103 89 79 7826 5 3SG 3321421734127999999999999991041 -22236 7799999999999999
 87103122136142135117 89 58 30  8 -1  3 20 45 73 98115123120110 97 86 8126 5 4SG 3591421812123999999999999991112 -123 6 8199999999999999
 84 97113129139138126103 74 45 20  5  2 12 31 56 81101114117113103 93 8526 5 5SG 4271401853117999999999999991144  22337 8499999999999999
 85 92105120133137131114 89 61 36 17  8 10 23 42 65 86101110111106 98 9126 5 6SG 4571371937111999999999999991218  7999999999999999999999
 87 89 98111123131131120102 78 53 32 19 14 19 33 51 70 87 99105106102 9626 5 7SG 528132203210699999999999999 0 9 871257 1499999999999999
 91 90 94102112121125121110 91 70 50 33 24 22 28 41 56 73 87 9710210310126 5 8SG 6 3125214210399999999999999 047 901341 2299999999999999
 97 93 93 96102109115116111101 85 68 51 38 31 30 36 46 60 74 87 9710310426 5 9SG 646116225710499999999999999 143 931437 3099999999999999
102 99 94 92 93 96101105106103 95 84 71 57 46 39 37 41 51 63 77 9010010626 510SG 750106234910899999999999999 317 921545 3799999999999999
108105 99 92 87 84 85 89 94 98 99 96 88 78 65 54 46 44 47 55 68 83 9610726 511SG 944 99999999999999999999999 513 841659 4499999999999999
112111105 95 84 74 69 70 75 84 93 99101 97 88 76 63 54 50 53 62 76 9210626 512SG 023112115110199999999999999 627 6918 6 5099999999999999
116118113101 85 69 56 50 52 62 76 92104110108 99 86 72 62 57 61 72 8810526 513SG 050118131611099999999999999 716 5019 3 5799999999999999
118125122110 92 69 49 34 29 35 51 72 94112120119109 95 80 70 66 72 8610326 514SG 114125142212199999999999999 757 291952 6699999999999999
119130132123103 78 50 27 12 10 22 44 72 99119129127117102 87 78 77 8510126 515SG 140132152013099999999999999 838  92036 7699999999999999
119134140136119 93 62 30  6 -7 -4 14 42 75104125135132121106 93 86 8810026 516SG 2 8140161613599999999999999 919 -72116 8699999999999999
117134145147136113 81 46 13-10-19-11 12 44 78108128136132122108 97 93 9926 517SG 23814817101369999999999999910 1-192154 9399999999999999
113130145153149133105 69 33  2-18-23-10 15 48 82109127133129119107 99 9926 518SG 31215318 3133999999999999991045-232231 9899999999999999
108123139152156147126 96 60 25 -3-19-19 -4 22 54 8410812312712311410510026 519SG 3501561856127999999999999991130-21231010099999999999999
103113128143153153141119 88 55 23 -1-12 -9  7 31 60 8610611812011610910226 520SG 4311541949120999999999999991218-132352 9999999999999999
100104115128141147145132110 83 53 27  8  0  4 20 42 66 8910511311511110426 521SG 51614820421159999999999999913 8  0999999999999999999999
 99 97102111123132137134122103 80 56 34 20 14 20 33 53 74 9210511111210726 522SG 6 7137213211299999999999999 045 971359 1499999999999999
101 95 93 96103112119123121112 98 80 61 45 33 30 35 47 64 82 9710811311226 523SG 7 9123221811399999999999999 156 931454 3099999999999999
106 98 91 86 86 90 96103108108104 96 83 69 56 47 44 49 60 75 9110511311626 524SG 838109225911699999999999999 331 861552 4499999999999999
113105 95 84 76 73 74 79 87 94 99101 97 89 78 67 60 57 61 72 8610111312026 525SG1046101233612299999999999999 513 731653 5799999999999999
121115104 89 75 63 57 57 64 74 86 96102102 97 88 78 70 68 72 83 9711112226 526SG1234103999999999999999999999 627 561752 6899999999999999
127125115 99 80 62 48 41 42 51 66 83 97107109105 96 86 78 76 81 9310812126 527SG 011128135010999999999999999 720 401848 7699999999999999
131133126111 91 68 47 32 26 31 45 65 86104114117112102 91 84 83 9010311826 528SG 045133144811799999999999999 8 3 261938 8299999999999999
130137135124104 80 54 32 19 16 26 45 69 93112122123117105 94 88 89 9811226 529SG 118138153612499999999999999 840 162023 8799999999999999
127138141134118 94 66 39 19  9 12 27 51 78103120128127118106 95 90 9410526 530SG 151141161812999999999999999 915  821 5 9099999999999999
120135143142130108 81 51 26  9  4 13 34 60 88112127131127116103 94 92 9926 531SG 224144165713199999999999999 949  42143 9299999999999999
113128141146140122 97 67 38 15  4  5 19 43 71 98119129130123111100 93 9526 6 1SG 2581461735131999999999999991023  22219 9399999999999999
105120135145145134113 84 54 27  9  3 10 29 55 82106122129126117106 96 9326 6 2SG 3321461812129999999999999991057  32254 9399999999999999
 98110126139146141126101 72 43 20  8  7 19 40 66 91111123126121111100 9426 6 3SG 4 71461849126999999999999991131  62329 9399999999999999
 94102115130141143134115 89 60 35 17 10 15 30 52 76 98114122122115105 9726 6 4SG 44214319271239999999999999912 6 10999999999999999999999
 93 95105118131138136124104 78 52 31 18 16 25 42 63 8510311612011811010126 6 5SG 51913820 612099999999999999 0 7 931241 1699999999999999
 94 92 96106118128132127114 93 70 48 32 24 26 36 54 74 9310811711911410626 6 6SG 559132204611999999999999999 050 921319 2399999999999999
 97 91 90 94103113120122117105 87 67 49 37 33 37 49 65 8410011311911811226 6 7SG 648123212411999999999999999 144 9014 0 3399999999999999
103 93 87 85 88 95104110113109 99 85 69 56 47 45 50 61 77 9310811712111826 6 8SG 75411322 112199999999999999 252 851446 4499999999999999
110 99 87 79 75 77 83 91 99104104 99 89 77 67 60 58 64 74 8810311612312426 6 9SG 929105223712499999999999999 412 751541 5899999999999999
118107 92 78 67 61 61 67 77 89 99104103 98 89 80 74 73 77 8710011312412926 610SG1126104231312999999999999999 529 601646 7399999999999999
127117102 84 66 51 43 43 51 65 82 97107112110103 95 89 86 90 9911112413226 611SG13 9112235113599999999999999 631 421756 8699999999999999
135130116 96 73 51 33 23 25 36 55 78 98114122122116108100 9710111012213426 612SG1429122999999999999999999999 724 2319 2 9799999999999999
141141132114 90 62 35 15  6 10 25 49 7710212113013112611710910610911913226 613SG 032142153513299999999999999 813  6195910699999999999999
143150147135112 83 51 21  0 -7 -1 19 48 7910712713713713112111311111512726 614SG 116150163213899999999999999 9 2 -7205011099999999999999
140152157152136109 76 41 10-10-15 -5 19 50 8311113013913813112011311211926 615SG 2 3157172314099999999999999 950-15213711299999999999999
132147158162154135106 70 34  4-14-16 -2 24 56 8811513213813512611611011126 616SG 25216218 8138999999999999991038-17222310999999999999999
120134150161163153132101 65 30  3-11-10  6 33 65 9511813213512911910910426 617SG 3421641848135999999999999991124-1323 910499999999999999
107118134149159160148126 95 61 30  7 -3  2 20 47 7710312213113012211110126 618SG 43216119241319999999999999912 9 -32358 9799999999999999
 97102114129144152151139117 89 59 32 15 10 19 38 64 9011212512912411410226 619SG 5241531955129999999999999991251 10999999999999999999999
 93 90 95107121134141139128108 84 59 39 28 27 39 58 8110312012812812010726 620SG 619141202412999999999999999 052 901331 2699999999999999
 94 85 82 87 97110120126125116100 82 63 49 43 47 59 78 9811612713112611526 621SG 720127205413199999999999999 152 8214 8 4399999999999999
101 87 78 74 77 85 96105111112106 96 83 71 62 60 66 78 9511212613313212526 622SG 835112212513499999999999999 3 1 741446 6099999999999999
111 96 81 70 65 66 72 81 91 99103102 96 89 81 76 76 82 9410812313313613326 623SG101610322 013699999999999999 421 641529 7599999999999999
123108 91 75 62 55 54 59 69 80 91 99102102 98 93 90 90 9510511812913713826 624SG1219103224113999999999999999 539 531626 8999999999999999
133121104 86 68 53 44 42 48 60 75 89101108110108104100 9910411312413414026 625SG1356110232814099999999999999 642 421739 9999999999999999
139132118100 79 59 43 33 33 41 56 75 9310811712011711210710510811712713726 626SG1458120999999999999999999999 732 32185210599999999999999
142140131115 94 71 49 32 24 27 39 58 8010111712612712311610910711011913026 627SG 018142154312899999999999999 816 24195310799999999999999
140145141130111 87 61 39 23 18 24 40 63 8811012613313212511510810611112226 628SG 1 8145162113399999999999999 857 18204410699999999999999
134144148142127105 78 51 29 16 15 26 46 72 9812013313713212211210510511326 629SG 155148165513799999999999999 935 14212810499999999999999
126139149150141123 96 67 40 20 11 15 31 55 8310812713713712911710610210526 630SG 2391511728138999999999999991011 1122 710199999999999999
115130145153151138115 86 56 30 14 11 20 41 67 95118133137133122110101 9926 7 1SG 31915318 0137999999999999991046 112244 9899999999999999
105119136149154148130104 74 45 23 13 15 30 54 81106125135135127114102 9526 7 2SG 3581541829136999999999999991119 122320 9599999999999999
 97107123139150151141120 92 62 36 20 16 24 43 69 95117131136131119105 9526 7 3SG 4371521857136999999999999991150 162358 9199999999999999
 91 95108125139147145131108 80 53 33 22 24 38 60 85108126134133124110 9726 7 4SG 5171481923135999999999999991221 22999999999999999999999
 88 86 94107123136140135120 97 72 50 35 31 38 55 7810112013213512911610126 7 5SG 6 0140194813599999999999999 039 861251 3199999999999999
 88 81 81 90104118128131125110 90 69 53 44 45 56 74 9511512913613312310726 7 6SG 650131201213699999999999999 125 801323 4399999999999999
 92 79 73 75 83 96108118121116104 88 73 62 59 63 76 9311112713613713011626 7 7SG 752121203813899999999999999 217 731357 5999999999999999
 99 83 70 64 65 73 84 97106111110103 93 83 77 77 83 9410912413514013712626 7 8SG 91511121 714099999999999999 321 641434 7699999999999999
111 93 75 62 54 53 59 70 84 96104108107103 98 95 9510111012213314114213726 7 9SG1113108214314399999999999999 436 531521 9499999999999999
125107 88 69 52 42 39 44 56 72 8810111011511511311111111412113013914514526 710SG1334115223214699999999999999 552 39163311199999999999999
139126107 85 63 43 29 25 30 43 62 8310211612412712612312112212713514314926 711SG15 8127233615099999999999999 659 25181512199999999999999
150143130109 84 58 34 17 11 17 33 56 8210512313413713513012512512913714726 712SG16 1137999999999999999999999 8 0 11193812499999999999999
154156150135112 83 52 25  7  1  9 29 56 8511113014114213713012312212713726 713SG 047156164214399999999999999 854  1204112299999999999999
149159163157140114 81 47 18  0 -4  7 31 61 9211913714414213412411711612326 714SG 154163171614599999999999999 944 -4213311599999999999999
137152164168161142113 77 42 14 -2 -2 13 39 7210312714114413812611410710826 715SG 2541681746144999999999999991030 -4222110699999999999999
118135153166170161139108 72 38 13  2  7 26 55 87115135143140129114101 9626 716SG 3481701813143999999999999991112  123 6 9599999999999999
100113132151164166155132101 67 37 17 12 23 46 75104128141142133118101 8926 717SG 4401661837143999999999999991149 122351 8599999999999999
 85 92108128146157156144121 92 63 40 27 29 45 69 97122139144139124106 8926 718SG 5301581859144999999999999991223 26999999999999999999999
 77 76 85102121137145143131110 85 63 47 43 51 69 93118136146144132114 9526 719SG 620146192114799999999999999 038 751252 4399999999999999
 78 69 70 79 95111125131128117101 83 68 60 62 74 9311413414614814012410526 720SG 714131194414999999999999999 127 681319 5999999999999999
 86 71 63 65 73 87100112117115108 96 85 77 75 82 9511213014314914613411726 721SG 81611720 915099999999999999 220 631345 7599999999999999
 97 80 66 60 60 67 78 90100106106103 98 93 90 92 9911112513814714814212826 722SG 940107204014999999999999999 324 591411 9099999999999999
111 93 76 64 56 55 60 69 80 91 9910410510510410310611212113114114614513726 723SG1216105211914699999999999999 441 55144210399999999999999
124108 91 75 61 52 49 53 61 73 86 9710611211511511411511812513314014314226 724SG2212143999999999999999999999 559 49999999999999999999999
135123108 90 73 57 47 42 46 55 70 8610111412212512412111912012413113714126 725SG1513125232714299999999999999 7 4 42181911999999999999999
141135124108 89 69 51 39 35 40 53 71 9010912313113312912311811712112913726 726SG1543133999999999999999999999 757 35194011799999999999999
143144139126108 85 62 43 31 29 37 54 76 9911913313813612912011411311812826 727SG 043144161113999999999999999 842 29203611299999999999999
139147149142127104 78 53 34 24 26 38 60 8511012914014213512411310710911826 728SG 144149163814299999999999999 921 23211910799999999999999
131144153154144124 97 68 42 25 20 27 45 71 9812213814414012911510510110626 729SG 23215517 414499999999999999 957 20215610199999999999999
119136151159156141116 86 56 33 20 20 34 57 86113133144144134119105 95 9526 730SG 3151591728146999999999999991029 182231 9499999999999999
105122141156161153134105 74 46 27 20 27 47 74103127142146139124107 93 8626 731SG 3551611751146999999999999991058 2023 6 8699999999999999
 91105125145157158146123 93 63 39 27 27 42 66 95120139147143130111 93 8126 8 1SG 4351591811147999999999999991126 252341 7899999999999999
 79 88106127145154151136111 82 56 39 34 42 62 88115135147147136117 96 7926 8 2SG 5161551829148999999999999991153 34999999999999999999999
 70 73 86106126141147141124101 76 57 47 49 63 85110132146149141124103 8226 8 3SG 6 0147184814999999999999999 018 701219 4699999999999999
 67 62 68 83103121134137130114 95 76 64 61 69 86108129144151147132112 9026 8 4SG 65013719 715199999999999999 058 621245 6199999999999999
 71 59 56 64 78 96112123126120108 94 83 78 81 9110812614215115114112310226 8 5SG 748126192915299999999999999 144 561311 7899999999999999
 80 63 53 52 58 71 86101111115113107100 96 9510111212513914915214813511626 8 6SG 9 6115195615299999999999999 240 511333 9599999999999999
 96 76 60 50 47 51 61 74 8810010711011111011011311812613614515115114513226 8 7SG2032152999999999999999999999 354 47999999999999999999999
115 96 77 60 48 41 42 49 61 76 9110311211912312512612913414014615014914426 8 8SG2128150999999999999999999999 526 41999999999999999999999
134120102 81 62 45 34 31 37 50 67 8610411912913413513413313413714314715026 8 9SG154913523 915099999999999999 649 3118 513399999999999999
148141128109 86 62 40 26 21 27 42 64 8811012813814113913312912713113814626 810SG16 0141999999999999999999999 755 21194712799999999999999
153155151138116 89 59 34 18 14 22 42 68 9512013714514413612611911712213326 811SG 055155162114599999999999999 849 13204611799999999999999
146158164160145119 88 55 28 13 12 25 49 7910813214514714012711310510511426 812SG 2 8164164214899999999999999 935 10213210499999999999999
129148163170164146117 83 50 25 13 18 36 65 96124143150144130113 97 90 9326 813SG 3 517017 3150999999999999991014 132214 8999999999999999
107128149166171163142111 77 46 26 21 32 56 86116139151149136117 96 81 7626 814SG 3551711723152999999999999991049 212254 7699999999999999
 84102126149164166155132102 71 46 33 36 54 81110136151154143124100 80 6726 815SG 4421671741154999999999999991120 332333 6599999999999999
 66 78100124145157157143120 93 68 51 47 57 79107132151157151133109 85 6626 816SG 52815818 0157999999999999991147 47999999999999999999999
 57 60 76 98120138147143129109 87 70 62 66 82105129149159157142120 95 7226 817SG 614147182015999999999999999 013 561212 6299999999999999
 57 52 59 75 96115129134129117101 87 77 77 86104126145157159150131107 8326 818SG 7 1134184116099999999999999 053 521234 7699999999999999
 64 53 52 60 75 92108118122118109 99 92 89 94105122139152158154140119 9726 819SG 75512219 515899999999999999 136 511254 8999999999999999
 77 62 54 54 62 74 8710010811211010710310110210912013314515215314513011126 820SG 9 9112193415399999999999999 227 5313 910199999999999999
 92 76 64 57 57 62 70 81 9210010610911011111211411912713614314714513612326 821SG2010147999999999999999999999 335 56999999999999999999999
108 93 79 68 60 57 59 65 74 85 9610511211712012212212412813313814013813226 822SG21 4140999999999999999999999 5 8 57999999999999999999999
123111 97 83 70 59 53 53 58 68 82 9610912012712912812512412412713113513626 823SG15 5129224713699999999999999 634 52181812499999999999999
133127116101 85 68 55 46 46 52 66 8310111813013613513012311811712112713426 824SG1521136999999999999999999999 736 45194111799999999999999
138139133121103 82 62 46 38 40 50 68 9011212913914113512511510910911612626 825SG 035139154114199999999999999 822 38203010999999999999999
137145146139123101 76 53 37 32 38 54 77102125140146141130116104 9910311426 826SG 14014716 314699999999999999 9 0 3221 7 9999999999999999
129144153153142120 93 66 43 31 30 42 64 91118138148147135119102 91 89 9826 827SG 228154162214999999999999999 932 292140 8999999999999999
115135152160156139113 83 56 36 29 36 55 82110134148151141123103 86 78 8126 828SG 31116016411519999999999999910 1 292213 7799999999999999
 96119141158162154132104 73 49 35 36 50 74103129147154147129106 84 69 6626 829SG 3521621658154999999999999991029 342245 6699999999999999
 76 97123146159160147123 94 67 48 42 50 70 98125146155152136113 87 66 5526 830SG 4331621715156999999999999991056 422318 5599999999999999
 58 74 99125146157153137113 87 65 54 56 71 95121143156157144121 94 68 5126 831SG 5161571732158999999999999991122 532353 4599999999999999
 46 54 74100125143149143127105 85 71 68 76 95119141156160151131104 77 5426 9 1SG 6 11491749160999999999999991147 67999999999999999999999
 41 41 53 75 99121135139132118102 88 82 86 99118138154161157141117 90 6526 9 2SG 65113918 916199999999999999 031 401210 8299999999999999
 47 38 41 54 74 94112124127122113103 97 98105119135150159159149131107 8226 9 3SG 750127183216099999999999999 115 381229 9799999999999999
 61 46 40 43 54 70 8610111111511511210910911312213314515415715314112310326 9 4SG 918115185915799999999999999 2 9 40123210999999999999999
 82 64 51 44 45 51 62 76 8910010711211611912212613213914615115114613612226 9 5SG1937152999999999999999999999 326 44999999999999999999999
106 89 72 58 48 44 46 53 65 79 9310511612412913113313513714014314414213626 9 6SG2049144999999999999999999999 512 44999999999999999999999
127115100 82 64 49 40 38 45 57 74 9211012413313613513212912812913313814126 9 7SG1512136234014299999999999999 642 38185512899999999999999
141137127111 89 67 47 35 32 39 55 76 9912013414113913312411611311612413426 9 8SG1519141999999999999999999999 746 3220 111399999999999999
144150149138118 92 65 43 30 29 41 61 87112132144144136123109 99 9710411726 9 9SG 120151153414599999999999999 834 282044 9799999999999999
134150159157144120 91 62 40 30 34 50 76104129145149142126107 90 80 82 9426 910SG 222160155114999999999999999 913 292123 8099999999999999
115137156165161143117 86 58 40 35 46 68 97125145154149133111 88 70 64 7126 911SG 31216516 915499999999999999 947 352159 6499999999999999
 89115140159166158138110 80 57 45 48 65 92120144157156142118 92 68 53 5226 912SG 3581661627158999999999999991018 442235 5199999999999999
 65 89117142158161150128102 77 60 56 67 89117142158161151129100 72 51 4126 913SG 4421621645162999999999999991046 562310 4199999999999999
 46 65 92120142154153139118 96 77 69 73 89114138157164158139112 82 56 4026 914SG 52415517 4164999999999999991111 682344 3699999999999999
 37 47 69 95120138146141128110 93 82 81 91111134153164162148124 95 67 4626 915SG 6 71461724165999999999999991135 80999999999999999999999
 36 39 53 75 98119132136130118105 94 90 95109128147159162153134108 81 5926 916SG 651136174616299999999999999 018 361158 9099999999999999
 44 39 45 60 80 99115124125120112104100101109123139151157154141120 96 7426 917SG 740125181115899999999999999 055 391219 9999999999999999
 57 47 46 53 66 81 96108115116114111108108112120131142149150143129110 9026 918SG 848116183915099999999999999 137 46123510799999999999999
 74 61 55 54 59 68 80 9110110811211311411511612012513213814214013312010626 919SG1913142999999999999999999999 234 54999999999999999999999
 91 78 68 62 59 61 66 75 85 9510411211812112312312412512813113213112611826 920SG20 6132999999999999999999999 4 5 59999999999999999999999
108 97 86 74 65 60 58 61 69 80 9310611712612912912512211911912112412512526 921SG1420129221912599999999999999 550 58183311999999999999999
122115105 91 77 65 56 52 56 66 80 9711412713413513012211410910811211912526 922SG1435135999999999999999999999 7 0 52193610899999999999999
130129123111 94 76 60 49 47 53 67 86107125137141136125112101 96 9810611826 923SG 029130145314199999999999999 747 472014 9699999999999999
130138139130113 92 71 53 44 45 56 76 99122138145142130113 96 85 82 8910426 924SG 133140151014599999999999999 824 432046 8299999999999999
122139148146133112 87 64 48 43 50 67 91117137148148136116 95 77 67 70 8426 925SG 222148152715099999999999999 857 432117 6799999999999999
106129148155150133108 82 60 48 49 62 85112135150153143123 97 73 56 52 6226 926SG 3 6155154315499999999999999 927 472148 5199999999999999
 83111137154159150129103 78 60 54 62 81107132151158151131104 74 51 38 4126 927SG 34915916 015899999999999999 956 542221 3799999999999999
 58 86116142157158145123 98 77 66 67 81104130150161158141114 82 53 32 2626 928SG 4331591617161999999999999991024 652254 2699999999999999
 35 59 89120143155152138117 96 81 77 85103127148162163151127 95 63 36 2126 929SG 5191551637164999999999999991052 772330 1999999999999999
 21 36 62 92120140147143130113 98 90 92105124145160166159140111 79 49 2726 930SG 6 71471658166999999999999991118 89999999999999999999999
 18 23 40 66 93116132137132122111103101108123140156164163150127 98 69 442610 1SG 659137172216599999999999999 010 18114110199999999999999
 27 22 29 46 68 90109121125123118112110113122135149158161155139116 91 672610 2SG 8 5125174916199999999999999 055 22115911099999999999999
 47 34 31 37 50 66 84 99110115117117117118123131140148153152144130111 922610 3SG1822154999999999999999999999 151 31999999999999999999999
 73 57 45 41 43 51 63 77 911021101171211231251281321361401421411351251132610 4SG19 8142999999999999999999999 310 41999999999999999999999
 99 84 69 56 48 46 49 59 72 861001121211271281281261251251261281301291262610 5SG14 1128211513099999999999999 454 46172312599999999999999
120110 96 80 65 52 46 48 56 70 871051191291331301241171111081101151221282610 6SG14 3133999999999999999999999 619 4619 610899999999999999
132130122107 88 69 54 46 48 59 76 97116131138136127114101 91 89 931041182610 7SG 017132141713899999999999999 719 461952 8999999999999999
131140141131114 92 70 54 48 53 68 89112131142143134117 98 81 71 71 81 982610 8SG 133141143414499999999999999 8 3 482031 6999999999999999
119137148148136116 92 70 56 53 63 83107130146150143125102 78 59 52 57 742610 9SG 228149145315099999999999999 841 5321 6 5299999999999999
 98124144154151136114 89 70 61 64 80103127147156152135110 82 57 40 38 50261010SG 316154151215699999999999999 914 602140 3799999999999999
 73102130149156149132109 87 73 69 79100124146159159145121 91 61 38 27 32261011SG 4 0156153116099999999999999 944 692213 2799999999999999
 50 78109135151153144126105 87 78 82 97120142158163154133103 71 43 25 21261012SG 4421541552163999999999999991013 782245 2199999999999999
 33 56 86115138149147136118101 89 87 97115137155164160143116 84 54 31 20261013SG 5231501614164999999999999991041 862316 1999999999999999
 23 40 66 95120137144139127112100 94 98111130148160162151128 99 69 43 26261014SG 6 314416371639999999999999911 8 942348 2299999999999999
 22 31 51 76101121133136130119108101100108123139153159154137112 84 58 39261015SG 64513617 3159999999999999991135100999999999999999999999
 29 30 42 61 83104119127127122114108105108117130143151151142123 99 75 55261016SG 732128173115299999999999999 022 2812 210599999999999999
 41 37 41 53 69 87103114120120117113110110114122132141144140129111 91 72261017SG 83412118 214499999999999999 1 1 37123311099999999999999
 57 48 46 50 60 73 87 99109114117117116115115118123129133134129118104 89261018SG1032117183713499999999999999 149 46132011499999999999999
 75 64 56 54 56 63 73 84 96105113118120120119117117118121123123119113103261019SG1225121193112399999999999999 259 54153811799999999999999
 93 81 71 63 59 59 63 71 82 95107117123126124120114110108109111114115113261020SG13 3126215011599999999999999 433 58181210899999999999999
108100 89 78 67 60 58 62 71 84 99113125131130124115105 98 94 96102109115261021SG1327131999999999999999999999 554 5819 9 9499999999999999
118116109 96 82 69 60 57 62 74 90108124134136130118103 89 80 78 84 95109261022SG 0 9118134613799999999999999 651 571945 7899999999999999
121128126117101 84 69 60 59 67 83103122136142138124105 85 68 60 63 75 94261023SG 12012814 414299999999999999 735 582017 6099999999999999
114130138135123104 85 70 63 65 78 98119137147145132111 85 62 46 42 51 71261024SG 214138142214899999999999999 813 622049 4199999999999999
 97122140147141126106 86 73 69 77 94116137151153142120 92 62 38 25 27 44261025SG 3 3147144115399999999999999 849 692122 2499999999999999
 71102130147152144127107 89 79 81 93113135152159153133104 70 39 17 10 19261026SG 35115215 215999999999999999 923 782157 1099999999999999
 42 75108135151153143126107 93 88 95111132152163162147120 86 50 21  3  2261027SG 438154152616499999999999999 955 882234  099999999999999
 17 46 80112137149149138123108 99100111129148163167159137105 69 36 10 -2261028SG 5281501552167999999999999991026 982314 -299999999999999
  2 22 51 84113134143141132120109106111124142158167165151125 93 58 28  8261029SG 61914316211689999999999999910561062357  199999999999999
  1  9 29 57 86110127134132125117112112120134149160164158140114 84 54 30261030SG 7161341654164999999999999991126111999999999999999999999
 14 11 20 38 62 86106119125125121117115117125137148155155147130107 81 57261031SG 826125173215699999999999999 046 10115911599999999999999
 37 26 24 31 46 65 84101113119120119117117119125133140144142135121103 842611 1SG10 2120181814499999999999999 142 23125011799999999999999
 65 50 39 37 41 53 68 84 991101171211201181161161171211251281281241161052611 2SG1129121192912999999999999999 251 37144211599999999999999
 92 77 63 53 48 50 58 71 861011131211241231181121061041041071111151171162611 3SG1211124221011799999999999999 412 48172310499999999999999
111101 88 75 63 57 57 64 77 93108120128129124114102 92 85 84 88 961061152611 4SG1239129999999999999999999999 528 561843 8499999999999999
119119111 99 84 72 64 64 72 86103119131136132121105 87 73 65 64 72 861022611 5SG 02312013 413699999999999999 629 631931 6399999999999999
117126127120106 91 77 70 72 82 99117133142141131113 91 69 52 45 49 62 832611 6SG 137128132814399999999999999 718 702010 4599999999999999
105123134134126111 94 81 76 81 95114132145149142124100 73 49 33 30 39 592611 7SG 233135135214999999999999999 8 0 762046 2999999999999999
 85111131140139128112 96 85 84 93109129145154151137112 83 54 31 19 21 372611 8SG 321141141615499999999999999 838 832120 1899999999999999
 63 93119138145140127111 97 89 92105124142155157147126 96 65 36 17 11 212611 9SG 4 5145144215899999999999999 913 892152 1199999999999999
 43 72102127142145138124108 97 94102117136152159155138111 79 47 23  9 11261110SG 44514615 916099999999999999 947 942224  899999999999999
 27 53 83112133143142133119105 98100111128145157158147125 95 63 34 15  9261111SG 5241441537159999999999999991020 972256  999999999999999
 17 37 65 94118135140136126113103100106119136151157152136110 79 50 27 14261112SG 6 314016 71579999999999999910521002329 1399999999999999
 14 27 50 76101121133135129119109102103112126141151152142122 96 67 42 25261113SG 6431351638153999999999999991124102999999999999999999999
 19 24 39 61 85106121129128122114106103107116129141146143130109 84 59 40261114SG 726129171014799999999999999 0 3 19115910399999999999999
 28 27 35 51 70 91108119124123117111106105110118128136138132118 98 76 57261115SG 815124174513899999999999999 039 26124110599999999999999
 42 35 36 45 60 77 94108117121120116111107106110116123127127120107 91 74261116SG 915121182612899999999999999 120 34133910699999999999999
 58 48 43 46 54 67 82 97109117120120116111106104105109113116116111101 89261117SG1020121192511699999999999999 2 9 43151010499999999999999
 76 64 56 52 54 61 73 86100112119123121116109102 97 95 96100104106105101261118SG1113123211610699999999999999 3 8 5217 4 9599999999999999
 93 83 73 65 60 61 68 79 92106117125127123114103 92 83 79 80 86 94101106261119SG1150127233310799999999999999 418 601816 7999999999999999
106101 93 83 74 69 69 75 86100114126131130121107 91 76 64 60 64 74 88101261120SG1219132999999999999999999999 530 6819 3 6099999999999999
112115112104 93 82 76 76 83 96111126135137131116 96 74 55 43 40 49 66 86261121SG 1 3115124613899999999999999 631 751942 4099999999999999
106120126124114102 90 84 85 94108124138144141128106 79 53 32 21 23 38 62261122SG 210127131314599999999999999 723 832020 2099999999999999
 89113130137133122109 97 92 95106122138149151142121 93 61 31 11  3 11 32261123SG 3 7137134115299999999999999 810 922059  399999999999999
 62 94121138143139127113103 99105119136151159155139112 78 43 13 -6 -8  5261124SG 4 0143141315999999999999999 852 992140 -999999999999999
 32 65 99126142146140128115107107116131148161164155133101 64 28  0-14-12261125SG 451146144816499999999999999 9311062222-1599999999999999
  6 36 70103128141144137126115110113124141156166165151126 91 54 20 -5-15261126SG 54214415261679999999999999910 910923 7-1599999999999999
 -9 12 42 76106127138138131121113111117130146160166161145117 83 48 17 -3261127SG 63313916 71669999999999999910481112353 -999999999999999
 -9  0 22 51 81107124132131125116110110118131145157160153135109 77 46 21261128SG 7221331651160999999999999991130109999999999999999999999
  5  3 14 35 61 87108122127125119111106107115127139148149141125101 75 49261129SG 811127174015099999999999999 040  2122010699999999999999
 29 18 19 30 48 71 93110120123120114106102102108117127133134128115 97 76261130SG 857123183813599999999999999 128 17132610199999999999999
 57 41 34 36 46 63 82100114122123118110102 95 94 96103110116118115107 952612 1SG 940123195711899999999999999 218 331452 9499999999999999
 81 66 55 50 53 62 76 93108120125124117107 96 87 82 81 85 91 981041061042612 2SG102012522 210699999999999999 311 501637 8199999999999999
 98 88 78 69 66 68 76 89104117126129126117103 89 76 67 63 66 74 84 941022612 3SG1058129999999999999999999999 410 6518 2 6399999999999999
105104 98 90 82 79 80 88100114126134134128114 97 78 61 50 46 50 60 75 912612 4SG 012105113613599999999999999 514 7819 1 4699999999999999
103111112108100 93 88 90 98110124134140137127110 88 65 46 33 30 38 53 732612 5SG 141113121314099999999999999 617 881946 3099999999999999
 93110119121116108 99 95 97106118132142144138123102 76 51 30 19 20 32 532612 6SG 244121125114499999999999999 714 952026 1899999999999999
 77101119128128122112103 98102112126139147147136117 91 62 36 17 10 16 342612 7SG 333129132814899999999999999 8 4 9821 2 1099999999999999
 59 86111128135132123112103100106118133145151146131107 78 48 23  7  6 182612 8SG 41413514 515199999999999999 8491002137  599999999999999
 40 69 97120134138132121109101101110124139150152143123 95 64 34 13  3  72612 9SG 451138144215299999999999999 9301002211  399999999999999
 25 51 80107127137137128116105 99103114130144152150136112 81 50 24  7  4261210SG 52613815181539999999999999910 7 992245  399999999999999
 14 35 63 92116131136132121109100 98105119135147152144126 99 68 39 17  6261211SG 6 11361554152999999999999991043 982318  699999999999999
  9 24 48 75101121132132125114103 97 98108123138147147135114 85 56 31 14261212SG 6351331629148999999999999991119 962351 1099999999999999
 10 18 36 61 87109124130127118107 98 95 99110125137143138124100 73 47 27261213SG 7 913017 5143999999999999991156 95999999999999999999999
 17 18 30 50 74 97115125127121111101 94 93 99111123133134127111 88 63 42261214SG 743127174313599999999999999 023 161237 9399999999999999
 28 23 29 44 64 86105119125123116106 96 90 91 97107118124123115 99 79 59261215SG 816125182712599999999999999 056 231326 9099999999999999
 43 34 34 43 59 78 97113122125120111100 91 86 86 91 99108112112105 92 76261216SG 849125192411399999999999999 130 331427 8599999999999999
 61 50 45 48 58 73 90106119125124117106 94 84 78 77 80 87 95101102 98 90261217SG 923125204810299999999999999 2 7 451543 7699999999999999
 79 69 61 59 63 73 86101115124127124114101 87 75 66 63 65 72 82 90 96 98261218SG 9571272248 9899999999999999 252 5917 4 6399999999999999
 94 88 81 76 74 78 86 98111122129130123111 95 78 62 50 45 48 57 70 83 95261219SG1034130999999999999999999999 349 741811 4599999999999999
102104101 96 91 89 91 98108120130135133124108 88 66 46 32 26 30 43 61 80261220SG 051104111513599999999999999 5 4 8919 6 2699999999999999
 98110115115110105101101107117128137141137125105 80 53 30 14  8 15 32 56261221SG 22211612 114199999999999999 6251001956  899999999999999
 81103119126126121114109108114125136145148142125101 71 40 14 -3 -6  4 26261222SG 328127125014899999999999999 7321082044 -799999999999999
 55 84110127134133126118112112119131144153155146126 97 63 28  1-15-15 -1261223SG 421135134115599999999999999 8281112132-1799999999999999
 25 58 90116132138135127117111113122136150160160148125 92 55 19 -8-21-18261224SG 5 7138143216199999999999999 9171112218-2299999999999999
  0 30 64 96121135138132122112108111123139154163162147121 86 48 13-11-21261225SG 54913815221649999999999999910 310823 4-2199999999999999
-13  8 39 73103124134134125114104101108122139155162159142114 79 43 12 -8261226SG 62613516131639999999999999910491012347-1399999999999999
-13 -1 23 54 85110127132127116103 95 94102118136150156150133105 73 40 15261227SG 65813217 3156999999999999991136 93999999999999999999999
  1  2 17 41 71 98118128128119106 93 85 86 95111127140144137121 96 68 42261228SG 727129175514499999999999999 027 -11226 8499999999999999
 23 16 21 39 63 88110124128123111 96 83 76 78 87101115125128122108 88 66261229SG 754129185112899999999999999 1 4 161321 7699999999999999
 48 36 35 44 62 84105121129128118104 88 75 68 69 76 87 99108111107 97 84261230SG 820130195811199999999999999 138 341424 6899999999999999
 69 58 52 56 67 85104120131133127114 98 81 67 59 58 63 72 82 91 95 95 91261231SG 8451332129 9699999999999999 2 7 521540 5899999999999999
