 26 23 18 12  7  2 -1 -3 -2  2  6 12 16 19 21 22 22 22 22 23 24 26 29 3026 1 1SN2332 31999999999999999999999 7 6 -3999999999999999999999
 30 28 24 18 12  5  0 -4 -6 -4  0  6 12 17 20 22 23 23 23 23 24 25 27 3026 1 2SN9999999999999999999999999999 8 3 -6999999999999999999999
 32 32 30 25 19 11  4 -2 -6 -8 -6 -1  5 12 17 21 22 23 22 22 22 23 24 2726 1 3SN 030 321642 2399999999999999 858 -81916 2299999999999999
 30 33 33 30 25 18 10  2 -4 -7 -9 -6 -1  6 12 17 20 21 21 20 20 20 21 2326 1 4SN 129 331711 2199999999999999 950 -92016 2099999999999999
 26 30 32 32 29 24 17  8  1 -4 -8 -8 -5  0  7 13 17 19 19 19 17 17 17 1826 1 5SN 227 321740 20999999999999991039 -92118 1799999999999999
 20 24 28 30 30 27 21 14  7  0 -5 -7 -7 -3  3  9 14 17 18 17 16 15 14 1426 1 6SN 321 3018 9 18999999999999991124 -72230 1499999999999999
 15 18 21 25 27 26 23 18 11  5  0 -4 -5 -4  0  6 11 14 16 17 15 13 12 1126 1 7SN 414 271838 179999999999999912 5 -52344 1199999999999999
 11 12 15 18 21 22 21 19 14  9  4  1 -1 -2  0  4  9 13 15 16 15 14 12 1026 1 8SN 5 5 2219 6 16999999999999991241 -2999999999999999999999
  9  9 10 12 15 17 18 17 15 11  8  5  3  2  2  5  9 12 15 16 16 15 13 1126 1 9SN 559 181932 1699999999999999 054  913 8  299999999999999
  9  8  7  8  9 11 13 13 13 12  9  8  6  6  6  7 10 13 15 17 17 16 15 1226 110SN 7 7 131956 1799999999999999 2 3  71319  699999999999999
 10  8  6  5  6  7  8 10 10 11 10  9  9  9  9 10 12 14 16 18 18 18 17 1526 111SN 852 112018 1899999999999999 314  51236  999999999999999
 12  9  7  5  4  4  5  6  8  9 10 10 11 11 12 13 14 16 17 19 20 20 19 1726 112SN2041 20999999999999999999999 428  4999999999999999999999
 15 12  9  6  4  3  3  4  5  7  9 11 12 13 14 15 16 17 19 20 21 21 21 2026 113SN2112 21999999999999999999999 535  3999999999999999999999
 18 15 11  8  5  3  2  2  3  5  8 10 13 14 16 17 18 18 19 20 21 22 23 2226 114SN2156 23999999999999999999999 627  2999999999999999999999
 20 18 14 11  7  4  1  0  1  3  6  9 12 15 16 18 18 19 19 20 21 22 23 2426 115SN2251 24999999999999999999999 710  0999999999999999999999
 23 21 18 14 10  5  2  0 -1  0  3  7 10 14 16 18 18 18 19 19 20 21 23 2426 116SN2348 24999999999999999999999 749 -1999999999999999999999
 24 23 21 17 13  8  3  0 -2 -2  0  3  8 12 15 17 18 18 18 18 18 19 21 2326 117SN9999999999999999999999999999 828 -3999999999999999999999
 24 25 23 20 16 11  5  0 -3 -4 -3  0  4  9 13 15 17 17 16 16 16 17 18 2026 118SN 042 251638 1799999999999999 9 7 -41923 1699999999999999
 23 24 24 23 19 14  8  2 -3 -5 -6 -4  0  5 10 13 15 15 15 14 13 14 15 1726 119SN 131 251652 1599999999999999 945 -620 9 1399999999999999
 20 23 24 24 21 16 11  4 -1 -5 -7 -7 -4  1  6 10 13 14 14 12 11 11 11 1326 120SN 216 241712 14999999999999991021 -72056 1199999999999999
 15 19 22 23 22 18 13  7  1 -4 -7 -8 -6 -2  3  8 11 13 13 12 10  9  9  926 121SN 259 231732 13999999999999991055 -82147  999999999999999
 11 14 18 21 21 19 16 10  4 -1 -5 -6 -6 -4  1  6 10 12 13 12 10  8  7  626 122SN 342 211753 13999999999999991128 -72247  699999999999999
  7  9 13 16 19 18 16 13  8  3 -1 -4 -5 -3  0  5  9 12 13 13 11  8  6  526 123SN 428 191813 13999999999999991157 -52352  499999999999999
  4  5  7 11 14 16 16 14 10  6  2  0 -1 -1  1  5  9 13 14 14 13 10  7  526 124SN 520 161834 15999999999999991221 -1999999999999999999999
  3  2  3  6  9 12 13 13 12  9  6  4  3  3  4  6 10 13 16 16 16 13 10  626 125SN 627 131858 1699999999999999 059  21236  399999999999999
  3  2  1  1  3  6  9 11 11 11  9  8  7  7  8  9 12 15 17 18 18 17 14 1026 126SN 8 4 111928 1999999999999999 2 8  11231  799999999999999
  6  3  0 -1 -1  1  4  6  8 10 11 11 11 11 12 13 14 16 18 20 21 20 18 1526 127SN20 8 21999999999999999999999 323 -1999999999999999999999
 11  6  2 -1 -3 -3 -2  1  4  7  9 11 13 14 14 15 16 17 19 21 22 23 22 2026 128SN21 3 23999999999999999999999 444 -3999999999999999999999
 16 12  7  2 -2 -4 -5 -5 -2  2  6  9 12 14 16 17 17 18 19 20 22 23 24 2426 129SN2213 24999999999999999999999 6 1 -5999999999999999999999
 21 18 13  7  2 -3 -6 -8 -7 -4  1  6 10 13 16 17 17 18 18 19 20 22 24 2526 130SN2326 25999999999999999999999 7 8 -8999999999999999999999
 25 23 19 13  7  1 -5 -8-10 -9 -5  0  6 11 14 16 17 16 16 16 17 18 21 2426 131SN9999999999999999999999999999 8 5-10999999999999999999999
 26 26 24 19 13  6 -1 -6-10-11-10 -5  1  7 11 14 15 15 14 13 13 14 16 1926 2 1SN 034 261614 1599999999999999 856-111935 1399999999999999
 23 25 26 23 18 12  4 -3 -8-11-12 -9 -4  3  8 12 14 14 12 11 10 10 11 1326 2 2SN 134 261629 1499999999999999 941-122037 1099999999999999
 17 22 24 24 22 16 10  2 -4 -9-11-11 -7 -1  5 10 12 13 12  9  8  7  6  826 2 3SN 229 241649 13999999999999991022-112137  699999999999999
 11 15 20 22 21 19 13  7  0 -5 -8-10 -8 -3  3  8 11 12 12  9  7  5  4  326 2 4SN 320 221711 12999999999999991058-102236  399999999999999
  5  9 13 17 19 18 15 10  4 -1 -5 -7 -7 -4  1  7 10 12 12 10  7  4  2  126 2 5SN 410 191733 12999999999999991129 -72331  199999999999999
  1  3  7 11 14 15 14 11  7  2 -1 -3 -3 -2  2  6 10 12 13 12  9  6  3  126 2 6SN 5 0 151753 13999999999999991152 -3999999999999999999999
  0  0  2  5  9 11 11 10  8  5  2  1  1  1  3  7 10 13 14 13 11  8  5  226 2 7SN 554 111811 1499999999999999 025  01159  199999999999999
  0 -1  0  1  4  6  8  8  8  6  5  4  4  5  6  9 11 14 15 15 13 11  8  426 2 8SN 7 2  81825 1599999999999999 118 -11131  499999999999999
  2  0 -1 -1  1  3  4  6  6  6  6  6  7  7  9 11 13 15 16 16 15 13 10  726 2 9SN1840 16999999999999999999999 215 -1999999999999999999999
  4  2  0 -1 -1  0  2  3  4  6  7  7  8 10 11 12 14 16 17 17 17 15 13 1026 210SN1859 17999999999999999999999 321 -1999999999999999999999
  7  5  2  0 -1 -1  0  1  2  4  6  8  9 11 12 13 15 16 17 18 18 17 16 1326 211SN1933 18999999999999999999999 439 -1999999999999999999999
 11  8  5  2  0 -2 -2 -2  0  2  5  7  9 11 13 14 15 15 16 17 18 18 17 1626 212SN2041 18999999999999999999999 551 -2999999999999999999999
 14 11  8  4  1 -2 -3 -4 -3 -1  2  5  8 11 12 13 14 14 15 16 16 17 18 1726 213SN2218 18999999999999999999999 646 -4999999999999999999999
 16 14 11  7  3 -1 -4 -5 -5 -4 -1  3  6  9 11 12 13 13 13 13 14 15 17 1826 214SN2336 18999999999999999999999 731 -5999999999999999999999
 18 17 14 10  6  1 -3 -6 -7 -7 -4 -1  4  7 10 11 12 11 11 11 11 12 14 1626 215SN1552 12999999999999999999999 811 -71843 1199999999999999
 18 18 16 13  9  3 -2 -6 -9 -9 -8 -4  1  5  8 10 10 10  9  8  8  9 11 1326 216SN 036 181551 1099999999999999 848 -91933  899999999999999
 16 18 18 16 12  7  1 -5 -8-10-10 -7 -3  2  6  9 10  9  7  6  5  5  6  926 217SN 126 1816 0 1099999999999999 923-112021  599999999999999
 13 16 18 17 14 10  4 -2 -7-10-11 -9 -5  0  5  8  9  9  7  4  2  1  2  426 218SN 212 181613  999999999999999 956-1121 9  199999999999999
  8 12 16 17 16 13  7  1 -4 -8-10 -9 -7 -2  4  8 10  9  8  4  1 -1 -1 -126 219SN 258 171627 10999999999999991027-1022 0 -199999999999999
  2  7 12 15 16 14 11  5  0 -4 -7 -7 -6 -2  3  8 10 11  9  6  2 -1 -3 -426 220SN 347 161644 11999999999999991055 -72253 -499999999999999
 -3  1  6 11 13 14 12  9  4  0 -3 -4 -3 -1  3  8 12 13 12  9  5  0 -3 -526 221SN 441 1417 2 13999999999999991120 -42349 -699999999999999
 -6 -4  0  5  9 11 11 10  7  4  2  1  1  2  5  9 13 15 14 12  9  4 -1 -426 222SN 546 121726 15999999999999991134  0999999999999999999999
 -6 -7 -5 -1  3  6  9  9  9  7  5  5  5  5  7 10 14 16 17 16 13  9  4 -126 223SN 7 6  91754 1799999999999999 048 -71123  599999999999999
 -4 -7 -7 -6 -3  1  4  6  8  8  8  8  8  9 10 12 14 17 18 18 16 13  9  426 224SN1830 18999999999999999999999 152 -7999999999999999999999
  0 -4 -6 -7 -7 -5 -2  1  4  6  8  9 10 11 12 13 15 16 18 19 18 17 14 1026 225SN1921 19999999999999999999999 3 7 -7999999999999999999999
  5  1 -3 -6 -8 -8 -7 -4 -1  3  6  8 10 12 13 14 14 15 17 18 18 19 18 1526 226SN2039 19999999999999999999999 435 -8999999999999999999999
 11  7  2 -2 -6 -9 -9 -9 -6 -2  2  6  9 11 12 13 13 14 14 15 16 18 19 1826 227SN2212 19999999999999999999999 559 -9999999999999999999999
 16 13  8  3 -2 -7-10-11-10 -7 -3  2  6  9 11 12 12 11 11 12 13 14 17 1826 228SN2334 19999999999999999999999 7 4-11999999999999999999999
 19 17 13  8  3 -3 -8-11-12-11 -7 -2  3  7  9 10 10  9  8  8  8 10 12 1626 3 1SN1512 10999999999999999999999 756-1219 8  899999999999999
 18 18 17 13  8  1 -4 -9-12-12-10 -5  0  5  8  9  9  8  6  4  4  5  7 1126 3 2SN 041 191517 1099999999999999 840-1220 2  499999999999999
 15 17 18 16 12  6  0 -6-10-12-11 -8 -2  3  7  9  9  7  5  2  1  0  1  426 3 3SN 139 181530  999999999999999 919-122052  099999999999999
  9 14 16 16 14 10  4 -2 -6 -9-10 -8 -4  2  6  9 10  8  5  2 -1 -3 -3 -126 3 4SN 232 161547 1099999999999999 952-102140 -399999999999999
  3  8 12 14 14 12  7  2 -3 -6 -8 -7 -4  1  6  9 10  9  7  3 -1 -4 -5 -526 3 5SN 323 1416 5 10999999999999991020 -82225 -599999999999999
 -2  2  7 11 12 12  9  5  1 -2 -4 -4 -3  1  6 10 11 11  9  5  1 -3 -5 -626 3 6SN 414 121622 11999999999999991042 -423 9 -699999999999999
 -6 -3  2  6  9 10  9  7  4  1 -1 -1  0  3  7 10 12 12 11  8  3 -1 -4 -626 3 7SN 5 7 101638 13999999999999991051 -12351 -799999999999999
 -7 -5 -2  2  5  7  8  7  5  4  2  2  3  5  8 11 13 14 13 10  6  2 -2 -426 3 8SN 6 3  81652 14999999999999991036  2999999999999999999999
 -6 -6 -4 -1  2  4  6  6  6  5  5  5  6  7  9 12 14 15 14 12  9  5  1 -226 3 9SN 7 8  617 5 1599999999999999 034 -61011  599999999999999
 -4 -5 -5 -3 -1  1  3  5  6  6  6  6  8  9 10 12 14 15 15 14 12  8  5  126 310SN1720 15999999999999999999999 121 -5999999999999999999999
 -2 -4 -5 -4 -3 -1  1  2  4  5  6  7  8 10 11 13 14 15 15 15 13 11  8  426 311SN1741 15999999999999999999999 217 -5999999999999999999999
  1 -1 -3 -4 -4 -3 -2  0  2  4  5  7  8 10 11 12 13 14 15 14 14 12 10  726 312SN1816 15999999999999999999999 330 -4999999999999999999999
  5  2 -1 -3 -4 -5 -4 -3 -1  1  4  6  8  9 10 11 12 12 13 13 13 13 12 1026 313SN1934 13999999999999999999999 458 -5999999999999999999999
  8  5  2 -1 -4 -6 -6 -6 -4 -2  1  4  7  8  9 10 10 10 10 11 11 12 12 1226 314SN2150 12999999999999999999999 6 6 -6999999999999999999999
 10  8  5  1 -2 -5 -7 -8 -7 -5 -2  2  5  7  8  9  8  8  8  8  9 10 11 1226 315SN1455  92321 1299999999999999 656 -818 5  899999999999999
 12 10  8  4  0 -4 -7 -9 -9 -8 -4  0  3  6  7  8  7  6  5  4  5  6  9 1126 316SN1441  8999999999999999999999 736-101854  499999999999999
 13 12 11  7  3 -2 -6 -9-10-10 -7 -3  2  5  7  7  6  4  2  1  1  2  5  826 317SN 025 131441  799999999999999 812-101938  199999999999999
 11 13 13 11  7  2 -3 -7 -9-10 -8 -4  1  5  7  8  6  4  1 -2 -3 -3 -1  326 318SN 119 131447  899999999999999 846-102021 -399999999999999
  8 12 14 13 10  6  1 -4 -7 -8 -8 -5  0  5  8  9  8  5  1 -3 -5 -6 -6 -326 319SN 211 141458  999999999999999 918 -921 7 -699999999999999
  3  8 12 14 13 10  5  1 -3 -5 -6 -4  0  5  9 11 10  8  3 -2 -6 -9 -9 -826 320SN 3 6 141514 1199999999999999 948 -62155 -999999999999999
 -4  2  8 12 13 12  9  5  1 -1 -2 -2  1  6 10 13 13 11  7  2 -4 -8-11-1126 321SN 4 6 131535 14999999999999991015 -22246-1299999999999999
 -9 -4  2  7 11 12 11  9  6  3  2  2  3  7 11 15 16 15 12  7  0 -6-10-1226 322SN 511 1216 1 16999999999999991034  22339-1399999999999999
-12-10 -5  1  6  9 11 10  9  7  6  6  7  8 12 15 18 18 16 12  6  0 -6-1026 323SN 622 111631 18999999999999991030  6999999999999999999999
-12-12-10 -5  0  4  7  9  9  9  8  9  9 10 12 15 18 19 18 16 12  6  0 -526 324SN 745  917 8 1999999999999999 037-1210 1  899999999999999
 -9-11-11 -9 -6 -2  2  5  7  8  9 10 11 12 13 14 16 18 18 18 15 11  6  126 325SN1754 18999999999999999999999 140-12999999999999999999999
 -3 -7-10-10 -9 -7 -4  0  3  6  8  9 11 12 13 13 14 16 17 17 17 15 12  726 326SN19 2 17999999999999999999999 256-10999999999999999999999
  3 -1 -5 -8-10-10 -8 -5 -1  2  5  8 10 11 12 12 12 12 13 14 15 15 14 1226 327SN2041 15999999999999999999999 423-10999999999999999999999
  8  4  0 -4 -7 -9-10 -8 -5 -2  2  6  8  9 10 10 10  9  9 10 11 13 14 1426 328SN1418 102222 1499999999999999 542-101726  999999999999999
 12  9  5  1 -4 -7 -9-10 -8 -5  0  4  7  8  9  8  7  6  5  5  6  9 11 1326 329SN1359  92344 1399999999999999 642-101833  599999999999999
 13 12  9  5  1 -4 -7 -9 -9 -7 -3  2  5  8  8  8  6  4  2  1  2  3  6 1026 330SN1359  8999999999999999999999 729 -91922  199999999999999
 12 13 12  9  5  0 -4 -7 -8 -7 -4  1  5  8  9  8  6  3  0 -1 -2 -2  1  526 331SN 050 1314 7  999999999999999 8 8 -820 7 -299999999999999
  9 12 12 11  8  4  0 -4 -6 -6 -4  0  5  8 10 10  7  4  0 -3 -5 -5 -4  026 4 1SN 147 121421 1099999999999999 840 -62049 -599999999999999
  5  9 11 12 10  7  3  0 -3 -4 -3  0  5  9 11 11 10  6  2 -3 -6 -7 -7 -526 4 2SN 242 121437 1199999999999999 9 7 -42128 -799999999999999
  0  5  9 11 11  9  6  3  1  0  0  1  5  9 12 13 12  9  4 -1 -5 -7 -9 -826 4 3SN 335 111454 1399999999999999 928 -122 5 -999999999999999
 -4  1  6  9 11 11  9  6  4  3  3  4  6 10 13 15 14 12  8  2 -3 -6 -8 -926 4 4SN 427 111512 1599999999999999 938  32242 -999999999999999
 -7 -3  2  6  9 10 10  8  6  5  5  6  8 11 14 16 16 14 11  6  0 -4 -7 -826 4 5SN 519 101529 1699999999999999 933  52318 -899999999999999
 -8 -5 -1  3  7  9 10  9  8  8  8  8 10 12 15 16 17 16 13  9  4 -1 -4 -726 4 6SN 612 101546 1799999999999999 923  72357 -899999999999999
 -8 -6 -3  0  4  6  8  9  9  9  9 10 11 12 15 17 17 17 15 12  7  3 -1 -426 4 7SN16 4 179999999999999999999999999999999999999999999999999
 -6 -6 -5 -2  1  4  6  8  8  9  9 10 11 13 14 16 17 17 16 13 10  6  2 -126 4 8SN1626 17999999999999999999999 040 -6999999999999999999999
 -4 -5 -5 -4 -2  1  3  5  7  8  9 10 11 12 13 15 16 16 15 14 12  9  5  226 4 9SN1653 16999999999999999999999 131 -5999999999999999999999
 -1 -3 -5 -5 -4 -2  0  2  4  6  8  9 10 11 12 13 14 14 14 14 12 10  8  526 410SN1731 14999999999999999999999 235 -5999999999999999999999
  2 -1 -3 -4 -5 -4 -3 -1  2  4  6  8  9 10 11 11 11 12 12 12 12 11  9  726 411SN19 3 12999999999999999999999 353 -5999999999999999999999
  5  2 -1 -3 -5 -5 -5 -3 -1  2  5  7  8  9  9  9  9  9  9  9 10 10 10  926 412SN1351  92121 1099999999999999 5 5 -51712  999999999999999
  7  5  2 -1 -4 -5 -6 -5 -3  0  3  6  8  9  9  8  7  6  5  6  7  8 10 1126 413SN1322  923 1 1199999999999999 559 -618 4  599999999999999
 10  8  5  2 -1 -4 -5 -6 -4 -2  2  5  8  9  8  7  5  3  2  2  3  5  8 1026 414SN1314  9999999999999999999999 642 -61844  299999999999999
 11 11  9  6  3 -1 -3 -5 -4 -2  2  6  9 10 10  8  5  2 -1 -2 -2  0  4  826 415SN 013 121316 1099999999999999 719 -51924 -299999999999999
 11 13 12 10  7  3  0 -2 -2 -1  2  6 10 12 12 10  6  2 -2 -5 -6 -5 -2  326 416SN 117 131327 1299999999999999 754 -220 8 -699999999999999
  9 12 14 14 12  8  5  2  1  1  3  7 11 15 15 14 10  5 -1 -6 -9 -9 -8 -326 417SN 221 141345 1599999999999999 827  12054 -999999999999999
  3  9 13 15 15 13 10  7  5  5  5  8 13 17 18 18 15  9  3 -4 -8-11-12 -926 418SN 327 151411 1899999999999999 857  52144-1299999999999999
 -4  3  9 13 16 16 14 11  9  8  9 10 13 18 21 21 19 15  9  1 -5-10-13-1326 419SN 432 161442 2199999999999999 921  82236-1399999999999999
-10 -4  3  9 13 15 16 14 12 12 12 12 14 18 21 23 23 20 15  8  1 -6-10-1326 420SN 538 161518 2399999999999999 928 122330-1399999999999999
-13-10 -4  3  8 12 14 15 14 14 14 14 15 17 20 23 24 23 20 15  8  1 -5 -926 421SN 649 151559 2499999999999999 918 14999999999999999999999
-12-12 -9 -4  2  6 10 13 14 14 14 15 16 17 18 21 23 23 22 19 14  8  2 -326 422SN1648 23999999999999999999999 028-12999999999999999999999
 -7-10-10 -8 -4  1  5  9 11 13 13 14 15 16 16 18 19 21 21 20 17 13  8  326 423SN1749 21999999999999999999999 132-10999999999999999999999
 -1 -5 -8 -8 -7 -4  0  4  8 10 12 13 14 14 14 14 15 16 17 18 18 16 13  926 424SN19 9 18999999999999999999999 242 -8999999999999999999999
  5  0 -3 -6 -6 -5 -3  1  4  7 10 12 12 13 12 12 11 12 13 14 15 15 14 1226 425SN1246 132048 1599999999999999 357 -616 9 1199999999999999
  9  6  2 -1 -4 -5 -4 -2  2  5  8 11 12 12 11 10  8  8  8  9 10 12 13 1326 426SN1231 122230 1399999999999999 5 4 -51731  799999999999999
 12 10  6  3  0 -2 -3 -2  1  4  8 10 12 12 11  9  7  5  4  4  5  8 10 1226 427SN1232 122354 1399999999999999 558 -31828  499999999999999
 13 12 10  7  4  2  0  0  1  4  8 11 13 13 12  9  6  4  1  0  1  3  6  926 428SN1241 13999999999999999999999 641  01915  099999999999999
 12 13 12 10  8  5  3  2  3  5  8 12 14 15 14 11  8  4  1 -1 -2 -1  2  626 429SN 1 4 131255 1599999999999999 714  21956 -299999999999999
 10 12 13 13 11  9  7  5  5  6  9 12 15 17 16 14 10  6  1 -2 -4 -4 -2  326 430SN 2 6 131312 1799999999999999 741  52033 -499999999999999
  7 11 13 14 13 12 10  9  8  9 10 14 17 19 19 17 13  9  4 -1 -3 -5 -4 -126 5 1SN 3 3 141331 1999999999999999 758  821 8 -599999999999999
  4  9 12 14 15 14 13 11 11 11 12 15 18 20 21 20 17 12  7  2 -2 -5 -5 -326 5 2SN 354 151352 2199999999999999 8 8 112141 -599999999999999
  1  6 11 14 16 16 15 14 13 13 14 16 18 21 22 22 20 16 10  5  0 -3 -5 -426 5 3SN 441 161414 2299999999999999 815 132215 -599999999999999
 -1  3  8 12 15 16 16 15 15 15 15 17 19 21 23 23 22 19 14  9  3 -1 -3 -426 5 4SN 527 161437 2499999999999999 824 152252 -499999999999999
 -3  1  5  9 13 15 16 16 16 16 16 17 19 21 23 24 23 21 17 12  7  2 -1 -326 5 5SN 616 1615 3 2499999999999999 830 152331 -399999999999999
 -3 -1  2  6 10 13 15 16 16 16 16 17 18 20 22 23 23 22 19 15 10  5  1 -126 5 6SN1531 239999999999999999999999999999999999999999999999999
 -3 -2  0  3  7 10 12 14 15 15 16 16 17 19 20 22 22 22 20 17 13  8  4  126 5 7SN16 3 22999999999999999999999 014 -3999999999999999999999
 -1 -2 -1  1  4  7 10 12 13 14 15 16 16 17 18 19 20 20 19 18 15 11  7  426 5 8SN1641 20999999999999999999999 1 2 -2999999999999999999999
  1 -1 -1  0  1  4  7  9 11 13 14 15 15 16 16 17 17 18 18 17 16 13 10  726 5 9SN1736 18999999999999999999999 155 -1999999999999999999999
  4  2  0  0  0  2  4  7 10 12 13 14 14 14 14 14 14 15 15 16 15 14 12 1026 510SN19 4 16999999999999999999999 254  0999999999999999999999
  7  4  2  1  0  1  3  6  9 11 13 14 14 14 13 12 12 12 12 13 14 14 14 1226 511SN1147 142058 1499999999999999 352  01640 1199999999999999
 10  8  5  3  2  2  3  5  8 11 13 15 15 14 12 11  9  8  8  9 11 13 14 1526 512SN1137 152244 1599999999999999 443  21733  899999999999999
 14 12 10  7  5  4  4  6  8 12 15 16 17 16 13 10  8  6  4  5  7 10 13 1526 513SN1141 17999999999999999999999 529  41817  499999999999999
 16 16 14 12 10  8  7  8 10 13 16 19 20 19 16 12  8  4  2  1  2  5  9 1426 514SN 010 161156 2099999999999999 6 9  719 2  199999999999999
 17 18 18 17 15 13 12 11 12 14 18 21 23 23 20 16 11  5  1 -2 -3 -1  3  926 515SN 128 191219 2399999999999999 646 111950 -399999999999999
 14 18 20 21 20 18 16 15 15 17 19 23 26 27 25 21 16  9  3 -2 -5 -6 -3  226 516SN 242 211250 2799999999999999 720 152041 -699999999999999
  9 15 20 22 23 22 20 19 19 19 21 24 28 30 30 27 22 15  8  1 -4 -7 -7 -426 517SN 350 231327 3099999999999999 749 192133 -899999999999999
  2  9 16 20 23 24 23 22 21 21 22 24 27 31 33 32 28 23 15  7  0 -5 -8 -826 518SN 454 2414 9 3399999999999999 811 212228 -899999999999999
 -4  2  9 15 20 23 23 23 22 22 23 24 26 29 32 33 32 28 22 15  7  0 -5 -726 519SN 557 231457 3399999999999999 828 222324 -899999999999999
 -7 -3  3  9 15 19 21 22 22 22 22 23 24 26 29 32 33 31 28 22 14  7  1 -326 520SN1551 339999999999999999999999999999999999999999999999999
 -6 -5 -2  3  9 14 18 20 21 21 21 22 22 23 25 28 30 30 29 26 21 14  8  326 521SN1651 30999999999999999999999 022 -6999999999999999999999
 -1 -3 -3  0  5  9 14 17 19 20 20 20 20 20 21 22 24 26 27 26 23 19 14  926 522SN1758 27999999999999999999999 121 -3999999999999999999999
  5  1  0  0  2  6 10 14 17 18 19 19 19 18 18 18 19 20 22 23 23 21 18 1426 523SN1029 191914 2399999999999999 220  01423 1899999999999999
 10  7  4  3  3  5  9 12 15 17 19 19 18 17 16 15 14 15 16 18 19 20 19 1726 524SN1037 192050 2099999999999999 317  31555 1499999999999999
 14 12  9  7  6  7  9 12 15 17 19 20 19 17 15 13 12 11 11 13 15 16 18 1826 525SN1053 202236 1899999999999999 4 9  61710 1199999999999999
 17 15 13 11 10 10 11 13 15 18 20 21 21 19 17 14 11  9  8  9 10 13 15 1726 526SN1110 21999999999999999999999 453 101810  899999999999999
 18 17 16 15 14 13 13 14 17 19 22 23 23 21 19 15 12  9  7  6  7  9 12 1526 527SN 011 181129 2399999999999999 526 131858  699999999999999
 18 19 19 18 17 17 16 17 18 21 23 25 26 24 22 18 14 10  7  5  5  7 10 1326 528SN 137 191149 2699999999999999 549 161938  599999999999999
 17 19 20 21 20 20 19 20 21 22 25 27 28 27 25 22 17 13  8  6  4  5  7 1126 529SN 245 211211 2899999999999999 6 5 192012  499999999999999
 16 19 21 23 23 22 22 22 23 24 26 28 30 30 28 25 21 16 11  7  5  4  6  926 530SN 336 231236 3099999999999999 623 222046  499999999999999
 14 18 21 24 24 24 24 24 24 25 27 29 31 32 31 29 25 19 14  9  6  4  5  726 531SN 416 2413 5 3299999999999999 648 242120  499999999999999
 11 16 20 23 25 25 25 25 25 26 27 29 31 33 33 31 28 23 18 12  8  5  4  526 6 1SN 452 251336 3399999999999999 716 252156  499999999999999
  9 13 18 22 24 25 25 25 25 25 26 28 30 32 33 33 31 27 21 16 11  7  5  426 6 2SN 529 261411 3399999999999999 743 252234  499999999999999
  7 10 15 19 22 24 25 25 25 25 26 27 29 31 32 33 32 29 25 19 14  9  6  526 6 3SN1448 339999999999999999999992315  4999999999999999999999
  5  8 12 16 19 22 24 24 24 24 24 25 27 29 30 32 32 30 27 22 17 12  8  626 6 4SN1527 329999999999999999999992357  5999999999999999999999
  5  6  9 13 16 20 22 23 23 23 23 24 25 26 28 29 30 29 27 24 20 15 11  826 6 5SN16 7 309999999999999999999999999999999999999999999999999
  6  6  7 10 14 17 20 21 22 22 22 23 23 24 25 26 27 28 27 25 22 18 14 1026 6 6SN1653 28999999999999999999999 039  5999999999999999999999
  8  7  7  9 12 15 18 20 22 22 22 22 22 22 22 23 24 25 26 25 23 20 17 1326 6 7SN1749 26999999999999999999999 121  7999999999999999999999
 11  9  8  9 11 14 17 20 22 22 23 22 21 21 20 20 21 22 23 24 23 22 20 1726 6 8SN 935 2319 4 2499999999999999 2 2  81432 2099999999999999
 14 12 11 11 12 14 17 20 22 24 24 23 22 20 19 18 18 18 19 21 22 23 22 2026 6 9SN 946 242049 2399999999999999 242 111551 1899999999999999
 18 17 15 14 15 16 18 21 24 25 26 26 24 21 19 16 15 14 15 17 20 22 23 2326 610SN10 0 262244 2399999999999999 322 141653 1499999999999999
 23 21 20 19 18 19 20 23 25 28 29 29 27 24 20 17 14 12 11 12 15 19 22 2426 611SN1022 29999999999999999999999 4 2 181748 1199999999999999
 26 25 25 24 23 23 23 25 27 30 32 33 32 29 24 19 15 11  8  8 10 13 18 2326 612SN 028 261052 3399999999999999 444 231842  899999999999999
 26 28 29 28 27 27 27 28 29 32 35 37 37 34 30 24 18 12  8  6  5  8 12 1826 613SN 2 0 291129 3799999999999999 526 271937  599999999999999
 24 28 30 31 31 30 30 30 31 33 36 39 40 39 36 31 25 17 11  6  3  3  6 1226 614SN 314 311214 4099999999999999 6 7 302032  399999999999999
 18 24 29 31 33 32 32 31 32 33 35 38 41 43 42 38 32 25 17 10  5  2  2  526 615SN 414 3313 4 4399999999999999 648 312128  199999999999999
 12 19 25 29 32 33 32 32 32 32 34 36 39 43 44 42 39 32 25 16  9  4  1  226 616SN 5 6 3314 0 4499999999999999 729 322224  199999999999999
  6 12 19 25 29 31 32 31 31 31 32 33 36 39 42 43 42 38 32 24 16  9  5  226 617SN 553 321457 4399999999999999 816 312318  299999999999999
  3  7 13 19 25 28 30 30 30 29 29 30 31 34 38 40 42 40 36 30 23 16 10  626 618SN 637 301556 4299999999999999 917 29999999999999999999999
  4  5  9 15 20 25 28 29 29 28 27 27 27 29 31 35 37 38 37 34 28 22 16 1226 619SN 718 291656 3899999999999999 010  411 1 2799999999999999
  8  7  8 12 17 22 25 27 28 27 26 26 25 25 26 28 31 33 34 33 31 26 22 1726 620SN 755 281759 3499999999999999 1 0  71244 2599999999999999
 14 12 11 13 16 20 24 27 28 28 27 25 24 23 22 23 25 27 29 30 29 28 25 2226 621SN 828 281913 3099999999999999 146 1114 6 2299999999999999
 19 17 15 15 17 20 24 26 28 29 28 27 25 23 21 20 20 22 23 25 26 27 26 2426 622SN 859 292050 2799999999999999 227 151524 2099999999999999
 23 21 20 20 20 22 25 27 29 30 30 29 27 24 22 20 18 18 19 21 23 24 25 2626 623SN 927 312248 2699999999999999 3 0 201638 1899999999999999
 25 25 24 24 24 25 27 29 31 32 33 32 30 27 24 21 18 17 17 17 19 22 24 2626 624SN 953 33999999999999999999999 319 241743 1699999999999999
 27 27 27 27 27 28 29 31 32 34 35 35 33 30 27 23 20 17 16 16 17 19 22 2526 625SN1019 359999999999999999999991834 16999999999999999999999
 27 29 29 30 30 31 31 32 34 36 37 37 36 34 30 27 23 19 16 15 16 18 21 2426 626SN1047 379999999999999999999991915 15999999999999999999999
 27 30 31 32 32 33 33 34 35 37 38 39 39 37 34 30 26 21 18 16 15 16 19 2326 627SN1120 399999999999999999999991951 15999999999999999999999
 27 30 32 33 34 34 34 35 36 37 39 40 41 40 38 34 29 25 20 17 15 15 17 2126 628SN1158 419999999999999999999992027 15999999999999999999999
 25 29 32 34 34 35 34 35 35 37 38 40 42 42 40 38 33 28 23 18 15 14 15 1826 629SN1240 4299999999999999999999921 4 14999999999999999999999
 22 27 30 33 34 35 34 34 34 35 37 39 41 42 42 40 37 32 26 21 17 14 14 1526 630SN1324 429999999999999999999992143 14999999999999999999999
 19 24 28 31 33 34 34 33 33 34 35 37 39 41 42 42 39 35 30 24 19 15 13 1426 7 1SN 511 3414 7 4299999999999999 739 332222 1399999999999999
 16 20 25 29 31 33 33 32 32 32 33 34 36 39 41 42 40 37 32 27 21 17 14 1326 7 2SN 538 331449 4299999999999999 821 3223 1 1399999999999999
 14 17 21 26 29 31 32 32 31 31 31 32 33 36 38 40 40 38 34 30 24 19 16 1426 7 3SN 6 9 321530 4099999999999999 9 5 312338 1399999999999999
 13 15 19 23 27 30 31 31 31 30 29 30 31 32 35 37 38 38 35 32 27 22 18 1626 7 4SN 638 311612 3899999999999999 959 29999999999999999999999
 14 15 17 21 25 29 30 31 31 30 29 28 28 29 31 33 35 36 35 33 29 25 21 1826 7 5SN 7 6 311658 3699999999999999 013 141114 2899999999999999
 17 16 18 21 25 28 30 32 32 31 29 28 27 27 28 29 32 34 34 33 31 28 25 2226 7 6SN 729 321754 3499999999999999 044 161244 2799999999999999
 20 19 20 22 25 28 31 33 33 32 31 29 27 26 25 26 28 30 32 32 32 31 29 2626 7 7SN 750 331912 3299999999999999 112 1914 2 2599999999999999
 24 24 23 24 26 29 32 34 35 35 33 31 28 26 24 23 24 25 28 30 31 32 31 3026 7 8SN 813 3521 2 3299999999999999 136 231512 2399999999999999
 29 28 28 28 29 31 34 37 38 38 37 35 31 28 25 22 21 21 23 26 28 31 32 3326 7 9SN 841 382314 3399999999999999 156 281621 2199999999999999
 33 32 32 32 33 34 36 38 40 42 41 39 36 32 27 23 20 19 19 21 24 27 31 3426 710SN 918 42999999999999999999999 211 321728 1999999999999999
 35 36 36 36 36 37 38 40 42 44 45 44 41 37 32 27 22 18 16 16 18 22 27 3126 711SN10 5 459999999999999999999991831 16999999999999999999999
 35 37 38 39 39 39 40 41 42 45 47 48 47 44 39 33 26 21 16 14 14 16 21 2726 712SN11 1 489999999999999999999991932 14999999999999999999999
 32 36 39 40 40 40 40 41 42 44 46 49 50 49 45 40 33 26 20 15 12 12 15 2026 713SN12 1 509999999999999999999992030 12999999999999999999999
 27 32 37 39 40 40 39 39 40 41 44 47 50 51 50 46 41 33 25 18 13 11 11 1526 714SN13 3 519999999999999999999992125 11999999999999999999999
 21 27 33 37 39 39 38 38 38 38 40 43 47 50 52 50 46 40 32 25 18 13 11 1126 715SN 445 3914 3 5299999999999999 735 382216 1199999999999999
 16 22 28 33 37 38 37 36 35 35 36 37 41 45 49 50 49 45 39 31 24 18 14 1226 716SN 513 3815 1 5099999999999999 839 3523 4 1299999999999999
 13 18 24 30 34 36 37 35 34 33 32 33 35 38 43 46 48 46 42 37 30 23 18 1526 717SN 542 371558 4899999999999999 956 322348 1499999999999999
 14 17 22 27 32 35 36 36 34 32 30 30 30 32 36 40 43 44 43 39 34 29 24 2026 718SN 611 361655 44999999999999991118 30999999999999999999999
 18 18 21 26 31 34 36 36 35 32 30 29 28 28 30 33 36 39 40 39 36 32 28 2526 719SN 639 361758 4099999999999999 027 181230 2899999999999999
 23 22 24 27 31 34 36 37 37 35 32 30 28 26 26 28 30 33 35 36 35 34 31 2926 720SN 7 7 371913 3699999999999999 1 1 221337 2699999999999999
 28 27 27 29 32 35 37 38 38 37 35 32 29 27 26 25 26 28 30 32 33 33 33 3226 721SN 734 392051 3399999999999999 125 271445 2599999999999999
 32 31 31 32 34 36 38 40 40 40 38 35 32 29 27 25 25 25 27 29 30 32 33 3426 722SN 8 0 40999999999999999999999 117 311555 2599999999999999
 34 34 35 36 37 38 40 41 42 42 41 39 36 33 30 27 25 24 25 26 28 30 33 3426 723SN 828 4299999999999999999999917 5 24999999999999999999999
 36 37 37 38 39 40 41 42 43 44 43 42 39 36 33 30 27 25 24 25 26 29 31 3426 724SN 9 3 4499999999999999999999918 4 24999999999999999999999
 36 38 39 40 40 41 42 43 44 45 45 44 43 40 36 33 29 26 24 24 25 27 30 3326 725SN 949 459999999999999999999991851 24999999999999999999999
 36 38 40 41 41 41 42 43 44 45 46 46 45 43 40 36 32 28 25 23 23 25 28 3126 726SN1045 469999999999999999999991932 23999999999999999999999
 35 38 40 41 41 41 41 42 43 44 46 47 47 46 43 40 35 31 26 24 22 23 25 2926 727SN1141 479999999999999999999992012 22999999999999999999999
 33 36 39 40 41 40 40 40 41 43 44 46 47 48 46 43 39 33 28 24 22 21 22 2626 728SN1234 489999999999999999999992051 21999999999999999999999
 30 34 37 39 40 40 39 39 39 40 42 44 46 48 48 45 42 37 31 26 22 20 20 2226 729SN 410 401322 4899999999999999 7 6 392129 2099999999999999
 26 31 35 38 39 39 38 37 37 37 39 41 44 46 48 47 44 39 34 28 24 20 19 2026 730SN 426 3914 5 4899999999999999 751 3722 5 1999999999999999
 23 28 32 36 38 38 37 36 35 35 35 37 40 43 46 47 45 42 37 31 26 22 20 1926 731SN 446 381447 4799999999999999 837 342239 1999999999999999
 21 26 30 34 37 37 37 35 34 33 33 34 36 39 43 45 45 43 39 34 29 24 22 2026 8 1SN 5 6 371529 4599999999999999 926 332310 2099999999999999
 21 24 29 33 36 37 37 36 34 32 31 31 32 35 39 42 43 43 41 37 32 28 25 2326 8 2SN 526 381613 44999999999999991023 312338 2299999999999999
 23 24 28 33 36 38 38 37 35 32 30 30 30 31 34 38 41 42 41 39 35 31 28 2626 8 3SN 545 3817 4 42999999999999991127 29999999999999999999999
 26 26 29 33 37 39 40 39 37 34 31 29 28 28 30 33 36 39 40 39 38 35 32 3026 8 4SN 6 4 4018 9 4099999999999999 0 2 261232 2899999999999999
 30 30 31 34 38 40 42 42 40 37 34 31 29 27 27 29 31 35 37 38 38 37 36 3526 8 5SN 627 421940 3899999999999999 018 301337 2799999999999999
 34 34 35 36 39 42 44 44 44 41 38 34 31 28 26 26 27 30 32 35 37 38 38 3826 8 6SN 657 44999999999999999999999 017 341445 2699999999999999
 38 38 38 39 41 43 45 47 47 45 43 39 35 31 28 25 25 25 27 30 33 36 38 3926 8 7SN 737 4799999999999999999999916 1 25999999999999999999999
 40 41 41 42 43 44 46 48 49 49 47 44 40 36 31 27 24 23 23 25 28 32 36 3926 8 8SN 832 499999999999999999999991719 23999999999999999999999
 41 42 43 44 44 45 46 47 49 50 50 49 46 42 37 31 27 23 21 21 23 27 31 3626 8 9SN 942 519999999999999999999991830 21999999999999999999999
 39 42 43 44 44 44 45 46 47 49 51 52 51 48 43 37 31 26 21 19 19 21 26 3126 810SN1057 529999999999999999999991932 19999999999999999999999
 36 40 42 43 43 43 43 43 44 46 49 52 53 52 49 44 37 31 24 20 17 18 21 2626 811SN12 6 539999999999999999999992026 17999999999999999999999
 32 37 40 42 42 41 40 40 40 42 45 48 52 54 53 49 44 37 29 23 19 17 18 2226 812SN 337 4213 9 5499999999999999 655 402115 1799999999999999
 27 33 38 40 41 40 38 37 37 37 39 42 47 51 53 52 48 43 35 28 23 19 17 1926 813SN 354 4114 7 5399999999999999 757 372159 1799999999999999
 24 30 35 39 40 40 38 35 34 33 34 36 40 46 50 51 50 46 40 34 27 23 20 2026 814SN 415 4015 3 5199999999999999 9 0 332239 1999999999999999
 22 28 33 38 40 40 38 35 33 31 30 31 34 38 43 47 48 47 43 38 32 28 24 2326 815SN 438 401558 489999999999999910 6 302314 2399999999999999
 24 27 32 37 40 41 40 37 34 31 29 28 29 32 36 41 44 45 44 40 36 32 29 2726 816SN 5 1 411656 459999999999999911 7 282344 2799999999999999
 27 29 32 37 40 42 41 39 36 32 30 28 27 28 31 35 38 41 41 41 38 35 33 3226 817SN 524 4218 0 419999999999999912 5 27999999999999999999999
 31 32 34 38 41 43 43 42 39 35 32 29 27 27 28 30 33 36 38 39 38 37 36 3526 818SN 545 431914 3999999999999999 0 5 3113 0 272348 359999999
 35 35 37 39 42 44 44 44 42 39 35 32 30 28 27 28 30 32 34 36 37 38 37 3826 819SN 6 5 449999999999999999999991358 27999999999999999999999
 38 39 39 41 43 44 45 45 44 42 39 36 33 30 28 28 28 30 31 33 35 37 38 3926 820SN 624 4599999999999999999999915 1 28999999999999999999999
 40 41 42 43 44 45 46 46 46 44 42 39 36 33 31 29 28 28 29 31 33 35 37 3926 821SN 647 469999999999999999999991615 28999999999999999999999
 40 42 43 43 44 45 46 46 46 46 44 42 40 37 34 31 29 28 28 29 31 33 36 3826 822SN 731 469999999999999999999991728 28999999999999999999999
 40 42 43 44 44 45 45 46 46 46 46 45 43 40 37 33 30 28 27 27 29 31 34 3726 823SN 854 469999999999999999999991825 27999999999999999999999
 39 41 42 43 43 43 44 44 45 46 46 46 45 43 40 36 32 29 27 26 26 28 31 3526 824SN1024 479999999999999999999991911 26999999999999999999999
 38 40 42 42 42 42 42 42 43 44 46 47 47 45 43 39 35 31 27 25 24 25 28 3226 825SN1134 479999999999999999999991951 24999999999999999999999
 36 39 40 41 41 40 39 39 40 41 43 46 47 47 45 42 38 33 28 25 23 23 25 2926 826SN 3 6 411229 4799999999999999 631 392028 2399999999999999
 33 37 39 40 40 38 37 36 37 38 40 43 46 47 47 45 41 36 30 26 23 22 23 2626 827SN 313 401316 4799999999999999 715 3621 3 2299999999999999
 31 35 38 39 39 38 36 34 34 34 36 39 43 46 47 46 43 39 33 28 24 22 22 2426 828SN 325 3914 0 4799999999999999 759 342135 2299999999999999
 29 33 37 39 39 38 35 33 31 31 32 34 39 43 46 46 45 41 37 31 27 24 23 2426 829SN 338 391444 4699999999999999 844 3122 5 2399999999999999
 27 32 36 39 40 39 36 33 30 29 29 30 33 38 43 45 45 43 40 35 30 27 26 2626 830SN 352 401530 4599999999999999 932 282233 2599999999999999
 28 32 36 40 41 40 38 34 31 28 27 27 29 33 38 42 44 44 42 38 34 31 29 2926 831SN 4 8 411623 44999999999999991024 262257 2999999999999999
 29 32 37 41 43 42 41 37 33 29 26 25 25 28 33 37 41 42 42 41 38 35 33 3226 9 1SN 427 431726 43999999999999991119 252312 3299999999999999
 33 34 38 41 44 45 44 41 37 32 28 26 24 25 27 32 36 39 41 41 40 38 37 3626 9 2SN 450 451843 41999999999999991217 2423 4 3699999999999999
 36 37 39 42 45 47 46 44 41 36 32 28 25 24 24 27 31 34 37 39 40 40 39 3926 9 3SN 519 472017 40999999999999991319 242240 3999999999999999
 39 40 41 43 45 47 48 47 45 41 37 32 29 26 24 24 26 29 32 35 37 39 40 4026 9 4SN 557 489999999999999999999991429 24999999999999999999999
 41 42 43 44 45 47 48 49 48 46 42 38 33 30 26 24 23 24 27 30 33 36 38 4026 9 5SN 651 499999999999999999999991551 23999999999999999999999
 42 43 43 44 45 46 47 48 49 48 46 43 39 35 30 26 24 22 23 25 28 32 35 3826 9 6SN 811 499999999999999999999991717 22999999999999999999999
 41 42 43 43 43 44 44 46 47 48 49 48 45 41 36 31 26 23 21 21 23 27 31 3526 9 7SN 944 499999999999999999999991827 21999999999999999999999
 39 41 42 42 41 41 41 42 44 46 48 49 48 46 42 36 31 25 22 20 20 23 27 3226 9 8SN 238 4211 7 4999999999999999 518 411923 1999999999999999
 36 39 40 40 39 38 37 38 39 41 44 48 49 49 46 42 36 30 24 21 19 20 23 2926 9 9SN 229 401216 4999999999999999 625 372011 1999999999999999
 34 37 39 39 38 36 34 33 34 35 39 43 47 49 48 45 41 35 29 24 21 20 22 2626 910SN 236 391316 4999999999999999 720 332053 2099999999999999
 31 36 39 39 38 35 33 30 30 30 32 37 42 46 48 47 44 39 33 28 24 22 22 2526 911SN 251 391412 4899999999999999 814 302130 2299999999999999
 30 35 38 40 39 36 33 29 27 26 27 30 35 41 45 46 45 42 37 32 28 25 24 2626 912SN 3 9 4015 7 4699999999999999 9 7 2622 3 2499999999999999
 29 34 38 41 40 38 35 30 27 25 24 25 29 34 39 43 44 43 40 36 32 29 28 2826 913SN 328 4116 4 4499999999999999 958 242230 2899999999999999
 30 34 39 41 42 41 38 33 28 25 23 23 24 29 34 38 41 42 41 38 35 33 32 3226 914SN 349 4217 2 42999999999999991047 232248 3299999999999999
 33 35 39 42 43 43 40 36 32 27 24 23 23 25 29 33 37 39 40 39 37 36 35 3526 915SN 4 8 4318 4 40999999999999991133 232237 3599999999999999
 35 37 40 43 44 44 42 39 35 31 27 25 23 24 26 30 33 36 37 38 38 37 37 3726 916SN 426 441912 38999999999999991219 232156 3799999999999999
 38 39 41 43 45 45 44 42 38 34 30 27 25 24 25 27 30 32 35 36 37 38 38 3926 917SN 442 4599999999999999999999913 8 24999999999999999999999
 40 40 42 43 45 45 45 43 41 37 34 31 28 26 26 26 28 30 32 34 36 37 38 3926 918SN 459 4599999999999999999999914 5 26999999999999999999999
 40 41 42 43 44 44 44 44 42 40 37 34 31 29 27 26 26 27 29 31 33 35 37 3826 919SN 521 449999999999999999999991517 26999999999999999999999
 40 41 41 42 43 43 43 43 43 41 39 37 34 32 29 27 26 26 27 28 30 33 35 3726 920SN 6 3 439999999999999999999991641 26999999999999999999999
 39 40 40 41 41 41 41 42 42 42 41 39 37 34 31 29 26 25 25 25 27 30 33 3526 921SN 8 5 429999999999999999999991748 25999999999999999999999
 37 38 39 39 39 38 39 39 40 41 41 41 39 37 34 31 27 25 23 23 24 27 30 3326 922SN10 3 419999999999999999999991837 23999999999999999999999
 36 37 38 37 37 36 36 36 37 38 40 41 41 39 37 33 29 26 23 22 22 24 28 3126 923SN 2 2 381121 4199999999999999 556 361916 2299999999999999
 34 36 37 36 35 33 32 32 33 35 38 40 41 41 39 36 32 28 24 22 21 23 26 2926 924SN 2 0 371218 4199999999999999 637 321951 2199999999999999
 33 35 36 36 34 32 30 29 29 31 34 38 40 42 41 39 35 31 26 23 22 22 24 2826 925SN 2 4 3613 8 4299999999999999 715 292023 2299999999999999
 32 35 37 36 34 31 28 26 26 26 29 33 38 41 42 41 38 34 30 26 24 23 24 2826 926SN 211 371357 4299999999999999 756 262054 2399999999999999
 32 36 38 37 35 32 28 25 23 23 24 28 33 38 41 42 41 38 33 29 27 25 26 2826 927SN 222 381448 4299999999999999 839 222122 2599999999999999
 32 37 39 40 38 35 30 25 22 20 20 23 28 34 39 41 42 40 37 33 30 29 28 3026 928SN 238 401545 4299999999999999 925 202148 2899999999999999
 33 37 41 42 41 38 33 28 23 19 18 19 22 28 34 38 41 41 40 37 34 32 32 3226 929SN 3 0 421647 41999999999999991014 1822 6 3299999999999999
 34 38 42 44 44 42 38 32 26 21 18 17 18 22 27 33 37 39 40 39 37 35 35 3526 930SN 327 441754 409999999999999911 7 1722 6 3599999999999999
 36 38 42 45 46 45 42 37 31 25 21 18 17 18 22 27 31 35 37 38 38 37 37 372610 1SN 358 461910 389999999999999912 4 172152 3799999999999999
 38 39 41 44 46 46 45 41 37 31 26 21 19 17 18 21 25 29 33 35 37 37 38 382610 2SN 436 4699999999999999999999913 7 17999999999999999999999
 39 40 41 43 45 46 46 44 41 37 32 27 23 20 18 18 21 24 27 31 33 35 37 382610 3SN 524 469999999999999999999991420 18999999999999999999999
 39 39 40 41 42 43 44 44 43 41 37 33 28 24 21 19 18 20 22 25 29 32 34 362610 4SN 637 449999999999999999999991543 18999999999999999999999
 37 38 38 39 39 40 41 42 43 42 41 38 34 30 25 22 19 18 19 21 24 28 32 342610 5SN 815 4399999999999999999999917 5 18999999999999999999999
 36 36 36 36 36 36 36 37 39 41 41 41 38 35 30 26 22 19 18 18 21 25 29 322610 6SN 131 36 955 4199999999999999 438 3518 9 1899999999999999
 34 35 35 34 33 32 31 32 34 37 39 41 40 38 35 30 26 22 19 18 19 22 26 302610 7SN 116 351118 4199999999999999 548 3119 0 1899999999999999
 33 34 34 33 31 29 27 27 28 31 35 38 40 40 38 35 30 26 22 20 19 21 25 292610 8SN 118 341226 4099999999999999 641 271942 1999999999999999
 33 35 35 33 30 27 25 23 23 25 29 34 38 40 40 38 34 30 26 23 21 22 25 292610 9SN 129 351327 4099999999999999 730 232018 2199999999999999
 33 35 36 34 31 27 24 21 20 20 23 28 33 37 39 39 37 33 29 26 24 24 25 29261010SN 144 361425 3999999999999999 816 202049 2499999999999999
 33 36 37 37 34 30 25 21 18 18 19 22 28 33 37 38 38 36 33 30 28 27 27 30261011SN 2 3 371521 3899999999999999 9 0 182115 2799999999999999
 33 37 39 39 37 33 27 22 19 17 16 18 23 28 33 36 38 37 35 33 31 30 30 31261012SN 223 391616 3899999999999999 942 162130 3099999999999999
 34 37 40 40 39 36 31 25 21 18 16 16 19 24 29 33 36 37 36 35 33 32 32 33261013SN 244 4017 9 37999999999999991022 162127 3299999999999999
 35 38 40 41 41 38 34 29 24 20 17 16 17 21 25 30 33 35 36 36 34 34 34 35261014SN 3 5 4118 3 369999999999999911 1 162115 3499999999999999
 36 38 40 42 42 40 37 33 27 23 20 18 17 19 22 26 30 33 34 35 35 34 35 35261015SN 326 429999999999999999999991142 17999999999999999999999
 36 38 40 41 41 41 38 35 31 26 23 20 19 19 20 23 26 29 32 33 34 34 35 35261016SN 347 429999999999999999999991226 18999999999999999999999
 36 37 39 40 40 40 39 37 33 29 26 23 20 19 20 21 23 26 28 30 32 33 34 34261017SN 411 409999999999999999999991318 19999999999999999999999
 35 36 37 38 39 39 38 37 35 32 28 25 23 21 20 20 21 23 25 27 29 31 32 33261018SN 439 399999999999999999999991422 20999999999999999999999
 34 35 35 36 36 36 36 36 35 33 30 28 25 23 21 20 20 20 22 24 26 29 30 32261019SN 528 369999999999999999999991539 20999999999999999999999
 33 33 33 33 33 33 34 34 34 33 32 30 28 25 23 21 19 19 20 21 24 26 29 30261020SN 724 349999999999999999999991649 19999999999999999999999
 31 32 31 31 30 30 30 31 32 32 32 31 30 28 25 22 20 19 18 19 22 24 27 29261021SN 057 32 927 3299999999999999 5 3 301741 1899999999999999
 31 31 30 29 28 27 27 27 29 30 32 32 32 30 28 25 22 20 19 19 20 23 26 29261022SN 043 311059 3299999999999999 547 271822 1899999999999999
 30 31 30 28 26 24 23 23 25 27 30 32 33 32 31 28 25 22 20 19 20 23 26 29261023SN 041 3112 7 3399999999999999 624 231858 1999999999999999
 31 32 30 28 25 22 20 19 20 23 26 30 33 34 33 31 28 25 23 21 21 23 26 30261024SN 045 3213 6 3499999999999999 7 2 191931 2199999999999999
 33 33 32 30 26 22 18 16 16 17 21 26 31 34 35 35 32 29 26 24 24 24 27 31261025SN 055 3314 5 3599999999999999 742 1620 2 2499999999999999
 34 36 35 33 29 23 18 15 13 13 16 21 27 32 35 36 36 33 30 28 27 27 28 31261026SN 114 3615 5 3699999999999999 826 122030 2799999999999999
 35 38 39 37 33 27 21 15 12 10 11 14 21 27 32 36 37 36 34 31 30 30 30 32261027SN 140 3916 7 3799999999999999 914 102053 3099999999999999
 36 39 41 40 37 32 26 19 13 10  8 10 14 21 27 32 35 36 36 34 32 32 32 33261028SN 211 4117 9 369999999999999910 5  821 6 3299999999999999
 36 39 42 43 41 37 32 25 18 12  9  8  9 14 20 26 31 34 35 35 34 33 33 34261029SN 248 431813 35999999999999991059  82110 3399999999999999
 35 38 41 43 43 41 37 31 24 17 13  9  8 10 14 20 25 29 32 33 33 33 33 34261030SN 331 439999999999999999999991157  8999999999999999999999
 35 36 38 41 42 42 40 36 30 24 18 14 10  9 10 14 18 23 27 30 31 32 32 33261031SN 422 4299999999999999999999913 0  9999999999999999999999
 33 34 35 37 39 40 40 38 35 30 24 19 15 12 10 11 14 18 22 25 28 29 30 312611 1SN 525 4099999999999999999999914 9 10999999999999999999999
 31 32 32 32 34 35 37 37 36 33 29 25 21 17 14 12 12 14 17 21 24 27 28 292611 2SN 645 379999999999999999999991522 12999999999999999999999
 30 29 29 29 29 30 31 33 34 33 32 29 26 22 18 15 13 13 15 18 21 24 27 282611 3SN 0 1 30 820 342347 289999999 315 291632 1399999999999999
 28 28 27 26 25 24 25 27 29 31 32 31 29 26 23 19 17 15 15 17 20 23 26 282611 4SN10 2 322353 2899999999999999 444 241730 1599999999999999
 28 28 26 24 22 20 20 21 23 26 29 30 30 29 26 23 21 18 17 17 19 23 26 282611 5SN1130 30999999999999999999999 548 201817 1799999999999999
 29 29 27 24 21 18 17 16 18 21 24 28 30 30 29 27 24 22 20 20 20 23 26 292611 6SN 0 6 291245 3099999999999999 641 161856 2099999999999999
 31 30 29 25 22 18 15 13 14 16 20 24 28 30 30 29 27 25 23 22 22 24 27 302611 7SN 023 311351 3099999999999999 727 131927 2299999999999999
 32 33 31 28 24 19 15 12 11 12 15 20 25 28 30 31 30 28 26 25 25 26 28 312611 8SN 043 331450 3199999999999999 8 9 111952 2599999999999999
 33 35 34 31 27 22 17 13 11 10 12 16 21 26 29 31 31 30 29 28 27 27 29 312611 9SN 1 5 351542 3199999999999999 847 1020 6 2799999999999999
 34 36 36 34 30 25 20 15 11 10 10 13 17 23 27 30 32 32 31 29 29 29 30 32261110SN 130 361629 3299999999999999 924  92014 2999999999999999
 34 36 37 36 33 29 23 18 13 11  9 11 14 19 24 28 31 32 31 30 30 30 30 32261111SN 156 371713 329999999999999910 0  92024 3099999999999999
 34 36 37 37 35 32 27 21 16 12 10 10 12 16 21 25 28 30 31 30 30 30 30 31261112SN 224 371758 31999999999999991037 102035 3099999999999999
 33 35 37 37 36 34 30 24 19 15 12 10 11 13 17 21 25 28 29 29 29 29 29 30261113SN 253 379999999999999999999991116 10999999999999999999999
 31 33 35 36 36 34 31 27 22 18 14 12 11 12 14 18 21 24 26 28 28 28 28 29261114SN 324 369999999999999999999991158 11999999999999999999999
 30 31 32 34 34 33 32 29 24 20 16 13 12 11 12 15 18 21 23 25 26 26 27 27261115SN 359 349999999999999999999991245 11999999999999999999999
 28 29 29 31 31 31 31 29 26 22 19 15 13 12 12 13 15 17 20 22 24 25 25 26261116SN 440 319999999999999999999991336 12999999999999999999999
 26 26 27 27 28 29 29 28 26 24 21 18 15 13 12 12 13 15 18 20 22 23 24 25261117SN 533 292330 25999999999999991431 12999999999999999999999
 25 25 24 24 25 25 26 26 25 24 22 20 17 15 14 13 13 14 16 18 21 23 24 24261118SN 652 2623 7 2499999999999999 242 241526 1399999999999999
 24 23 22 22 21 21 22 23 24 24 23 22 20 18 16 15 14 14 15 18 20 23 24 25261119SN 841 2423 5 2599999999999999 421 211617 1499999999999999
 24 23 21 20 18 18 18 19 21 23 24 24 23 21 19 18 16 16 16 18 20 23 25 26261120SN1034 242311 2699999999999999 515 1817 3 1699999999999999
 26 24 22 19 16 15 14 15 17 20 22 24 25 24 23 21 20 19 18 19 21 24 27 28261121SN12 2 252326 2899999999999999 559 141743 1899999999999999
 28 26 23 20 16 13 11 10 12 15 19 23 26 27 27 25 24 22 21 22 23 25 28 31261122SN1318 272350 3199999999999999 642 101821 2199999999999999
 31 30 27 22 17 13  9  7  7 10 14 20 24 27 29 29 28 26 25 24 25 27 29 33261123SN1427 29999999999999999999999 727  71856 2499999999999999
 34 34 31 27 21 15  9  6  4  4  8 14 20 25 29 30 30 29 28 27 27 28 30 33261124SN 021 351530 3199999999999999 815  41927 2799999999999999
 36 37 36 32 27 20 13  7  3  1  2  7 13 20 26 29 31 31 30 29 28 29 30 32261125SN 059 371628 3199999999999999 9 7  11955 2899999999999999
 36 38 39 37 33 26 19 11  5  1  0  1  6 13 20 25 29 30 30 29 29 29 29 31261126SN 144 391724 309999999999999910 1  02021 2999999999999999
 34 37 39 39 37 33 26 18 10  4  1 -1  1  6 13 19 24 27 29 29 28 28 28 29261127SN 233 401821 29999999999999991056 -12049 2899999999999999
 30 33 37 39 39 36 31 25 17 10  5  1  0  2  7 13 18 22 25 26 26 26 26 26261128SN 328 399999999999999999999991153  0999999999999999999999
 27 29 32 34 36 36 34 30 23 17 10  6  2  1  3  7 13 17 21 23 24 24 24 24261129SN 428 369999999999999999999991250  1999999999999999999999
 24 24 26 28 31 33 33 31 27 22 16 11  7  4  4  5  9 13 17 20 22 23 23 22261130SN 533 3321 9 23999999999999991348  4999999999999999999999
 22 21 21 22 24 26 28 28 27 25 21 17 13  9  7  7  8 11 15 18 21 22 22 222612 1SN 646 292141 2299999999999999 132 211444  799999999999999
 20 19 18 18 18 20 22 23 24 24 23 20 17 14 12 10 10 11 14 17 20 22 23 222612 2SN 817 2422 8 2399999999999999 3 6 181537 1099999999999999
 21 19 17 15 14 14 15 17 19 21 22 21 20 18 16 14 13 14 15 17 20 22 24 242612 3SN10 5 222232 2499999999999999 427 141625 1399999999999999
 22 20 17 15 12 11 11 12 14 17 19 20 21 20 19 18 17 17 17 19 21 23 25 262612 4SN1153 212256 2699999999999999 536 1017 6 1799999999999999
 25 22 19 16 13 10  8  8 10 12 16 19 21 22 22 21 20 20 20 21 22 24 26 272612 5SN1334 222321 2899999999999999 633  81739 2099999999999999
 27 25 22 18 14 10  8  6  7  9 12 16 19 22 23 23 23 23 22 23 23 25 27 292612 6SN1451 232349 2999999999999999 720  618 3 2299999999999999
 29 28 26 22 17 12  9  6  5  6  9 13 18 21 23 25 25 24 24 24 25 26 28 302612 7SN1540 25999999999999999999999 759  51823 2499999999999999
 31 31 29 25 20 15 11  7  5  5  7 11 15 20 23 25 26 26 25 25 25 26 28 302612 8SN 019 311614 2699999999999999 835  41850 2599999999999999
 31 32 31 28 24 19 13  9  5  4  5  8 12 17 21 24 26 26 26 25 25 26 27 292612 9SN 053 321644 2699999999999999 910  41923 2599999999999999
 31 32 32 31 27 22 16 11  7  4  4  5  9 14 19 22 25 26 25 25 25 25 26 27261210SN 129 331714 2699999999999999 946  41955 2599999999999999
 29 31 32 32 29 25 20 14  9  5  3  4  6 10 15 19 22 24 24 24 23 24 24 25261211SN 2 6 321747 24999999999999991023  32027 2399999999999999
 27 29 31 31 30 27 22 17 11  7  4  3  4  7 11 16 19 22 23 23 22 22 22 23261212SN 245 311824 239999999999999911 1  321 0 2299999999999999
 24 26 28 30 29 27 24 19 14  9  5  3  3  5  8 12 16 19 20 21 21 20 20 21261213SN 324 3019 4 21999999999999991140  32138 2099999999999999
 22 23 25 27 27 27 24 21 16 11  7  4  3  3  6  9 13 16 18 19 20 19 19 19261214SN 4 2 271945 20999999999999991218  32234 1999999999999999
 19 20 21 23 24 25 23 21 17 13  9  6  4  4  5  7 10 14 16 18 19 19 18 18261215SN 443 252019 19999999999999991254  4999999999999999999999
 17 18 18 19 21 22 22 20 18 15 12  9  6  5  5  7  9 12 15 17 18 19 18 17261216SN 530 222044 1999999999999999 012 171328  599999999999999
 16 16 15 16 17 18 19 19 18 16 14 11  9  8  7  8 10 12 15 17 19 19 19 18261217SN 632 1921 2 1999999999999999 2 2 151358  799999999999999
 16 15 14 13 13 14 15 16 17 17 16 14 12 11 11 11 11 13 16 18 20 21 21 20261218SN 8 8 172121 2199999999999999 325 131428 1099999999999999
 17 15 13 11 10 10 11 13 15 16 17 17 16 15 14 14 14 15 17 19 22 23 24 22261219SN1018 172144 2499999999999999 431 101459 1499999999999999
 20 17 14 10  8  7  7  8 11 14 16 18 19 19 18 18 18 18 19 21 23 25 26 26261220SN1224 192217 2699999999999999 529  71540 1899999999999999
 24 21 16 12  8  5  3  3  6  9 13 17 19 21 21 21 21 21 21 22 24 27 29 30261221SN2258 30999999999999999999999 623  3999999999999999999999
 28 25 21 16 10  5  1  0  0  3  8 13 18 21 23 24 24 23 23 24 25 27 29 32261222SN2346 32999999999999999999999 717  0999999999999999999999
 32 31 27 21 15  8  2 -2 -3 -2  1  7 13 18 22 24 25 25 24 24 25 26 28 31261223SN16 3 25999999999999999999999 811 -31827 2499999999999999
 34 34 32 28 21 14  6  0 -4 -6 -5  0  6 13 19 22 24 25 24 24 24 24 26 29261224SN 040 341644 2599999999999999 9 6 -61919 2499999999999999
 32 35 35 33 28 21 13  5 -2 -6 -7 -6 -1  6 13 18 22 23 23 22 22 22 23 25261225SN 137 351723 239999999999999910 0 -72013 2299999999999999
 28 32 35 35 32 27 20 12  4 -3 -7 -8 -6  0  7 13 18 21 21 21 20 19 19 20261226SN 236 3518 0 21999999999999991052 -82114 1999999999999999
 22 26 30 33 33 30 25 18 10  3 -2 -6 -7 -4  2  8 13 17 19 19 18 17 16 16261227SN 334 331835 19999999999999991143 -72235 1699999999999999
 17 19 23 27 29 30 27 23 16  9  3 -1 -4 -4 -1  4 10 14 17 18 17 16 15 14261228SN 433 3019 9 18999999999999991231 -4999999999999999999999
 13 14 16 19 23 25 25 23 19 14  9  4  1 -1  0  3  8 12 15 17 17 16 14 13261229SN 533 251941 1899999999999999 0 4 131315 -199999999999999
 11 10 11 12 15 18 20 20 19 16 12  9  6  4  3  5  8 11 15 17 18 17 16 14261230SN 642 202012 1899999999999999 124 101354  399999999999999
 11  9  8  8  9 11 13 15 16 15 14 12 10  9  8  8 10 13 16 18 19 20 18 16261231SN 813 162039 2099999999999999 243  71420  899999999999999
