 47 78110136151153145131115103 98103117134150160158143114 78 41 10 -7 -826 1 1SR 443154152216199999999999999 957 982231-1099999999999999
  9 40 78116146162164154136116102 96102118138156166163144111 70 29 -4-2126 1 2SR 5381651617167999999999999991058 962321-2299999999999999
-18  4 41 84125155170169154132110 95 92101120143163172166143106 61 18-1426 1 3SR 62417217 8173999999999999991146 92999999999999999999999
-28-20  8 49 94135163174167148123101 88 88101124149168175165138 97 52 1026 1 4SR 7 6174175717599999999999999 0 8-281229 8699999999999999
-18-26-13 19 62107145167172159136111 90 81 85103127152170173159129 87 4326 1 5SR 744172184317499999999999999 052-261310 8099999999999999
  7-15-16  3 38 81122152167164147122 98 80 76 85105129152166165148116 7726 1 6SR 819168192716799999999999999 134-181350 7699999999999999
 38  9 -4  2 25 61100135157163153133108 86 73 73 8510512814715615213310326 1 7SR 852163201115799999999999999 212 -41431 7299999999999999
 69 38 18 14 26 51 85118144157155141119 96 78 69 72 8510412313814313611826 1 8SR 922158205614399999999999999 247 131515 6999999999999999
 93 66 45 33 36 52 77106131148153145128107 87 72 67 71 83 9911512612812126 1 9SR 952153214712899999999999999 320 3316 3 6799999999999999
107 88 69 56 53 60 76 98121138147146135118 98 81 69 65 69 79 9110411211526 110SR1022148225211599999999999999 352 5317 1 6599999999999999
111101 89 78 72 73 81 95112128139143139127111 93 77 66 61 63 71 81 9210126 111SR1057143999999999999999999999 426 711811 6199999999999999
106107103 97 92 89 90 97107119130137138133122107 90 74 62 55 55 61 71 8326 112SR 035107114213899999999999999 513 881931 5599999999999999
 95104110111109105102102105111120128133134130120105 87 69 55 46 45 50 6226 113SR 249111124513599999999999999 6381022042 4499999999999999
 78 94109118122121116111107106110117125132134131120103 83 62 44 34 33 4126 114SR 413122135813599999999999999 8341062138 3299999999999999
 57 78100118130134130122112105103106115125134138134121100 75 50 31 21 2326 115SR 45813415 113899999999999999 9541032222 2099999999999999
 36 58 85111131142142134120107 99 97103116130141144137120 93 63 36 16  926 116SR 5321431552144999999999999991041 9723 0  999999999999999
 16 36 65 97125143150145130113 98 90 92104121138149150138114 82 48 20  326 117SR 6 21501635151999999999999991117 902336  099999999999999
  1 16 43 78112139153153141122101 87 83 91108130148158154135104 67 31  526 118SR 6301551714158999999999999991149 83999999999999999999999
 -7  0 23 57 95129151159151132108 88 77 79 94116140158163153127 90 51 1626 119SR 658159175116399999999999999 0 9 -71220 7699999999999999
 -5 -9  6 37 75114144160159143118 93 75 70 79 99125149164164146114 74 3526 120SR 725161182916699999999999999 041-101252 7099999999999999
  6 -8 -3 21 57 97132156163153130102 78 65 66 81106133155165158135100 6026 121SR 75316319 716599999999999999 113 -91326 6399999999999999
 25  3 -2 12 42 80118147162159141114 87 66 58 65 84111138156161149122 8626 122SR 820163194716199999999999999 145 -314 2 5899999999999999
 51 23  9 13 34 66103135156161150127 98 73 56 53 64 8711313715115113611026 123SR 848162203115399999999999999 217  81442 5299999999999999
 78 49 29 24 35 59 90122146158155138112 84 62 49 50 64 8611013114113912526 124SR 917159212114299999999999999 250 241526 4899999999999999
102 77 56 44 45 59 83110134150154145125100 74 55 45 48 61 8010211912912826 125SR 947155222412999999999999999 325 431619 4599999999999999
117101 83 70 65 69 83102123140148147135116 92 69 51 42 43 53 70 8910511626 126SR1022149235511999999999999999 4 4 651724 4199999999999999
119115106 96 89 86 90100114128138143140129112 90 68 50 38 36 42 55 72 9026 127SR11 8143999999999999999999999 455 861848 3599999999999999
105115119118113108105105109117125133138137129114 93 70 49 32 24 26 38 5626 128SR 211119122113899999999999999 6271042017 2499999999999999
 79100118129132130123116111109112119128136139135121 99 73 45 23 10 10 2226 129SR 4 2132135713999999999999999 8481092132  899999999999999
 44 73102126142147142131118107102104113126139147145130105 73 39 11 -5 -526 130SR 5 014715191479999999999999910131022231 -799999999999999
 11 40 75110138155157147130111 96 90 95110129147158155138107 68 29 -1-1726 131SR 54015816211589999999999999911 3 902319-1899999999999999
-14  8 44 85124152165161144120 97 82 79 89110135157168163140103 60 18-1126 2 1SR 6151651713168999999999999991143 78999999999999999999999
-23-13 16 58102140163169157133104 80 68 71 88115143165174164135 94 49  926 2 2SR 647169175917499999999999999 0 2-231219 6799999999999999
-16-19 -1 34 79122154169165145115 86 64 57 67 91121150170173157124 81 3826 2 3SR 716170184117499999999999999 040-201254 5799999999999999
  5-11 -5 21 60103140164168154127 95 68 52 53 69 96127154168165144109 6926 2 4SR 743169192016999999999999999 114-111328 5099999999999999
 32  8  3 18 49 88126155167160138107 77 54 46 53 74102131152160151127 9426 2 5SR 8 8167195816099999999999999 145  314 2 4699999999999999
 60 33 20 25 47 79114144161161145119 88 62 46 45 57 7910613014514613411026 2 6SR 831163203714799999999999999 213 201437 4499999999999999
 83 58 42 39 52 76105133153158149128101 74 54 44 48 62 8410612413313111826 2 7SR 853158211713399999999999999 239 381513 4499999999999999
 99 78 63 57 62 78100124143152149135112 87 66 51 47 53 66 8410211412011626 2 8SR 91515322 712099999999999999 3 4 571555 4799999999999999
107 94 82 75 75 84 99117133143145137121101 80 63 53 51 56 67 80 9310310726 2 9SR 939145232310899999999999999 328 741648 5099999999999999
107102 96 91 90 93101112124133137134126112 95 79 66 56 53 55 62 72 83 9226 210SR10 9137999999999999999999999 353 9018 4 5399999999999999
 99104105105104104106110116122126128126119109 96 82 69 58 51 50 53 61 7326 211SR 220105105812899999999999999 4351041948 5099999999999999
 85 98108114117117115112111112114118121122119113101 86 70 55 44 39 42 5126 212SR 422117125212299999999999999 8 81112111 3999999999999999
 66 85103118126129125118111105103106112119125126120107 88 66 46 32 26 3026 213SR 452129143812699999999999999 95510322 4 2699999999999999
 45 67 92114131139137127114102 94 93100112125134136127109 84 56 32 17 1326 214SR 5171391541136999999999999991035 932244 1399999999999999
 24 46 75105130145147138121103 88 82 86100118136146146132107 74 42 16  326 215SR 54114816271489999999999999911 5 822319  299999999999999
  6 25 55 91123146155149131108 86 73 72 84105129149158152131 98 60 25  226 216SR 6 515517 8158999999999999991134 712351 -599999999999999
 -4  8 36 73112143160159143117 89 68 59 66 87115143162167153124 85 44 1126 217SR 62916217461679999999999999912 3 59999999999999999999999
 -6 -3 19 55 96134159167155130 98 68 51 50 66 94127155171169148112 70 3126 218SR 653167182417399999999999999 021 -71234 4899999999999999
  4 -4 10 40 80121153169165143110 75 49 38 45 69103137163174165137 99 5826 219SR 71717019 317499999999999999 052 -413 6 3799999999999999
 25  7  9 31 67107143166170154124 88 55 34 30 45 75110143165169154124 8726 220SR 742171194317099999999999999 123  61340 2999999999999999
 52 28 20 32 59 95130158169162138103 67 39 25 29 49 8011514315915814111226 221SR 8 7169202716199999999999999 154 201417 2499999999999999
 81 55 40 42 59 87119146163163147119 84 53 30 23 31 53 8311313614714412826 222SR 832165211514899999999999999 225 391458 2399999999999999
105 82 65 60 67 85110134152159151131103 72 46 29 26 35 55 8010512313212926 223SR 859159221613299999999999999 256 601547 2599999999999999
118104 90 82 82 91106124140149149138119 94 69 48 34 31 38 53 72 9110711626 224SR 928150235211999999999999999 329 811650 3199999999999999
118115109104101102108118128136140137128113 94 74 55 42 35 36 44 58 75 9126 225SR10 7140999999999999999999999 4111011821 3499999999999999
105114119121119117116116118122126129129125116103 85 65 47 34 29 32 43 6026 226SR 253121113812999999999999999 6201162010 2999999999999999
 81101118129134133127120113109109114120127130127116 97 73 49 29 18 18 3026 227SR 41513414 313099999999999999 9271092129 1699999999999999
 52 79106129143146140128113100 94 95104118132141141129106 76 45 19  6  726 228SR 4511471529143999999999999991020 932224  499999999999999
 24 52 86119143155153140119 98 82 77 84101122143155154138108 72 36  9 -326 3 1SR 5211561626157999999999999991056 7723 7 -399999999999999
  4 28 64103136158163152129102 77 63 63 78103132155167162139103 62 25  126 3 2SR 5481631713168999999999999991129 612344 -499999999999999
 -3 12 44 84124154168163142111 80 56 48 56 80111143166174162132 92 51 1826 3 3SR 61316817541749999999999999912 0 48999999999999999999999
  2  6 30 68109145167170153123 88 57 39 39 57 87122153172172154120 79 4226 3 4SR 638171183217599999999999999 017  11231 3799999999999999
 17 11 26 57 96134162172162135100 65 39 30 39 63 97132159171164140105 6826 3 5SR 7 017219 817199999999999999 047 1113 1 3099999999999999
 39 25 30 52 86123153169167146113 76 46 28 28 45 74108139159163150123 9126 3 6SR 721171194316499999999999999 114 241331 2699999999999999
 62 43 40 54 81114144163167153125 90 57 33 25 33 55 8511614115315013310826 3 7SR 742168201815499999999999999 140 3914 1 2599999999999999
 82 62 54 61 80107134155163155134103 71 45 30 29 43 66 9411913614213511926 3 8SR 8 1163205514299999999999999 2 4 541432 2899999999999999
 98 80 70 71 82102125145156154139115 86 60 41 33 38 53 75 9811612712812126 3 9SR 822156213812999999999999999 227 6915 7 3399999999999999
108 95 85 83 88101118134146148140123100 77 57 45 42 48 61 78 9510811511626 310SR 843148223811799999999999999 250 821549 4199999999999999
112105 99 95 97103113125134138135126111 93 75 61 52 50 54 63 75 87 9710526 311SR 9 7138999999999999999999999 314 951650 5099999999999999
108109109107107109112118123126127123116106 93 80 69 60 55 55 59 67 77 8826 312SR 055109 93912799999999999999 3431071832 5599999999999999
 99108114118118117115114113114115116117114109100 89 76 64 54 49 49 56 6826 313SR 350118113611799999999999999 7581132025 4899999999999999
 83100114125129128122114107102102105111117120119111 97 79 61 46 38 38 4726 314SR 416129141312099999999999999 9391022130 3699999999999999
 64 87109127138139132119105 93 88 91100113125132131120101 77 52 34 25 2926 315SR 4391401524133999999999999991011 882213 2599999999999999
 45 70 98125143150144128107 88 76 74 83101122139147143126 99 68 40 21 1626 316SR 5 11501612148999999999999991039 732248 1599999999999999
 27 51 84117144158156140115 88 67 57 63 82109136155162152127 92 56 27 1226 317SR 52315916541629999999999999911 7 572321 1199999999999999
 14 35 67105139162167154127 94 63 44 42 58 87121151170171154122 82 45 1926 318SR 5461671734173999999999999991136 412354 1199999999999999
 11 23 52 91130160173166141105 68 39 26 33 59 96134165180174150113 72 3826 319SR 61017318151809999999999999912 8 26999999999999999999999
 20 21 42 77117152174175156121 80 42 18 14 31 65106145173182170141103 6626 320SR 635177185618299999999999999 026 181241 1399999999999999
 39 30 40 67104140168178167138 98 55 22  6 10 35 73115151174176160130 9626 321SR 7 0178193917899999999999999 058 301317  599999999999999
 66 48 48 65 94128157174172152117 75 37 11  2 14 42 8011915016616414712126 322SR 726175202416799999999999999 131 461355  299999999999999
 93 73 64 71 91117144164170159133 98 60 29 10  8 22 50 8411714115214913526 323SR 752170211615399999999999999 2 3 641437  699999999999999
115 97 85 84 93111132151161158143117 86 55 30 17 18 32 55 8310812713613526 324SR 820161222213699999999999999 237 831527 1699999999999999
126115105100102111124137147150144129108 83 59 40 30 29 38 55 76 9611112226 325SR 851150999999999999999999999 3131001633 2899999999999999
125124120116114115119125131135136131121107 89 71 54 42 38 41 50 65 82 9926 326SR 011125 93613699999999999999 41411418 7 3899999999999999
113123128129127123119117116118120123124122114102 86 68 52 41 37 42 55 7326 327SR 245129115312499999999999999 7471161955 3799999999999999
 94114129138139134125114105100101107116124129127117 99 77 55 39 31 35 5026 328SR 342139141513099999999999999 9231002110 3199999999999999
 72 98122140148146134117100 87 81 86 98115132142141129107 80 53 33 26 3226 329SR 41414915291439999999999999910 2 8122 2 2699999999999999
 52 80111137153156145125101 79 66 65 76 97122143155153136108 76 47 28 2526 330SR 4411571621156999999999999991034 642242 2499999999999999
 38 64 97129153163157137108 79 57 47 54 74103133156166158136103 69 41 2726 331SR 5 616317 51669999999999999911 5 472317 2699999999999999
 31 52 84119149166166149120 85 55 37 36 51 80114146167171157129 94 61 3926 4 1SR 5301691744172999999999999991135 342348 3399999999999999
 33 46 73108141165172160133 97 61 34 24 32 57 91128157172169149118 84 5726 4 2SR 55317218201739999999999999912 3 24999999999999999999999
 43 47 67 98132159173168145110 72 39 20 19 37 68105140164172162137106 7726 4 3SR 614173185517299999999999999 017 421232 1799999999999999
 57 53 66 91122151169171154123 85 49 24 14 23 48 83119148165165149124 9626 4 4SR 635172192916799999999999999 044 5313 0 1499999999999999
 74 64 69 87114142163170160135100 64 34 17 17 34 63 9712815115915313511226 4 5SR 65617020 415999999999999999 110 641329 1599999999999999
 90 77 75 87108132153164161143114 80 49 27 19 27 48 7710713214714914012326 4 6SR 718165204015099999999999999 136 7414 0 1999999999999999
104 90 84 89104123143156158147125 96 67 43 29 28 40 61 8711113013913712826 4 7SR 740159212113999999999999999 2 2 841433 2799999999999999
114102 94 94102116132145150146131110 85 61 44 37 40 52 70 9111012312812726 4 8SR 8 5150221612899999999999999 230 931513 3699999999999999
120112105102105112122132139139132119100 81 64 52 47 50 60 74 8910311412026 4 9SR 833140234912199999999999999 3 310216 6 4799999999999999
121119115112111112116121126129127122112 98 84 71 61 55 56 61 71 83 9610826 410SR 913129999999999999999999999 4 31111727 5599999999999999
117122124123120116113112113115117118117112104 93 80 68 60 56 57 65 77 9226 411SR 2 412411 111899999999999999 7 21121912 5699999999999999
107121130133131124115107101100103109115120120115103 88 72 59 51 50 59 7426 412SR 3 4133133312199999999999999 8471002031 4999999999999999
 94115132141143135121106 92 84 84 93106120130134128113 93 71 53 43 44 5726 413SR 337143145313499999999999999 928 832124 4299999999999999
 78104129146153148132110 87 71 65 71 87109131145149140120 94 67 46 38 4326 414SR 4 415315481509999999999999910 0 6522 7 3899999999999999
 62 90121146161161146120 90 63 47 47 62 88118146162164149123 91 61 42 3726 415SR 4301631636165999999999999991032 452245 3799999999999999
 50 76109141164171161135 99 64 36 25 33 58 94131161177174153121 87 58 4226 416SR 45617117201789999999999999911 5 252322 4199999999999999
 45 64 95130160176174152116 74 37 13  9 27 61103144174185177152118 83 5826 417SR 52317818 5185999999999999991140  82359 4999999999999999
 49 59 84117151174181168136 93 49 14 -4  1 27 68113153180187174146113 8326 418SR 5511821850187999999999999991217 -5999999999999999999999
 65 63 78106138166181178155117 71 29  0-10  2 33 7612015717818116513911026 419SR 621182193718299999999999999 035 611256-1099999999999999
 87 76 80 99125153173179167138 98 55 18 -4 -7  9 42 8312315417016915413226 420SR 651179202717299999999999999 113 751339 -999999999999999
110 94 89 98116139159171170153123 85 48 18  2  3 21 51 8612014515715614426 421SR 724172212315899999999999999 151 891426  099999999999999
128112103103111126143157162156139112 80 50 26 15 17 32 57 8611313314414426 422SR 8 0162223314599999999999999 2331021520 1499999999999999
137127118112112119129139147149143128107 83 59 41 31 31 42 61 8310512313426 423SR 845149999999999999999999999 3271111627 2999999999999999
138136130123118116117122128133135132123109 92 73 56 45 42 48 61 80 9911726 424SR 0 5138 95913599999999999999 5 51161750 4299999999999999
130137138134127119112108108112118123127125117104 87 70 56 50 51 61 78 9826 425SR 140139121312799999999999999 7281081919 4999999999999999
118133142144137126112100 92 91 96106118128132128117 99 80 63 53 53 63 8126 426SR 23914414 413299999999999999 844 912031 5299999999999999
103125142150148137119 99 83 73 74 83100118134142139127106 84 65 55 56 6826 427SR 317151151614299999999999999 928 722124 5499999999999999
 90115138153157148129105 81 62 55 61 77101125144153148132109 84 65 57 6226 428SR 34815716 91539999999999999910 4 5522 7 5799999999999999
 79104131152163159142115 85 59 43 42 55 79108136156162153133106 82 65 6226 429SR 4161631654162999999999999991036 402244 6199999999999999
 72 94122147164167154128 95 63 39 28 35 56 87121149165166152129102 79 6826 430SR 44116817331689999999999999911 7 282318 6799999999999999
 71 87112140161171164142109 73 42 23 21 36 65100134160171166147121 96 7826 5 1SR 5 61711810171999999999999991136 202349 7399999999999999
 74 83104131155170170154124 87 51 25 14 22 45 79115147167171160138113 9126 5 2SR 53017218451719999999999999912 6 14999999999999999999999
 80 83 98122147165172162137103 65 34 15 14 29 58 9412915516816515012810526 5 3SR 555172191916999999999999999 019 801235 1299999999999999
 90 86 95114137157169166148119 83 49 24 14 20 42 7310813815816315613811826 5 4SR 620170195416499999999999999 048 8613 6 1499999999999999
100 91 94107127147162166155132101 67 39 22 19 32 56 8711814215515514512826 5 5SR 646166203115799999999999999 117 911339 1899999999999999
111 99 96103118136152160157142116 86 57 36 26 29 45 70 9812314114814613526 5 6SR 715160211214999999999999999 147 961414 2599999999999999
121108101102111125140150153145128104 78 54 39 34 41 57 8010312413714113826 5 7SR 74615322 114199999999999999 2221011455 3499999999999999
129118109106108116127137143143134117 97 75 57 46 44 51 66 8510512213313726 5 8SR 82414423 613799999999999999 3 71061544 4399999999999999
134128120113109110115123130134133125112 96 78 64 54 52 58 71 8710512013126 5 9SR 918134999999999999999999999 4161091645 5299999999999999
136136130123115109107108114120125126123114101 86 72 62 58 62 72 8810512126 510SR 023137105012699999999999999 6 110718 1 5899999999999999
134141141134124112102 96 96101109118125127122111 96 81 68 62 63 73 8910926 511SR 129142124612799999999999999 733 951919 6199999999999999
127142149147136120103 87 79 79 87101117130137134123107 88 72 63 64 75 9426 512SR 217149141513799999999999999 830 782024 6399999999999999
117138153157151133110 86 66 57 61 76 98121141151149136116 93 75 65 67 8126 513SR 255158152115299999999999999 914 572119 6499999999999999
104129151164164150124 92 63 42 36 45 68 99130154166163146122 96 77 68 7326 514SR 329166161716799999999999999 954 3622 7 6899999999999999
 91117144165174166143108 70 38 18 17 34 66104141167179173153126 99 79 7426 515SR 4 317417 9179999999999999991034 152253 7399999999999999
 83105132159176179163131 89 48 15 -1  5 29 68111151177186177155126100 8426 516SR 4381801759186999999999999991115 -12336 8199999999999999
 82 95119147171183178154116 71 29 -1-12  0 30 7311815718218717615212510226 517SR 5131841849188999999999999991159-12999999999999999999999
 90 92109133159179184173143102 56 17 -9-14  2 36 7912315918018317014712326 518SR 551185193918499999999999999 020 891244-1599999999999999
104 97103120143166180180163132 90 48 13 -7 -8 11 44 8612615717417416114126 519SR 631182203117699999999999999 1 3 971332-1099999999999999
121107103111128148166175171153122 84 46 17  2  4 23 54 9112615216516415326 520SR 714175212616699999999999999 1491031423  099999999999999
136120110108115130146160165160142115 83 51 27 16 19 37 64 9612514615615526 521SR 8 3165222315799999999999999 2401071516 1599999999999999
146132119111109115126138149153148134112 86 61 42 33 36 51 7410012414215026 522SR 9 1153232415199999999999999 3431091614 3299999999999999
150142130118110106109116126135140139130113 93 73 57 49 52 64 8310512514126 523SR1018141999999999999999999999 5 31061717 4999999999999999
148148140128115105 98 98103112122130133129118103 86 72 64 65 75 9111012926 524SR 025149115613399999999999999 633 971824 6399999999999999
143150148139125109 95 86 84 89 99112124132133126113 98 84 76 76 84 9911726 525SR 120150133513399999999999999 749 841931 7599999999999999
135148153150137119 99 82 71 69 76 90107124136140135122107 93 84 83 9210726 526SR 2 5153145514099999999999999 844 682033 8399999999999999
126143155157149132109 85 66 55 56 67 86109130144148143129112 98 89 9010026 527SR 245158155514899999999999999 928 542126 8899999999999999
116136152161159145122 95 69 49 41 47 64 89116139154157148133114 99 92 9526 528SR 32016216441579999999999999910 6 412211 9299999999999999
108127146160165157137108 78 51 34 32 44 67 97127151163162150132113 99 9526 529SR 3521651726164999999999999991040 312252 9599999999999999
102118138156167165150124 91 59 35 24 28 47 76110140161169163147127109 9826 530SR 42416818 4169999999999999991113 232328 9799999999999999
 98110128149164170161140108 73 43 23 19 31 56 8912415216817015914012010426 531SR 4551701839171999999999999991146 18999999999999999999999
 98104119139158169168153126 91 57 30 17 20 39 6810313615917016615113111226 6 1SR 526171191317099999999999999 0 1 981219 1699999999999999
101100110128149165171163142111 76 44 23 17 27 50 8311714516316715814112226 6 2SR 558171194716799999999999999 034 991253 1799999999999999
106100104118137156167167154129 96 63 36 21 22 37 64 9712815116316114913126 6 3SR 630169202316399999999999999 1 61001328 2099999999999999
114103101109125143159165160142115 84 54 33 25 31 50 7810913615315915414026 6 4SR 7 516521 015999999999999999 14010114 4 2599999999999999
124109102104114130146157159150131104 75 50 35 32 43 64 9111814115315514826 6 5SR 743160214015699999999999999 2191021442 3299999999999999
134119107102106116130144152151141121 96 72 52 42 43 55 7610212614415315226 6 6SR 826153222415499999999999999 3 51021524 4199999999999999
143129115105101104114127138145143133116 94 74 58 51 54 67 8811113114615326 6 7SR 921145231315399999999999999 4 21011611 5199999999999999
150141127112101 96 99107119130137137130116 98 81 68 62 66 78 9711813614926 6 8SR1033138999999999999999999999 512 9617 6 6299999999999999
154151139124107 94 87 88 95108121132136133122107 92 79 74 76 8810512414226 6 9SR 0 315412 513699999999999999 625 861811 7399999999999999
154157152138119 98 81 72 72 81 96114130140141134120105 91 84 85 9511213126 610SR 054157133814199999999999999 730 711922 8499999999999999
148159161153135111 85 65 53 53 66 86110132148153147134117102 93 9310211826 611SR 142162145915399999999999999 828 522032 9299999999999999
138155166166153130100 69 45 33 35 52 78109138158166161147128110 99 9810826 612SR 23016816 616699999999999999 920 322135 9799999999999999
125146164173170153123 87 52 25 14 19 41 7411214516817717215513411510310226 613SR 31617417 5177999999999999991011 13223210199999999999999
114133155173180173150115 74 36  9 -1  8 36 7411615317718517815913611610526 614SR 4 318017591859999999999999911 0 -1232410399999999999999
106119140163180185174146107 63 23 -3-10  4 35 7812215918218817815713411426 615SR 4501851850188999999999999991150-10999999999999999999999
105108124147169185187172141 99 54 16 -8-11  7 41 8412816318318617315112826 616SR 538188193918799999999999999 0131041239-1299999999999999
110104110128151173186185167134 92 49 14 -5 -4 16 52 9413516518117916514326 617SR 627187202418299999999999999 1 01041328 -799999999999999
121106103111130152172182179160127 88 49 19  5  9 31 6610514116617617115526 618SR 71718321 817699999999999999 1471021416  499999999999999
133114102101111129149166174169150120 85 52 29 20 28 51 8311714716517016226 619SR 8 9174215017099999999999999 23610015 2 2099999999999999
145125108 98 98108124142157163158141115 86 60 43 39 50 7110012815116316326 620SR 9 4163223116599999999999999 329 971547 3999999999999999
153136118102 94 94103117132145150146133113 91 72 61 60 71 9111513715416126 621SR10 6150231116199999999999999 428 931632 5999999999999999
158146129112 97 89 88 95107121132139137129115 99 86 79 80 9010712614315526 622SR1122139235415999999999999999 534 871721 7899999999999999
158153141124106 91 82 80 85 96109122131134130121110100 95 9710511813314726 623SR1255134999999999999999999999 645 801818 9599999999999999
156157151137119100 84 73 70 75 8610111712913613613112211310810811412513826 624SR 041157143113799999999999999 752 70192810799999999999999
149156157149134114 93 74 62 59 65 79 9811713314314514013112211511411812826 625SR 132157154614599999999999999 850 59204311399999999999999
141152158157147129106 82 63 51 50 59 7710012314215315414813712511711512026 626SR 222159164115599999999999999 938 49214711499999999999999
131144156161158145123 96 70 50 40 42 56 7910713315216216115113712311411426 627SR 3101611723163999999999999991020 39223611399999999999999
121134149161165158140114 84 57 38 31 39 59 8711814516316916314913211811026 628SR 3531651759169999999999999991058 31231611099999999999999
113124140156167168156133102 70 43 27 26 40 66 9913115617017116014212411126 629SR 4341691832172999999999999991135 25235110799999999999999
107114129148164172168151123 89 56 32 21 27 47 7811314416617416815213211426 630SR 51217319 4174999999999999991210 21999999999999999999999
104105117136156171175165142110 74 43 24 20 33 59 9312815617117316114112126 7 1SR 548175193517499999999999999 0241031244 1999999999999999
105100107123144164175174158130 96 61 34 21 25 44 7511014216517316815113026 7 2SR 62517620 617399999999999999 0561001317 2199999999999999
110 99 99110130151168175169148117 82 51 31 25 36 60 9312615417017216014026 7 3SR 7 2175203617399999999999999 130 971351 2599999999999999
119102 95 99114135155169171160136105 73 47 33 35 51 7911114116317216715126 7 4SR 74117221 817299999999999999 2 7 941424 3299999999999999
129109 95 92 99116136155165164150125 96 69 49 42 49 69 9812715316817016026 7 5SR 824166214017199999999999999 248 911459 4299999999999999
141120101 90 89 98115135151158155141118 93 71 58 56 67 8911514116016916626 7 6SR 913159221516999999999999999 334 881537 5699999999999999
152132111 93 84 84 94110129143151148136117 97 81 72 74 8610612914916316726 7 7SR1014151225316799999999999999 428 821621 7299999999999999
161145125103 86 76 76 86101119135143144136123108 95 89 9210211913815416426 7 8SR1133145233916699999999999999 530 751714 8999999999999999
165157141119 97 78 67 65 73 8910812613914414213412211210610711412714215626 7 9SR1312145999999999999999999999 639 64182510599999999999999
164165156139116 91 69 55 51 58 74 9611913814915314813812811911712113114426 710SR 034165145215399999999999999 751 51195411799999999999999
157166167158140114 85 59 41 34 41 60 8611514015816516215213912712112213026 711SR 139167161116599999999999999 859 34212112099999999999999
144159170172163143113 79 48 26 18 26 48 8011514616817717316114412811911926 712SR 24517317121779999999999999910 0 18222911899999999999999
129145163176180170146112 73 37 13  5 15 42 8012015517818617916214112311326 713SR 34818018 1186999999999999991056  5232211299999999999999
114127148169184188176148108 65 27  2 -3 12 44 8612916518619017915713311326 714SR 4451881844191999999999999991146 -4999999999999999999999
105110127151175191193178146103 58 20 -2 -3 17 53 9814117419118917214612126 715SR 538195192419299999999999999 0 81051233 -599999999999999
103 97107128155180195194175140 96 52 18  2  6 31 7011415418119018216013226 716SR 62819720 019099999999999999 051 971317  199999999999999
108 93 92106130157181193188166131 89 50 23 14 25 53 9213216518418517014526 717SR 716193203318799999999999999 133 901357 1399999999999999
118 96 85 89106130156177185177154121 84 53 34 33 49 7911514917318217615626 718SR 8 218521 418399999999999999 214 851434 3199999999999999
130105 87 81 88106129152168173163141113 84 62 52 58 7710513516117617616426 719SR 849173213317899999999999999 258 8115 9 5299999999999999
142118 96 82 80 88105125144156158149131109 89 76 74 8310212715016717316726 720SR 94015922 217399999999999999 344 791542 7399999999999999
152131109 90 80 79 87102119134143145138126112100 93 9510612214115716616726 721SR1041145223316899999999999999 436 781617 9399999999999999
158142123104 88 79 78 84 9611012313213613412812011311111412213514715716226 722SR12 8136231216299999999999999 538 77165911199999999999999
160151136119101 87 77 75 79 8810111412613313613513112712512613113814715426 723SR1411136999999999999999999999 652 75181112599999999999999
157155147134118100 84 73 69 71 80 9310912513714414514213713313113213614326 724SR 0 9157154914599999999999999 8 9 6820 913199999999999999
150154154147135117 98 79 66 59 62 72 9011013014515415515114213412812813226 725SR 127155164115699999999999999 914 59213912799999999999999
140149156157151136116 92 71 55 49 54 69 9111714015716416215314012912212126 726SR 24115717171659999999999999910 5 49223112199999999999999
128140153162163154136110 83 59 43 39 49 70 9912815316817116414913311911326 727SR 3381631748172999999999999991046 3923 711399999999999999
117129145161170169155131101 70 45 32 34 50 7811114316617617315914012110826 728SR 4241711816177999999999999991123 31233910699999999999999
107116134154171178172152122 87 55 32 25 35 59 9312815817718016914912610726 729SR 5 41781843181999999999999991156 25999999999999999999999
 99104120142165180183171144109 72 41 24 25 43 7411214717318417816013411126 730SR 54218419 918499999999999999 0 9 991228 2299999999999999
 95 93104126152175187183164132 93 58 32 24 33 59 9513316518318417014511826 731SR 618187193518699999999999999 040 921258 2499999999999999
 96 86 90108134161181188178153117 80 49 31 32 50 8111915317818717915712926 8 1SR 65518820 118799999999999999 111 851328 2999999999999999
102 84 80 91114141167183184168139104 71 47 39 48 7210614117018518416814126 8 2SR 734185202618799999999999999 145 791359 3999999999999999
112 88 75 77 93118145168179175156128 96 69 54 54 70 9712915917918517615426 8 3SR 815180205318599999999999999 222 741430 5299999999999999
125 97 77 70 76 95120145164171164146121 95 76 69 75 9412014716918117916426 8 4SR 9 1171212118299999999999999 3 3 7015 3 6999999999999999
139112 87 71 67 75 94117139155160154139120102 91 89 9811613715817317717026 8 5SR 957160215317799999999999999 349 671540 8899999999999999
152129103 82 68 65 72 8910912914315014713812611510911011813114716117017026 8 6SR1114150223317199999999999999 447 65162510899999999999999
162145124101 80 67 61 66 79 9611513114214614413813212712713113914915816426 8 7SR13 9146233416599999999999999 6 1 61173812699999999999999
165158145125103 82 65 55 55 64 8110112113915015415314814213713613814515326 8 8SR1514155999999999999999999999 730 54194913599999999999999
160164161151132109 83 61 45 41 48 66 9011714215916816716014913813113113726 8 9SR 1 9164162616899999999999999 853 41213513099999999999999
147159168170161142114 82 53 33 26 34 55 8612015017218017716414613012012026 810SR 241170171118199999999999999 959 26223311999999999999999
129145163178182173150116 78 44 20 14 26 53 9113016318418917915913611610626 811SR 3511821749189999999999999991052 14231710699999999999999
109124147171189193181153113 71 34 11  9 27 61104146178194192174147120 9926 812SR 4481941822195999999999999991137  72355 9399999999999999
 93102124153180198200183150106 62 27  9 14 39 7912316319019718616112910126 813SR 5372021853198999999999999991218  8999999999999999999999
 84 83 99127159187203200178141 96 55 26 17 30 6110314517919619417314210926 814SR 623204192119899999999999999 032 811255 1799999999999999
 84 73 79101132164190200192167129 88 53 34 35 55 8912916619019518215512226 815SR 7 5201194819699999999999999 1 9 721328 3299999999999999
 91 71 67 80105137166186191179152117 83 59 50 59 8411815318019218716613626 816SR 747192201219299999999999999 144 671359 5099999999999999
104 78 65 68 84110139164178177163138109 85 71 72 8711314316918518617314826 817SR 828179203518899999999999999 221 641427 7099999999999999
118 91 72 65 72 90114138157165162148128108 93 89 9611313615917618117515726 818SR 912165205818199999999999999 259 651454 8999999999999999
132106 84 71 69 78 9511513314715114813812511310710811813315116517317216126 819SR10 4151212217499999999999999 341 69152010699999999999999
143121100 84 75 75 82 9611112513514013913412812312212513314415516316516026 820SR1120140215016599999999999999 432 74154912299999999999999
150134117101 88 80 78 83 9210311512513313713813713513513714014615115415526 821SR1356138223815599999999999999 544 78164713599999999999999
151144133119105 92 82 78 78 84 9410712013214114614814614314013914014214626 822SR1553148999999999999999999999 723 7720 613999999999999999
148148145137124109 94 80 71 69 74 8610212113815115715715214413613113013426 823SR 034149162915899999999999999 849 69214313099999999999999
140147152151144130111 90 72 61 58 65 8210512914916316716315113812612012126 824SR 224152165716799999999999999 946 58222111999999999999999
129141153161161151131106 81 60 48 49 62 8611514316417517316114312511210826 825SR 3281621721175999999999999991027 47225110899999999999999
115130148164173169153127 96 67 46 38 45 67 98131160178182172151128108 9826 826SR 41417317451829999999999999911 1 382318 9799999999999999
100115137160177183174150118 82 52 34 34 50 80117152177188182162135109 9026 827SR 45418318 8188999999999999991132 322346 8699999999999999
 86 97120148174189189172142104 67 40 30 39 65101140172191191174146114 8826 828SR 53119118311939999999999999912 2 30999999999999999999999
 75 80100129161186196189165129 89 56 36 36 54 87127163189196185158124 9226 829SR 6 7197185419799999999999999 015 751231 3399999999999999
 70 65 79106140172193198183153115 78 51 41 51 7811415218219719317113810226 830SR 645198191719899999999999999 046 6513 0 4199999999999999
 72 57 61 82114149178194192173140105 74 56 56 7410414017219319618115211626 831SR 723196194119799999999999999 119 571330 5499999999999999
 82 58 51 62 87121154179189182160130100 78 70 7810013016118419418716513226 9 1SR 8 518920 619499999999999999 154 5114 0 7099999999999999
 97 68 52 51 66 93124153172178169149125103 90 9010312415017318618617314726 9 2SR 851178203218899999999999999 233 491432 8999999999999999
116 86 63 52 55 70 9512214516016415714212611310811212414216117518017515926 9 3SR 94816421 018099999999999999 318 5115 510899999999999999
135108 83 65 56 59 72 9111313214515114914213412812613113915116216917016326 9 4SR1111151213817099999999999999 416 56154712699999999999999
150131109 89 72 62 61 68 82 9911713214214714814614314214214514915415816026 9 5SR1343148225116099999999999999 538 60172414199999999999999
157149135118 99 80 66 59 60 69 8410312314115315916015614914313913914214726 9 6SR1534160999999999999999999999 723 58203913999999999999999
154157156147131110 86 65 51 47 55 72 9712314716417217016114813512612312926 9 7SR 116157161817299999999999999 851 47214612399999999999999
140154165169162144117 87 59 41 35 45 68 9913216017818317415713611810710826 9 8SR 253169165018399999999999999 952 35222710699999999999999
120139160177183175152119 82 51 31 28 44 74111148176190187170144117 97 8926 9 9SR 3561831719191999999999999991038 2723 2 8999999999999999
 96116143171190195182153114 74 42 26 31 54 90131167191196183156124 94 7626 910SR 4471951746197999999999999991118 262335 7399999999999999
 75 90118152182200200181147106 66 39 31 43 74114154185199193170136100 7326 911SR 5312031812200999999999999991153 30999999999999999999999
 61 68 91126161190204198173136 96 62 43 45 66101140175197199182150112 7826 912SR 612204183620199999999999999 0 8 611226 4199999999999999
 56 53 68 98135169194201188160124 89 64 56 67 93129164190199189163126 8926 913SR 652201185919999999999999999 040 521255 5699999999999999
 61 48 53 75108144173191191174146114 87 73 75 9312215418119519217214010426 914SR 730193192119699999999999999 112 471323 7299999999999999
 72 52 48 60 86118149172182176158133109 92 88 9811914517018719017715211926 915SR 8 8182194119199999999999999 144 471348 8899999999999999
 87 63 51 55 71 9712515016616916114512611010310611913916017718317715913326 916SR 84717020 218399999999999999 217 51141310299999999999999
104 79 63 58 65 8210412714515515614813712511711612313615216617317216114326 917SR 933157202317499999999999999 253 58143711599999999999999
120 97 79 68 67 75 8910712413614314414113512912712913514515516216315914826 918SR1040145204716399999999999999 337 6715 412799999999999999
132114 98 85 77 76 81 9110311612613413814013913813813914114514915115114726 919SR13 9140212115299999999999999 440 76155613899999999999999
139129117104 93 85 81 81 86 9510611813013914514814814514213913813813914126 920SR1521148233814199999999999999 621 80202313899999999999999
141139133124113100 88 79 75 78 8610011613314715515815414713713012512613026 921SR1552158999999999999999999999 8 7 75212812599999999999999
136142145143134119102 84 71 65 68 8010012214315916716515514012511511111526 922SR 2 4145161716799999999999999 911 65215711199999999999999
126139151157154141121 97 75 60 55 63 82108136159173175165147125107 97 9926 923SR 311157163917699999999999999 953 552223 9699999999999999
110129149165170163144117 88 63 49 50 65 92124155176184177157130104 86 8126 924SR 35817017 1184999999999999991028 482249 8199999999999999
 91112139164180182168141108 76 53 44 53 77111146175190188169139107 80 6626 925SR 4381831722191999999999999991059 442317 6599999999999999
 70 90120153179192188167134 97 65 47 47 65 97135169192196182152115 80 5726 926SR 5161931745197999999999999991130 452347 5199999999999999
 51 65 95132167192200188160124 87 60 50 60 86122159188201193167129 88 5626 927SR 55420018 82019999999999999912 1 50999999999999999999999
 39 43 67103144179199201182151114 82 63 62 80111147179199200181146104 6426 928SR 634203183320299999999999999 018 381232 6099999999999999
 37 30 43 73113153184199194172141108 84 74 82105136168191200190162123 8226 929SR 715199185820099999999999999 052 2913 4 7499999999999999
 47 28 29 48 82121157182191182161133108 93 9110412815618019419217414210426 930SR 759191192419599999999999999 129 261336 9099999999999999
 67 40 29 35 56 891241541731781691511301141071111251461671821871781571262610 1SR 849178195218799999999999999 210 2814 910799999999999999
 93 63 43 36 44 64 911201441591631571461331251231281401551681751741631432610 2SR 951163202317699999999999999 258 36144612299999999999999
118 92 69 53 48 53 68 891111311441511501461411371361391451531591621601522610 3SR112815121 616299999999999999 359 48154213699999999999999
138120100 81 66 58 59 67 82 991181331451511521511471431411401421451481492610 4SR135515223 014999999999999999 527 57184114099999999999999
147140129113 95 78 65 59 62 72 891091301471581621591521421331261251281362610 5SR15 6162999999999999999999999 713 59204712599999999999999
144150150143128108 86 67 56 55 65 851101351561681711631481311161061061152610 6SR 134151154217199999999999999 834 54213210599999999999999
129146159164157140115 87 64 50 50 64 89119148170179175159136112 93 85 902610 7SR 257164161117999999999999999 930 4922 7 8599999999999999
107130154171177168146116 84 59 48 52 72102136165183185172146116 88 70 682610 8SR 3541771638186999999999999991014 472240 6799999999999999
 81106137165184187173146112 79 57 50 62 88122156182192184160126 91 64 522610 9SR 44118817 3192999999999999991051 502311 5199999999999999
 57 79112147177193190171140105 75 59 60 79110145176193192173140101 67 45261010SR 5231941727195999999999999991125 572342 4099999999999999
 40 55 85123159186196187163130 98 75 67 77102135167189196183154115 77 47261011SR 6 21961750196999999999999991156 67999999999999999999999
 33 39 62 97135169189192178152121 94 79 81 98126157182194189166131 91 56261012SR 640193181319599999999999999 013 321225 7899999999999999
 34 30 45 74111147174187183165139113 95 89 99120147172188190174144107 71261013SR 716188183519199999999999999 043 301252 8999999999999999
 44 31 36 57 88123154174179171152129110100103117138162179185177155123 89261014SR 752179185718599999999999999 113 31131910099999999999999
 59 40 37 48 71101131155168168157140124112109117132151168177175161136106261015SR 830169192017899999999999999 144 36134510999999999999999
 77 55 45 47 62 84110134151158156146134123117119128142156166168161144121261016SR 914158194416999999999999999 219 44141411799999999999999
 96 74 59 54 59 73 93113131143148146140132127125128135145153157155146131261017SR1012148201215799999999999999 259 54145112599999999999999
113 94 78 68 65 70 80 95111125135140141140136133132133136140144145142136261018SR1149142205114599999999999999 353 6516 613299999999999999
125112 99 86 78 74 75 82 93105119130139143145143139134131129129131133133261019SR1349145224813399999999999999 513 73192012999999999999999
131126118107 95 85 77 75 79 88101116131144151152148140130121116115118124261020SR1444153999999999999999999999 654 75204211599999999999999
131135134128117102 87 76 71 73 84101121140154161159149134117105 98100109261021SR 124135151616199999999999999 811 712116 9899999999999999
122136145146139124105 85 71 65 70 85107132154167170160142119 97 83 80 89261022SR 241147154217099999999999999 9 3 652146 8099999999999999
106128147159160149128103 80 65 62 72 93121149170179173154126 96 72 61 65261023SR 33416116 617999999999999999 944 612215 6199999999999999
 83110139162174171154128 99 74 61 64 81109140168184185168138102 69 47 42261024SR 4191751631187999999999999991021 602245 4199999999999999
 55 84119153178187179156124 94 71 63 73 97129161184193182154115 74 42 25261025SR 5 11871657193999999999999991057 632318 2499999999999999
 29 53 90131167190195180153119 90 72 72 88117150179195193171134 90 48 20261026SR 5431951724197999999999999991132 702353 1199999999999999
 11 24 56 99142177196195176147115 90 80 86107137168190197185154112 66 28261027SR 62719817531989999999999999912 8 79999999999999999999999
  6  6 27 63108150181194189168140113 95 92103126154180194192171136 92 50261028SR 712195182319599999999999999 031  31244 9199999999999999
 18  3  9 34 72114152177186178159135115104106120142165183189180155119 79261029SR 8 0186185618999999999999999 113  3132210399999999999999
 43 18  9 19 44 79116148168174167151133120114119132150167178178165141109261030SR 855174193117999999999999999 158  914 311499999999999999
 75 46 27 22 31 54 83114139156161157146135126124128137149160166163152132261031SR10 0161201416699999999999999 250 21145512399999999999999
106 79 56 41 36 43 61 841091301451521521461391321291291341401471511491422611 1SR1125153212015199999999999999 353 36162112899999999999999
129110 90 71 56 50 53 65 831031231391491521491431351271231221251301351392611 2SR1259152232413999999999999999 511 50184312299999999999999
139132120104 86 70 61 59 67 821011221401521571531441321191091041061131242611 3SR14 5157999999999999999999999 639 59201310499999999999999
134141140132117 98 80 67 63 69 84105127147160163156141121103 89 84 881012611 4SR 128142144716399999999999999 756 6321 2 8499999999999999
118136148151144128107 86 71 66 73 90114138158169167153130105 82 67 65 752611 5SR 249151152016999999999999999 855 662141 6499999999999999
 95119143158162153134110 88 73 70 81102128153170175165143113 83 59 48 512611 6SR 348162155017599999999999999 942 702216 4799999999999999
 69 96127153169170158135109 87 75 77 93117144167179176157127 92 60 39 342611 7SR 4361711617180999999999999991022 752248 3399999999999999
 45 71104138164177174157132106 87 80 88108135160178182169141105 68 39 242611 8SR 5181781644182999999999999991058 802319 2399999999999999
 28 48 80117151174181172152126102 88 88102125151173183177155121 82 47 242611 9SR 5571811710183999999999999991131 862350 1799999999999999
 18 30 57 94131161178179166143118100 92 99117141164180181166137 99 61 32261110SR 63318117351829999999999999912 2 92999999999999999999999
 17 19 39 71109143168178172155133112 99 99111131154172179172150117 79 46261111SR 7 817818 117999999999999999 021 151232 9799999999999999
 23 17 28 53 87122151168172162144123108102107122143162174173158132 98 64261112SR 744172182817599999999999999 052 1713 210299999999999999
 37 23 24 41 68100131153164162150133117107107116132150164169162143115 84261113SR 820165185716999999999999999 125 22133310699999999999999
 55 36 29 36 55 81110135151157152140126115110113123137151159159148128102261114SR 9 0157192816099999999999999 2 0 2914 811099999999999999
 75 53 40 39 48 67 91116135147149144134123116113117126137146150146135117261115SR 94814920 415099999999999999 239 38145311399999999999999
 95 73 57 49 50 60 77 98118133142144140132124118115118123131136138135125261116SR1047144205313999999999999999 324 4816 211599999999999999
111 93 77 64 58 59 68 83101118132141143141134126118113112115120125128127261117SR1158143221912899999999999999 420 58174711299999999999999
121111 98 84 73 67 67 74 86102119133143147144136125114105100101106114121261118SR13 4147999999999999999999999 530 66192210099999999999999
125124118107 94 82 73 71 77 89105123139150153148136119103 89 83 85 93106261119SR 022125135315399999999999999 647 712018 8399999999999999
119130133129118103 88 77 74 79 92111131149159159149130106 84 68 62 68 83261120SR 159133143116099999999999999 756 7421 0 6299999999999999
104125140147142129111 93 79 75 82 98120143160168162144117 87 60 44 42 55261121SR 3 614715 516899999999999999 853 752138 4199999999999999
 78107135154161155138116 95 81 78 88108133157172174161133 98 62 34 21 25261122SR 4 1161153917599999999999999 942 782216 2099999999999999
 46 79115147169174164144118 96 83 83 97121148170181176154118 76 38 11  2261123SR 4511741613181999999999999991028 812255  299999999999999
 14 43 83125159180182169145118 96 86 91109135161181186173142100 55 17 -7261124SR 5391831648186999999999999991111 862337-1199999999999999
 -9 10 45 90134168185184168142116 98 92101121148172186185165129 84 38  3261125SR 6261871725188999999999999991154 92999999999999999999999
-16-12 12 51 97140171184180162138115100 98110132157177186179154116 71 28261126SR 71518518 518699999999999999 021-171237 9799999999999999
 -3-16 -7 20 59103142169179172155132113103105118139160176181169143105 64261127SR 8 5179184818199999999999999 1 7-16132110299999999999999
 26  1 -8  3 31 68108142163170163147128113106109122140158169170158133 99261128SR 857170193517199999999999999 156 -8141010699999999999999
 62 31 11  6 18 44 77111139156161154140124112107110121135149157157146125261129SR 951161202915899999999999999 247  615 810799999999999999
 97 67 42 26 24 35 57 85114137151154148136122111105106113124135142143136261130SR1048154213814499999999999999 341 23162110599999999999999
120 99 76 56 44 42 51 69 93116136147150144133120107 99 971011091191271322612 1SR1147150231113299999999999999 440 411752 9799999999999999
130120105 88 72 61 59 66 81100120137147149143131116100 89 83 85 921041162612 2SR1243150999999999999999999999 545 591917 8399999999999999
125128125115101 87 76 73 78 90107126141150151143127108 89 74 67 68 77 922612 3SR 1 0128133415299999999999999 655 732022 6699999999999999
109123132132125113 99 88 83 87 98115132147155153141121 97 74 57 50 53 672612 4SR 233133141815599999999999999 8 3 832111 5099999999999999
 87109128140142135122107 95 90 94106123140154159152135110 82 57 40 35 432612 5SR 343142145715999999999999999 9 4 902152 3599999999999999
 62 88115137150151142126110 97 93 99113131149160161149126 96 64 39 25 252612 6SR 436152153316299999999999999 955 932229 2399999999999999
 40 65 96126148159157144126109 97 96104121140157165159141112 78 46 23 142612 7SR 51916016 8165999999999999991039 9523 3 1499999999999999
 22 43 74109139158165158141121104 96 98111130150163166154129 95 60 30 122612 8SR 5571651641166999999999999991117 952337  899999999999999
 10 24 52 88123150165165153134114 99 95103119140158167163144114 78 43 172612 9SR 6321671713167999999999999991151 95999999999999999999999
  6 12 33 66102135158167161145124106 96 97109128149163167156131 97 61 29261210SR 7 5167174516799999999999999 0 9  51223 9599999999999999
 10  6 19 46 81117145161163152133113 99 94101116137155165162145116 81 47261211SR 738164181816599999999999999 042  51255 9499999999999999
 21  8 12 32 62 97128151160156141122105 95 95106123142157161152131101 67261212SR 810160185116199999999999999 115  81328 9399999999999999
 37 18 13 24 47 78110136152155147131113 99 93 98110128144154153140117 87261213SR 844156192715599999999999999 149 1314 4 9399999999999999
 57 34 21 23 38 63 93121142151150138122106 96 93100113128141147143128105261214SR 92015220 614799999999999999 224 201446 9399999999999999
 78 53 36 30 36 53 78105129144149144131116102 93 92 99111124134137131117261215SR 958149205313799999999999999 3 0 301537 9299999999999999
 97 74 55 43 41 50 68 91115134145147140127111 98 90 88 94104115124127123261216SR1040147215612799999999999999 340 411642 8899999999999999
111 95 77 63 54 55 65 81102122137146145137123107 93 83 80 84 93104114120261217SR1127146232312099999999999999 427 531756 8099999999999999
119112100 86 74 68 68 77 92110127140147145135119101 84 71 66 69 79 93107261218SR1217147999999999999999999999 525 6719 7 6699999999999999
117122119111 99 88 81 80 86 99115132144150146134115 92 70 55 48 52 64 83261219SR 1 712213 915099999999999999 637 7920 8 4899999999999999
103120130131125113101 91 88 93104120137149154149133108 80 53 34 27 33 51261220SR 24013214 015499999999999999 756 8821 2 2799999999999999
 76103127142145139126111 98 93 96108125143156160151130100 65 34 13  7 17261221SR 352146145016099999999999999 9 8 932153  799999999999999
 41 73108136154159151135117101 95 98112131151164166153126 90 50 16 -6-10261222SR 45015915391679999999999999910 9 952242-1199999999999999
  5 36 75114147166169158139117101 94100116138159172171154121 79 36  0-21261223SR 54217016281749999999999999911 2 942330-2499999999999999
-21 -1 35 80122156173173159137114 97 93101121145166178174152115 69 24-11261224SR 6311751716178999999999999991151 92999999999999999999999
-29-24  1 41 87131162176172154130107 92 91103125150171180172147107 60 16261225SR 71617718 518099999999999999 018-301236 9099999999999999
-16-29-19 10 52 98138165174166145120 99 87 89104127152171177166139 99 54261226SR 8 0174185317799999999999999 1 5-291321 8699999999999999
 14-12-20 -6 25 66109144165168156134110 91 83 88104127150166169156129 91261227SR 841169194317099999999999999 151-2014 8 8399999999999999
 52 18 -1 -3 14 45 83120148162159144122100 84 79 85101122142155156143118261228SR 920163203515799999999999999 235 -51457 7999999999999999
 86 54 29 16 19 38 67100130150157150133112 92 79 75 82 96114130141141130261229SR 958157213214299999999999999 318 151551 7599999999999999
110 85 61 44 38 44 62 88114136149150141124104 86 74 71 76 87102116125126261230SR1036151224112799999999999999 4 0 381655 7199999999999999
119106 89 73 63 61 69 85106126141148145134117 98 81 68 64 66 75 88101111261231SR1113148999999999999999999999 440 6118 7 6499999999999999
