 43 77113143163170163147129114106107119138159174178168143105 65 31  8  026 1 1SU 5 017015501789999999999999910251062255  099999999999999
 12 41 81121155178184174155135118107108122144166181187175144102 60 24 -126 1 2SU 55118416511879999999999999911281062347 -899999999999999
 -8  9 45 88131168190192177156134113101105124149172190194177141 97 54 1526 1 3SU 6341931744195999999999999991216100999999999999999999999
-10-11 13 52 98143180197192173150124101 92102125152178197197173134 89 4526 1 4SU 713197183120099999999999999 033-141258 9299999999999999
  6-14 -8 21 63111157188196184163136108 87 85100125154182197190163123 7826 1 5SU 751196191319899999999999999 116-151338 8399999999999999
 34  1-11  3 35 79126167188187171146117 90 75 79 9712415518018917614710926 1 6SU 826190195418999999999999999 157-111417 7499999999999999
 66 27  3  0 19 53 97140170180173154127 97 75 67 75 9412215117017215713026 1 7SU 9 1180203517399999999999999 235 -21459 6799999999999999
 95 57 27 13 18 39 74114148167168157136108 82 66 62 71 9111714115315113826 1 8SU 936169212015499999999999999 314 131546 6299999999999999
115 85 56 37 31 39 61 93126149158155142119 93 73 61 59 67 8610912713413326 1 9SU1013159221913599999999999999 354 311643 5899999999999999
123105 83 64 53 51 61 82109132146150144129107 85 68 57 55 63 80 9811111926 110SU1055150234712199999999999999 439 511745 5599999999999999
121115103 89 78 71 71 80 98118134142144137121102 82 66 54 52 59 73 8810126 111SU1142144999999999999999999999 532 701844 5199999999999999
112117116109101 93 87 87 96109123134142141133118100 81 63 51 49 55 67 8226 112SU 115117123014399999999999999 628 861941 4899999999999999
 99113121123121115106100101107116127137144142133119101 79 59 48 46 52 6426 113SU 3 7123131814499999999999999 725 992043 4699999999999999
 83103119130136135127116110110113120131143148145137122100 75 55 45 43 4926 114SU 42613614 814899999999999999 8331092148 4399999999999999
 66 89112130143150146134123116114115124138150154152143124 96 70 51 40 3926 115SU 51015015 71549999999999999910121142241 3899999999999999
 49 72 99124144158162152138125117113116130146157162160147121 90 62 43 3226 116SU 54516216131629999999999999911 71132322 3199999999999999
 34 52 81111138160171168154137122112109118136154166172166145113 80 51 3026 117SU 61617217 51729999999999999911461092359 2299999999999999
 22 32 58 91124154174179168149130113102105121143162176180167138101 65 3526 118SU 6451801746180999999999999991219102999999999999999999999
 16 15 34 67104140169183178161138116 98 92103126150171184182160123 84 4626 119SU 713184182318699999999999999 033 121250 9299999999999999
 17  4 13 41 79119156180183169146120 96 81 84103130156178187175145105 6426 120SU 741184185818799999999999999 1 5  41321 8099999999999999
 27  3  0 20 54 95135167181174153126 98 75 68 79104133161180180160125 8526 121SU 8 8181193318399999999999999 137 -21353 6799999999999999
 45 13 -1  7 34 71112149171173158132102 74 57 58 7610313416017216614110626 122SU 83617520 917399999999999999 2 8 -21427 5599999999999999
 68 33 10  7 23 53 90128155166159138110 79 55 45 52 7210013015215814712426 123SU 9 4166205015899999999999999 240  615 5 4599999999999999
 92 59 32 20 24 43 73108138154155143120 90 61 43 38 46 66 9412113714013126 124SU 935157214314099999999999999 314 201553 3899999999999999
112 86 60 44 39 46 65 92121140148145130105 76 52 37 32 39 59 8510712012526 125SU101114823 912599999999999999 352 391657 3299999999999999
122108 89 73 64 62 68 84107127138142138123 98 71 50 34 27 32 50 72 9110626 126SU11 1142999999999999999999999 446 6218 9 2699999999999999
117120113101 92 86 83 87 99116128136140136121 98 74 51 32 21 24 39 58 7926 127SU 04612012 914099999999999999 6 6 831917 2199999999999999
 99117126125120114106 99100108119128137143141127106 81 54 30 17 17 29 4726 128SU 221126131714499999999999999 724 992028 1599999999999999
 72100123137141139131120110108111118129142151150139118 89 57 29 13  9 1926 129SU 410142142715299999999999999 8541082144  999999999999999
 42 73106134152159155142127115108108116132149161163153129 94 58 27  7  226 130SU 5 715915441649999999999999910311072250  199999999999999
 14 43 79117148169174164147128111100102116137158173178166136 97 57 23  026 131SU 5481741651179999999999999991126 992341 -599999999999999
 -4 15 50 91131166184182166144120 99 89 95116142167187191173137 95 53 1626 2 1SU 62418617431929999999999999912 8 89999999999999999999999
 -6 -3 23 62107150182192182159132104 82 77 91117148177197196171132 87 4426 2 2SU 656193182820099999999999999 024 -81246 7699999999999999
  8 -7  5 37 81127169192192172145113 83 64 67 89120154185200191161120 7526 2 3SU 72719519 820099999999999999 1 3 -71322 6399999999999999
 33  4  0 21 58103148182193181155123 88 61 51 62 8912315918619217614310326 2 4SU 756193194619399999999999999 139 -21356 5199999999999999
 61 26  9 16 43 82126165185182162132 97 65 45 45 62 9112615917817515512426 2 5SU 822187202217999999999999999 212  81430 4299999999999999
 87 51 27 23 38 67106144171177164139107 73 48 38 44 64 9312615216015213326 2 6SU 847177205916099999999999999 242 2215 5 3799999999999999
105 75 50 39 44 62 91125153165160143116 85 57 40 37 47 67 9512113714013126 2 7SU 911166214114099999999999999 310 381543 3799999999999999
115 93 71 58 57 66 85110136151153142123 98 71 51 41 41 51 70 9311112112226 2 8SU 936154223812299999999999999 338 561630 4099999999999999
116104 90 78 74 76 85102122137143139128109 87 67 53 45 45 54 70 87 9910826 2 9SU10 6143999999999999999999999 410 731731 4499999999999999
111109103 96 92 90 92100113125132134130119103 86 71 58 49 48 55 67 79 9126 210SU 0 7111105013499999999999999 5 4 901837 4899999999999999
102109111110109107103104109117123128130127118105 92 77 62 51 49 53 61 7326 211SU 2 711112 613099999999999999 6291031945 4999999999999999
 89104114120124124118112110113116120127132131124114100 82 63 50 46 48 5626 212SU 428125132013399999999999999 74911021 8 4699999999999999
 73 94112125135140135125116112111113120132139140135125107 82 60 46 39 4126 213SU 5 214014341419999999999999910 21112219 3999999999999999
 55 78103125142152152142127115108106111125140150153148133107 77 53 36 3026 214SU 530154155515399999999999999105410623 4 3099999999999999
 36 58 88117142160167159141123108 99100113133151164167159135102 68 41 2426 215SU 5561671652168999999999999991128 982340 2099999999999999
 21 36 66102135162176174157134111 94 87 95117142164178179162129 91 55 2626 216SU 62117817351819999999999999912 0 87999999999999999999999
 11 17 43 80119154179185171146118 92 75 75 93122152176190183156117 75 3826 217SU 646185181419099999999999999 014 111231 7399999999999999
 11  5 22 57 98139173189182158126 94 67 56 67 94128161186194178143100 5826 218SU 711189185019499999999999999 047  413 2 5699999999999999
 23  3  8 36 76119158184186167135 99 66 43 42 62 96134168189187163125 8326 219SU 736188192719199999999999999 118  21333 3999999999999999
 43 14  6 23 57 98139171183172144107 70 38 25 34 61 9913716818117114310726 220SU 8 118320 418199999999999999 149  614 6 2599999999999999
 68 35 17 21 45 80119153172170150117 79 43 19 15 31 62 9913515916415112526 221SU 825174204416599999999999999 219 161441 1499999999999999
 93 61 39 33 44 69102134157163151126 93 56 26 11 13 31 61 9612614214313226 222SU 849163213414599999999999999 249 321522 1099999999999999
112 86 64 53 55 68 90118141151148133108 76 44 22 12 15 31 58 8811012212526 223SU 913152225312599999999999999 321 531617 1299999999999999
120106 90 78 75 78 88106125138140134121 99 71 45 27 17 17 29 51 75 9310626 224SU 942141999999999999999999999 358 751734 1699999999999999
115116110102 98 96 96101113125130130128118100 77 56 38 23 18 26 42 60 7826 225SU 040117103513199999999999999 535 951855 1899999999999999
 97113121122120117111106107113118123127130125111 92 71 47 27 18 20 32 4926 226SU 238122125713099999999999999 7221062016 1799999999999999
 73 99120133139138131119110106106111120131139139129110 84 55 30 16 14 2526 227SU 422139142914099999999999999 9181052139 1399999999999999
 46 76108134150156150136119106 97 97106122140153157149126 93 59 30 13 1026 228SU 4591561551157999999999999991034 962241  999999999999999
 24 53 88123152169169155134113 94 84 88105129152170176164134 96 59 28  926 3 1SU 5311711652176999999999999991116 842328  799999999999999
 10 31 67106144172183173151124 98 77 70 82107137166187190171135 95 55 2326 3 2SU 6 01831740192999999999999991153 70999999999999999999999
  8 17 47 87129166189188168138107 77 58 59 81113148180199195168129 87 4826 3 3SU 628191182120199999999999999 0 8  81227 5699999999999999
 20 14 33 69111153185196182153118 83 54 42 54 83120159190203189157117 7626 3 4SU 655196185920399999999999999 043 1313 0 4299999999999999
 40 21 27 55 94136174195190165130 92 57 34 34 55 9012916819319417313910126 3 5SU 719196193319799999999999999 115 201330 3199999999999999
 63 36 31 48 80119158185191172140102 64 35 23 34 62 9813817018417615111926 3 6SU 74219220 618499999999999999 144 3014 0 2399999999999999
 84 55 41 48 71104140170183173147112 74 41 22 23 41 7110714216416615212826 3 7SU 8 4183203716899999999999999 210 411428 2099999999999999
100 73 56 55 69 94124153170168149119 85 53 30 22 31 52 8011213814814412926 3 8SU 824172211014999999999999999 233 531456 2299999999999999
109 88 71 66 73 89112136154158146124 96 67 43 30 30 41 61 8611112613012426 3 9SU 844159215013099999999999999 254 651528 2899999999999999
113 98 85 79 81 90105123139146141126106 82 60 44 38 40 50 67 8710311211426 310SU 9 6146225811499999999999999 314 781612 3899999999999999
112105 97 92 92 96103113125133133126114 97 79 63 53 48 48 55 68 81 9210126 311SU 930134999999999999999999999 334 921731 4799999999999999
107109107106106106106109116122124123120112 99 85 74 64 54 51 55 63 73 8426 312SU 055109101312499999999999999 4301051857 5199999999999999
 98109115118121119114110110113115117121123118109 99 86 70 55 49 50 55 6626 313SU 418121124712399999999999999 7271092019 4899999999999999
 84103119129135135128117109106106109117128133131124113 93 70 52 43 42 4926 314SU 438136141313399999999999999 9341052138 4199999999999999
 66 92117135147151145130113102 97 97107123139148148141122 95 66 45 34 3426 315SU 4581511532149999999999999991025 962231 3399999999999999
 48 74106134155165163146123103 89 84 91109134154165166152125 90 59 36 2626 316SU 5201661633167999999999999991059 842311 2599999999999999
 31 55 89125155174178164138109 86 71 71 87116146170182179157121 82 49 2726 317SU 5431791719183999999999999991132 692347 2099999999999999
 21 36 69109146175188180154120 88 62 51 60 88124158185195184153112 72 3926 318SU 6 818818 11959999999999999912 5 50999999999999999999999
 20 24 50 89130167190191170134 95 60 36 33 54 91133170195199179142100 6126 319SU 634194184020199999999999999 022 191237 3199999999999999
 32 21 36 70111151182194181148106 65 31 13 22 54 97141178198193166128 8826 320SU 659194191819999999999999999 055 211311 1399999999999999
 53 31 32 56 92132167188186160120 76 35  6  0 19 5710214617818917714811326 321SU 724190195718999999999999999 127 281344 -199999999999999
 78 50 40 51 78114148174181166133 91 49 13 -7 -3 23 6110514416817115613126 322SU 749182203917299999999999999 159 401420 -899999999999999
101 74 57 57 73 99129156169164141108 68 30  3 -7  2 28 6410313414914913726 323SU 813170212815199999999999999 230 5515 0 -799999999999999
118 96 78 72 77 92114137153155143121 91 56 26  7  2 10 32 63 9411612813026 324SU 837156225013099999999999999 3 1 721551  299999999999999
125113 99 91 90 95105120135141138127109 85 57 34 20 14 17 33 58 81 9811126 325SU 9 5142999999999999999999999 339 901711 1399999999999999
120121116111107105104109118125127124120109 91 70 51 36 24 22 32 49 67 8526 326SU 041122 94512799999999999999 5461041840 2199999999999999
104119127128126121113106105109112115120123119107 90 70 49 31 24 29 41 6026 327SU 24012813 112399999999999999 73710520 3 2499999999999999
 83109129139143138127112100 95 96101112125135136128110 85 57 35 25 26 3926 328SU 356143143713799999999999999 924 952122 2499999999999999
 63 93122144156156144124104 89 81 83 96116137152157148125 94 62 38 25 2826 329SU 4291571553157999999999999991018 812222 2499999999999999
 46 76111142163171162141114 90 73 66 75 98126152171176162133 97 64 39 2826 330SU 4581711647176999999999999991056 6623 6 2899999999999999
 36 62 98133163181179159129 99 72 55 55 74105138168188188167133 96 64 4126 331SU 5261831732191999999999999991130 532345 3599999999999999
 35 52 85122157183191177146111 78 52 40 50 79115152184200192164128 92 6126 4 1SU 55219218112009999999999999912 3 40999999999999999999999
 44 48 74110146178196191164126 89 55 33 31 52 88128166195202184153118 8426 4 2SU 618197184620299999999999999 019 431234 2999999999999999
 59 51 67 98133167192197177141101 63 33 20 31 6110014117719719316913710426 4 3SU 642198191919899999999999999 049 5113 3 2099999999999999
 76 60 64 88120153181194184153114 74 40 18 18 40 7411415318118817514911926 4 4SU 7 4194194918999999999999999 117 591330 1599999999999999
 91 71 67 82108138167185183160124 86 50 23 14 26 53 8812515717417015212826 4 5SU 726187201817599999999999999 141 661356 1499999999999999
103 82 73 80100125150170175161132 97 62 33 18 20 39 67 9913115215814813126 4 6SU 746176204815899999999999999 2 4 731421 1799999999999999
111 92 81 82 95114135154163157136106 76 48 28 23 32 52 7710512813913812926 4 7SU 8 7164212314099999999999999 224 801450 2399999999999999
115101 90 88 94107123139149149136115 90 64 44 34 34 44 61 8210311812412326 4 8SU 828151222012499999999999999 245 871526 3399999999999999
117109101 97 99105114125135138133120103 83 64 51 45 44 51 64 80 9510611326 4 9SU 852138999999999999999999999 3 8 971631 4499999999999999
117116112109108108109114121126126122115103 87 73 63 55 50 52 62 75 8710026 410SU 012117 92712699999999999999 4541081813 5099999999999999
113121123122121117111107109113115118121120111 99 87 74 60 50 50 57 69 8426 411SU 2 2123121912199999999999999 7 71071930 4999999999999999
103122133136136131119106 99 99102108119129132126116101 81 60 48 46 53 6726 412SU 328137134813299999999999999 828 982038 4699999999999999
 90116138149152148133112 95 87 86 93107127143149145132111 83 59 45 44 5326 413SU 35715215 214999999999999999 933 852139 4399999999999999
 74104135156167165151126 99 79 70 72 87112140159167162145115 83 57 44 4426 414SU 42416716 8167999999999999991018 692230 4299999999999999
 59 89124155175181170144110 79 58 51 60 86121154176185176150115 81 56 4426 415SU 45218117 1185999999999999991058 512314 4399999999999999
 49 73109145174190187164127 88 55 35 33 53 90132168192198182150113 79 5526 416SU 5221911747198999999999999991135 312354 4799999999999999
 47 60 91129164189197182147103 62 29 12 20 52 97142180203203180144108 7626 417SU 5521981830206999999999999991212 12999999999999999999999
 55 54 76111148179198194167123 77 35  5 -4 15 5610415018720519717013610226 418SU 622200191120599999999999999 032 521249 -499999999999999
 73 59 68 95129163188196180143 97 51 12-12-10 18 6111015518719618315612526 419SU 652197195219699999999999999 1 8 591326-1599999999999999
 95 73 69 84112143171188184159119 74 31 -3-17 -6 25 6811415317717916514226 420SU 721189203618099999999999999 143 6814 4-1799999999999999
116 92 79 82 99124150171177164135 98 57 20 -5-11  3 33 7211214315815814826 421SU 750177212916099999999999999 218 781446-1299999999999999
130110 95 90 96110129149161159143118 86 51 22  4  2 14 39 7210412713914226 422SU 820162225214299999999999999 256 901539  199999999999999
137125112103101104113127140145140128109 84 57 34 21 16 23 42 69 9311212526 423SU 856145999999999999999999999 3541011657 1699999999999999
133133127119113107105109118125127126122111 93 72 53 38 28 30 44 64 8410426 424SU 02913510 412799999999999999 5581051822 2799999999999999
122135138135128118106 98 98103108115122126122109 92 72 51 37 36 46 62 8326 425SU 15213813 112699999999999999 729 971937 3599999999999999
107130144148144133115 97 86 83 87 97112128138138128110 86 61 45 42 50 6726 426SU 257148143113999999999999999 850 832047 4199999999999999
 93121144158160150130105 84 71 68 76 94117139154156146123 95 69 53 49 5926 427SU 340161154415799999999999999 946 682148 4999999999999999
 81111140162172168148120 91 68 55 56 72 99129154171173158130100 76 61 5926 428SU 4131721637174999999999999991028 542236 5899999999999999
 75102134160178182167138104 74 52 42 51 76110143171186183162132104 81 6926 429SU 44318317211889999999999999911 4 422316 6899999999999999
 73 95126155178190184158121 86 56 37 35 53 87124159186196186160130104 8426 430SU 51219118 0196999999999999991137 332352 7799999999999999
 77 90117147173191194176141101 67 39 26 35 6310113917319619818015212510126 5 1SU 54019618352009999999999999912 8 26999999999999999999999
 86 88108136164186197188158118 80 48 26 23 42 7711615418519819016714111626 5 2SU 6 619719 719899999999999999 024 841238 2199999999999999
 96 89100124152176192192171134 95 59 31 19 28 55 9213016518819017515112726 5 3SU 631194193619299999999999999 053 8913 5 1999999999999999
105 92 95114138162182189177146109 72 41 21 20 39 7010614217018117415613426 5 4SU 65518920 518199999999999999 119 911332 1899999999999999
113 97 94105125148168180176154121 85 53 28 19 28 52 8311614616516615513826 5 5SU 718181203616899999999999999 144 9314 0 1999999999999999
119103 95100115134152167170156130 98 67 41 25 25 40 63 9212114315315013926 5 6SU 742170211215399999999999999 2 8 951430 2399999999999999
124110100 99107121137151159154136111 83 57 38 30 35 49 71 9611913414013726 5 7SU 8 815922 614099999999999999 235 9815 6 3099999999999999
129117108103105112122135144146137122101 77 57 43 39 43 55 74 9611412613226 5 8SU 838146233313399999999999999 31110316 1 3999999999999999
132127118112108107110118127133133127117100 80 64 53 47 48 58 75 9310912326 5 9SU 925134999999999999999999999 4501071728 4799999999999999
134136131124117110103102109116122125127121107 91 77 64 53 51 60 76 9311126 510SU 047136114712799999999999999 6341021843 5199999999999999
130143146140131119103 92 90 96104114126134132121107 91 72 58 55 64 79 9826 511SU 143146131813599999999999999 740 891943 5599999999999999
122145157157149134112 90 76 74 82 95114135148148139124102 79 63 61 69 8626 512SU 229158143214999999999999999 838 742042 6099999999999999
111139162171167153128 98 72 58 58 69 91121148163166157138111 85 70 68 7826 513SU 311171154316799999999999999 931 562141 6799999999999999
 99129158178183174150115 79 52 39 41 60 93130161180184172147117 92 77 7526 514SU 3521831645184999999999999991020 382239 7499999999999999
 88115147175191191173139 97 59 31 20 28 57 99141175195197180151121 97 8226 515SU 43219317361999999999999999911 6 202329 8099999999999999
 83101132164188200193166123 77 38 12  4 21 59106151186206203181151122 9926 516SU 5122001822208999999999999991149  3999999999999999999999
 86 91115147176197204188151104 58 19 -5 -6 21 6411315919420920017614712026 517SU 55020419 620999999999999999 013 851231 -999999999999999
 97 89101127157184201200175133 86 41  4-15 -7 25 7112016419520319016614026 518SU 628203194920399999999999999 055 891313-1599999999999999
113 95 94110136163187198188158115 70 28 -4-15 -1 33 7712416418718917515426 519SU 7 4198203419099999999999999 134 921355-1599999999999999
130108 96100117140165183187171140101 60 22 -3 -6 10 42 8312615817317216126 520SU 741188212717499999999999999 214 951440 -899999999999999
143122105 99104119139159172169152126 92 56 25  8  8 22 51 8812314615815926 521SU 820172223716099999999999999 3 0 991532  699999999999999
151135118106101104115132147154150138118 91 61 38 25 23 35 60 9011713614826 522SU 9 7154235315299999999999999 4 81011639 2299999999999999
152145132118107100 98106119130136137132118 97 74 55 42 38 47 67 9211413326 523SU1041137999999999999999999999 541 981752 3799999999999999
146151145133119105 92 88 93103113123131133125110 92 73 57 51 58 75 9611726 524SU 055151124213499999999999999 656 871858 5199999999999999
138152156149135117 97 80 74 78 88103120134141138126108 88 71 65 71 8510526 525SU 14915614 914199999999999999 8 3 741959 6599999999999999
128149162163153134109 84 67 61 66 80101124144154153141121 99 84 78 83 9826 526SU 235164152715599999999999999 9 3 6121 0 7899999999999999
120145163172169153127 97 71 55 50 59 80108135156168167152130109 95 90 9726 527SU 316172162616999999999999999 952 502158 9099999999999999
115139161176180172148115 83 59 45 44 59 8812014917118217715813511610410126 528SU 3531801711182999999999999991034 42224710199999999999999
111132156175186185168137101 71 49 38 44 6710113416418519118015913712111026 529SU 4281871751192999999999999991111 37232910899999999999999
110125149170185192184159122 87 59 40 35 50 8011514917819519417715613612026 530SU 5 21921826197999999999999991146 34999999999999999999999
112119138161180192193176143106 73 47 32 37 60 9413016318919818916914812926 531SU 534195185819899999999999999 0 41121218 3199999999999999
116114128149170187195187161125 88 57 35 29 43 7310814417519319317815813726 6 1SU 6 5195192819699999999999999 0361131248 2999999999999999
120111118136158177190191174141104 70 42 27 31 53 8512115518018918116314426 6 2SU 634193195818999999999999999 1 51111318 2699999999999999
124111110123143163180188180154120 84 53 30 24 37 64 9713116117817816614826 6 3SU 7 3188202918099999999999999 1331081348 2499999999999999
129112105112128148166179179163133100 67 40 25 28 46 7410613816117016415126 6 4SU 73118121 417099999999999999 2 11051420 2499999999999999
134117105104114130149164172164144115 84 55 34 27 36 56 8311414015616015326 6 5SU 8 2172214816099999999999999 2331031455 2799999999999999
140124109102104114129145157159149129103 75 51 37 36 45 65 9111813915115326 6 6SU 838160224715399999999999999 3151021539 3599999999999999
147133118106100101108122137145145137122 99 75 57 48 46 55 74 9912213915026 6 7SU 929146234815399999999999999 4261001640 4699999999999999
153145131115103 95 92 98112125133137134123104 85 70 61 57 65 8410612614226 6 8SU1112137999999999999999999999 551 921752 5799999999999999
155157147131114 98 84 78 85 99112125136139131116101 86 74 69 77 9411413326 6 9SU 040157124814099999999999999 656 781854 6999999999999999
152164163150131110 87 68 63 70 85103124142150145134119102 87 82 9010512426 610SU 12616614 415099999999999999 752 631952 8299999999999999
145165175170154130101 72 52 47 56 74100130153164163153136116100 9510111526 611SU 210175152316599999999999999 848 472055 9599999999999999
136159178185177156125 89 57 37 33 43 6810313816517918116914912711110511026 612SU 256185163518299999999999999 946 3222 610599999999999999
125148173189193182156117 77 43 23 19 35 6710814717819519518015713511811026 613SU 3461931731197999999999999991043 18231011099999999999999
115134160183198200185151108 65 31 10  8 31 7011515719020720318416113811926 614SU 4392011819208999999999999991134  6999999999999999999999
111119142168191206205184144 98 54 19 -1  3 32 7512216620021220418315813426 615SU 53020819 321299999999999999 0 11111221 -399999999999999
114109122147174197211205177134 87 44  8 -8  4 37 8213117520421019717514926 616SU 616211194521099999999999999 04610813 5 -899999999999999
124107107124150177200210198165122 77 34  2 -6 11 47 9214018020120018516326 617SU 659210202720399999999999999 1281041349 -799999999999999
136112100105124150177197201184151111 67 28  4  3 23 5910414817919218717226 618SU 741202211119299999999999999 2101001432  199999999999999
148122102 96103121146172187185167138101 62 30 15 19 39 7411515117318017426 619SU 82318822 018099999999999999 256 961518 1499999999999999
158134111 96 92 99116139160170166152128 96 64 42 32 37 57 8912415116617026 620SU 912170225417099999999999999 352 921610 3299999999999999
163146124104 91 86 91107128144151151142123 98 75 59 52 57 7510313014916126 621SU1026152234816499999999999999 5 2 8617 8 5299999999999999
164156139118100 86 79 83 97113127137142138125108 91 78 71 76 9311413515026 622SU12 7142999999999999999999999 610 7818 8 7199999999999999
161162152135115 95 78 70 73 85100116131140141134122108 95 89 9410712414126 623SU 037163133414299999999999999 711 7019 5 8999999999999999
156164163152134112 88 70 62 65 76 9311413314615014713712311010510811813326 624SU 12216515 515099999999999999 811 6220 310599999999999999
150163169166153133106 81 63 57 60 73 9411914115616316114913412211811912826 625SU 2 6169161716399999999999999 910 56211211799999999999999
144160172175169154129 99 74 59 53 58 7610313015216917617115714113112612726 626SU 25217517 61779999999999999910 4 53222212599999999999999
137155170179180173152122 92 69 54 50 61 8511514216618318717716014613512926 627SU 3421811745187999999999999991050 50231312999999999999999
132147165178186186173147114 84 63 49 50 67 9612815718119419217716014513326 628SU 4311871819195999999999999991129 48235212999999999999999
129138155173186193189169137103 75 54 44 52 7610914117219420019017315513826 629SU 51319318512009999999999999912 5 44999999999999999999999
127129143163180193198186159124 90 61 42 40 57 8712115618520119818316314326 630SU 550198192020299999999999999 0251261237 3999999999999999
127121130148169187199197177143107 73 46 33 40 65 9913517019420018917014926 7 1SU 624201194820099999999999999 05512113 8 3299999999999999
128115116132154175193200189160124 87 54 32 29 46 7611214918019519117515426 7 2SU 656200201619699999999999999 1241131339 2799999999999999
131112105115135158180194193173140103 67 39 25 32 56 8912616118418817815826 7 3SU 727196204618999999999999999 15410514 9 2599999999999999
135112 99100114136160180188179154121 85 53 32 29 43 7010414016718017816326 7 4SU 8 0188211818199999999999999 226 971441 2899999999999999
141117 98 90 96112134157173175162137106 74 49 37 40 58 8611914916817316726 7 5SU 837176215517399999999999999 3 4 901516 3699999999999999
149126103 88 83 90106129149161160148126 99 73 56 51 57 7510213115416616726 7 6SU 925162224016899999999999999 353 831557 5199999999999999
158138114 94 81 76 81 98119137146148141124102 83 72 69 75 9211714015616426 7 7SU1042148233316699999999999999 5 1 761654 6999999999999999
165153132108 88 73 66 71 87107124136144142129114101 92 88 9310912914615926 7 8SU1220144999999999999999999999 610 6618 4 8899999999999999
167166152130106 84 65 55 59 75 9411313214614914213212211210510912213715126 7 9SU 027168134315099999999999999 712 55191110599999999999999
164173171155132106 79 56 45 48 63 8310913515416116015214112812012113014226 710SU 119174151416299999999999999 814 44202011999999999999999
157172181177162138107 74 48 36 37 52 7711014116517717817015514013012813326 711SU 214181163817999999999999999 921 35214712899999999999999
146164181190187171143106 70 42 27 27 45 7711515017819319418216314613312826 712SU 3161901732196999999999999991029 2523 312899999999999999
133150171190200199180146105 66 35 17 19 42 8012216219320820418716614512826 713SU 4242011816208999999999999991125 15235512299999999999999
122131153177198211209185146101 60 26  9 16 45 8813317620621620618516113626 714SU 5232131855216999999999999991214  8999999999999999999999
117114129155182207220213184141 95 51 17  4 19 54 9914819021521620017514726 715SU 613221193221999999999999999 0391131258  499999999999999
119103107127156187213223209175132 85 42 12  8 30 6811616420121620818715926 716SU 65722320 721699999999999999 1191021338  699999999999999
127101 91101125157189213216197162119 74 35 16 21 47 8713517820420819416926 717SU 739218204020999999999999999 158 911417 1499999999999999
138106 86 83 97123156187204201179146107 67 38 29 40 6910915218519919417626 718SU 820205211319999999999999999 238 821455 2899999999999999
149117 90 76 79 94121152177187180161132 98 67 50 49 64 9212916318318817826 719SU 9 4187214718899999999999999 321 761533 4799999999999999
158130101 81 72 76 92117144162167161146123 97 77 69 72 8711414416617717526 720SU 957167222317799999999999999 412 721615 6899999999999999
164143116 93 77 70 74 89111131144150148138121105 94 90 9410813015116416926 721SU111615023 616999999999999999 512 7017 5 9099999999999999
166153133110 91 76 69 72 8510311913114014213712912011210911212413915216126 722SU1248142235916499999999999999 614 6918 510999999999999999
164160147130111 92 76 69 71 81 9511112613814414514213512812412613414315326 723SU1437145999999999999999999999 715 6819 712499999999999999
161164159148132113 93 76 69 70 77 9111012914315315715614813913413513914526 724SU 054164161615899999999999999 820 68202113499999999999999
155164166162153137115 92 76 68 68 75 9311613715416617216715614614013814026 725SU 15116717 317299999999999999 935 67221113899999999999999
148161170173170160141115 91 74 65 65 7710012614916818218317416014914113726 726SU 2581731738184999999999999991033 6423 413799999999999999
141154168178182179166140111 86 68 59 63 8211013816418519519017515914613626 727SU 41118218 9195999999999999991116 59234113399999999999999
134144161177188193187166134103 77 58 52 64 9012215418220020218917115213626 728SU 5 21931837203999999999999991152 52999999999999999999999
127131148169187200202188159123 90 62 46 48 7010213817219820920118215913826 729SU 54120319 220999999999999999 0121271224 4499999999999999
121118131154178198210205181145106 72 46 37 50 8011715619020920919116714126 730SU 615210192721199999999999999 0411171254 3799999999999999
118106112134161187207213198165126 86 53 33 36 60 9513617420221019817414526 731SU 648213195221099999999999999 1 91061323 3199999999999999
117 97 94110137167194210207182145105 67 39 30 45 7611415518820520018015126 8 1SU 721211201620699999999999999 138 931352 3099999999999999
119 92 80 87109140171195204191162125 87 54 36 39 62 9613517119419718315726 8 2SU 755204204119899999999999999 2 9 801421 3599999999999999
125 94 73 69 83109140170189189172143109 76 53 46 58 8311715217918918316326 8 3SU 83219121 719099999999999999 242 681451 4699999999999999
134102 75 61 63 80106137163175171155130101 76 64 66 8010513616317817916826 8 4SU 916175213518099999999999999 322 601522 6399999999999999
146116 86 65 56 60 75101129149157156144125103 89 84 8810112414816617216926 8 5SU1019158221017299999999999999 414 5616 0 8499999999999999
157135106 80 63 54 56 70 9411713314314714212911610910610911913715416416726 8 6SU115914723 816799999999999999 524 5317 610699999999999999
164153131106 83 65 53 51 63 8310212013614614714113513012612513114315416126 8 7SU1333148999999999999999999999 638 50184112499999999999999
166166156137114 91 68 51 46 55 70 9011313615215915915614813913513714415126 8 8SU 034167153116099999999999999 750 4620 713599999999999999
161170173166149126 99 71 49 41 45 60 8411414316417617817215914613813613926 8 9SU 150173164717899999999999999 9 8 41215413699999999999999
149164178185181165139105 72 47 34 36 54 8512115418019419318116414713312826 810SU 3 91851728195999999999999991022 3323 212899999999999999
134150171189200198180147108 71 42 27 31 55 9213317019820920218316013812126 811SU 42420118 4209999999999999991118 26234711699999999999999
117129152178201216213189150107 67 35 21 32 6410615019021521720117614812226 812SU 52221718372199999999999999912 4 21999999999999999999999
104106126155186214228220189146101 59 29 22 42 8012517120922421619216112826 813SU 61022919 722599999999999999 0261021244 2199999999999999
100 87 98125159195224233216181137 91 50 27 31 5910114819222022320417413826 814SU 652233193622599999999999999 1 3 871321 2599999999999999
103 78 75 94126164201226226203166123 79 46 35 49 8212617120722121118415026 815SU 73122920 322199999999999999 138 741355 3599999999999999
112 79 63 70 94129168202217209184148108 72 51 52 7310814918821021019016026 816SU 8 9217202821399999999999999 212 631427 4999999999999999
123 87 63 57 70 97132169194199187163131 98 74 66 75 9913216719320119016726 817SU 847200205320199999999999999 247 571456 6699999999999999
135101 72 57 59 74101134162177177165145120 97 85 86 9912115017518818416926 818SU 928179211618899999999999999 323 561525 8499999999999999
145115 87 68 60 65 8010413115015815714813411710610210711913815917317516726 819SU1020159214217599999999999999 4 6 60155510299999999999999
152130105 85 72 67 71 8510412313614214414013212512012012413314715816416226 820SU1148144221616499999999999999 5 4 67164012099999999999999
155141124106 91 80 74 77 8710011312513413914113913813513313514114815315626 821SU1348141232915699999999999999 615 74181313399999999999999
156150140127114100 87 79 79 85 9410612113414414915315214714114014214414826 822SU1620153999999999999999999999 729 78194614099999999999999
153156154147137124106 90 80 78 80 8910612514215516416816215214414013914026 823SU 1 4156165416899999999999999 857 78221013999999999999999
148157163163159149131108 89 77 72 75 8911213615617218117916715314213513326 824SU 2291641721182999999999999991011 72225113399999999999999
139153166175177173157132105 83 70 65 73 9512415117419019418316514813412626 825SU 3551771745194999999999999991055 65232112699999999999999
128142162179189192183159127 96 73 59 59 7710714017019420519918015613612126 826SU 44719218 9205999999999999991130 57235011699999999999999
116126149173193205204185152116 84 60 50 60 8712416019121121119416714011726 827SU 52720618322149999999999999912 1 50999999999999999999999
103107128157185207217207178140101 68 47 46 6810414418120921820617914611626 828SU 6 3217185521999999999999999 0181021232 4499999999999999
 93 87102132166197218221201164123 84 53 41 53 8412416520021821318915411926 829SU 637222191721999999999999999 047 8613 1 4199999999999999
 87 70 76102138175206222214186146105 69 46 46 6910614718421021519616312426 830SU 712222194021699999999999999 116 691330 4399999999999999
 88 61 54 71104143181208215198166128 90 61 50 62 9112816619620919917113326 831SU 74721520 320999999999999999 147 541359 5099999999999999
 94 61 43 47 71107146181200198178147113 83 65 66 8411414917919719517614426 9 1SU 824202202519999999999999999 219 421428 6399999999999999
106 70 44 36 47 73108145172183177159133106 86 80 8810713416218218717715426 9 2SU 9 7183204818799999999999999 255 361456 8099999999999999
123 88 58 40 37 49 7410613615616215914612711010010110912514716617617216026 9 3SU10 6162211317699999999999999 340 371526 9999999999999999
140111 81 58 45 43 51 72 9912213714514814213112312012112613715216216416026 9 4SU1150148214516599999999999999 446 4316 712099999999999999
152135112 88 69 55 48 51 67 8710512113614614714314113813513514014815315526 9 5SU1337147999999999999999999999 614 47183713499999999999999
156153142123103 83 64 51 49 59 75 9311513715215916115815114113613614014526 9 6SU 0 0156155416199999999999999 736 48202213599999999999999
152160163157142121 96 70 52 46 51 66 9011914616617617816915514013012612926 9 7SU 149163163717899999999999999 9 0 4622 312699999999999999
140156171179177162137105 73 51 41 46 65 9613116218519418917215113111711326 9 8SU 31718017 8194999999999999991012 41225211399999999999999
121140164185198197179146108 74 49 38 47 7411115018320420719116614011610026 9 9SU 42720017382089999999999999911 4 382331 9899999999999999
100117145175201216212187149108 72 46 39 56 91132172204218210184153121 9526 910SU 51921718 6219999999999999991147 39999999999999999999999
 82 90117152187217230218186145104 67 45 48 74113156195221223202168132 9726 911SU 6 3230183422599999999999999 0 7 821224 4399999999999999
 72 68 87121161200228234214177136 95 63 51 64 9713818021422821518314510526 912SU 64323519 022899999999999999 041 661258 5199999999999999
 71 54 61 89128171209230226200163123 87 63 64 8612216320022222019515811726 913SU 720232192522599999999999999 113 531329 6099999999999999
 78 51 45 63 96137179211221208180146110 82 72 8311114618220921620016812926 914SU 755221194821799999999999999 144 441358 7299999999999999
 90 57 41 47 71106146182203202185159129101 85 8710513216419220519817414026 915SU 82820520 920599999999999999 214 411423 8499999999999999
104 70 48 44 57 82115150176185179162140118101 9710612414817318918917414826 916SU 9 2185203019299999999999999 243 431447 9799999999999999
117 86 62 51 54 69 9212114716216415714512911510911212313815717217716915126 917SU 941165205217799999999999999 315 5015 810999999999999999
128103 80 66 61 66 79 9912013714614714313612712212212613414515716316115226 918SU1043147211516399999999999999 355 61153112299999999999999
137119101 86 77 73 76 8510011412513313813913713513413413513814515015114926 919SU1244139214615199999999999999 5 7 73171413499999999999999
143133121108 98 88 81 80 86 9510511712913814414714814614113713713914114326 920SU16 1148999999999999999999999 639 80192413799999999999999
145145139131121109 95 83 79 82 8810011713514815616116115214113413113113426 921SU 026146162416299999999999999 8 2 79214313199999999999999
142151154152146134116 95 81 75 76 8410212714816417317616715113612612212326 922SU 2 1154164517699999999999999 922 74221912199999999999999
133149163169168160142116 91 75 68 71 8711314316618319018416514312411311026 923SU 32417017 5190999999999999991015 68224811099999999999999
119138161178186185170143111 85 68 62 72 97131162187200199182155127107 9726 924SU 4221871727202999999999999991054 622318 9699999999999999
100119148175195203197173138104 76 60 61 80114151183205212198169136106 8526 925SU 5 62031750212999999999999991130 582348 7999999999999999
 79 93123159190211216200168130 94 68 57 67 96135172202218211185147110 7926 926SU 54621618142189999999999999912 3 57999999999999999999999
 61 66 92130170203222220195158119 85 62 60 81117156191215219198161119 8026 927SU 624224183922099999999999999 020 601236 5899999999999999
 51 42 59 95138180212225214183144107 77 63 71100138175205218207174131 8826 928SU 7 222519 421899999999999999 052 4213 8 6299999999999999
 51 29 31 58100146186213217198166131 98 75 72 9012115718820820718414510226 929SU 739219192821199999999999999 124 261339 7099999999999999
 60 29 17 30 63105149185204200179150119 94 82 8811014017019320018715811926 930SU 818205195220099999999999999 158 171410 8299999999999999
 78 42 19 17 35 68108147175185178160137114 99 961071271521751871831651362610 1SU 9 3185201718899999999999999 235 151440 9599999999999999
101 65 36 22 25 42 711061371571631591481321171111131221371561701731641472610 2SU10 5163204317399999999999999 320 21151211199999999999999
123 94 65 44 34 35 47 71 991221371461481441351281261261301391511571561502610 3SU1153149211715899999999999999 426 33162012699999999999999
140122 99 77 60 48 43 50 67 881061231381481481451421371321291331391421442610 4SU1336149999999999999999999999 559 43185112999999999999999
145143132115 96 77 59 48 50 62 78 981211421561601591531411281211211251312610 5SU 0 8145151416099999999999999 722 47203012199999999999999
140151155149136116 91 67 52 49 58 751011301551701751701561361181081061122610 6SU 15615516 017599999999999999 841 49214610599999999999999
126145163172170156131100 72 55 50 60 83114147173187188173150124103 91 912610 7SU 319173163118999999999999999 949 502230 8999999999999999
105129156179192190170139105 76 58 55 70100135168192202192167136107 84 732610 8SU 42219317 1202999999999999991040 5423 8 7399999999999999
 80104137170196210203177141107 78 62 65 88122159190209209187153118 86 642610 9SU 5112101729212999999999999991122 602343 5899999999999999
 59 77110148184212221207176140106 79 69 80110147181208219205172133 95 64261010SU 55422117572199999999999999912 0 69999999999999999999999
 47 53 80119161198223224202169134102 81 80100133169200219216190150109 72261011SU 632226182422199999999999999 016 461233 7799999999999999
 44 37 54 89131174208224215189157125 98 85 95121154186211218201166124 84261012SU 7 8224184921999999999999999 048 3713 4 8599999999999999
 51 32 37 64102144184211215199172142114 95 95112140170197211204177138 98261013SU 741216191221299999999999999 118 311332 9299999999999999
 62 37 31 47 77115155187202196177153127106 99108129154180198199181149112261014SU 812202193520199999999999999 146 301357 9999999999999999
 77 48 34 40 61 91126159181185174156136117106108121141162181188178154124261015SU 843185195718899999999999999 213 34142010599999999999999
 92 64 45 42 53 74102132155166164154140125114112119132147163173171155132261016SU 918167202017499999999999999 242 41144311199999999999999
106 81 61 52 54 66 84107130145150148141132123119121127136147157159152138261017SU10 9150204415999999999999999 317 51151111999999999999999
120 99 80 68 63 65 73 88106122133139140138133129127127129135142146145140261018SU1151140211714699999999999999 411 63163912799999999999999
130117102 88 79 73 71 76 88102114127137142143141138133128126128132134136261019SU1331143234713799999999999999 548 71185412599999999999999
137133123112101 89 77 72 75 85 97112130145152154152145132121117118121127261020SU1456154999999999999999999999 7 6 72201211799999999999999
137144143136126112 94 78 71 73 83 98120143159166167159143124109104105113261021SU 126145153216799999999999999 810 71211510499999999999999
128145157158153140120 95 77 70 73 85107136161176181176159133108 93 89 94261022SU 24115916 018199999999999999 910 702159 8999999999999999
110135158173176169150123 95 76 70 75 94123155180192192177148116 89 74 72261023SU 34917616281949999999999999910 4 702238 7199999999999999
 86113146174190193181155122 94 76 72 82109143175196204194167129 93 66 53261024SU 4431931658204999999999999991050 712315 5399999999999999
 58 83120158188206205186154121 93 77 76 95127163192209208186148106 68 42261025SU 5302081729211999999999999991132 742352 3499999999999999
 34 49 85129170202217210184150117 91 78 85111146179204214202168124 79 42261026SU 61221718 0214999999999999991212 78999999999999999999999
 20 20 47 90137180210220206176143112 89 83 98128162191210210186145 98 54261027SU 653220183121399999999999999 029 171249 8299999999999999
 20  4 16 50 96144185210212193164134107 90 92112142173197207196164120 75261028SU 73421419 120799999999999999 1 6  41324 8899999999999999
 34  5 -1 19 56102147183200196177152125104 95104126152178195195175141 99261029SU 816201193119799999999999999 144 -21359 9599999999999999
 58 22  2  4 26 62105145173183177161141120106104115134156175184176154123261030SU 9 418320 318499999999999999 225  0143610399999999999999
 87 50 22 10 15 35 67104136156163161150134120112113121135152164166156139261031SU1011164203816799999999999999 313  9152311299999999999999
114 84 54 33 24 26 42 69 991241401491521451341251201171191291411481481432611 1SU1146152212814899999999999999 418 2317 711799999999999999
133114 91 68 50 39 37 47 69 921131311451511481401311221131111161241301352611 2SU13 5151999999999999999999999 543 36184611199999999999999
138136124106 87 68 52 45 52 69 89111133150158155147133117102 971001071182611 3SU 013139141115899999999999999 658 4520 3 9799999999999999
131143147140125105 82 62 53 58 72 93119144162168163149128104 87 81 84 952611 4SU 14914715 216899999999999999 8 6 532110 8199999999999999
114136154162158143119 92 71 63 66 82107136161176179168144115 88 71 64 712611 5SU 3 9162154118099999999999999 911 622159 6499999999999999
 91119147169179175155127100 81 72 78 98127156178190185165132 99 72 54 522611 6SU 41317916161909999999999999910 7 722240 5199999999999999
 66 95130161185194186162133107 89 83 93118148175193198184153116 82 55 412611 7SU 5 21941648199999999999999991054 832317 4099999999999999
 45 70105143176199204189162135111 95 94111139167190203199175136 97 64 402611 8SU 5452051719204999999999999991135 922352 3299999999999999
 33 47 79118157190209206186159133111100106128156182201206191157117 79 482611 9SU 6232111749207999999999999991211 99999999999999999999999
 30 32 56 92132171200210199176151127108104118143169191204200174136 96 61261110SU 657210181820599999999999999 025 28124310499999999999999
 35 25 38 69107146181202202186163139118106111130155178195200184151113 76261111SU 730205184520099999999999999 056 25131310699999999999999
 46 27 29 50 83120157185195187168147125110107120140162181192186161127 91261112SU 8 0195191119299999999999999 125 25133910699999999999999
 59 35 28 39 64 96131161179180168150131115107112127146165179180165138105261113SU 831182193718299999999999999 154 2714 510799999999999999
 74 48 33 34 51 76106136159167163151136120109109118132148162169163144117261114SU 9 616720 316999999999999999 224 31143310899999999999999
 89 63 44 38 44 61 84111135150154149139126115110112120132145154155145127261115SU 952154203415699999999999999 258 38151011099999999999999
105 81 60 48 46 53 68 89112130141145142134124116113113118127137142141133261116SU11 3145211614299999999999999 343 46162611299999999999999
119100 81 66 57 54 59 73 92111127138144142135126118111107110118125130132261117SU121614523 313299999999999999 455 54181010799999999999999
129120104 89 76 66 60 63 77 94112129144151148140129117103 96 98106114123261118SU1311151999999999999999999999 611 601915 9699999999999999
132135128116102 87 73 65 69 81 98117139155161155144128108 89 81 84 93106261119SU 049135135616199999999999999 712 652011 8199999999999999
124140146142131116 97 79 71 75 88106130154169171162145120 92 71 64 69 83261120SU 2 2146143817299999999999999 8 8 7121 3 6499999999999999
105131152161159148128105 86 79 83 97119146170182179165139105 73 53 47 55261121SU 314161151918299999999999999 9 5 782154 4799999999999999
 77109142166177176161137111 93 86 91108134163184192184162126 86 54 34 30261122SU 42217816 11929999999999999910 6 862242 3099999999999999
 45 77117153180193189170142117 99 92 99120150177195198184152109 67 34 16261123SU 51719316441999999999999999911 3 922328 1399999999999999
 17 40 80125164193204196172144119101 95107133163187202200178137 91 49 16261124SU 6 42041726204999999999999991151 95999999999999999999999
  0  8 40 85132173201208194169142117100 98115143171194205196165120 74 32261125SU 64820918 720599999999999999 011 -11235 9799999999999999
  0-10  6 44 91138179203203186161135111 98102123150176196202185148104 58261126SU 731206184620299999999999999 054-101316 9799999999999999
 18 -9-12 11 50 96143179196191174151125105 97107128153177193190168132 89261127SU 815196192419499999999999999 136-141356 9799999999999999
 46 10-10 -6 19 57102144172182176160139116100 98109128151172181173150118261128SU 9 318220 318199999999999999 220-111439 9799999999999999
 79 41 11 -1  6 29 65105140161167163149129110 99 99107123144160163155136261129SU10 2167204816499999999999999 3 8 -11534 9899999999999999
109 76 44 22 14 20 40 72107133150156153140123108 98 95100114130142145141261130SU1112157215414599999999999999 4 6 141657 9599999999999999
129108 81 56 39 31 34 52 80107128144152149137121106 93 86 881001131241312612 1SU1215152235813499999999999999 515 301817 8599999999999999
134129113 93 74 57 47 49 64 87109129146153149137120101 83 73 74 84 971112612 2SU13 9154999999999999999999999 622 461923 7299999999999999
126136135125110 91 73 62 64 76 95116137153159152137116 91 70 59 60 70 862612 3SU 128137135715999999999999999 723 612025 5899999999999999
108129143147141126106 87 77 78 89106128149163165156136108 79 57 47 48 622612 4SU 252147144116699999999999999 824 762122 4699999999999999
 85112138155161156139118100 91 91102121144163172171156129 96 67 46 37 422612 5SU 4 3161152317399999999999999 928 902211 3799999999999999
 62 91123150169175166147126110101102115137158174180174152119 84 56 37 312612 6SU 45517516 41809999999999999910261002254 3199999999999999
 42 69103135163182184171150131116108112129151170182185172143107 73 47 312612 7SU 53818616441859999999999999911141082333 2899999999999999
 30 49 81116149177191187170150131117111120140161178188185165130 94 62 382612 8SU 6161921722189999999999999991154111999999999999999999999
 26 34 59 94130163187194183164144126113114128149169184190180151115 80 502612 9SU 650194175619099999999999999 0 8 26122911299999999999999
 29 25 41 72107143174191189174154134117109117135156175187186167134 97 64261210SU 722193182818999999999999999 042 2413 010999999999999999
 36 22 28 52 85120155180187178160140120107107121141161178185175148113 78261211SU 752187185818599999999999999 113 22132910599999999999999
 47 25 21 36 64 97132162178176162144124107100108125144163176175157127 93261212SU 822179192717899999999999999 142 20135710099999999999999
 60 33 20 26 46 75109141163169162147128109 97 98109126145162168159136106261213SU 853169195716899999999999999 212 201427 9699999999999999
 75 46 27 23 34 57 86118144158158148132114 99 92 97109125143155155142119261214SU 930160203015699999999999999 244 2215 5 9299999999999999
 91 63 40 29 31 44 68 96124143151149138121104 93 89 93104120135143140128261215SU1015152211414399999999999999 321 281559 8999999999999999
108 83 60 44 37 41 55 79105127142148144132114 99 88 82 84 95111124130130261216SU1110148222813199999999999999 4 7 371716 8299999999999999
122105 84 66 55 50 53 67 89112130143149143128110 94 80 71 73 84 99112122261217SU12 3149999999999999999999999 511 491824 7099999999999999
127124111 94 80 69 62 65 79100119135149153145128108 88 69 57 59 72 87104261218SU 011127125115499999999999999 617 621921 5699999999999999
121132132123110 97 84 75 78 91109127145158160148128104 78 54 43 45 59 78261219SU 129134133616199999999999999 717 752016 4299999999999999
102126142145139128113 97 88 91102117137156168166152128 98 66 40 29 32 47261220SU 247145142216999999999999999 816 882115 2899999999999999
 73105135154161157144126109 99100109126148167177173156127 90 54 27 15 19261221SU 4 8161151217799999999999999 926 982216 1599999999999999
 39 73111144167177172156135117106104114134158176185180158122 80 42 15  2261222SU 51217716 91859999999999999910411042311  299999999999999
  9 36 76118154180190181162140120107105118141165184192185157116 71 32  2261223SU 6 119017 5193999999999999991139104999999999999999999999
-10  3 36 80125165191196183161138116101102120146171191198185152107 61 20261224SU 645197175619899999999999999 0 1-101227 9999999999999999
-10-17  2 40 87134174196195178155129105 93100121148175195199179142 96 50261225SU 727198184120099999999999999 047-181310 9399999999999999
  9-17-17  8 48 96144180194187168143115 92 86 97120149176193191167129 85261226SU 8 7194192419599999999999999 130-211351 8599999999999999
 39  2-17 -9 19 60108151179185174153126 99 81 80 94118146172184176151116261227SU 84818520 718499999999999999 213-171434 7899999999999999
 74 33  3 -7  5 34 75119154172172159137109 85 73 75 88112140160167157136261228SU 931174205316799999999999999 256 -71523 7299999999999999
105 68 35 14 11 24 52 90127152162159145122 96 76 67 68 81104127143147141261229SU1018162215314799999999999999 343 101624 6699999999999999
125 99 70 46 32 31 44 71103130147153149134111 88 71 60 60 72 92111124131261230SU11 9154232613299999999999999 436 301733 5999999999999999
130119100 79 63 53 53 66 89114133145149143126103 82 64 52 51 62 79 96111261231SU1156149999999999999999999999 532 521834 4999999999999999
