 32 28 23 18 13  8  5  3  4  7 12 17 21 24 26 27 27 27 28 29 30 32 34 3626 1 1SZ2331 36999999999999999999999 7 7  3999999999999999999999
 36 34 30 24 17 11  6  2  0  1  5 11 16 21 25 27 28 28 28 28 29 30 33 3526 1 2SZ9999999999999999999999999999 8 7  0999999999999999999999
 37 37 35 30 24 17 10  4 -1 -2 -1  4 10 16 21 25 26 27 27 26 27 28 29 3226 1 3SZ 029 37999999999999999999999 9 2 -2999999999999999999999
 35 37 37 35 30 23 15  8  2 -2 -4 -1  4 10 16 21 24 25 25 24 24 24 25 2726 1 4SZ 129 381718 2599999999999999 953 -41957 2499999999999999
 31 34 36 36 33 28 21 13  6  0 -3 -4 -1  4 11 16 20 22 23 22 21 21 21 2226 1 5SZ 226 371742 23999999999999991040 -421 0 2199999999999999
 25 28 32 34 34 31 25 18 11  4 -1 -3 -3  1  6 12 17 20 21 20 19 18 18 1826 1 6SZ 320 3418 9 21999999999999991124 -322 9 1899999999999999
 19 22 26 29 31 30 27 22 15  9  4  0 -1  0  4  9 14 17 19 20 19 17 16 1526 1 7SZ 411 311839 209999999999999912 4 -12326 1599999999999999
 15 17 19 23 25 26 25 22 18 13  8  4  2  2  4  8 12 16 18 19 19 17 16 1526 1 8SZ 5 2 2619 9 19999999999999991239  2999999999999999999999
 14 14 15 17 19 21 22 21 19 15 12  9  6  6  6  8 12 15 18 20 20 19 17 1526 1 9SZ 555 221939 2099999999999999 043 1413 9  599999999999999
 14 13 12 13 14 16 18 18 18 16 14 12 11 10 10 11 14 16 19 21 21 21 19 1726 110SZ 659 1820 5 2199999999999999 158 121324 1099999999999999
 15 13 12 11 11 12 14 15 16 16 15 14 14 14 14 15 16 18 20 22 23 23 22 2026 111SZ 837 162026 2399999999999999 315 111250 1499999999999999
 18 15 13 11 10 10 11 12 13 14 15 16 16 17 17 18 19 21 22 24 25 25 24 2326 112SZ2045 25999999999999999999999 431 10999999999999999999999
 20 18 15 12 10  9  9 10 11 13 15 16 17 18 20 21 22 23 24 26 26 27 27 2526 113SZ21 9 27999999999999999999999 538  9999999999999999999999
 23 21 17 14 11  9  8  8  9 11 13 16 18 19 21 22 23 24 25 26 27 28 28 2826 114SZ2148 28999999999999999999999 630  8999999999999999999999
 26 24 20 17 13 10  8  7  7  9 11 14 17 19 21 22 23 24 25 26 27 28 29 2926 115SZ2243 29999999999999999999999 713  7999999999999999999999
 28 26 23 19 15 11  8  5  5  6  8 11 15 18 20 21 22 23 23 24 25 27 28 2926 116SZ2342 29999999999999999999999 754  5999999999999999999999
 29 28 26 22 18 13  8  5  3  3  5  8 12 15 18 20 21 21 21 22 23 24 26 2726 117SZ9999999999999999999999999999 833  3999999999999999999999
 29 29 28 25 20 15 10  5  2  0  1  3  8 12 16 18 19 20 19 19 19 20 22 2426 118SZ 038 29999999999999999999999 912  0999999999999999999999
 27 28 28 26 22 17 12  6  1 -2 -2 -1  3  8 12 15 17 18 17 17 16 17 18 2026 119SZ 127 281658 1899999999999999 949 -21956 1699999999999999
 23 26 27 26 24 19 14  8  2 -2 -4 -4 -1  4  9 13 15 16 16 15 14 14 14 1626 120SZ 212 271717 16999999999999991024 -42047 1499999999999999
 19 22 25 25 24 21 16 10  4 -1 -4 -5 -3  0  5 10 13 15 15 14 13 12 12 1226 121SZ 255 251737 15999999999999991056 -52138 1299999999999999
 14 17 21 23 23 22 18 13  7  2 -2 -4 -4 -1  3  8 12 14 15 14 12 11 10 1026 122SZ 338 241756 15999999999999991127 -42233 1099999999999999
 11 13 16 20 22 21 19 15 10  5  1 -1 -2 -1  3  7 11 14 15 15 13 11  9  826 123SZ 425 221814 15999999999999991156 -22336  899999999999999
  8  9 12 15 18 20 19 17 14  9  6  3  2  2  4  8 12 15 17 17 15 13 10  826 124SZ 518 201833 17999999999999991221  2999999999999999999999
  7  7  8 10 13 16 18 17 16 13 10  8  7  7  8 10 13 17 19 19 19 16 13 1026 125SZ 624 181855 1999999999999999 045  71239  799999999999999
  7  6  5  6  8 11 14 15 16 15 14 13 12 12 12 14 16 19 21 22 22 20 17 1426 126SZ 756 161923 2299999999999999 158  51239 1299999999999999
 10  7  5  4  4  6  9 11 14 15 16 16 16 16 16 17 19 21 23 24 25 24 22 1926 127SZ20 2 25999999999999999999999 316  4999999999999999999999
 15 11  7  4  3  2  4  6  9 12 14 16 17 18 19 20 21 22 24 25 27 27 26 2426 128SZ2057 27999999999999999999999 440  2999999999999999999999
 21 16 12  7  3  1  0  1  3  7 11 14 17 19 20 21 22 23 24 25 26 28 29 2826 129SZ2210 29999999999999999999999 6 2  0999999999999999999999
 26 22 17 12  7  2 -1 -3 -2  1  5 10 14 17 19 21 21 22 22 23 24 26 28 2926 130SZ2326 30999999999999999999999 712 -3999999999999999999999
 29 27 23 18 12  6  0 -4 -5 -4 -1  4  9 14 17 19 20 20 20 20 21 22 25 2726 131SZ9999999999999999999999999999 811 -5999999999999999999999
 29 30 27 23 17 10  4 -2 -6 -7 -6 -1  4 10 14 16 18 17 17 16 17 17 19 2326 2 1SZ 034 301620 1899999999999999 9 1 -71918 1699999999999999
 26 29 29 27 22 15  8  1 -4 -7 -8 -6 -1  5 10 14 16 16 14 13 13 13 14 1626 2 2SZ 134 291629 1699999999999999 944 -82026 1299999999999999
 20 25 27 27 24 19 13  5 -1 -6 -8 -8 -4  2  7 11 14 14 13 11 10  9  9 1026 2 3SZ 229 271646 14999999999999991023 -82126  999999999999999
 14 18 22 24 24 21 16  9  3 -2 -6 -7 -5 -1  5 10 13 14 13 11  9  7  6  626 2 4SZ 320 2417 8 14999999999999991057 -72224  699999999999999
  8 12 16 19 21 20 17 12  7  2 -2 -4 -4 -1  3  8 12 14 14 12  9  7  5  426 2 5SZ 4 9 211732 14999999999999991127 -42320  499999999999999
  4  6 10 14 16 17 16 13  9  5  2  0 -1  1  4  8 12 14 15 14 11  8  6  426 2 6SZ 459 171755 15999999999999991151 -1999999999999999999999
  3  4  6  9 12 14 14 13 11  8  5  4  3  4  6  9 13 15 16 16 14 11  8  626 2 7SZ 551 141814 1699999999999999 016  312 2  399999999999999
  4  3  3  5  8 10 11 12 11 10  8  7  7  8  9 12 14 16 17 17 16 14 11  826 2 8SZ 655 121829 1899999999999999 112  31140  799999999999999
  6  4  3  4  5  7  8 10 10 10 10 10 10 11 12 14 16 18 19 19 18 17 14 1126 2 9SZ1840 19999999999999999999999 212  3999999999999999999999
  8  6  4  4  4  5  6  7  9 10 10 11 12 13 15 16 18 19 20 21 20 19 17 1426 210SZ1855 21999999999999999999999 320  4999999999999999999999
 11  9  6  4  3  3  4  5  7  8 10 11 13 14 16 17 19 20 21 21 21 21 19 1726 211SZ1926 22999999999999999999999 438  3999999999999999999999
 15 12  9  6  4  3  2  3  4  6  8 10 12 14 16 17 18 19 20 21 21 21 21 2026 212SZ2031 21999999999999999999999 553  2999999999999999999999
 17 15 11  8  5  2  1  0  1  3  6  8 11 13 15 16 17 17 18 19 20 21 21 2126 213SZ2212 21999999999999999999999 652  0999999999999999999999
 19 17 14 10  7  3  0 -2 -2 -1  2  5  9 11 13 14 15 15 15 16 17 18 19 2026 214SZ2332 20999999999999999999999 738 -2999999999999999999999
 20 19 17 13  9  4  0 -3 -5 -4 -2  1  5  9 11 12 13 13 12 13 13 14 16 1826 215SZ9999999999999999999999999999 818 -5999999999999999999999
 20 20 18 15 11  6  1 -4 -6 -7 -6 -3  2  6  9 11 11 11 10  9  9 10 12 1526 216SZ 033 201556 1199999999999999 854 -71926  999999999999999
 17 19 19 17 13  8  2 -3 -7 -9 -9 -6 -2  3  7  9 10  9  8  6  6  6  7 1026 217SZ 124 1916 3 1099999999999999 927 -92018  699999999999999
 14 17 18 18 15 10  5 -1 -6 -9-10 -9 -5  0  5  8  9  9  7  5  3  3  3  526 218SZ 211 181615  999999999999999 957-1021 7  399999999999999
  9 13 16 17 16 13  8  2 -3 -7 -9 -9 -6 -1  4  8  9  9  8  5  2  0  0  126 219SZ 257 171629 10999999999999991026 -92154  099999999999999
  4  8 13 16 16 15 11  6  1 -3 -6 -7 -5 -2  4  8 10 11  9  6  3  0 -2 -226 220SZ 346 161645 11999999999999991054 -72244 -299999999999999
 -1  3  8 12 15 15 13 10  5  1 -2 -3 -3  0  4  9 12 13 12  9  5  1 -2 -426 221SZ 439 1517 3 13999999999999991119 -32338 -499999999999999
 -4 -2  2  7 11 13 13 12  9  6  3  2  2  3  6 10 13 15 15 13  9  5  1 -226 222SZ 542 131725 15999999999999991138  2999999999999999999999
 -4 -4 -3  1  5  9 11 12 11  9  8  7  7  7  9 12 15 17 18 17 14 10  5  126 223SZ 658 121752 1899999999999999 038 -51136  799999999999999
 -2 -4 -5 -3  0  4  7  9 10 11 10 10 10 11 12 14 16 18 20 20 18 15 11  626 224SZ1827 20999999999999999999999 145 -5999999999999999999999
  2 -1 -4 -5 -4 -2  1  4  7  9 10 11 12 13 15 16 17 19 20 21 20 19 16 1226 225SZ1917 21999999999999999999999 3 4 -5999999999999999999999
  8  4  0 -3 -5 -5 -4 -1  2  5  8 10 12 14 15 16 17 18 19 20 21 21 20 1726 226SZ2036 21999999999999999999999 435 -5999999999999999999999
 14  9  5  0 -3 -6 -7 -6 -3  0  4  7 10 12 14 15 15 16 16 17 19 20 21 2026 227SZ2212 21999999999999999999999 6 2 -7999999999999999999999
 18 15 10  5  0 -4 -7 -8 -8 -5 -1  4  7 10 12 13 13 13 13 13 15 16 19 2026 228SZ2334 21999999999999999999999 710 -9999999999999999999999
 20 19 15 10  5 -1 -5 -9-10 -9 -5 -1  4  8 10 11 11 10  9  9 10 11 14 1726 3 1SZ1519 11999999999999999999999 8 2-101852  999999999999999
 19 20 18 14  9  3 -2 -7-10-11 -9 -4  1  5  8  9  9  8  6  5  5  6  8 1226 3 2SZ 041 201517  999999999999999 845-111953  599999999999999
 16 18 19 17 13  7  1 -4 -8-10-10 -7 -2  3  7  9  9  7  5  2  1  1  2  526 3 3SZ 139 191528  999999999999999 921-112045  199999999999999
 10 14 16 17 14 10  5 -1 -5 -8 -9 -8 -3  2  6  9  9  8  5  2 -1 -2 -2  026 3 4SZ 232 171545  999999999999999 953 -92133 -299999999999999
  4  9 13 14 14 12  7  2 -2 -5 -7 -7 -4  1  6  9 10  9  6  3 -1 -3 -4 -426 3 5SZ 323 1516 4 10999999999999991020 -72218 -599999999999999
 -1  3  8 11 12 12  9  5  1 -2 -4 -4 -2  1  6  9 11 11  9  5  1 -3 -5 -626 3 6SZ 413 121623 11999999999999991041 -423 1 -699999999999999
 -5 -1  3  7  9 10 10  7  4  2  0  0  1  3  7 10 12 12 11  8  4  0 -3 -526 3 7SZ 5 4 101640 12999999999999991052  02344 -699999999999999
 -5 -4 -1  3  6  8  9  8  6  4  3  3  4  6  8 11 13 14 13 10  7  3 -1 -326 3 8SZ 558  91653 14999999999999991043  3999999999999999999999
 -5 -5 -3  0  3  6  7  8  7  6  6  6  7  8 10 13 14 15 15 13 10  6  2 -126 3 9SZ 7 2  817 4 1599999999999999 027 -51012  699999999999999
 -3 -4 -3 -2  1  3  5  6  7  7  7  8  9 10 12 14 15 16 16 15 12  9  6  226 310SZ1716 16999999999999999999999 115 -4999999999999999999999
  0 -2 -3 -3 -1  0  2  4  5  7  7  8 10 11 12 14 15 16 16 16 14 12  9  626 311SZ1737 16999999999999999999999 214 -3999999999999999999999
  3  0 -2 -3 -3 -2 -1  1  3  5  6  8  9 11 12 13 14 15 16 16 15 13 11  926 312SZ1812 16999999999999999999999 330 -3999999999999999999999
  6  3  0 -2 -3 -4 -3 -2  0  2  4  6  8 10 11 12 13 13 14 14 14 14 13 1126 313SZ1930 14999999999999999999999 5 0 -4999999999999999999999
  9  6  3  0 -3 -5 -5 -5 -4 -1  2  4  6  8  9 10 10 10 11 11 12 12 13 1226 314SZ2146 13999999999999999999999 612 -5999999999999999999999
 11  8  5  2 -2 -5 -7 -8 -7 -5 -2  2  4  6  8  8  8  8  7  8  9 10 11 1226 315SZ2317 12999999999999999999999 7 2 -8999999999999999999999
 12 10  8  4  0 -4 -7 -9 -9 -8 -5 -1  2  5  6  6  6  5  4  4  4  6  8 1026 316SZ1445  6999999999999999999999 742 -91849  499999999999999
 12 12 10  7  2 -2 -6 -9-11-10 -8 -4  1  4  5  6  5  3  1  0  0  1  4  726 317SZ 022 121443  699999999999999 817-111937  099999999999999
 10 12 11  9  6  1 -4 -8-10-11 -9 -5 -1  3  5  6  5  2  0 -2 -4 -3 -1  226 318SZ 117 121449  699999999999999 848-112021 -499999999999999
  7 11 12 11  9  5  0 -5 -8-10 -9 -6 -1  3  6  7  6  4  0 -4 -6 -7 -6 -326 319SZ 211 1215 1  799999999999999 918-1021 5 -799999999999999
  2  7 11 12 11  8  4 -1 -4 -7 -7 -5 -1  4  7  9  9  6  2 -3 -7 -9-10 -826 320SZ 3 6 121517  999999999999999 947 -72151-1099999999999999
 -4  2  7 11 12 11  8  4  0 -2 -3 -3  0  4  9 11 12 10  6  1 -5 -9-11-1226 321SZ 4 4 121538 12999999999999991015 -32240-1299999999999999
 -9 -4  2  7 10 12 11  8  5  3  1  1  3  6 10 13 15 14 10  5 -1 -6-10-1226 322SZ 5 6 1216 3 15999999999999991038  12333-1399999999999999
-12-10 -5  1  6  9 11 10  8  7  6  5  6  8 11 14 16 17 15 11  5 -1 -6-1026 323SZ 616 111633 17999999999999991045  5999999999999999999999
-12-12 -9 -5  0  4  7  9  9  9  8  9  9 10 12 15 17 18 17 15 11  6  0 -526 324SZ 742  917 8 1899999999999999 031-121011  899999999999999
 -8-11-11 -9 -6 -1  2  5  7  9  9 10 11 12 13 14 16 18 18 17 15 11  6  226 325SZ1754 18999999999999999999999 137-11999999999999999999999
 -3 -7 -9-10 -9 -7 -3  0  4  6  8  9 11 12 13 13 14 16 17 17 17 15 12  826 326SZ19 2 17999999999999999999999 256-10999999999999999999999
  3 -1 -5 -8 -9 -9 -8 -5 -1  2  5  7  9 10 11 12 12 13 13 14 15 15 14 1226 327SZ2041 15999999999999999999999 425-10999999999999999999999
  9  5  0 -4 -7 -9-10 -8 -6 -2  2  5  7  9  9  9  9  9  9 10 12 13 14 1426 328SZ2220 14999999999999999999999 546-10999999999999999999999
 12  9  5  1 -3 -7 -9-10 -8 -5 -1  2  5  7  8  7  6  6  5  5  6  9 11 1326 329SZ14 5  82342 1399999999999999 647-101819  599999999999999
 13 12  9  5  1 -4 -7 -9 -9 -7 -4  1  4  6  7  6  5  3  2  1  1  3  6 1026 330SZ1359  7999999999999999999999 734-101913  199999999999999
 12 12 11  8  4  0 -4 -7 -8 -8 -5 -1  3  6  7  6  4  2 -1 -2 -3 -2  1  526 331SZ 049 1214 6  799999999999999 812 -820 1 -399999999999999
  8 11 12 10  7  3 -1 -4 -6 -7 -5 -1  3  6  8  8  6  2 -1 -4 -6 -6 -4 -126 4 1SZ 148 121421  899999999999999 843 -72044 -699999999999999
  4  8 10 11  9  6  2 -1 -3 -4 -4 -1  3  7  9 10  8  5  0 -4 -6 -8 -8 -526 4 2SZ 242 111438 1099999999999999 9 9 -42123 -899999999999999
 -1  4  8 10 10  8  5  2  0 -1 -1  1  4  8 11 11 10  7  3 -2 -6 -8 -9 -826 4 3SZ 334 101456 1199999999999999 929 -122 0 -999999999999999
 -5  0  5  8 10  9  8  5  3  2  2  3  5  9 12 13 13 10  6  1 -4 -7 -9 -926 4 4SZ 424 101513 1399999999999999 940  22236 -999999999999999
 -7 -3  1  5  8  9  9  7  6  5  5  5  7 10 13 14 14 13  9  4 -1 -5 -8 -926 4 5SZ 515  91529 1599999999999999 938  52312 -999999999999999
 -8 -6 -1  3  6  8  9  9  8  7  7  8  9 11 14 15 16 15 12  8  3 -2 -5 -726 4 6SZ 6 7  91544 1699999999999999 926  72351 -899999999999999
 -8 -7 -4  0  3  6  8  9  8  8  8  9 10 12 14 16 16 16 14 10  6  2 -2 -526 4 7SZ16 0 169999999999999999999999999999999999999999999999999
 -7 -7 -5 -3  0  3  5  7  8  8  9 10 11 12 14 15 16 16 15 12  9  5  1 -226 4 8SZ1621 16999999999999999999999 035 -7999999999999999999999
 -4 -6 -6 -4 -2  0  2  5  6  7  8  9 10 11 13 14 15 15 14 13 11  8  4  126 4 9SZ1648 15999999999999999999999 129 -6999999999999999999999
 -2 -4 -5 -5 -5 -3 -1  1  4  5  7  8  9 10 11 12 13 13 13 12 11  9  7  426 410SZ1729 13999999999999999999999 237 -5999999999999999999999
  1 -2 -4 -5 -6 -5 -4 -2  1  3  5  7  8  9  9 10 10 10 11 11 11 10  8  626 411SZ19 3 11999999999999999999999 357 -6999999999999999999999
  4  1 -2 -4 -6 -6 -6 -5 -2  0  3  5  7  7  8  8  7  7  7  8  9  9  9  826 412SZ2119  9999999999999999999999 5 8 -6999999999999999999999
  6  4  1 -2 -5 -6 -7 -6 -4 -2  1  4  6  7  6  6  5  4  4  4  5  7  8  926 413SZ1324  72256  999999999999999 6 2 -71757  499999999999999
  8  6  4  1 -2 -5 -7 -7 -6 -3  0  4  6  7  6  5  3  2  0  0  1  3  6  826 414SZ1313  7999999999999999999999 644 -71841  099999999999999
  9  9  7  4  1 -2 -5 -6 -6 -4  0  4  6  8  7  6  3  0 -2 -3 -3 -1  2  626 415SZ 010  91316  899999999999999 721 -61924 -499999999999999
  9 11 10  8  5  2 -1 -3 -4 -3  0  4  8 10 10  8  4  0 -4 -6 -7 -7 -3  226 416SZ 117 111327 1099999999999999 755 -420 7 -799999999999999
  7 10 12 12 10  7  3  1 -1 -1  1  5  9 12 13 11  8  3 -2 -7-10-11 -9 -526 417SZ 221 121347 1399999999999999 828 -12053-1199999999999999
  2  7 11 13 13 11  8  5  4  3  4  6 11 14 16 15 13  8  1 -5-10-12-13-1026 418SZ 326 131413 1699999999999999 9 0  32141-1399999999999999
 -5  2  8 12 14 14 12 10  8  7  7  8 12 16 19 19 17 13  7  0 -6-11-14-1426 419SZ 430 141444 1999999999999999 928  72232-1499999999999999
-11 -5  2  8 12 14 14 13 11 10 10 11 13 16 19 21 21 18 13  7 -1 -7-11-1426 420SZ 535 141519 2199999999999999 945 102327-1499999999999999
-14-10 -5  1  7 11 13 13 13 12 12 13 14 16 19 21 22 21 18 13  6  0 -6-1026 421SZ 649 1416 0 2299999999999999 934 12999999999999999999999
-13-13-10 -5  1  5  9 11 12 13 13 14 14 15 17 19 21 22 20 17 13  7  1 -426 422SZ1649 22999999999999999999999 026-13999999999999999999999
 -9-11-11 -9 -5  0  4  8 10 11 12 13 14 14 15 17 18 19 20 19 16 12  7  226 423SZ1750 20999999999999999999999 131-11999999999999999999999
 -2 -6 -9 -9 -8 -5 -1  3  6  9 10 12 12 13 13 13 14 15 17 17 17 15 12  826 424SZ1910 17999999999999999999999 243 -9999999999999999999999
  4 -1 -4 -7 -7 -7 -4 -1  3  6  8 10 11 11 11 11 10 11 12 13 14 15 14 1226 425SZ1258 112046 1599999999999999 359 -71549 1099999999999999
  8  5  1 -2 -5 -6 -5 -3  0  4  7  9 10 10  9  8  7  7  7  8 10 12 13 1326 426SZ1236 102225 1399999999999999 5 7 -61718  799999999999999
 11  9  6  2 -1 -3 -4 -3  0  3  6  9 10 10  9  7  6  4  3  3  5  7 10 1126 427SZ1234 102350 1299999999999999 6 2 -41820  399999999999999
 12 11  9  6  3  1 -1 -1  0  3  6  9 11 11 10  8  5  3  1  0  0  2  6  926 428SZ1242 11999999999999999999999 645 -11910  099999999999999
 11 12 11  9  7  5  3  2  2  4  7 10 12 13 12 10  6  3  0 -2 -3 -1  1  526 429SZ 1 3 121255 1399999999999999 719  21953 -399999999999999
  9 11 12 12 10  8  6  5  5  6  8 11 14 15 15 12  9  5  1 -2 -4 -4 -2  226 430SZ 2 7 121312 1599999999999999 745  52030 -499999999999999
  6 10 12 13 12 11  9  8  8  8 10 13 15 17 17 15 12  7  3 -1 -4 -5 -4 -126 5 1SZ 3 3 131330 1799999999999999 8 1  821 5 -599999999999999
  3  8 11 13 14 13 12 11 10 10 12 14 17 19 19 18 15 11  6  1 -3 -5 -5 -326 5 2SZ 353 141350 1999999999999999 8 9 102137 -699999999999999
  1  5 10 13 14 15 14 13 12 12 13 15 18 20 21 20 18 14  9  4 -1 -4 -6 -526 5 3SZ 440 151411 2199999999999999 814 122211 -699999999999999
 -2  3  7 11 14 15 15 14 14 14 15 16 18 20 22 22 20 17 12  7  2 -2 -5 -526 5 4SZ 525 151433 2299999999999999 822 142247 -599999999999999
 -4  0  4  8 12 14 15 15 14 14 15 16 18 20 22 22 21 19 15 10  5  1 -3 -426 5 5SZ 615 151458 2299999999999999 829 142326 -599999999999999
 -4 -2  1  5  9 12 14 14 14 14 15 16 17 19 20 21 21 20 17 13  8  4  0 -326 5 6SZ1526 229999999999999999999999999999999999999999999999999
 -4 -3 -1  2  6  9 11 13 13 14 14 15 16 17 19 20 20 20 18 15 11  7  3  026 5 7SZ1557 20999999999999999999999 011 -4999999999999999999999
 -3 -3 -3 -1  2  5  8 10 12 13 13 14 15 16 17 18 18 18 17 16 13  9  6  226 5 8SZ1636 18999999999999999999999 1 1 -3999999999999999999999
  0 -2 -3 -2  0  2  5  8 10 11 12 13 14 14 14 15 16 16 16 15 14 11  8  526 5 9SZ1732 16999999999999999999999 156 -3999999999999999999999
  2  0 -2 -2 -1  0  3  6  8 10 11 12 13 13 13 13 13 13 14 14 14 12 11  826 510SZ19 4 14999999999999999999999 255 -2999999999999999999999
  5  3  1 -1 -1  0  2  4  7  9 11 12 12 12 11 10 10 10 11 11 12 13 12 1126 511SZ1147 122055 1399999999999999 350 -11631 1099999999999999
  9  6  4  2  1  1  2  4  7 10 12 13 13 12 11  9  8  7  7  8 10 12 13 1326 512SZ1133 132239 1399999999999999 440  11726  799999999999999
 12 10  8  6  4  4  4  5  7 11 13 15 15 14 11  9  6  4  3  4  6  9 12 1426 513SZ1136 15999999999999999999999 524  31813  399999999999999
 15 14 13 11  9  7  7  7  9 12 15 17 18 17 14 11  7  3  1  0  1  4  8 1226 514SZ 0 9 151151 1899999999999999 6 5  719 0  099999999999999
 15 17 17 16 14 12 11 11 12 14 17 20 22 21 19 14  9  4  0 -3 -4 -2  2  826 515SZ 130 171216 2299999999999999 645 111949 -499999999999999
 13 17 19 19 18 17 15 15 15 16 19 22 25 25 24 20 14  8  2 -3 -6 -6 -4  126 516SZ 245 201248 2599999999999999 723 142040 -699999999999999
  8 14 18 21 21 21 19 18 18 18 20 23 26 28 28 26 21 14  7  0 -5 -8 -8 -526 517SZ 353 211326 2999999999999999 757 182133 -899999999999999
  1  8 14 19 22 22 22 21 20 20 21 23 26 29 31 30 27 21 14  6 -1 -6 -9 -926 518SZ 456 221410 3199999999999999 824 202227 -999999999999999
 -5  1  8 14 19 21 22 22 21 21 21 22 25 28 30 31 30 27 21 13  6 -1 -6 -826 519SZ 6 0 221458 3199999999999999 841 212322 -999999999999999
 -8 -4  2  8 14 18 20 21 21 21 21 22 23 25 28 30 31 29 26 20 13  6  0 -526 520SZ1552 319999999999999999999999999999999999999999999999999
 -7 -6 -3  2  8 13 16 19 19 20 20 20 21 22 24 26 28 29 27 24 19 13  7  126 521SZ1651 29999999999999999999999 020 -7999999999999999999999
 -3 -5 -4 -1  3  8 12 15 17 18 18 18 19 19 20 21 23 25 26 25 22 18 13  826 522SZ1757 26999999999999999999999 119 -5999999999999999999999
  3  0 -2 -1  1  5  9 13 15 17 17 17 17 17 16 17 18 20 21 22 22 20 17 1326 523SZ1039 171912 2299999999999999 219 -214 9 1699999999999999
  9  6  3  2  2  4  7 11 14 16 17 17 17 16 15 14 14 14 16 17 19 19 18 1626 524SZ1042 172045 1999999999999999 317  11547 1499999999999999
 13 11  8  6  5  6  8 10 14 16 18 18 18 16 15 13 11 11 11 13 14 16 17 1726 525SZ1056 182229 1799999999999999 410  517 4 1199999999999999
 16 15 13 11 10  9 10 12 14 17 19 20 20 18 16 13 11  9  8  9 10 13 15 1726 526SZ1112 20999999999999999999999 454  918 6  899999999999999
 17 17 16 15 14 13 13 14 16 19 21 22 22 21 18 15 12  9  7  6  7  9 12 1526 527SZ 011 171129 2299999999999999 528 131855  699999999999999
 17 18 19 18 17 17 17 17 19 21 23 24 25 24 21 18 14 10  7  5  5  7 10 1326 528SZ 143 191146 2599999999999999 547 171936  599999999999999
 17 19 20 20 20 20 20 20 21 23 25 27 27 27 25 21 17 12  9  6  5  5  8 1126 529SZ 3 0 2012 6 2799999999999999 548 202011  599999999999999
 15 19 21 22 22 22 22 22 23 24 26 28 29 29 28 25 20 15 11  7  5  4  6  926 530SZ1229 309999999999999999999992044  4999999999999999999999
 13 18 21 23 24 24 24 24 24 25 27 29 30 31 30 28 24 19 13  9  6  4  4  726 531SZ1257 319999999999999999999992117  4999999999999999999999
 11 15 19 22 24 24 24 24 24 25 27 29 30 32 32 30 27 22 17 11  7  4  3  526 6 1SZ1329 329999999999999999999992153  3999999999999999999999
  8 13 17 21 23 24 24 24 24 25 26 27 29 31 32 31 29 25 20 14  9  6  3  326 6 2SZ14 4 329999999999999999999992232  3999999999999999999999
  5  9 14 18 21 23 24 24 23 24 24 26 27 29 31 31 30 27 23 17 12  8  4  326 6 3SZ1441 319999999999999999999992313  3999999999999999999999
  4  6 10 14 18 21 22 22 22 22 23 24 25 27 29 30 29 28 24 20 15 10  6  426 6 4SZ1520 309999999999999999999992355  3999999999999999999999
  3  4  7 11 15 18 20 21 21 21 22 22 23 24 26 27 28 27 25 22 17 13  9  626 6 5SZ16 1 289999999999999999999999999999999999999999999999999
  4  4  5  8 12 15 18 20 20 21 21 21 21 22 23 24 25 26 25 23 19 16 12  826 6 6SZ1648 26999999999999999999999 037  4999999999999999999999
  6  5  5  7 10 13 16 18 20 20 20 20 20 20 21 21 22 23 24 23 21 18 15 1226 6 7SZ1746 24999999999999999999999 119  5999999999999999999999
  9  7  7  8 10 12 16 18 20 21 21 20 20 19 19 19 19 21 22 22 22 20 18 1526 6 8SZ 933 2119 4 2299999999999999 158  71426 1999999999999999
 13 11 10 10 11 13 16 19 21 22 22 22 20 19 17 17 16 17 19 20 21 22 21 1926 6 9SZ 938 222045 2299999999999999 235 101544 1699999999999999
 18 16 14 14 14 15 18 20 23 25 25 24 22 20 17 15 14 14 15 17 19 21 22 2326 610SZ 950 252241 2399999999999999 310 141646 1499999999999999
 22 21 19 19 18 19 20 23 25 28 29 28 26 23 19 16 13 11 11 12 15 18 22 2426 611SZ1012 29999999999999999999999 347 181743 1199999999999999
 25 25 24 24 23 23 24 25 28 30 32 32 31 28 23 19 14 10  8  8 10 13 18 2226 612SZ 033 251043 3399999999999999 426 231840  899999999999999
 25 27 28 28 27 27 27 28 30 32 35 36 36 33 29 24 18 12  8  5  5  7 12 1826 613SZ 211 281123 3699999999999999 510 271937  599999999999999
 23 27 29 30 30 30 30 30 31 33 35 38 39 38 35 30 24 17 11  6  3  3  6 1126 614SZ 328 311210 3999999999999999 555 302033  399999999999999
 17 23 28 31 32 32 31 31 32 33 35 38 40 41 40 37 31 24 16  9  4  1  1  526 615SZ13 2 419999999999999999999992129  1999999999999999999999
 11 17 23 28 31 32 31 31 31 32 33 35 38 41 42 41 37 31 23 15  8  3  0  126 616SZ1358 429999999999999999999992223  0999999999999999999999
  5 11 17 23 27 30 30 30 30 30 30 32 34 38 41 42 40 36 30 22 15  8  3  126 617SZ1456 429999999999999999999992316  1999999999999999999999
  2  6 12 18 23 27 28 29 28 28 28 28 30 33 36 39 40 38 34 28 21 14  8  426 618SZ 641 291555 4099999999999999 918 28999999999999999999999
  3  4  8 13 19 23 26 27 27 26 26 26 26 27 30 33 36 36 35 32 26 20 15 1026 619SZ 719 271654 3699999999999999 0 8  21051 2699999999999999
  7  5  7 11 16 20 24 26 26 26 25 24 24 24 25 27 30 32 33 32 29 25 20 1626 620SZ 755 261757 3399999999999999 056  51233 2399999999999999
 12 10  9 11 15 19 22 25 26 26 25 24 23 22 21 22 24 26 28 29 28 26 24 2026 621SZ 829 2619 9 2999999999999999 142  914 1 2199999999999999
 18 15 14 14 16 19 22 25 27 28 27 26 24 22 21 20 20 21 23 25 26 26 25 2426 622SZ 9 0 282042 2699999999999999 224 141523 1999999999999999
 22 20 19 19 19 21 24 26 28 30 30 28 26 24 22 19 18 18 19 21 22 24 25 2526 623SZ 928 302248 2599999999999999 258 191638 1899999999999999
 25 24 24 24 24 25 26 28 30 32 32 31 30 27 24 21 19 17 17 18 19 22 24 2526 624SZ 953 32999999999999999999999 314 241742 1799999999999999
 26 27 27 27 28 28 29 31 33 34 35 34 33 30 27 24 20 18 16 16 17 20 22 2526 625SZ1014 359999999999999999999991833 16999999999999999999999
 27 29 30 30 31 31 32 33 35 36 37 37 36 34 30 27 23 19 17 16 16 18 21 2426 626SZ1038 379999999999999999999991914 16999999999999999999999
 27 29 31 32 33 33 34 35 36 37 39 39 39 37 34 30 26 22 18 16 15 16 19 2226 627SZ11 7 399999999999999999999991951 15999999999999999999999
 26 29 31 33 33 34 34 35 36 38 39 40 41 40 37 33 29 24 20 17 15 15 17 2026 628SZ1145 419999999999999999999992027 15999999999999999999999
 24 28 31 33 34 34 34 35 36 37 38 40 41 41 40 36 32 27 22 18 15 14 15 1726 629SZ1228 4199999999999999999999921 5 14999999999999999999999
 21 25 29 32 33 33 33 33 34 35 36 38 40 41 41 39 35 30 25 19 15 13 12 1426 630SZ1314 419999999999999999999992143 12999999999999999999999
 18 22 26 29 31 32 32 32 32 33 34 36 38 40 40 39 37 33 27 22 17 13 11 1226 7 1SZ1359 409999999999999999999992222 11999999999999999999999
 14 18 23 27 29 31 31 31 30 30 31 32 35 37 38 39 37 34 30 24 19 14 12 1026 7 2SZ 544 311442 3999999999999999 814 3023 0 1099999999999999
 12 15 19 23 27 29 30 29 29 29 29 30 31 33 36 37 37 35 31 27 21 17 13 1126 7 3SZ 615 301524 3799999999999999 9 2 292336 1199999999999999
 11 13 16 21 24 27 29 29 28 28 27 28 28 30 32 34 35 35 32 29 24 19 16 1326 7 4SZ 644 2916 6 3599999999999999 958 27999999999999999999999
 12 12 15 19 23 26 28 29 28 27 27 26 27 27 29 31 33 34 33 30 27 23 19 1626 7 5SZ 7 9 291654 3499999999999999 0 9 121112 2699999999999999
 15 14 16 19 22 26 28 29 29 28 27 26 25 25 26 28 30 31 32 31 29 26 23 2026 7 6SZ 728 291752 3299999999999999 039 141238 2599999999999999
 18 18 18 20 23 27 29 31 31 30 29 27 25 24 24 25 26 28 30 31 31 29 27 2526 7 7SZ 744 311910 3199999999999999 1 5 181355 2499999999999999
 23 22 22 24 26 29 31 33 34 34 32 29 27 25 23 22 23 24 27 29 30 31 30 2926 7 8SZ 8 3 342058 3199999999999999 126 2215 6 2299999999999999
 28 27 27 28 29 31 34 36 37 37 36 33 30 27 24 21 20 21 22 25 28 30 32 3226 7 9SZ 830 38999999999999999999999 141 271615 2099999999999999
 32 32 32 32 33 34 36 39 40 41 41 38 35 31 26 22 20 18 18 20 23 27 30 3326 710SZ 9 6 419999999999999999999991724 18999999999999999999999
 34 35 36 36 36 37 38 40 42 44 44 43 41 36 31 26 21 18 16 16 18 21 26 3026 711SZ 954 449999999999999999999991831 15999999999999999999999
 34 36 38 38 39 39 40 41 43 45 46 47 46 43 38 32 26 20 16 13 13 16 20 2526 712SZ1053 479999999999999999999991934 13999999999999999999999
 31 35 37 39 39 39 40 40 42 43 46 48 49 47 44 39 32 25 19 14 11 11 14 1926 713SZ1156 499999999999999999999992033 11999999999999999999999
 25 31 35 37 38 39 38 39 39 41 43 46 48 50 48 45 39 32 24 17 12  9 10 1326 714SZ13 0 509999999999999999999992127  9999999999999999999999
 19 25 31 34 36 37 37 36 36 37 38 41 45 48 49 48 44 38 30 23 16 11  9 1026 715SZ 454 3714 1 4999999999999999 727 362216  999999999999999
 14 20 26 31 34 35 35 34 33 33 34 35 39 43 46 47 46 42 36 29 21 15 11 1026 716SZ 515 351459 4799999999999999 839 3323 2 1099999999999999
 11 16 22 27 31 33 34 33 31 30 30 31 33 36 40 44 45 43 39 34 27 21 16 1326 717SZ 541 341556 4599999999999999 954 302344 1299999999999999
 12 14 19 25 29 32 33 33 31 29 28 28 28 30 33 37 40 41 40 36 31 26 21 1826 718SZ 6 9 331653 41999999999999991111 28999999999999999999999
 16 16 19 23 28 32 33 34 32 30 28 27 26 26 28 31 34 36 37 36 33 30 26 2326 719SZ 638 341754 3799999999999999 022 161224 2699999999999999
 21 20 21 24 28 32 34 35 34 33 30 28 26 25 25 26 29 31 33 34 33 32 29 2726 720SZ 7 7 3519 7 3499999999999999 055 201335 2599999999999999
 26 25 26 27 30 33 35 37 37 36 33 31 28 26 25 24 25 27 29 31 32 32 31 3126 721SZ 736 372047 3299999999999999 119 251447 2499999999999999
 30 30 30 31 33 35 37 38 39 38 37 34 32 29 26 25 24 25 26 28 29 31 32 3326 722SZ 8 1 39999999999999999999999 1 6 301559 2499999999999999
 33 34 34 35 36 38 39 40 41 41 40 38 35 32 29 26 25 24 24 26 27 30 32 3326 723SZ 824 4199999999999999999999917 7 24999999999999999999999
 35 36 37 38 39 40 41 42 43 43 43 41 39 36 32 29 26 24 24 24 26 28 31 3326 724SZ 850 4399999999999999999999918 5 24999999999999999999999
 35 37 38 39 40 41 42 43 44 45 45 44 42 39 36 32 28 26 24 23 24 26 29 3226 725SZ 929 459999999999999999999991852 23999999999999999999999
 35 37 38 40 40 41 42 43 44 45 46 45 44 42 39 35 31 27 24 23 22 24 26 3026 726SZ1025 469999999999999999999991935 22999999999999999999999
 33 36 38 39 40 40 41 42 43 44 45 46 46 44 42 38 33 29 25 22 21 21 23 2726 727SZ1126 469999999999999999999992015 21999999999999999999999
 31 34 36 38 38 39 39 39 40 41 43 45 46 45 44 40 36 31 26 22 20 19 20 2326 728SZ1222 469999999999999999999992054 19999999999999999999999
 27 31 34 36 37 37 37 36 37 38 40 42 44 45 44 42 38 33 28 23 19 17 17 1926 729SZ1313 459999999999999999999992130 17999999999999999999999
 23 28 32 34 35 36 35 34 34 35 36 38 41 43 44 43 40 36 30 25 20 17 16 1726 730SZ 433 361359 4499999999999999 744 3422 5 1699999999999999
 20 24 29 32 34 34 34 33 32 32 32 34 37 40 42 42 41 37 33 27 22 18 16 1626 731SZ 451 341441 4299999999999999 837 322236 1599999999999999
 18 22 26 30 33 34 33 32 30 30 30 31 33 36 39 41 41 38 35 30 25 20 18 1626 8 1SZ 511 341524 4199999999999999 930 3023 6 1699999999999999
 17 20 25 29 32 34 34 32 30 29 28 28 29 32 35 38 39 39 36 33 28 24 21 1926 8 2SZ 530 3416 9 39999999999999991025 282332 1999999999999999
 19 21 25 29 32 34 35 34 32 29 28 27 27 28 31 35 37 38 37 35 32 28 25 2326 8 3SZ 546 3517 2 38999999999999991123 272355 2399999999999999
 23 23 26 30 34 36 37 36 34 31 29 27 26 26 27 30 34 36 37 36 35 32 29 2826 8 4SZ 6 3 3718 7 37999999999999991225 26999999999999999999999
 27 28 29 32 35 38 39 39 37 35 31 28 26 25 25 27 29 32 35 36 36 35 34 3226 8 5SZ 623 391935 3699999999999999 010 271331 2599999999999999
 32 32 33 35 37 40 42 42 41 39 36 32 29 26 24 24 25 28 31 33 35 36 36 3626 8 6SZ 649 42999999999999999999999 010 321441 2499999999999999
 36 36 37 38 40 42 44 45 45 43 41 37 33 29 26 24 23 24 26 29 32 34 36 3826 8 7SZ 726 459999999999999999999991558 23999999999999999999999
 39 39 40 41 42 43 45 47 47 47 45 42 38 34 29 25 23 21 21 23 27 30 34 3726 8 8SZ 819 479999999999999999999991718 21999999999999999999999
 39 40 41 42 43 44 45 46 48 49 49 47 44 40 35 30 25 21 19 19 21 25 29 3326 8 9SZ 931 499999999999999999999991832 19999999999999999999999
 37 40 41 42 42 43 44 45 46 48 50 50 49 46 41 35 29 24 19 17 17 19 23 2926 810SZ1050 509999999999999999999991935 17999999999999999999999
 33 37 39 40 41 41 41 41 43 45 47 50 51 50 46 41 35 28 22 18 15 15 18 2326 811SZ12 2 519999999999999999999992029 15999999999999999999999
 29 34 37 38 39 38 38 38 38 40 42 46 49 50 49 46 41 34 27 21 16 14 15 1826 812SZ 347 3913 6 5099999999999999 643 382116 1499999999999999
 24 30 34 37 37 36 35 34 34 34 36 40 44 48 49 48 44 39 32 25 19 16 14 1626 813SZ 356 3714 5 4999999999999999 755 342158 1499999999999999
 21 26 32 35 36 36 34 32 30 30 31 33 37 42 46 47 46 42 36 30 24 19 16 1626 814SZ 414 3615 1 4799999999999999 9 1 302235 1699999999999999
 19 24 30 34 36 36 35 32 29 28 27 28 30 35 40 43 44 43 39 34 28 24 21 1926 815SZ 436 361556 449999999999999910 4 2723 8 1999999999999999
 20 24 29 33 36 37 36 34 30 27 26 25 26 29 33 37 40 41 39 36 32 28 25 2426 816SZ 5 1 371653 419999999999999911 4 252337 2399999999999999
 23 25 29 33 37 38 38 36 33 30 27 25 24 25 28 32 35 37 38 37 35 32 30 2826 817SZ 526 381755 389999999999999912 2 242355 2899999999999999
 28 29 31 35 38 39 40 39 36 33 30 27 25 24 25 28 31 33 35 36 35 34 33 3226 818SZ 548 4019 9 369999999999999913 0 242337 3299999999999999
 32 33 34 37 39 41 42 41 39 36 33 30 28 26 25 26 28 30 32 34 35 35 35 3526 819SZ 6 8 4299999999999999999999914 0 25999999999999999999999
 36 37 38 39 41 42 43 43 42 40 37 34 31 28 27 26 26 28 29 31 33 35 36 3726 820SZ 623 4399999999999999999999915 6 26999999999999999999999
 38 39 40 41 42 44 44 44 44 42 40 37 34 31 29 27 26 26 27 29 31 33 35 3726 821SZ 639 449999999999999999999991619 26999999999999999999999
 39 40 41 42 43 44 45 45 45 44 43 40 38 35 32 29 27 26 26 27 29 31 34 3626 822SZ 710 459999999999999999999991729 26999999999999999999999
 38 40 41 42 43 43 44 45 45 45 44 43 41 38 34 31 28 26 25 25 26 28 31 3426 823SZ 825 459999999999999999999991827 25999999999999999999999
 37 39 40 41 41 42 42 43 44 44 45 44 43 40 37 34 30 26 24 23 23 25 28 3126 824SZ10 4 459999999999999999999991914 23999999999999999999999
 35 37 38 39 39 39 39 40 41 42 43 44 44 42 40 36 32 27 24 22 21 22 25 2826 825SZ1120 449999999999999999999991955 21999999999999999999999
 32 35 37 37 37 37 36 37 37 39 41 42 44 43 41 38 34 29 25 21 19 19 21 2526 826SZ 320 371219 4499999999999999 613 362030 1999999999999999
 29 32 35 36 36 35 34 33 33 35 37 39 42 43 42 40 36 31 26 22 19 18 19 2226 827SZ 320 3613 9 4399999999999999 712 3321 3 1899999999999999
 26 30 33 35 35 34 32 31 30 30 32 35 39 41 42 41 38 33 28 23 20 18 18 2026 828SZ 330 351355 4299999999999999 8 3 302133 1799999999999999
 24 29 32 34 35 33 31 29 28 27 28 30 34 38 41 41 39 36 31 26 22 19 18 1926 829SZ 344 351440 4199999999999999 850 2722 0 1899999999999999
 23 28 32 34 35 34 32 29 26 25 25 26 30 34 38 40 40 38 34 30 25 22 21 2126 830SZ 357 351527 4099999999999999 937 252226 2199999999999999
 23 27 32 35 37 36 34 30 27 24 23 23 25 29 34 38 39 39 37 33 30 26 25 2426 831SZ 412 371620 39999999999999991024 232249 2499999999999999
 25 29 33 37 38 38 37 33 29 25 23 22 22 25 29 34 37 38 38 36 34 31 29 2926 9 1SZ 429 391722 38999999999999991116 2223 5 2999999999999999
 29 31 34 38 40 41 40 37 33 28 25 22 21 22 24 29 33 36 37 37 36 35 33 3326 9 2SZ 451 411838 38999999999999991212 2123 2 3399999999999999
 33 34 36 39 42 43 43 41 38 33 29 25 22 21 22 24 28 31 34 36 37 37 36 3626 9 3SZ 517 439999999999999999999991315 21999999999999999999999
 37 38 39 41 43 45 45 44 42 38 34 29 26 23 21 21 23 26 29 32 35 36 37 3826 9 4SZ 551 459999999999999999999991428 21999999999999999999999
 39 40 41 42 43 45 46 46 45 43 39 35 31 27 23 21 21 22 24 27 30 33 36 3826 9 5SZ 641 469999999999999999999991552 20999999999999999999999
 39 40 41 42 43 44 45 46 46 46 44 41 37 32 28 24 21 19 20 22 25 29 32 3626 9 6SZ 759 469999999999999999999991718 19999999999999999999999
 38 39 40 41 41 42 43 44 45 46 46 45 42 38 33 28 23 20 18 18 20 24 28 3226 9 7SZ 936 469999999999999999999991829 18999999999999999999999
 35 37 38 39 39 39 39 40 41 44 46 46 45 43 38 33 28 22 19 17 17 19 24 2826 9 8SZ11 1 469999999999999999999991926 16999999999999999999999
 32 35 36 37 36 35 35 35 36 38 42 45 46 45 43 38 32 26 21 18 16 17 20 2526 9 9SZ 238 371211 4699999999999999 615 352012 1699999999999999
 30 33 35 35 34 33 31 30 31 32 36 40 43 45 44 42 37 31 25 20 17 16 18 2226 910SZ 238 351313 4599999999999999 718 302052 1699999999999999
 28 32 35 35 34 32 29 27 26 27 29 33 38 42 44 43 40 35 29 24 20 18 18 2126 911SZ 250 351410 4499999999999999 814 262127 1899999999999999
 26 31 34 36 35 33 29 26 24 23 24 27 31 37 40 42 41 38 33 28 24 22 21 2226 912SZ 3 8 3615 6 4299999999999999 9 7 232157 2199999999999999
 26 31 35 37 37 35 31 27 24 21 21 22 25 30 35 38 39 39 36 32 28 26 24 2526 913SZ 330 3716 2 3999999999999999 958 212222 2499999999999999
 27 31 35 38 39 37 34 30 25 22 20 20 21 25 30 34 37 38 37 34 32 30 28 2826 914SZ 351 391659 38999999999999991045 202236 2899999999999999
 30 32 36 39 40 40 37 33 29 25 22 20 20 22 26 30 33 35 36 35 34 33 32 3226 915SZ 411 4018 1 36999999999999991131 202224 3299999999999999
 33 35 37 40 41 41 40 37 32 28 24 22 21 21 23 27 30 33 34 35 35 34 34 3526 916SZ 428 411914 35999999999999991218 212139 3499999999999999
 36 37 39 41 42 42 41 39 36 32 28 25 23 22 22 24 27 30 32 34 35 35 36 3626 917SZ 441 4299999999999999999999913 8 22999999999999999999999
 37 39 40 41 43 43 42 41 38 35 31 28 26 24 23 23 25 27 29 31 33 34 36 3726 918SZ 452 4399999999999999999999914 7 23999999999999999999999
 38 39 40 41 42 43 43 42 40 38 35 32 29 26 24 23 24 25 26 28 30 33 34 3626 919SZ 5 9 439999999999999999999991521 23999999999999999999999
 38 39 40 40 41 42 42 41 41 39 37 35 32 29 26 24 23 23 24 25 27 30 32 3426 920SZ 543 429999999999999999999991643 23999999999999999999999
 36 37 38 39 39 39 40 40 40 39 38 37 34 32 28 26 23 22 21 22 24 27 30 3226 921SZ 732 409999999999999999999991749 21999999999999999999999
 34 36 36 36 36 36 37 37 38 38 38 38 36 34 31 27 24 22 20 20 21 24 27 3026 922SZ 946 399999999999999999999991837 20999999999999999999999
 32 34 35 34 34 33 33 34 34 36 37 38 37 36 33 29 26 22 20 18 19 21 24 2826 923SZ 214 3511 8 3899999999999999 551 331916 1899999999999999
 31 33 33 33 32 31 30 30 30 32 34 36 37 37 35 32 28 24 20 18 18 19 22 2626 924SZ 2 6 3312 9 3799999999999999 639 301949 1899999999999999
 29 32 33 32 31 29 27 26 26 28 30 34 36 37 36 34 30 26 22 19 18 18 21 2526 925SZ 2 8 3313 2 3799999999999999 721 262019 1899999999999999
 29 32 33 33 31 28 25 23 23 23 26 30 34 36 37 36 33 29 25 22 20 19 21 2426 926SZ 216 331353 3799999999999999 8 3 232048 1999999999999999
 29 32 34 34 32 29 25 22 20 20 21 25 30 34 37 37 36 33 29 25 23 22 22 2526 927SZ 227 341446 3799999999999999 845 192114 2199999999999999
 29 33 36 36 35 31 27 22 19 17 17 20 24 30 35 37 37 36 33 29 27 25 25 2626 928SZ 242 361542 3799999999999999 928 172139 2599999999999999
 30 34 37 39 38 35 30 25 20 17 15 16 19 24 30 34 37 37 36 33 31 29 29 2926 929SZ 3 3 391644 37999999999999991015 152159 2999999999999999
 31 35 39 41 41 39 35 29 23 19 15 14 15 19 24 30 34 36 37 36 34 33 32 3226 930SZ 328 411752 379999999999999911 5 1422 3 3299999999999999
 34 36 39 42 43 42 39 34 28 23 18 15 14 15 19 24 29 32 35 36 35 35 35 352610 1SZ 358 431915 369999999999999912 2 142142 3599999999999999
 36 37 40 42 44 44 42 39 34 28 23 19 16 15 16 19 23 27 30 33 34 35 36 362610 2SZ 433 4499999999999999999999913 6 15999999999999999999999
 37 38 39 41 43 44 44 42 39 34 29 24 20 17 16 16 18 21 25 28 31 33 35 362610 3SZ 518 449999999999999999999991421 15999999999999999999999
 37 38 39 40 41 42 43 43 41 39 35 30 26 22 18 16 16 17 20 23 27 30 32 342610 4SZ 627 439999999999999999999991545 16999999999999999999999
 36 37 37 37 38 38 39 41 41 41 39 36 32 27 23 19 16 15 16 18 22 26 29 322610 5SZ 8 6 4199999999999999999999917 5 15999999999999999999999
 34 35 35 34 34 34 35 36 38 39 40 39 36 32 28 23 19 17 15 16 19 22 26 302610 6SZ 946 4099999999999999999999918 9 15999999999999999999999
 32 33 33 32 31 30 30 31 33 35 38 39 38 36 33 28 24 20 17 16 17 20 24 282610 7SZ 125 331111 3999999999999999 542 301859 1699999999999999
 31 32 32 31 29 27 26 26 27 30 33 36 38 38 36 32 28 23 20 18 17 19 23 272610 8SZ 121 321222 3899999999999999 639 261940 1799999999999999
 31 32 32 31 28 25 23 22 22 24 27 32 35 37 37 35 31 27 24 21 20 20 23 272610 9SZ 130 331325 3799999999999999 730 212015 1999999999999999
 31 33 34 32 29 26 22 20 18 19 21 26 31 34 36 36 34 31 27 24 23 22 24 27261010SZ 145 341424 3699999999999999 817 182043 2299999999999999
 31 35 36 35 32 28 23 19 17 16 17 21 26 31 34 36 35 33 30 28 26 25 26 28261011SZ 2 4 361520 3699999999999999 9 1 1621 5 2599999999999999
 32 35 37 37 35 31 26 21 17 15 15 17 21 26 31 34 35 35 33 31 29 28 29 30261012SZ 225 381615 3599999999999999 942 152117 2899999999999999
 33 36 39 39 38 34 30 24 20 16 15 15 18 22 27 31 34 35 34 33 31 31 31 32261013SZ 245 3917 8 35999999999999991021 152111 3199999999999999
 34 37 39 40 40 37 33 28 23 19 16 15 16 19 24 28 31 33 34 34 33 33 33 34261014SZ 3 4 4018 5 349999999999999911 0 152057 3399999999999999
 35 37 40 41 41 39 36 31 26 22 18 16 16 18 21 25 28 31 33 33 33 33 34 35261015SZ 322 419999999999999999999991140 16999999999999999999999
 36 38 39 41 41 40 37 34 29 25 21 18 17 17 19 22 25 28 30 32 33 33 34 35261016SZ 339 419999999999999999999991225 17999999999999999999999
 36 37 38 39 40 39 38 35 32 28 24 21 19 18 18 19 22 24 27 29 31 32 33 34261017SZ 358 409999999999999999999991320 18999999999999999999999
 35 36 37 38 38 38 37 36 33 30 27 24 21 19 18 18 19 21 23 26 28 30 31 32261018SZ 422 389999999999999999999991426 18999999999999999999999
 33 34 35 35 36 36 36 35 34 32 29 26 24 21 19 18 18 19 20 22 25 27 29 31261019SZ 458 369999999999999999999991542 18999999999999999999999
 32 32 33 33 33 33 33 33 33 32 31 29 26 23 21 19 17 17 18 20 22 25 27 29261020SZ 654 339999999999999999999991648 17999999999999999999999
 30 31 31 30 30 30 30 30 31 31 31 30 28 26 23 20 18 17 17 18 20 23 26 28261021SZ 111 31 911 3199999999999999 513 301737 1799999999999999
 30 30 29 28 27 26 26 26 28 29 30 31 30 28 26 23 20 18 17 17 19 22 25 28261022SZ 050 301046 3199999999999999 553 261817 1799999999999999
 29 30 29 27 25 24 23 23 24 26 28 30 31 30 28 26 23 20 19 18 19 22 25 28261023SZ 044 301158 3199999999999999 630 221850 1899999999999999
 30 31 30 28 25 22 20 19 19 22 25 29 31 32 31 29 26 24 21 20 20 22 26 29261024SZ 047 3113 1 3299999999999999 7 8 191921 2099999999999999
 32 33 32 29 26 21 18 16 15 17 20 25 29 32 33 32 30 27 25 23 23 24 26 30261025SZ 058 3314 3 3399999999999999 748 151951 2399999999999999
 34 35 35 33 28 23 18 14 12 12 15 20 25 30 33 34 34 31 29 27 26 26 28 31261026SZ 116 3615 4 3499999999999999 830 122020 2699999999999999
 35 38 38 36 33 27 21 15 11 10 10 14 20 26 31 34 35 34 32 30 29 29 30 32261027SZ 142 3816 6 3599999999999999 916 102045 2999999999999999
 36 39 41 40 37 32 26 19 13  9  8  9 13 20 26 31 34 35 35 33 32 31 32 33261028SZ 212 411710 359999999999999910 6  821 1 3199999999999999
 36 39 42 42 41 37 31 24 17 12  9  7  9 13 19 25 30 33 34 34 33 33 33 34261029SZ 248 431820 34999999999999991059  721 1 3399999999999999
 36 38 41 43 43 41 36 30 24 17 12  9  8  9 13 19 24 28 31 33 33 33 33 34261030SZ 329 439999999999999999999991157  8999999999999999999999
 35 37 39 41 42 42 40 35 30 24 18 13 10  8 10 13 18 22 26 29 31 32 32 33261031SZ 417 4299999999999999999999913 0  8999999999999999999999
 34 35 36 38 39 40 40 38 34 29 24 19 14 11 10 11 13 17 21 25 27 29 31 312611 1SZ 518 409999999999999999999991410 10999999999999999999999
 32 32 33 33 35 36 37 37 36 33 29 25 20 16 13 11 12 14 17 20 24 27 29 302611 2SZ 636 379999999999999999999991523 11999999999999999999999
 30 30 30 30 30 31 32 34 34 34 32 29 26 22 18 15 13 13 15 18 21 25 27 292611 3SZ 810 359999999999999999999991631 13999999999999999999999
 29 29 28 27 26 26 27 28 30 32 32 31 29 26 23 19 17 15 15 17 20 23 26 282611 4SZ 0 1 29 950 3299999999999999 439 261728 1599999999999999
 29 28 27 25 23 22 22 23 25 27 30 31 31 29 27 24 21 19 18 18 20 23 27 292611 5SZ 0 0 291122 3199999999999999 546 211814 1899999999999999
 30 30 28 25 22 20 18 18 19 22 26 29 30 31 29 27 25 23 21 21 22 24 27 302611 6SZ 010 301241 3199999999999999 641 181851 2199999999999999
 32 32 30 27 23 20 17 15 15 17 21 25 28 30 31 30 28 26 25 24 24 26 29 322611 7SZ 026 321350 3199999999999999 729 151920 2499999999999999
 34 34 33 30 26 21 17 14 13 14 17 21 25 29 31 31 31 29 28 27 27 28 30 332611 8SZ 045 341452 3199999999999999 811 131939 2799999999999999
 35 36 36 33 29 24 19 15 12 12 13 17 22 26 30 32 32 31 30 29 29 30 31 342611 9SZ 1 6 361545 3299999999999999 849 121946 2999999999999999
 36 38 38 36 32 27 22 17 13 11 12 14 19 23 28 31 32 32 32 31 31 31 32 34261110SZ 129 381632 3299999999999999 925 111949 3199999999999999
 36 38 39 38 35 30 25 19 15 12 11 12 16 20 25 29 31 32 32 32 31 32 32 34261111SZ 153 391718 3299999999999999 959 111958 3199999999999999
 36 38 39 39 37 33 28 23 17 14 11 11 13 17 22 26 29 31 32 31 31 31 32 33261112SZ 218 399999999999999999999991035 11999999999999999999999
 35 37 39 39 38 35 31 26 20 16 13 11 12 14 18 22 26 28 30 30 30 31 31 32261113SZ 244 399999999999999999999991115 11999999999999999999999
 34 35 37 38 37 36 32 28 23 18 15 12 11 12 15 18 22 25 27 28 29 29 30 31261114SZ 313 389999999999999999999991158 11999999999999999999999
 32 33 34 35 36 35 33 30 25 21 17 14 12 12 13 15 18 21 24 26 27 28 28 29261115SZ 345 369999999999999999999991247 12999999999999999999999
 30 31 32 32 33 33 32 30 27 23 20 16 14 12 12 13 15 18 21 23 25 26 27 28261116SZ 422 339999999999999999999991339 12999999999999999999999
 28 28 29 29 30 30 30 29 27 25 22 19 16 14 13 13 14 16 18 21 23 25 26 27261117SZ 513 309999999999999999999991433 13999999999999999999999
 27 27 27 26 27 27 27 27 27 25 23 21 19 16 15 14 14 15 17 20 22 24 26 26261118SZ 636 272323 26999999999999991524 14999999999999999999999
 26 26 25 24 24 24 24 25 25 25 25 23 21 19 17 16 15 16 17 19 22 25 26 27261119SZ 827 252311 2799999999999999 430 2316 9 1599999999999999
 27 25 24 22 21 20 20 21 23 24 25 25 24 22 21 19 18 18 18 20 23 26 28 29261120SZ1020 252312 2999999999999999 519 201649 1899999999999999
 28 27 24 22 19 17 17 17 19 22 24 26 26 26 24 23 22 21 21 22 24 27 30 31261121SZ1155 262325 3199999999999999 6 2 171726 2199999999999999
 31 29 26 23 19 16 14 13 15 18 22 25 27 28 28 27 26 24 24 24 26 28 31 34261122SZ1316 282349 3499999999999999 645 1318 3 2499999999999999
 34 33 30 25 20 16 12 10 10 12 17 22 26 29 30 30 29 28 27 27 28 30 33 36261123SZ1428 31999999999999999999999 730 101840 2799999999999999
 37 37 34 30 24 18 13  9  7  7 11 16 22 27 30 32 32 31 30 29 30 31 33 36261124SZ 021 381533 3299999999999999 819  71915 2999999999999999
 39 40 39 35 30 23 16 10  6  4  5  9 16 22 27 31 33 33 32 31 31 31 33 35261125SZ 059 401633 3399999999999999 9 9  41945 3199999999999999
 39 41 42 40 35 29 22 14  8  4  2  4  9 15 22 27 30 32 32 31 31 31 32 34261126SZ 143 421733 329999999999999910 2  22010 3199999999999999
 37 40 42 42 40 35 28 20 13  7  3  2  3  8 15 21 26 29 30 31 30 30 31 32261127SZ 232 429999999999999999999991057  2999999999999999999999
 34 36 39 41 41 38 34 27 19 12  7  3  2  4  8 14 20 24 27 28 28 28 29 29261128SZ 325 419999999999999999999991153  2999999999999999999999
 30 32 35 37 39 39 36 32 26 19 13  7  4  3  5  9 14 19 23 25 26 27 27 27261129SZ 423 399999999999999999999991250  3999999999999999999999
 27 28 29 32 34 36 35 33 29 24 19 13  9  6  6  7 11 15 19 22 24 25 25 25261130SZ 526 362140 25999999999999991348  6999999999999999999999
 25 25 25 26 28 30 31 32 30 27 23 19 15 11  9  9 10 13 17 20 23 25 25 252612 1SZ 638 322159 2599999999999999 111 251444  999999999999999
 24 23 22 22 22 24 26 27 28 27 26 23 20 17 14 13 12 14 17 20 23 25 26 252612 2SZ 8 6 282220 2699999999999999 3 0 221537 1299999999999999
 24 23 21 19 18 18 20 22 23 25 25 25 23 21 19 17 16 17 18 20 23 26 27 272612 3SZ 952 252241 2799999999999999 426 181625 1699999999999999
 26 24 22 19 17 15 15 16 19 21 23 24 25 24 23 22 21 20 21 22 25 27 29 302612 4SZ1146 2523 3 3099999999999999 537 1517 3 2099999999999999
 29 27 24 21 17 15 13 13 14 17 20 23 25 25 26 25 25 24 24 25 27 29 31 322612 5SZ1337 262325 3299999999999999 635 131729 2499999999999999
 32 30 27 23 19 16 13 11 11 13 17 20 23 26 27 27 27 27 27 27 28 30 32 342612 6SZ2349 34999999999999999999999 722 11999999999999999999999
 34 33 31 27 22 18 14 11 10 11 14 18 22 25 27 28 29 29 29 29 30 31 33 352612 7SZ9999999999999999999999999999 8 2 10999999999999999999999
 36 35 33 30 25 20 16 12 10 10 11 15 19 23 27 29 29 30 29 30 30 31 33 352612 8SZ 017 36999999999999999999999 838  9999999999999999999999
 36 37 36 33 29 23 18 13 10  9  9 12 16 21 25 28 29 30 29 29 30 31 32 342612 9SZ 047 37999999999999999999999 912  9999999999999999999999
 36 37 37 35 31 26 21 15 11  8  8  9 13 18 22 26 28 29 29 28 28 29 30 32261210SZ 122 37999999999999999999999 947  8999999999999999999999
 34 36 37 36 33 29 23 18 13  9  7  7 10 14 18 22 25 27 27 27 27 27 28 30261211SZ 159 379999999999999999999991023  7999999999999999999999
 31 33 35 35 33 30 26 20 15 10  7  6  7 10 14 18 22 24 25 26 25 25 26 27261212SZ 237 3599999999999999999999911 2  6999999999999999999999
 28 30 32 33 33 31 27 22 17 12  8  6  6  7 10 14 18 21 23 24 24 24 24 24261213SZ 315 339999999999999999999991141  6999999999999999999999
 25 27 29 30 31 30 27 23 19 14 10  7  6  6  8 11 15 18 21 22 22 22 22 23261214SZ 353 319999999999999999999991219  6999999999999999999999
 23 24 25 27 28 28 26 24 20 16 12  9  7  7  7 10 13 16 19 21 22 22 22 21261215SZ 434 289999999999999999999991256  7999999999999999999999
 21 22 22 23 24 25 25 24 21 18 15 12 10  9  9 10 12 15 18 20 22 22 22 21261216SZ 522 252058 22999999999999991328  8999999999999999999999
 20 20 20 20 21 22 23 23 22 20 17 15 13 12 11 12 13 16 19 21 23 23 23 22261217SZ 626 2321 7 2399999999999999 156 201356 1199999999999999
 21 19 18 18 18 19 20 21 21 21 20 18 16 15 15 15 16 17 20 22 24 25 25 24261218SZ 758 212120 2599999999999999 323 181421 1599999999999999
 22 20 18 16 15 15 16 18 19 21 21 21 20 19 19 18 19 20 22 24 27 28 28 27261219SZ10 5 212141 2899999999999999 429 151445 1899999999999999
 25 22 19 16 13 12 12 14 16 19 21 22 23 23 23 22 22 23 24 26 28 30 32 31261220SZ1221 232213 3299999999999999 527 121513 2299999999999999
 29 26 21 17 13 10  9  9 11 14 18 22 24 25 26 26 26 26 27 28 30 32 34 35261221SZ2255 35999999999999999999999 624  9999999999999999999999
 33 31 26 21 15 11  7  5  6  8 13 18 22 25 27 28 28 28 28 29 30 32 35 37261222SZ2344 37999999999999999999999 719  5999999999999999999999
 37 35 32 26 20 13  8  4  2  3  6 11 17 22 26 28 29 29 29 29 30 31 33 36261223SZ9999999999999999999999999999 815  2999999999999999999999
 38 39 37 32 26 19 12  5  1 -1  0  4 10 17 22 26 28 28 28 28 28 29 31 33261224SZ 039 39999999999999999999999 9 9 -1999999999999999999999
 37 39 39 37 32 25 17 10  3 -1 -3 -1  3 10 16 21 25 26 26 26 26 26 27 29261225SZ 136 401732 279999999999999910 2 -31958 2699999999999999
 32 36 39 39 36 31 24 16  8  2 -3 -4 -2  3 10 16 21 23 24 24 23 23 23 24261226SZ 234 3918 6 24999999999999991053 -42057 2399999999999999
 27 30 34 37 37 34 29 22 14  7  1 -2 -3  0  5 11 16 20 22 22 21 20 20 20261227SZ 332 371839 22999999999999991143 -32210 2099999999999999
 21 24 27 31 33 33 31 26 20 13  7  2 -1 -1  2  7 13 17 20 21 21 19 18 18261228SZ 429 341912 21999999999999991230 -12343 1899999999999999
 18 18 21 24 27 29 29 27 23 18 12  8  4  3  3  6 11 15 18 20 21 20 18 17261229SZ 529 291945 21999999999999991314  3999999999999999999999
 16 15 16 17 20 23 25 25 23 20 17 13 10  8  7  8 11 15 18 21 22 21 20 18261230SZ 636 252018 2299999999999999 113 151354  799999999999999
 16 15 13 13 14 16 19 20 21 20 19 17 15 13 12 13 14 17 20 22 24 24 23 21261231SZ 8 1 212047 2499999999999999 239 131422 1299999999999999
