 26 23 18 12  7  2 -1 -2 -1  3  8 13 17 20 22 22 23 23 23 24 25 27 30 3126 1 1T12324 31999999999999999999999 658 -2999999999999999999999
 31 28 24 18 11  5  0 -4 -5 -3  1  7 13 18 21 23 23 23 23 23 24 26 28 3126 1 2T19999999999999999999999999999 756 -5999999999999999999999
 33 32 30 25 18 11  4 -2 -6 -7 -5  0  7 13 18 21 22 22 22 22 22 23 25 2826 1 3T1 023 33999999999999999999999 851 -7999999999999999999999
 31 33 33 30 25 17  9  2 -4 -7 -8 -5  0  7 13 17 20 20 20 20 19 20 21 2326 1 4T1 123 3417 3 2099999999999999 943 -81955 1999999999999999
 27 30 33 32 29 23 16  8  1 -5 -8 -8 -5  1  8 13 17 18 18 18 17 17 17 1826 1 5T1 220 331729 18999999999999991031 -821 2 1799999999999999
 21 25 28 30 30 26 20 13  6  0 -5 -7 -6 -3  3  9 13 16 17 16 15 14 14 1426 1 6T1 315 301758 17999999999999991117 -72217 1499999999999999
 15 18 22 25 27 26 22 17 10  4 -1 -4 -5 -4  0  6 10 14 16 15 14 13 12 1126 1 7T1 4 7 271827 16999999999999991158 -52331 1199999999999999
 11 13 15 19 21 22 21 18 13  8  4  0 -2 -2  0  4  9 12 15 15 15 13 12 1026 1 8T1 459 221856 15999999999999991234 -2999999999999999999999
  9  9 10 13 15 17 18 17 14 11  7  4  2  2  2  5  8 12 14 16 16 14 12 1126 1 9T1 552 181924 1699999999999999 042  913 2  299999999999999
  9  8  7  8 10 12 13 14 13 11  9  8  6  6  6  7 10 12 15 16 17 16 14 1226 110T1 655 141949 1799999999999999 153  71315  699999999999999
 10  8  7  6  6  7  9 10 11 11 10 10  9  9 10 11 12 14 16 18 18 18 17 1526 111T1 835 112012 1899999999999999 310  61231  999999999999999
 12 10  7  6  5  5  6  7  8  9 10 11 11 12 13 14 15 16 18 19 20 20 19 1726 112T12035 20999999999999999999999 427  5999999999999999999999
 15 12  9  7  5  4  4  4  6  8 10 11 13 14 15 16 17 18 19 20 21 22 21 2026 113T121 5 22999999999999999999999 533  3999999999999999999999
 18 15 12  8  6  3  2  3  4  6  8 11 13 15 16 17 18 19 20 21 22 23 23 2226 114T12149 23999999999999999999999 623  2999999999999999999999
 21 18 15 11  7  4  2  1  2  4  6  9 12 15 16 18 18 19 20 21 22 23 24 2426 115T12245 24999999999999999999999 7 5  1999999999999999999999
 23 21 18 14 10  5  2  0  0  1  4  7 11 14 16 17 18 18 19 19 20 22 23 2426 116T12342 25999999999999999999999 744  0999999999999999999999
 25 23 21 17 12  7  3  0 -2 -2  0  4  8 11 14 16 17 17 17 17 18 19 21 2326 117T19999999999999999999999999999 822 -2999999999999999999999
 25 25 23 20 15 10  4  0 -3 -4 -3  0  4  8 12 14 15 15 15 15 15 16 18 2126 118T1 034 25999999999999999999999 859 -4999999999999999999999
 23 24 24 22 18 13  7  1 -3 -6 -6 -4  0  5  9 12 14 14 13 13 13 13 15 1726 119T1 122 241645 1499999999999999 936 -61944 1399999999999999
 20 22 23 23 20 15  9  3 -2 -6 -8 -7 -4  1  6 10 12 13 12 11 10 10 11 1326 120T1 2 7 2417 0 13999999999999991011 -82036 1099999999999999
 15 19 21 22 21 17 12  5  0 -5 -8 -8 -6 -2  3  7 10 12 11 10  9  8  8  926 121T1 250 221718 12999999999999991045 -82133  899999999999999
 11 14 18 20 20 18 14  8  3 -2 -6 -8 -7 -4  1  5  9 11 11 10  8  7  6  626 122T1 334 201738 11999999999999991118 -82236  699999999999999
  7  9 13 16 18 18 15 11  6  1 -2 -5 -5 -4  0  4  9 11 12 11  9  7  5  426 123T1 422 181758 12999999999999991149 -52341  499999999999999
  4  5  8 11 14 15 15 13  9  5  2  0 -2 -1  1  5  9 12 13 13 11  9  6  426 124T1 516 161820 13999999999999991218 -2999999999999999999999
  3  2  3  6  9 12 13 13 11  9  6  4  3  3  4  7 10 13 15 16 14 12  8  526 125T1 622 131845 1699999999999999 046  21239  399999999999999
  3  1  1  2  4  7  9 11 11 11 10  8  8  8  8 10 12 15 17 18 18 16 12  926 126T1 755 111915 1899999999999999 156  11239  899999999999999
  5  2  0 -1 -1  1  4  7  9 10 11 11 11 12 12 13 14 16 18 20 21 20 17 1426 127T11956 21999999999999999999999 313 -1999999999999999999999
 10  6  2 -1 -3 -3 -1  1  4  7 10 12 13 14 15 16 17 18 19 21 22 23 22 1926 128T12053 23999999999999999999999 436 -3999999999999999999999
 15 11  6  2 -2 -4 -5 -4 -1  3  7 10 13 15 16 17 18 18 19 20 22 23 24 2326 129T122 5 24999999999999999999999 555 -5999999999999999999999
 21 17 12  6  1 -3 -6 -8 -7 -3  1  6 10 13 15 17 17 17 18 18 20 22 24 2526 130T12319 25999999999999999999999 7 2 -8999999999999999999999
 25 22 18 12  6  0 -5 -9-10 -8 -4  1  6 11 14 15 16 16 16 16 16 18 21 2426 131T19999999999999999999999999999 759-10999999999999999999999
 26 26 23 18 12  5 -2 -7-11-11 -9 -5  1  7 11 13 14 14 13 12 13 14 16 1926 2 1T1 026 2616 4 1499999999999999 849-121921 1299999999999999
 23 25 25 22 17 10  3 -4 -9-12-12 -9 -3  3  8 11 12 12 11 10  9  9 10 1326 2 2T1 127 261615 1299999999999999 933-122025  999999999999999
 17 22 24 23 20 15  8  1 -5-10-12-11 -7 -1  5  9 11 11 10  8  6  6  6  726 2 3T1 222 241634 11999999999999991013-122125  599999999999999
 11 15 19 21 20 17 11  5 -1 -6 -9-10 -8 -3  2  7 10 11 10  7  5  4  3  326 2 4T1 314 211656 11999999999999991049-102223  399999999999999
  5  9 13 16 18 17 13  8  2 -2 -6 -7 -7 -4  1  6  9 11 11  8  6  3  2  126 2 5T1 4 3 181720 11999999999999991120 -82317  199999999999999
  1  3  7 11 13 14 13  9  5  1 -2 -3 -4 -2  1  5  9 11 12 10  7  4  2  026 2 6T1 452 141742 12999999999999991144 -4999999999999999999999
 -1  0  2  5  8 10 10  9  7  4  2  1  0  1  3  6 10 12 13 12 10  7  4  126 2 7T1 544 1018 1 1399999999999999 011 -11155  099999999999999
  0 -1 -1  1  4  6  7  8  7  6  5  4  4  5  6  8 11 13 14 14 12  9  6  426 2 8T1 647  81818 1499999999999999 1 6 -11129  499999999999999
  1  0 -1 -1  1  3  4  5  6  6  6  6  7  8  9 11 13 14 15 15 14 12 10  726 2 9T11832 15999999999999999999999 2 6 -1999999999999999999999
  4  2  0 -1 -1  0  2  3  4  5  6  7  9 10 11 13 14 15 16 17 16 15 13 1026 210T11849 17999999999999999999999 316 -1999999999999999999999
  7  4  2  0 -1 -1 -1  1  2  4  6  8  9 11 12 14 15 16 17 17 17 17 15 1326 211T11923 17999999999999999999999 438 -1999999999999999999999
 10  7  4  2 -1 -2 -2 -2  0  2  4  7  9 11 12 13 14 15 16 17 17 17 17 1526 212T12037 17999999999999999999999 549 -2999999999999999999999
 13 10  7  4  1 -2 -3 -4 -3 -1  2  5  8 10 11 13 13 14 14 15 16 17 17 1726 213T12215 17999999999999999999999 643 -4999999999999999999999
 16 13 10  6  2 -1 -4 -6 -6 -4 -1  2  6  8 10 11 12 12 12 13 14 15 16 1726 214T12328 17999999999999999999999 726 -6999999999999999999999
 17 16 13  9  5  0 -4 -7 -8 -7 -5 -1  3  6  8 10 10 10  9 10 10 12 14 1626 215T19999999999999999999999999999 8 4 -8999999999999999999999
 17 17 15 12  7  2 -3 -7-10-10 -8 -4  0  4  7  8  8  8  7  6  7  8 10 1326 216T1 026 171543  899999999999999 839-101916  699999999999999
 15 17 16 14 10  4 -1 -7-10-12-11 -8 -3  2  5  7  8  7  5  4  3  4  5  826 217T1 116 171547  899999999999999 912-1220 8  399999999999999
 12 15 16 15 12  7  1 -4 -9-12-12-10 -6 -1  4  6  7  6  4  2  1  0  1  326 218T1 2 4 161558  799999999999999 944-122059  099999999999999
  7 11 15 15 14 10  5 -1 -6-10-11-11 -7 -2  3  6  8  7  5  2 -1 -2 -2 -126 219T1 251 151614  8999999999999991016-112150 -299999999999999
  2  6 11 14 14 12  8  3 -2 -6 -8 -9 -7 -3  2  6  9  9  7  3  0 -3 -4 -526 220T1 341 141632  9999999999999991047 -92243 -599999999999999
 -3  1  5 10 12 12 10  7  2 -1 -4 -5 -4 -2  3  7 10 11 10  6  2 -2 -5 -626 221T1 435 131653 11999999999999991115 -52337 -799999999999999
 -6 -4  0  4  8 10 10  9  6  3  1  0  0  1  4  8 11 13 13 10  6  2 -2 -526 222T1 536 111717 13999999999999991138  0999999999999999999999
 -7 -7 -5 -2  3  6  8  9  8  6  5  4  4  5  7 10 13 15 15 14 11  6  2 -226 223T1 651  91746 1599999999999999 035 -71140  499999999999999
 -5 -7 -8 -6 -3  1  4  6  7  8  7  8  8  9 10 11 14 16 17 17 15 12  7  326 224T11823 17999999999999999999999 141 -8999999999999999999999
 -1 -5 -7 -8 -7 -5 -2  1  4  6  8  9 10 11 12 13 14 16 17 18 18 16 13  926 225T11915 18999999999999999999999 3 0 -8999999999999999999999
  4  0 -4 -7 -8 -8 -7 -4 -1  3  5  8 10 11 12 13 14 15 16 17 18 18 17 1426 226T12034 18999999999999999999999 431 -8999999999999999999999
 10  6  1 -3 -7 -9-10 -9 -6 -2  2  5  8 10 12 12 13 13 13 14 16 17 18 1726 227T122 7 18999999999999999999999 554-10999999999999999999999
 15 12  7  2 -3 -7-10-11-10 -7 -3  2  6  8 10 11 11 10 10 11 12 14 16 1826 228T12326 18999999999999999999999 659-11999999999999999999999
 18 16 12  7  1 -4 -9-12-13-11 -7 -2  3  6  8  9  8  8  7  7  7  9 12 1526 3 1T115 4  9999999999999999999999 750-131855  799999999999999
 18 18 16 11  6  0 -6-10-13-13-10 -5  0  4  7  8  7  6  4  3  3  4  6 1026 3 2T1 033 1815 4  899999999999999 833-131950  399999999999999
 14 17 17 14 10  4 -2 -7-11-13-12 -8 -3  2  6  7  7  5  3  1 -1 -1  1  426 3 3T1 131 171516  799999999999999 910-132040 -199999999999999
  9 13 15 15 12  7  2 -4 -8-11-11 -9 -4  1  5  7  8  6  3  0 -3 -4 -4 -226 3 4T1 224 151534  899999999999999 943-112127 -499999999999999
  3  8 11 13 12  9  5  0 -4 -7 -9 -8 -5  0  5  8  9  7  4  0 -3 -5 -6 -526 3 5T1 314 131554  9999999999999991012 -92212 -699999999999999
 -3  2  6 10 11 10  7  3 -1 -4 -5 -5 -3  0  5  8 10  9  6  2 -1 -5 -7 -726 3 6T1 4 3 111614 10999999999999991034 -52255 -799999999999999
 -6 -3  2  5  8  9  8  5  2  0 -1 -2 -1  2  6  9 11 11  9  5  1 -3 -5 -726 3 7T1 453  91631 11999999999999991047 -22337 -899999999999999
 -7 -6 -2  1  4  6  7  6  4  3  2  2  3  4  7 10 12 12 11  8  4  0 -3 -626 3 8T1 547  71646 12999999999999991037  2999999999999999999999
 -7 -7 -5 -2  1  4  5  5  5  5  4  5  6  7  9 11 13 13 13 11  7  4  0 -326 3 9T1 656  51658 1399999999999999 021 -7 947  499999999999999
 -5 -6 -6 -4 -2  1  3  4  5  5  6  6  7  9 10 12 14 14 14 12 10  7  3  026 310T11712 14999999999999999999999 1 9 -6999999999999999999999
 -2 -4 -5 -5 -4 -2  0  2  3  4  6  7  8 10 11 12 14 14 14 14 12 10  7  426 311T11732 14999999999999999999999 210 -5999999999999999999999
  1 -2 -4 -5 -5 -4 -3 -1  1  3  5  6  8  9 11 12 13 13 14 14 13 11  9  726 312T118 8 14999999999999999999999 330 -5999999999999999999999
  4  1 -2 -4 -5 -5 -5 -4 -2  0  3  5  7  8 10 10 11 12 12 12 12 12 11  926 313T11931 12999999999999999999999 457 -5999999999999999999999
  7  4  1 -2 -5 -6 -7 -6 -5 -2  0  3  5  7  8  9  9  9  9 10 11 11 11 1126 314T12146 11999999999999999999999 6 2 -7999999999999999999999
  9  7  3  0 -4 -7 -8 -9 -8 -5 -2  1  4  6  7  7  7  6  6  7  8  9 10 1126 315T115 1  72311 1199999999999999 649 -91743  699999999999999
 11  9  6  2 -2 -6 -9-10-10 -8 -5 -1  2  4  6  6  5  4  3  3  4  6  8 1026 316T11435  6999999999999999999999 727-111840  399999999999999
 11 11  9  5  1 -4 -8-11-12-11 -7 -3  1  4  5  5  4  2  1  0  0  1  4  726 317T1 014 111429  599999999999999 8 1-121927  099999999999999
 10 12 11  8  4 -1 -5 -9-11-11 -9 -5  0  3  5  6  4  1 -1 -3 -4 -3 -1  326 318T1 1 9 121435  699999999999999 834-122012 -499999999999999
  7 11 12 11  8  3 -2 -6 -9-10 -9 -6 -1  4  6  7  6  2 -1 -5 -7 -7 -6 -326 319T1 2 3 121448  799999999999999 9 7-102057 -799999999999999
  2  7 11 12 11  7  3 -2 -5 -7 -7 -5 -1  4  8  9  8  5  1 -4 -8-10-10 -826 320T1 258 1215 6  999999999999999 939 -72145-1099999999999999
 -4  2  7 11 12 10  7  3  0 -2 -3 -3  0  5  9 11 11  9  4 -1 -6-10-12-1226 321T1 355 121529 12999999999999991010 -32234-1299999999999999
 -9 -4  2  7 10 11 10  7  4  2  1  1  3  6 10 13 14 13  9  4 -2 -7-11-1326 322T1 456 111556 14999999999999991038  12327-1399999999999999
-13-10 -5  1  6  9 10  9  8  6  5  5  6  8 11 14 16 16 14  9  4 -2 -7-1126 323T1 6 5 101627 16999999999999991052  5999999999999999999999
-13-13-10 -5  0  4  7  8  8  8  8  8  9 10 12 14 17 17 17 14 10  4 -1 -626 324T117 5 17999999999999999999999 026-13999999999999999999999
 -9-12-12-10 -6 -2  2  5  7  8  9 10 10 11 12 14 16 17 17 17 14 10  5  026 325T11752 17999999999999999999999 133-12999999999999999999999
 -4 -8-10-11-10 -7 -4  0  3  5  7  9 10 11 12 13 14 15 16 16 16 14 11  726 326T119 1 16999999999999999999999 253-11999999999999999999999
  2 -2 -6 -9-10-10 -8 -5 -2  2  5  7  9 10 11 11 11 12 13 14 15 15 14 1126 327T12039 15999999999999999999999 422-10999999999999999999999
  8  4 -1 -5 -8-10-10 -9 -6 -2  2  5  7  8  9  9  9  8  8  9 11 13 14 1326 328T11418  92215 1499999999999999 539-111710  899999999999999
 11  8  4  0 -4 -8-10-10 -9 -5 -1  3  6  7  8  7  6  5  5  5  6  9 11 1326 329T11355  82333 1399999999999999 638-111818  499999999999999
 13 11  8  4  0 -5 -8-10-10 -7 -3  1  5  7  7  6  5  3  1  1  1  3  6 1026 330T11349  7999999999999999999999 724-101910  199999999999999
 12 12 11  7  3 -1 -5 -8 -9 -8 -4  0  4  7  7  7  4  2 -1 -2 -3 -2  1  526 331T1 039 121357  799999999999999 8 1 -91955 -399999999999999
  9 11 11 10  6  2 -2 -5 -6 -7 -4  0  4  7  9  8  6  2 -1 -4 -5 -6 -4  026 4 1T1 138 121412  999999999999999 833 -72037 -699999999999999
  5  8 11 11  9  5  2 -1 -3 -4 -3  0  4  8 10 10  8  4  0 -4 -6 -8 -7 -426 4 2T1 231 111430 1099999999999999 9 0 -42115 -899999999999999
  0  5  8 10 10  8  5  2  0 -1 -1  1  5  8 11 12 10  7  2 -2 -6 -8 -9 -726 4 3T1 321 101449 1299999999999999 922 -12152 -999999999999999
 -4  1  5  9 10  9  7  5  3  2  2  3  6  9 12 13 12 10  5  0 -4 -7 -9 -926 4 4T1 411 1015 7 1399999999999999 935  22228 -999999999999999
 -7 -3  2  6  8  9  9  7  6  5  5  6  8 10 13 15 14 12  9  4 -1 -5 -8 -926 4 5T1 5 2  91524 1599999999999999 931  523 5 -999999999999999
 -8 -5 -1  3  6  8  9  8  8  7  8  8 10 12 14 15 16 14 11  7  2 -2 -5 -726 4 6T1 6 0  91540 1699999999999999 9 6  72345 -899999999999999
 -8 -6 -4  0  3  6  8  8  8  8  9 10 11 12 14 16 16 16 14 10  6  2 -2 -526 4 7T11558 169999999999999999999999999999999999999999999999999
 -6 -7 -5 -2  0  3  5  7  8  8  9 10 11 13 14 15 16 16 15 12  9  5  1 -226 4 8T11619 16999999999999999999999 031 -7999999999999999999999
 -4 -6 -5 -4 -2  0  2  4  6  7  8 10 11 12 13 14 15 15 15 13 11  8  4  126 4 9T11646 15999999999999999999999 125 -6999999999999999999999
 -2 -4 -5 -5 -4 -3 -1  2  4  5  7  9 10 11 12 12 13 13 13 13 12 10  7  426 410T11726 13999999999999999999999 234 -5999999999999999999999
  1 -1 -4 -5 -5 -5 -3 -1  1  3  5  7  9  9 10 10 11 11 11 11 11 10  9  726 411T11857 11999999999999999999999 352 -5999999999999999999999
  4  1 -2 -4 -5 -6 -5 -4 -1  1  4  6  7  8  8  8  8  8  8  9  9 10 10  826 412T12115 10999999999999999999999 458 -6999999999999999999999
  7  4  1 -2 -4 -6 -6 -5 -3  0  3  5  7  7  7  7  6  5  5  5  6  8  9 1026 413T11317  82248 1099999999999999 548 -61751  599999999999999
  9  7  4  1 -2 -5 -6 -6 -5 -2  2  5  7  8  7  6  4  2  1  1  3  5  8 1026 414T113 2  8999999999999999999999 630 -61833  199999999999999
 10 10  8  5  1 -2 -4 -5 -5 -2  2  5  8  9  8  6  3  1 -1 -2 -2  0  4  826 415T1 0 2 1013 4  999999999999999 7 8 -51915 -299999999999999
 11 12 11  9  6  2 -1 -3 -3 -2  2  6  9 11 11  8  5  1 -3 -5 -6 -5 -2  326 416T1 1 7 121317 1199999999999999 744 -31958 -699999999999999
  8 12 13 13 10  7  4  1  0  1  3  7 11 14 14 12  8  3 -2 -6 -9 -9 -7 -326 417T1 210 131338 1499999999999999 820  02044 -999999999999999
  4  9 13 15 14 12  9  6  5  4  5  8 12 16 17 16 13  7  1 -5 -9-11-12 -926 418T1 312 1514 5 1799999999999999 854  42133-1299999999999999
 -3  4 10 13 15 15 13 10  9  8  8 10 13 17 20 20 18 13  7  0 -6-11-13-1326 419T1 415 151437 2099999999999999 925  82225-1399999999999999
 -9 -3  4  9 13 15 15 13 12 11 11 12 14 17 21 22 22 19 13  6 -1 -6-11-1326 420T1 522 151514 2399999999999999 947 112320-1399999999999999
-12 -9 -3  3  8 12 14 14 14 13 14 14 15 17 20 23 23 22 19 13  7  0 -5-1026 421T11557 239999999999999999999999999999999999999999999999999
-12-11 -8 -3  2  7 10 12 13 14 14 15 15 16 18 21 22 23 21 18 13  7  1 -426 422T11647 23999999999999999999999 021-12999999999999999999999
 -8-10-10 -7 -4  1  5  8 11 12 13 14 15 15 16 17 19 21 21 20 17 13  8  326 423T11749 21999999999999999999999 128-10999999999999999999999
 -2 -5 -8 -8 -7 -4  0  4  7 10 12 13 14 14 14 14 15 16 18 18 18 16 13  926 424T119 8 18999999999999999999999 242 -8999999999999999999999
  4  0 -3 -6 -6 -6 -3  0  4  7 10 11 12 12 12 11 11 12 13 14 15 16 15 1226 425T11247 122044 1699999999999999 357 -71554 1199999999999999
  9  6  2 -1 -4 -5 -4 -2  2  5  8 10 11 11 11  9  8  8  8  9 11 13 14 1426 426T11230 112218 1499999999999999 5 3 -51717  899999999999999
 12  9  6  3  0 -2 -3 -2  1  4  8 10 11 11 10  9  7  5  4  4  6  8 11 1326 427T11226 122340 1399999999999999 556 -31817  499999999999999
 13 12 10  7  4  2  0  0  1  4  8 11 12 13 11  9  6  4  2  1  2  4  7 1026 428T11234 13999999999999999999999 637  019 5  199999999999999
 12 13 12 10  7  5  3  3  3  5  8 12 14 14 13 11  7  4  1 -1 -1  0  3  726 429T1 051 131248 1499999999999999 710  21946 -299999999999999
 10 12 13 12 10  8  7  6  6  7 10 13 15 17 16 13  9  5  1 -1 -3 -3  0  426 430T1 153 1313 6 1799999999999999 736  62023 -399999999999999
  8 11 13 14 13 11 10  9  9  9 11 14 17 18 18 16 12  8  3 -1 -3 -4 -3  126 5 1T1 248 141325 1999999999999999 754  92056 -499999999999999
  5 10 13 15 15 14 13 12 11 12 13 15 18 20 21 19 16 11  6  1 -2 -4 -4 -226 5 2T1 338 151346 2199999999999999 8 2 112129 -499999999999999
  2  7 11 14 16 16 15 14 14 14 15 16 19 21 22 21 19 15  9  4  0 -3 -4 -326 5 3T1 427 1614 8 2299999999999999 8 2 1422 4 -499999999999999
  0  4  9 13 15 16 16 15 15 15 16 17 19 22 23 23 21 18 13  8  3 -1 -3 -426 5 4T1 518 161431 2399999999999999 8 0 152241 -499999999999999
 -2  2  6 10 13 15 16 16 16 16 17 18 19 21 23 24 23 20 16 11  6  2 -1 -326 5 5T11457 249999999999999999999992322 -3999999999999999999999
 -3  0  3  7 10 13 14 15 15 16 17 18 19 21 22 23 23 22 19 15 10  5  2 -126 5 6T11525 239999999999999999999999999999999999999999999999999
 -2 -2  1  4  7 10 12 13 14 15 16 17 18 19 20 22 22 21 20 17 13  8  5  126 5 7T11557 22999999999999999999999 0 7 -2999999999999999999999
 -1 -1 -1  1  4  7  9 11 13 14 15 16 17 17 18 19 20 20 19 17 15 11  7  426 5 8T11635 20999999999999999999999 057 -1999999999999999999999
  1  0 -1  0  2  4  7  9 11 13 14 15 15 16 16 17 18 18 18 17 15 13 10  726 5 9T11727 18999999999999999999999 152 -1999999999999999999999
  4  2  0  0  1  2  5  7 10 12 13 14 14 14 14 14 15 15 16 16 15 14 12 1026 510T11855 16999999999999999999999 249  0999999999999999999999
  7  4  2  1  1  2  4  6  9 11 13 14 14 14 13 12 12 12 12 13 14 14 14 1226 511T11144 142049 1499999999999999 342  11628 1299999999999999
 10  8  5  4  2  2  4  6  9 12 14 15 15 14 12 11  9  9  9 10 12 13 15 1526 512T11123 152232 1599999999999999 431  21722  999999999999999
 14 12  9  7  6  5  5  7  9 13 15 17 17 15 13 10  8  6  5  6  8 11 14 1626 513T11127 172359 1699999999999999 516  518 7  599999999999999
 16 16 14 12 10  9  8  9 11 14 17 19 20 18 15 12  8  4  2  2  3  6 10 1526 514T11143 20999999999999999999999 559  81852  299999999999999
 17 19 18 17 15 13 12 12 13 15 19 22 23 23 20 15 10  5  1 -1 -2  0  5 1026 515T1 117 1912 9 2399999999999999 639 121940 -299999999999999
 16 19 21 21 20 18 16 16 16 17 20 24 27 27 25 21 15  8  3 -2 -4 -4 -1  426 516T1 228 211242 2799999999999999 718 162031 -599999999999999
 11 17 21 23 23 22 20 19 19 20 22 25 28 30 30 27 21 15  7  1 -4 -6 -6 -226 517T1 335 231321 3099999999999999 751 192124 -699999999999999
  4 11 17 21 23 23 23 22 22 22 23 25 28 31 33 32 28 22 14  7  0 -4 -7 -626 518T1 441 2414 5 3399999999999999 812 222219 -799999999999999
 -2  4 11 16 21 23 23 23 23 23 23 24 27 30 33 34 32 28 22 14  7  1 -4 -626 519T11454 349999999999999999999992317 -7999999999999999999999
 -6 -2  4 10 16 19 21 22 22 22 23 23 25 27 30 33 33 32 28 21 14  8  2 -326 520T11549 339999999999999999999999999999999999999999999999999
 -5 -4 -1  4 10 15 18 20 21 21 22 22 23 24 26 29 31 31 30 26 21 14  8  326 521T11648 31999999999999999999999 016 -5999999999999999999999
 -1 -3 -2  1  5 10 14 17 19 20 20 21 21 21 22 23 25 27 28 27 24 20 15 1026 522T11754 28999999999999999999999 117 -3999999999999999999999
  5  2  0  1  3  7 11 14 17 19 19 19 19 19 18 19 20 22 23 24 24 22 18 1526 523T11052 191910 2499999999999999 218  01411 1899999999999999
 11  7  5  3  4  6  9 13 16 18 19 19 19 18 17 16 15 16 18 19 21 21 20 1826 524T11042 192039 2199999999999999 316  31545 1599999999999999
 15 12 10  8  7  7  9 12 16 18 20 20 20 18 16 14 13 12 13 14 16 18 19 1926 525T11051 202219 1999999999999999 4 7  717 2 1299999999999999
 17 16 14 12 11 11 11 13 16 19 21 22 21 20 17 15 12 10 10 10 12 14 17 1826 526T111 5 222359 1999999999999999 450 1018 3 1099999999999999
 19 18 17 16 15 14 14 16 18 20 23 24 24 22 20 16 13 10  8  8  9 11 14 1726 527T11122 24999999999999999999999 523 141851  899999999999999
 19 20 20 19 18 18 18 18 20 22 24 26 26 25 22 19 15 11  8  7  7  9 12 1526 528T1 128 201142 2799999999999999 541 181930  799999999999999
 18 20 21 21 21 21 21 21 22 24 26 28 29 28 26 22 18 13 10  7  6  7 10 1326 529T1 239 2212 4 2999999999999999 542 2120 3  699999999999999
 17 20 22 23 23 23 23 23 24 25 27 29 31 31 29 26 21 16 12  8  6  6  8 1126 530T11229 319999999999999999999992036  6999999999999999999999
 16 20 23 24 25 25 25 25 25 27 28 30 32 33 32 29 25 20 15 10  7  6  6  926 531T11257 339999999999999999999992110  6999999999999999999999
 13 18 21 24 25 26 26 26 26 27 28 30 32 34 34 32 28 24 18 13  9  6  6  726 6 1T11329 349999999999999999999992147  5999999999999999999999
 10 15 19 22 25 26 26 26 26 27 28 29 31 33 34 33 31 27 22 16 11  8  6  626 6 2T114 4 349999999999999999999992227  5999999999999999999999
  8 12 16 20 23 24 25 25 25 26 27 28 30 32 33 34 32 29 25 19 14 10  7  526 6 3T11441 3499999999999999999999923 9  5999999999999999999999
  6  9 12 16 20 22 23 24 24 25 25 26 28 30 31 32 32 30 27 22 17 12  9  626 6 4T11519 329999999999999999999992351  6999999999999999999999
  6  7 10 13 17 20 22 23 23 23 24 25 26 27 29 30 31 30 28 24 20 15 11  826 6 5T11559 319999999999999999999999999999999999999999999999999
  6  6  8 11 14 17 20 21 22 23 23 23 24 25 26 27 28 28 27 25 22 18 14 1126 6 6T11643 28999999999999999999999 034  6999999999999999999999
  8  7  8 10 12 16 19 21 22 22 23 23 23 23 23 24 25 26 26 25 23 20 17 1426 6 7T11739 26999999999999999999999 115  7999999999999999999999
 11 10  9 10 12 15 18 21 22 23 23 23 22 22 21 21 22 23 24 24 24 22 20 1726 6 8T1 930 231857 2499999999999999 155  91422 2199999999999999
 15 13 12 12 13 15 18 21 23 24 25 24 22 21 20 19 19 19 21 22 23 23 23 2126 6 9T1 931 252039 2499999999999999 233 121542 1999999999999999
 19 17 16 16 16 17 20 22 25 27 27 26 24 22 19 17 16 16 17 19 21 23 24 2426 610T1 945 272232 2499999999999999 312 161643 1699999999999999
 23 22 21 20 20 20 22 24 27 29 30 30 28 25 21 17 15 13 13 14 17 21 24 2626 611T110 8 30999999999999999999999 352 201739 1399999999999999
 27 27 26 25 24 24 25 27 29 32 34 34 33 29 25 20 15 12 10 10 12 16 20 2526 612T1 018 271040 3499999999999999 433 241833 1099999999999999
 28 29 30 29 28 28 28 29 31 34 36 38 38 35 30 25 19 13  9  7  7 10 15 2026 613T1 149 301119 3899999999999999 513 281928  799999999999999
 26 29 31 32 32 31 31 31 32 34 37 40 41 40 37 31 25 18 12  7  5  5  8 1426 614T1 3 4 3212 6 4199999999999999 551 312024  599999999999999
 20 26 30 32 33 33 33 33 33 34 37 40 43 44 42 38 32 25 17 11  6  3  4  826 615T11258 449999999999999999999992121  3999999999999999999999
 14 20 26 30 32 33 33 33 33 33 35 38 41 44 45 43 39 32 25 17 10  5  3  326 616T11354 459999999999999999999992217  3999999999999999999999
  7 14 20 26 29 31 32 32 32 32 33 34 37 41 44 45 43 39 32 24 16 10  5  326 617T11452 459999999999999999999992312  3999999999999999999999
  4  8 14 20 25 29 30 30 30 30 30 31 33 36 39 42 43 41 37 31 23 16 11  726 618T11551 439999999999999999999999999999999999999999999999999
  5  6 10 16 21 25 28 29 29 28 28 28 29 30 33 36 39 40 38 34 29 23 17 1226 619T1 721 291650 4099999999999999 0 4  51046 2899999999999999
  9  8  9 13 18 22 26 28 28 28 27 27 26 26 27 30 33 35 35 34 31 27 22 1826 620T1 756 281752 3599999999999999 055  81231 2699999999999999
 14 12 12 13 17 21 25 27 28 28 28 27 25 24 24 24 26 29 30 31 31 28 26 2226 621T1 828 2919 2 3199999999999999 141 121356 2499999999999999
 20 17 16 16 18 21 25 27 29 30 29 28 26 24 23 22 22 23 25 27 28 28 27 2526 622T1 857 302031 2899999999999999 223 161519 2299999999999999
 24 22 21 21 21 23 26 28 31 32 32 30 28 26 23 21 20 20 21 23 24 26 27 2726 623T1 924 322236 2799999999999999 256 211636 2099999999999999
 26 26 25 25 25 26 28 30 32 34 34 33 31 29 26 23 20 19 18 19 21 24 26 2726 624T1 949 34999999999999999999999 313 251740 1899999999999999
 28 28 29 29 29 29 31 32 34 36 36 36 34 32 28 25 22 19 18 18 19 22 24 2726 625T11014 379999999999999999999991829 18999999999999999999999
 29 30 31 31 32 32 33 34 36 37 39 39 38 35 32 28 24 21 18 17 18 20 23 2626 626T11041 3999999999999999999999919 9 17999999999999999999999
 29 31 32 33 34 34 35 36 37 39 40 41 40 39 35 31 27 23 20 18 17 18 21 2526 627T11113 419999999999999999999991945 17999999999999999999999
 28 31 33 34 35 35 36 36 38 39 41 42 42 41 39 35 30 26 21 18 17 17 19 2226 628T11151 429999999999999999999992021 17999999999999999999999
 26 30 33 34 35 35 35 36 37 38 40 42 43 43 42 39 34 29 24 19 17 16 17 2026 629T11232 439999999999999999999992058 16999999999999999999999
 24 28 31 33 34 35 35 35 36 37 39 41 43 44 43 41 37 32 27 21 18 15 15 1726 630T11315 449999999999999999999992137 15999999999999999999999
 20 25 29 31 33 34 34 34 34 35 36 38 41 43 44 43 40 35 30 24 19 16 14 1526 7 1T11358 449999999999999999999992216 14999999999999999999999
 17 21 25 29 31 33 33 32 32 33 34 36 38 40 42 42 41 37 32 27 21 17 14 1326 7 2T11439 429999999999999999999992254 13999999999999999999999
 15 18 22 26 29 31 32 31 31 31 32 33 35 37 39 41 40 38 34 29 24 19 16 1426 7 3T11520 419999999999999999999992331 14999999999999999999999
 14 16 20 24 27 30 31 31 31 30 30 31 32 34 36 38 39 38 36 32 27 22 18 1626 7 4T1 636 3116 2 3999999999999999 918 30999999999999999999999
 15 15 18 22 26 29 31 31 31 30 30 29 30 31 32 35 36 37 36 33 29 25 22 1926 7 5T1 657 311650 3799999999999999 0 5 151057 2999999999999999
 17 17 19 22 25 29 31 32 32 31 30 29 28 28 29 31 33 34 35 34 32 28 25 2326 7 6T1 717 321747 3599999999999999 038 171235 2899999999999999
 21 20 21 23 26 29 32 33 34 33 31 29 28 27 27 27 29 31 33 33 33 31 29 2726 7 7T1 737 3419 4 3399999999999999 1 8 201351 2799999999999999
 26 25 25 26 28 31 34 36 36 36 34 31 29 27 25 25 25 27 29 31 33 33 32 3126 7 8T1 8 0 362050 3399999999999999 135 2415 3 2599999999999999
 30 29 29 30 31 33 36 38 39 39 38 35 32 29 26 24 23 23 25 27 30 32 34 3426 7 9T1 829 392312 3499999999999999 156 291613 2399999999999999
 34 34 34 34 34 36 38 40 42 43 42 40 36 32 28 24 22 20 21 23 26 29 33 3526 710T1 9 8 43999999999999999999999 2 5 341720 2099999999999999
 36 37 37 37 38 38 40 42 44 46 46 45 42 38 33 28 23 20 18 18 20 24 29 3326 711T1 956 469999999999999999999991825 18999999999999999999999
 36 38 39 40 40 40 41 42 44 46 49 49 48 44 39 33 27 22 18 15 16 18 23 2826 712T11053 499999999999999999999991926 15999999999999999999999
 33 37 39 40 41 41 41 42 43 45 48 51 52 50 46 40 34 27 20 16 13 14 17 2226 713T11154 529999999999999999999992024 13999999999999999999999
 28 33 37 39 40 40 40 40 41 43 45 49 52 53 51 47 41 33 26 19 14 12 12 1626 714T11255 539999999999999999999992119 12999999999999999999999
 22 28 33 37 39 39 38 38 38 39 41 44 48 52 53 51 47 40 32 25 18 13 11 1326 715T1 439 391355 5399999999999999 7 1 382210 1199999999999999
 17 23 29 34 36 37 37 36 36 36 37 39 43 47 50 51 50 45 38 31 24 18 14 1226 716T1 5 4 371454 5199999999999999 813 362257 1299999999999999
 14 19 25 30 34 36 36 35 34 33 33 34 36 40 44 48 48 47 42 36 29 23 18 1526 717T1 531 361551 4999999999999999 939 332341 1599999999999999
 15 17 22 28 32 35 36 35 33 32 31 31 31 34 37 41 44 45 43 39 34 28 24 2026 718T1 6 0 361647 459999999999999911 4 31999999999999999999999
 19 19 22 26 31 34 36 36 35 33 31 30 29 29 31 34 38 40 40 39 36 32 29 2626 719T1 630 361746 4099999999999999 020 181218 2999999999999999
 24 23 24 27 31 34 37 37 37 35 33 31 29 28 28 29 32 34 36 37 36 34 32 3026 720T1 7 0 371855 3799999999999999 055 231328 2799999999999999
 29 28 28 30 32 35 38 39 39 38 35 33 31 28 27 27 28 30 32 33 34 34 34 3326 721T1 729 392034 3499999999999999 120 281441 2799999999999999
 33 32 32 33 35 37 39 41 41 40 39 36 34 31 28 27 26 27 28 30 32 33 34 3526 722T1 758 41999999999999999999999 118 321556 2699999999999999
 35 36 36 37 38 39 41 42 43 43 42 40 37 34 31 28 27 26 26 28 30 32 34 3526 723T1 827 4399999999999999999999917 6 26999999999999999999999
 37 38 39 39 40 41 42 44 45 45 45 43 41 37 34 31 28 26 26 26 28 30 33 3526 724T1 9 2 4599999999999999999999918 3 26999999999999999999999
 37 39 40 41 42 42 43 44 45 46 47 46 44 41 38 34 30 27 26 25 26 28 31 3426 725T1 947 479999999999999999999991849 25999999999999999999999
 37 39 40 41 42 43 43 44 46 47 48 48 47 44 41 37 33 29 26 25 25 26 29 3226 726T11040 489999999999999999999991930 24999999999999999999999
 35 38 40 41 41 42 42 43 44 46 47 48 48 47 44 40 36 31 27 24 23 24 26 3026 727T11134 4999999999999999999999920 9 23999999999999999999999
 33 36 39 40 40 40 41 41 42 44 46 48 49 49 47 43 39 34 29 25 22 22 23 2626 728T11224 499999999999999999999992046 22999999999999999999999
 30 34 37 38 39 39 39 39 40 41 43 45 48 49 48 46 42 36 31 26 22 20 21 2326 729T11311 499999999999999999999992122 20999999999999999999999
 27 31 35 37 38 38 37 37 37 38 39 42 45 47 48 47 44 39 33 28 23 20 19 2026 730T1 422 381355 4899999999999999 715 372156 1999999999999999
 24 28 32 35 37 37 36 35 35 35 36 38 41 44 46 47 45 41 36 30 25 21 19 1926 731T1 438 371437 4799999999999999 8 7 352229 1999999999999999
 22 26 30 34 36 37 36 35 33 33 33 35 37 40 43 45 45 42 38 33 28 24 21 2026 8 1T1 456 371520 4599999999999999 9 5 3323 1 2099999999999999
 21 24 29 33 36 37 36 35 33 32 32 32 33 36 39 42 43 43 40 36 31 27 24 2226 8 2T1 514 3716 5 43999999999999991011 312331 2299999999999999
 22 25 28 32 36 38 38 36 34 32 31 30 30 32 35 38 41 42 41 38 35 31 28 2626 8 3T1 534 381657 42999999999999991117 302359 2699999999999999
 26 27 29 33 37 39 40 39 36 34 32 30 29 29 31 34 37 39 40 39 37 35 32 3126 8 4T1 555 4018 0 40999999999999991221 29999999999999999999999
 30 30 32 35 38 41 42 42 40 37 34 31 29 28 28 30 33 35 38 39 39 38 36 3526 8 5T1 619 421925 3999999999999999 022 301326 2899999999999999
 35 35 35 37 40 42 44 45 43 41 38 34 31 29 27 27 28 31 34 36 38 39 39 3926 8 6T1 649 45999999999999999999999 032 351437 2799999999999999
 39 39 39 40 42 44 46 47 47 46 43 39 35 31 28 26 26 26 29 32 35 37 39 4026 8 7T1 730 479999999999999999999991556 26999999999999999999999
 41 42 42 43 44 45 47 48 49 49 48 45 40 36 32 28 25 24 24 26 30 33 37 4026 8 8T1 826 509999999999999999999991715 24999999999999999999999
 41 43 43 44 45 45 47 48 50 51 51 50 47 42 37 32 27 24 22 22 24 28 32 3726 8 9T1 936 529999999999999999999991826 21999999999999999999999
 40 42 43 44 44 45 45 46 48 51 53 53 52 48 43 37 31 26 22 20 20 22 27 3226 810T11050 539999999999999999999991927 19999999999999999999999
 37 40 42 43 43 43 43 44 45 47 51 53 54 53 49 44 37 30 24 20 18 18 22 2726 811T11158 549999999999999999999992020 18999999999999999999999
 32 37 40 41 41 40 40 40 41 43 46 50 53 54 53 49 43 36 29 23 19 17 18 2226 812T1 330 4113 0 5499999999999999 628 4021 8 1799999999999999
 28 33 37 39 40 39 38 37 37 37 40 44 48 52 53 52 48 41 34 27 22 18 17 2026 813T1 342 401359 5399999999999999 736 372151 1799999999999999
 24 30 35 38 39 38 36 35 34 33 34 37 42 47 50 51 50 45 39 32 27 22 20 2026 814T1 4 2 391454 5199999999999999 845 332230 1999999999999999
 23 28 33 37 39 39 37 34 32 31 30 32 35 39 44 47 48 46 42 37 31 27 24 2226 815T1 426 391549 4899999999999999 952 3023 6 2299999999999999
 24 27 32 36 39 40 39 36 33 31 29 29 30 33 37 41 44 45 43 39 35 31 29 2726 816T1 451 401643 45999999999999991054 292336 2799999999999999
 27 29 32 36 40 41 41 38 35 32 30 28 28 29 32 36 39 41 41 40 37 35 33 3226 817T1 517 411742 41999999999999991153 282359 3199999999999999
 31 32 34 37 40 42 42 41 38 35 32 30 28 27 29 31 34 37 38 39 38 37 36 3526 818T1 541 431854 39999999999999991251 272356 3599999999999999
 35 36 37 39 41 43 44 43 41 39 35 33 30 28 28 29 31 33 35 36 37 38 38 3826 819T1 6 4 449999999999999999999991353 28999999999999999999999
 38 39 40 41 43 44 45 45 44 42 39 36 33 31 29 29 29 30 32 34 36 37 38 3926 820T1 626 4599999999999999999999915 3 29999999999999999999999
 40 41 42 43 44 45 46 46 46 45 42 40 37 34 31 30 29 29 30 32 34 36 38 3926 821T1 651 469999999999999999999991621 29999999999999999999999
 41 42 43 44 45 46 46 47 47 46 45 43 40 37 34 32 30 28 28 29 31 34 36 3926 822T1 737 479999999999999999999991731 28999999999999999999999
 40 42 43 44 44 45 46 46 47 47 47 46 43 41 37 34 31 29 27 27 29 31 34 3726 823T1 859 479999999999999999999991825 27999999999999999999999
 39 41 42 43 43 44 44 45 46 47 47 47 46 44 40 36 32 29 27 26 26 28 31 3426 824T11020 4799999999999999999999919 9 26999999999999999999999
 37 39 41 41 41 41 42 42 44 45 47 48 47 46 43 39 35 30 27 25 24 25 28 3226 825T11124 489999999999999999999991946 24999999999999999999999
 35 38 39 40 40 39 39 39 40 42 44 46 47 47 45 42 37 32 27 24 22 23 25 2926 826T1 3 9 401217 4899999999999999 554 392021 2299999999999999
 33 36 38 39 38 37 36 36 37 38 41 44 46 47 46 44 39 34 29 25 22 21 23 2626 827T1 3 7 3913 4 4799999999999999 648 362053 2199999999999999
 30 34 37 38 37 36 35 34 33 34 36 40 43 46 46 45 42 37 31 27 23 21 21 2426 828T1 315 381349 4699999999999999 739 332124 2199999999999999
 28 33 36 38 37 36 34 32 31 31 32 35 39 43 45 45 43 40 34 29 25 23 22 2326 829T1 327 381434 4699999999999999 829 312154 2299999999999999
 27 32 36 38 38 37 34 32 30 29 29 31 34 39 43 44 44 42 38 33 29 26 24 2526 830T1 343 381522 4599999999999999 921 282224 2499999999999999
 27 31 36 39 40 39 36 33 30 28 27 27 30 34 38 42 43 43 40 37 33 30 28 2826 831T1 4 1 401613 43999999999999991014 272253 2899999999999999
 29 32 36 40 41 41 39 35 31 28 26 25 26 29 33 38 41 42 42 39 37 34 33 3226 9 1T1 422 421712 429999999999999911 8 252318 3299999999999999
 32 34 37 41 43 44 42 39 35 31 28 26 25 25 28 32 36 39 41 40 39 38 37 3626 9 2T1 446 441825 419999999999999912 5 252328 3699999999999999
 36 37 39 42 44 46 45 43 40 35 31 28 25 24 25 28 31 35 37 39 40 39 39 3926 9 3T1 516 4699999999999999999999913 9 24999999999999999999999
 40 40 41 43 45 47 47 47 44 40 36 32 29 26 24 24 26 29 32 35 37 39 40 4126 9 4T1 554 479999999999999999999991424 24999999999999999999999
 42 42 43 44 45 47 48 48 48 45 42 38 33 29 26 24 24 25 27 30 33 36 39 4026 9 5T1 649 489999999999999999999991551 24999999999999999999999
 42 43 43 44 45 46 47 48 49 48 47 43 39 35 30 26 23 22 23 25 28 32 36 3826 9 6T1 8 8 499999999999999999999991715 22999999999999999999999
 40 42 43 43 43 44 44 46 48 49 49 48 45 40 36 31 26 22 21 21 23 27 31 3526 9 7T1 939 499999999999999999999991824 20999999999999999999999
 38 40 41 41 41 41 41 42 44 47 49 50 49 46 41 36 30 25 21 19 20 23 27 3226 9 8T11058 509999999999999999999991919 19999999999999999999999
 36 38 39 39 38 37 37 37 39 42 45 48 50 49 46 41 35 29 24 20 19 20 24 2926 9 9T1 222 3912 5 5099999999999999 6 6 3720 5 1999999999999999
 33 37 38 38 37 35 34 33 34 36 39 44 47 49 48 45 39 33 28 23 20 19 22 2626 910T1 225 3813 6 4999999999999999 7 4 332045 1999999999999999
 31 35 38 38 36 34 31 30 29 30 33 37 42 46 47 46 43 37 32 27 23 21 22 2526 911T1 239 3814 2 4799999999999999 8 0 292121 2199999999999999
 30 34 38 39 37 35 31 28 27 26 27 31 36 41 44 45 44 40 36 31 27 25 24 2526 912T1 258 391456 4599999999999999 854 262153 2499999999999999
 29 34 38 40 39 37 33 29 26 24 24 26 30 35 39 42 43 42 38 34 31 29 27 2826 913T1 321 401550 4399999999999999 945 242221 2799999999999999
 30 34 38 40 41 39 36 31 28 25 23 23 25 29 34 38 41 41 40 37 34 33 31 3126 914T1 344 411645 41999999999999991034 232242 3199999999999999
 32 35 39 41 42 41 39 35 30 27 24 23 23 26 29 34 37 39 39 38 37 35 35 3526 915T1 4 5 421744 39999999999999991121 232241 3599999999999999
 35 37 40 42 43 43 41 38 34 30 27 25 24 24 27 30 33 36 37 38 37 37 37 3826 916T1 425 4399999999999999999999912 9 24999999999999999999999
 38 39 41 43 44 44 43 41 37 34 30 27 25 25 25 27 30 32 34 36 37 37 38 3926 917T1 441 4499999999999999999999913 1 25999999999999999999999
 40 41 42 43 44 45 44 43 40 37 34 31 28 26 26 26 28 29 31 33 35 37 38 3926 918T1 457 4599999999999999999999914 4 26999999999999999999999
 40 41 42 43 44 44 44 43 42 40 37 34 31 29 27 26 26 27 29 31 33 35 37 3826 919T1 519 449999999999999999999991524 26999999999999999999999
 40 41 41 42 43 43 43 43 43 41 40 37 34 32 29 27 26 25 26 28 30 32 35 3726 920T1 6 7 439999999999999999999991646 25999999999999999999999
 38 39 40 40 41 41 41 42 42 42 41 39 37 34 31 28 26 24 24 25 27 29 32 3526 921T1 810 429999999999999999999991747 24999999999999999999999
 36 38 38 38 38 38 39 39 40 41 41 41 39 37 33 30 27 24 23 23 24 27 30 3326 922T1 958 419999999999999999999991831 23999999999999999999999
 35 36 37 36 36 35 35 36 37 39 40 41 40 39 36 32 28 25 22 21 22 24 27 3126 923T1 2 5 3711 8 4199999999999999 532 3519 7 2199999999999999
 33 35 35 35 34 33 32 32 33 35 38 40 41 40 38 35 30 26 23 21 21 22 25 2926 924T1 153 3512 5 4199999999999999 619 321939 2199999999999999
 32 34 35 34 33 31 29 29 29 31 34 37 40 41 40 37 33 29 25 22 21 21 24 2826 925T1 153 351256 4199999999999999 7 2 292010 2199999999999999
 32 35 35 35 33 30 27 26 25 27 29 34 38 40 41 39 36 32 28 24 22 22 24 2826 926T1 2 0 351346 4199999999999999 745 252041 2299999999999999
 32 35 37 36 34 30 27 24 23 23 25 29 34 38 41 41 39 36 31 28 25 24 25 2826 927T1 214 371437 4199999999999999 829 222111 2499999999999999
 32 36 38 38 36 33 28 24 21 20 20 23 28 34 38 41 41 39 35 32 29 28 28 2926 928T1 232 391532 4199999999999999 915 202142 2899999999999999
 33 37 40 41 39 36 31 26 22 19 18 19 23 28 34 38 40 40 38 36 33 32 31 3226 929T1 255 411630 409999999999999910 4 1822 9 3199999999999999
 34 37 41 43 43 40 36 30 25 21 18 17 18 22 28 33 37 39 39 38 36 35 35 3526 930T1 323 431736 39999999999999991057 172224 3599999999999999
 36 38 41 44 45 43 40 35 30 24 20 18 17 18 22 27 32 35 37 38 37 37 37 372610 1T1 355 4519 3 38999999999999991154 172129 3799999999999999
 38 39 41 44 45 45 44 40 35 30 25 21 18 17 18 22 25 29 33 35 36 37 38 382610 2T1 433 4699999999999999999999913 0 17999999999999999999999
 39 40 41 42 44 45 45 43 40 36 31 26 22 19 18 18 20 24 27 30 33 35 37 382610 3T1 523 459999999999999999999991418 18999999999999999999999
 39 39 40 41 42 43 44 44 43 40 37 32 28 24 20 18 18 19 22 25 29 32 34 362610 4T1 635 449999999999999999999991544 18999999999999999999999
 37 38 38 38 39 40 41 42 43 42 41 37 34 29 25 21 18 17 18 21 24 28 31 342610 5T1 811 4399999999999999999999917 3 17999999999999999999999
 35 36 36 36 35 35 36 38 40 41 42 41 38 34 30 25 21 18 17 18 21 25 29 322610 6T1 132 36 947 4299999999999999 425 3518 5 1799999999999999
 34 34 34 33 32 31 31 32 35 38 40 41 40 38 34 30 25 21 19 18 19 22 26 302610 7T1 112 3411 6 4199999999999999 534 311854 1899999999999999
 33 34 33 32 30 28 27 27 29 32 36 39 40 40 37 34 29 25 21 19 19 21 25 292610 8T1 1 9 341214 4099999999999999 629 271934 1999999999999999
 33 34 34 32 29 26 24 23 23 26 30 34 38 39 39 36 33 29 25 22 21 22 25 292610 9T1 119 341315 3999999999999999 719 2320 9 2199999999999999
 33 35 35 33 30 26 23 21 20 21 24 29 34 37 39 38 35 32 28 26 24 24 26 29261010T1 136 351412 3999999999999999 8 5 202040 2499999999999999
 33 36 37 36 33 28 24 20 18 18 19 23 28 33 37 38 37 35 32 29 27 27 27 30261011T1 156 3715 6 3899999999999999 849 1821 5 2799999999999999
 33 37 38 38 35 31 26 22 19 17 17 19 24 29 33 36 37 36 34 32 31 30 30 31261012T1 218 381558 3799999999999999 930 172123 3099999999999999
 34 37 39 40 38 34 29 24 20 18 16 17 20 25 29 33 36 36 35 34 33 32 33 33261013T1 240 401652 36999999999999991010 162121 3299999999999999
 35 38 40 41 40 37 33 28 23 20 17 17 18 21 26 30 33 35 35 35 34 34 34 35261014T1 3 1 411752 35999999999999991050 172049 3499999999999999
 36 38 40 41 41 39 36 31 27 23 19 18 18 20 23 26 30 32 34 34 34 35 35 36261015T1 321 419999999999999999999991132 18999999999999999999999
 37 38 40 41 41 40 38 34 30 26 22 20 19 19 21 23 26 29 31 32 33 34 35 36261016T1 340 419999999999999999999991219 19999999999999999999999
 37 38 39 40 40 40 38 36 33 29 25 22 20 19 20 21 23 25 28 30 31 32 34 35261017T1 4 2 409999999999999999999991316 19999999999999999999999
 36 37 37 38 39 39 38 37 34 31 28 25 23 21 20 20 21 22 24 27 29 30 32 33261018T1 430 399999999999999999999991425 20999999999999999999999
 34 35 35 36 36 36 36 36 35 33 30 28 25 23 21 19 19 20 22 24 26 28 30 31261019T1 517 369999999999999999999991541 19999999999999999999999
 32 33 33 33 33 33 34 34 34 33 32 30 27 25 22 20 19 19 19 21 24 26 28 30261020T1 715 349999999999999999999991643 19999999999999999999999
 31 31 31 31 30 30 30 31 32 32 32 31 29 27 24 21 19 18 18 19 22 25 27 29261021T1 1 5 31 919 3299999999999999 452 301730 1899999999999999
 30 30 30 29 27 27 27 27 29 30 32 32 31 29 27 24 21 19 18 19 21 24 27 29261022T1 038 301045 3299999999999999 537 2718 8 1899999999999999
 30 30 29 27 25 24 23 23 25 27 30 32 32 31 29 27 24 21 19 19 20 23 27 29261023T1 029 301153 3299999999999999 616 231843 1999999999999999
 31 31 30 27 24 22 20 19 20 23 27 30 32 33 32 30 27 24 22 21 21 23 27 30261024T1 033 311254 3399999999999999 654 191916 2199999999999999
 33 33 32 29 25 21 18 16 16 18 22 27 31 34 34 33 31 28 25 24 23 25 27 31261025T1 046 331352 3499999999999999 734 161950 2399999999999999
 34 36 35 32 27 22 18 15 13 13 16 22 27 32 35 35 34 32 29 27 27 27 28 32261026T1 1 6 361450 3599999999999999 818 132022 2699999999999999
 36 38 38 36 32 26 20 15 12 10 12 16 22 28 33 35 36 35 33 31 30 29 30 33261027T1 134 381550 3699999999999999 9 5 102052 2999999999999999
 36 39 41 40 36 31 24 18 13 10  9 10 15 21 28 32 35 36 35 33 32 32 32 33261028T1 2 6 411652 3699999999999999 955  92111 3299999999999999
 36 39 42 42 41 36 30 23 17 12  9  8 10 15 21 27 31 33 34 34 33 33 33 34261029T1 244 4218 5 34999999999999991050  82052 3399999999999999
 36 38 41 43 43 40 36 30 23 17 12  9  8 10 14 20 25 29 31 32 33 33 34 34261030T1 327 439999999999999999999991150  8999999999999999999999
 35 36 39 41 42 42 39 35 29 23 18 13 10  9 11 14 18 23 27 29 31 32 32 33261031T1 418 429999999999999999999991255  9999999999999999999999
 33 34 35 37 39 40 40 38 34 29 24 19 15 12 10 11 14 17 21 25 27 29 30 312611 1T1 521 4099999999999999999999914 8 10999999999999999999999
 32 32 32 33 34 36 37 37 36 33 29 25 20 16 13 12 12 14 17 21 24 27 28 292611 2T1 639 379999999999999999999991522 12999999999999999999999
 30 30 29 29 29 30 32 33 34 34 32 29 25 22 18 15 13 13 15 18 21 25 27 282611 3T1 011 30 813 342350 299999999 3 6 291630 1399999999999999
 28 28 27 26 25 25 26 28 30 32 32 31 29 26 22 19 16 15 15 17 20 23 26 282611 4T1 948 322348 2899999999999999 434 251726 1599999999999999
 28 28 26 24 22 21 21 22 24 27 30 31 30 29 26 23 20 18 17 18 20 23 26 292611 5T11115 312359 2999999999999999 539 211811 1799999999999999
 29 29 27 24 21 19 17 17 19 22 25 28 30 30 29 26 24 22 20 20 21 24 27 302611 6T11232 30999999999999999999999 633 171849 2099999999999999
 31 31 29 25 22 18 15 14 14 17 21 25 28 30 30 29 27 25 24 23 23 25 28 312611 7T1 016 311338 3099999999999999 719 141919 2399999999999999
 33 33 31 28 24 19 15 13 12 13 16 21 25 29 30 31 29 28 27 26 26 26 29 312611 8T1 037 331436 3199999999999999 8 0 121942 2599999999999999
 34 35 34 31 27 22 17 13 11 11 13 17 22 26 30 31 31 30 29 28 28 28 30 322611 9T1 1 0 351528 3199999999999999 838 111954 2899999999999999
 35 36 36 34 30 25 19 15 12 10 11 14 19 23 28 30 31 31 30 30 29 30 31 32261110T1 124 361616 3199999999999999 913 101953 2999999999999999
 35 37 37 36 33 28 23 17 13 11 10 12 15 20 25 28 30 31 31 30 30 30 31 33261111T1 150 3717 6 3199999999999999 949 101951 3099999999999999
 35 36 38 37 35 31 26 21 16 12 11 11 13 17 21 25 28 30 30 30 30 30 31 32261112T1 216 389999999999999999999991027 10999999999999999999999
 34 36 37 37 36 33 29 24 19 15 12 11 11 14 17 21 25 27 28 29 29 29 30 31261113T1 245 3799999999999999999999911 8 11999999999999999999999
 32 34 35 36 36 34 31 27 22 17 14 12 11 12 14 18 21 24 26 27 27 28 29 29261114T1 315 369999999999999999999991153 11999999999999999999999
 30 32 33 34 34 33 31 28 24 20 16 13 12 11 12 15 17 20 23 24 25 26 27 28261115T1 348 349999999999999999999991241 11999999999999999999999
 28 29 30 31 32 32 31 29 26 22 19 15 13 12 12 13 15 17 20 22 23 25 25 26261116T1 426 329999999999999999999991333 11999999999999999999999
 26 27 27 28 28 29 29 28 26 23 20 18 15 13 12 12 13 15 18 20 22 23 24 25261117T1 517 299999999999999999999991426 12999999999999999999999
 25 25 25 25 25 25 26 26 25 24 22 20 17 15 14 13 13 14 16 19 21 23 24 24261118T1 638 2623 7 24999999999999991517 13999999999999999999999
 24 24 23 22 22 22 22 23 24 24 23 22 20 18 16 15 14 15 16 18 21 23 25 25261119T1 831 242253 2599999999999999 418 2216 3 1499999999999999
 24 23 22 20 19 18 19 20 21 23 23 23 22 21 19 17 16 16 17 19 21 24 26 27261120T11019 242258 2799999999999999 510 181646 1699999999999999
 26 24 22 19 17 15 15 16 18 20 23 24 25 24 23 21 20 19 19 20 22 25 28 29261121T11150 252314 2999999999999999 552 151727 1999999999999999
 29 27 23 20 16 13 11 11 13 16 20 24 26 27 26 25 23 22 22 22 24 26 29 31261122T113 6 272340 3299999999999999 634 1118 7 2299999999999999
 32 30 27 22 17 13  9  8  8 11 16 21 25 28 29 28 27 26 25 25 25 27 30 33261123T11413 29999999999999999999999 719  81846 2599999999999999
 35 34 31 27 21 15 10  6  5  6  9 15 21 26 29 30 30 29 28 27 27 28 31 34261124T1 013 351515 3099999999999999 8 7  51920 2799999999999999
 37 38 36 32 26 19 12  7  3  2  4  8 15 21 26 29 31 30 29 29 29 29 30 33261125T1 053 381615 3199999999999999 858  21946 2999999999999999
 37 39 39 37 32 26 18 11  5  2  0  3  8 14 21 26 29 30 30 29 29 29 30 32261126T1 138 391717 3099999999999999 952  020 2 2999999999999999
 34 38 40 40 37 32 25 17 10  4  1  0  2  7 13 19 24 27 28 28 28 28 28 29261127T1 228 409999999999999999999991049  0999999999999999999999
 31 34 37 39 39 36 31 24 16 10  4  1  0  2  7 13 18 22 25 26 26 26 26 27261128T1 323 399999999999999999999991146  0999999999999999999999
 28 30 32 35 37 37 34 29 23 16 10  5  2  2  4  8 13 17 21 23 24 24 24 24261129T1 422 379999999999999999999991245  1999999999999999999999
 24 25 27 29 32 33 33 31 27 22 16 11  7  4  4  5  9 13 17 20 22 23 23 23261130T1 526 342137 23999999999999991344  4999999999999999999999
 22 22 22 23 25 27 29 29 28 25 21 16 12  9  7  7  8 11 15 18 21 22 22 222612 1T1 638 292148 2299999999999999 121 221441  799999999999999
 21 20 19 18 19 21 23 24 25 25 23 20 17 14 12 10 10 12 14 17 20 22 23 232612 2T1 8 5 2522 7 2399999999999999 258 181535 1099999999999999
 21 20 18 16 15 15 16 18 20 22 22 22 20 18 16 15 14 14 15 18 21 23 24 242612 3T1 949 222228 2499999999999999 422 151622 1499999999999999
 23 21 18 15 13 12 12 13 15 18 20 21 21 21 20 19 18 17 18 19 22 24 26 262612 4T11143 212251 2699999999999999 532 1117 3 1799999999999999
 25 23 20 17 13 11  9  9 11 14 17 20 21 22 22 22 21 21 21 21 23 25 27 282612 5T11330 222316 2899999999999999 628  91733 2199999999999999
 28 26 23 19 15 11  9  7  8 10 14 17 20 22 24 24 24 23 23 24 25 26 28 302612 6T12343 30999999999999999999999 713  7999999999999999999999
 30 29 26 22 18 13 10  7  6  8 11 15 19 22 24 25 25 25 25 25 26 27 29 312612 7T19999999999999999999999999999 752  6999999999999999999999
 32 31 29 25 21 16 11  8  6  6  8 12 17 21 24 25 26 26 26 26 26 27 29 312612 8T1 013 32999999999999999999999 827  6999999999999999999999
 32 33 32 28 24 19 13  9  6  5  6  9 14 18 22 25 26 26 26 26 26 27 28 302612 9T1 045 33999999999999999999999 9 2  5999999999999999999999
 32 33 33 31 27 22 16 11  7  5  5  7 10 15 19 23 25 25 25 25 25 26 27 29261210T1 121 33999999999999999999999 938  4999999999999999999999
 31 32 33 32 29 25 19 14  9  5  4  4  7 11 15 19 22 24 24 24 24 24 25 26261211T1 158 339999999999999999999991015  4999999999999999999999
 28 30 32 32 30 27 22 16 11  7  4  3  4  7 12 16 19 21 22 22 22 22 23 24261212T1 236 329999999999999999999991054  3999999999999999999999
 25 27 29 30 30 27 24 19 13  9  5  3  3  5  8 12 16 18 20 20 20 20 21 21261213T1 314 309999999999999999999991134  3999999999999999999999
 22 24 26 27 27 27 24 20 15 11  7  4  3  4  6  9 13 16 18 19 19 19 19 19261214T1 352 289999999999999999999991212  3999999999999999999999
 20 21 22 23 24 24 23 21 17 13  9  6  4  4  5  7 11 14 16 18 18 18 18 18261215T1 432 252024 18999999999999991248  42351 1899999999999999
 18 18 19 20 21 22 21 20 18 14 11  8  6  5  6  7 10 13 15 17 18 18 18 17261216T1 519 222035 18999999999999991321  5999999999999999999999
 17 16 16 16 17 18 19 19 18 16 14 11  9  8  8  9 10 13 16 18 19 20 19 18261217T1 624 192048 2099999999999999 154 161351  899999999999999
 16 15 14 14 14 15 16 17 17 17 16 14 13 12 11 11 12 14 17 19 21 22 21 20261218T1 759 1721 6 2299999999999999 318 131419 1199999999999999
 18 15 13 12 11 11 12 14 15 17 17 17 16 15 15 15 15 16 18 20 23 24 24 23261219T110 8 172132 2499999999999999 425 111449 1599999999999999
 20 17 14 11  9  8  8  9 12 15 17 18 19 19 19 18 18 19 20 22 24 26 27 26261220T11221 1922 6 2799999999999999 522  71524 1899999999999999
 24 20 16 12  8  5  4  5  7 11 14 18 20 21 22 22 22 22 22 23 25 28 30 30261221T12248 30999999999999999999999 615  4999999999999999999999
 29 25 21 15 10  5  2  1  2  5  9 14 19 22 23 24 24 24 24 24 26 28 30 32261222T12338 33999999999999999999999 7 9  1999999999999999999999
 33 31 27 21 14  8  3 -1 -3 -1  3  8 14 19 23 24 25 25 24 25 25 27 29 32261223T19999999999999999999999999999 8 3 -3999999999999999999999
 34 35 32 27 21 13  6  0 -4 -5 -3  1  8 14 19 22 24 24 24 24 24 25 27 30261224T1 033 35999999999999999999999 858 -5999999999999999999999
 33 35 35 33 27 20 12  4 -2 -6 -7 -5  0  7 13 18 21 22 22 22 22 22 23 25261225T1 130 361718 2399999999999999 952 -71947 2299999999999999
 29 33 35 35 32 27 19 11  3 -3 -7 -7 -5  1  7 13 17 20 20 20 19 19 19 21261226T1 229 351753 20999999999999991045 -82050 1999999999999999
 23 27 31 33 33 30 25 17  9  3 -3 -6 -6 -3  2  8 13 17 18 18 17 17 16 16261227T1 327 341827 18999999999999991136 -72220 1699999999999999
 18 20 24 28 30 30 27 22 15  8  3 -2 -4 -4 -1  4  9 14 16 17 17 15 14 14261228T1 426 3019 0 17999999999999991224 -42351 1399999999999999
 13 14 17 20 24 25 25 23 19 13  8  4  1 -1  0  3  8 12 15 17 17 16 14 13261229T1 526 261933 179999999999999913 9 -1999999999999999999999
 12 11 11 13 16 19 20 21 19 16 12  9  6  4  4  5  8 11 15 17 18 17 16 14261230T1 633 2120 5 1899999999999999 113 111349  399999999999999
 12 10  8  8 10 12 14 16 16 15 14 12 11  9  9  9 10 13 16 18 20 20 18 16261231T1 757 162033 2099999999999999 236  81416  999999999999999
