 21 17 12  7  1 -3 -6 -7 -5 -1  4  9 13 15 17 17 17 16 16 17 18 21 24 2526 1 1T61446 172326 2699999999999999 651 -71731 1699999999999999
 25 23 18 12  6  0 -5 -8 -9 -7 -3  3  9 13 16 17 17 17 17 17 17 19 22 2526 1 2T61529 18999999999999999999999 749 -91821 1799999999999999
 27 27 24 19 12  5 -2 -7-11-11 -9 -3  3  9 13 16 17 17 16 15 16 17 19 2226 1 3T6 023 2716 3 1799999999999999 844-1119 6 1599999999999999
 26 28 27 24 19 12  4 -3 -9-12-12 -9 -3  3  9 13 15 15 15 14 13 14 15 1826 1 4T6 121 281636 1599999999999999 936-121955 1399999999999999
 22 25 27 27 23 18 10  2 -4 -9-12-12 -8 -2  4  9 12 14 13 12 11 11 11 1326 1 5T6 218 2717 9 14999999999999991025-132059 1199999999999999
 16 20 24 25 25 21 15  8  1 -5 -9-12-10 -6 -1  5  9 12 12 11 10  9  9  926 1 6T6 313 261743 12999999999999991110-122217  999999999999999
 10 14 18 21 22 21 18 12  5  0 -5 -8 -9 -8 -3  2  6 10 11 11 10  8  7  726 1 7T6 4 5 221817 11999999999999991152 -92329  799999999999999
  7  8 11 15 17 18 17 13  9  4 -1 -4 -6 -6 -4  0  5  8 10 11 10  9  7  626 1 8T6 456 181851 11999999999999991229 -6999999999999999999999
  5  5  6  9 11 13 14 12 10  6  3  0 -2 -3 -2  1  4  8 10 11 11 10  8  726 1 9T6 549 141924 1199999999999999 037  513 0 -399999999999999
  5  4  3  4  6  8  9 10  9  7  5  3  2  1  2  3  5  8 10 12 12 12 10  826 110T6 651 101953 1299999999999999 147  31318  199999999999999
  6  4  3  2  2  4  5  6  7  7  6  5  5  5  5  6  7  9 11 13 14 13 12 1026 111T6 819  72020 1499999999999999 3 4  21248  599999999999999
  8  6  3  2  1  1  2  3  4  6  6  7  7  7  8  9 10 11 12 14 15 15 14 1326 112T62046 15999999999999999999999 423  1999999999999999999999
 10  8  5  2  1  0  0  1  2  4  6  7  8  9 10 11 12 13 14 15 16 17 16 1526 113T62118 17999999999999999999999 528 -1999999999999999999999
 13 10  7  4  1 -1 -2 -1  0  2  5  7  9 10 11 12 13 13 14 15 16 17 18 1726 114T622 1 18999999999999999999999 615 -2999999999999999999999
 16 13 10  6  3 -1 -3 -3 -2  0  3  6  8 10 12 13 13 13 14 15 16 17 18 1926 115T62252 19999999999999999999999 656 -3999999999999999999999
 18 16 13  9  5  0 -3 -4 -5 -3  0  3  7 10 11 12 13 13 13 14 15 16 18 1926 116T62344 19999999999999999999999 734 -5999999999999999999999
 19 18 16 12  7  2 -2 -5 -7 -6 -4  0  4  8 10 12 12 12 12 12 13 14 16 1826 117T69999999999999999999999999999 813 -7999999999999999999999
 20 20 18 15 10  5 -1 -5 -8 -9 -7 -4  1  5  8 10 11 11 10 10 10 11 13 1626 118T6 035 2016 4 1199999999999999 851 -91854 1099999999999999
 18 20 19 17 13  8  2 -4 -8-10-10 -8 -3  1  6  8 10  9  9  8  8  8 10 1226 119T6 121 201621 1099999999999999 929-111937  899999999999999
 15 18 19 18 15 10  4 -2 -7-10-12-11 -7 -2  3  6  8  8  7  6  6  6  7  826 120T6 2 4 191642  89999999999999910 6-122023  699999999999999
 11 15 17 18 16 13  7  1 -5 -9-12-12-10 -5  0  4  7  8  7  6  4  4  4  526 121T6 246 1817 5  8999999999999991041-122119  499999999999999
  7 11 14 16 16 14 10  4 -2 -6-10-11-11 -7 -2  2  6  7  7  6  4  3  2  226 122T6 330 161728  8999999999999991114-112229  299999999999999
  3  6  9 13 14 14 11  7  2 -3 -6 -9 -9 -7 -4  1  5  7  8  7  5  3  1  026 123T6 417 141753  8999999999999991146 -92337  099999999999999
  0  1  4  8 11 12 11  9  5  1 -2 -5 -6 -5 -3  1  5  8  9  9  7  4  2  026 124T6 512 121819  9999999999999991216 -6999999999999999999999
 -1 -1  0  2  6  8  9  9  7  5  2  0 -1 -1  0  2  6  9 11 11 10  8  4  126 125T6 619  91849 1199999999999999 043 -21242 -199999999999999
 -1 -3 -3 -2  0  3  6  7  8  7  5  4  3  3  4  5  7 10 12 13 13 11  8  526 126T6 748  81923 1499999999999999 152 -31256  399999999999999
  1 -2 -4 -5 -4 -2  0  3  5  7  7  7  7  7  7  8  9 11 13 15 16 15 13  926 127T620 7 16999999999999999999999 310 -5999999999999999999999
  5  2 -2 -5 -6 -6 -5 -2  1  4  6  8  9 10 10 11 11 12 13 15 17 18 17 1526 128T621 3 18999999999999999999999 433 -7999999999999999999999
 11  6  2 -2 -6 -8 -9 -8 -5 -1  3  7  9 11 12 12 12 13 13 15 16 18 19 1926 129T62210 19999999999999999999999 550 -9999999999999999999999
 16 12  7  2 -3 -8-10-11-10 -7 -2  3  7 10 12 12 12 12 12 13 14 17 19 2026 130T62320 21999999999999999999999 655-11999999999999999999999
 20 18 14  8  2 -4 -9-13-14-12 -7 -2  3  7 10 11 11 11 10 10 11 13 16 1926 131T61525 11999999999999999999999 752-141819 1099999999999999
 21 21 19 14  7  0 -6-11-14-15-12 -7 -1  4  8 10 10  9  8  8  8  9 11 1526 2 1T6 026 211537 1099999999999999 842-151920  899999999999999
 19 21 21 18 13  6 -1 -8-13-16-15-12 -6  0  5  8  9  8  6  5  5  5  6  926 2 2T6 125 211557  999999999999999 927-162021  599999999999999
 14 18 20 20 16 11  3 -4 -9-13-15-14-10 -4  2  6  8  8  6  4  2  2  2  426 2 3T6 220 201622  89999999999999910 8-152122  299999999999999
  8 12 16 18 17 13  7  1 -5-10-13-14-11 -6 -1  4  7  8  6  4  1  0 -1 -126 2 4T6 311 181648  8999999999999991044-142219 -199999999999999
  2  6 10 14 15 13 10  4 -1 -6 -9-11-10 -7 -2  3  6  8  7  5  2  0 -2 -326 2 5T6 4 0 151715  8999999999999991116-112313 -399999999999999
 -2  0  4  8 10 11  9  6  2 -2 -5 -7 -7 -5 -2  2  6  8  8  7  4  1 -1 -326 2 6T6 448 111741  8999999999999991142 -7999999999999999999999
 -4 -3 -1  3  5  7  7  6  3  1 -2 -3 -3 -3  0  3  6  8  9  8  6  3  1 -226 2 7T6 538  818 4  999999999999999 0 6 -41156 -399999999999999
 -3 -4 -3 -1  1  3  4  5  4  2  1  0  0  1  2  5  7  9 10 10  8  6  3  126 2 8T6 636  51824 1099999999999999 1 0 -41136  099999999999999
 -2 -3 -4 -3 -2  0  1  2  3  3  2  3  3  4  5  7  8 10 11 11 10  8  6  326 2 9T61843 11999999999999999999999 2 0 -4999999999999999999999
  1 -1 -3 -4 -4 -3 -1  0  1  2  3  4  5  6  7  8 10 11 12 12 12 11  9  626 210T619 7 12999999999999999999999 313 -4999999999999999999999
  4  1 -1 -3 -4 -4 -4 -2 -1  1  3  4  6  7  8  9 10 11 12 12 13 12 11  926 211T61951 13999999999999999999999 435 -4999999999999999999999
  7  4  1 -2 -4 -5 -5 -5 -3 -1  2  4  6  7  8  9 10 11 11 12 13 13 13 1126 212T621 6 13999999999999999999999 542 -5999999999999999999999
 10  7  4  0 -3 -5 -7 -7 -6 -3 -1  2  5  7  8  9  9  9 10 11 11 12 13 1326 213T62228 13999999999999999999999 634 -7999999999999999999999
 12 10  7  3 -1 -5 -8 -9 -9 -7 -4  0  3  6  7  8  8  8  8  8  9 11 12 1326 214T62334 14999999999999999999999 717 -9999999999999999999999
 13 12  9  6  1 -4 -8-10-11-10 -7 -3  1  4  6  7  6  6  5  5  6  8 10 1226 215T61515  7999999999999999999999 756-111819  599999999999999
 14 14 12  8  4 -2 -7-11-13-13-11 -7 -2  2  4  5  5  4  3  3  3  4  6 1026 216T6 028 141519  699999999999999 832-131910  399999999999999
 12 14 13 11  6  1 -5-10-13-15-14-10 -5 -1  3  5  5  3  2  0  0  0  2  526 217T6 115 141530  599999999999999 9 7-1520 0  099999999999999
  9 12 13 12  9  4 -2 -8-12-15-15-13 -8 -3  2  4  4  3  1 -1 -2 -3 -2  126 218T6 2 1 131546  599999999999999 939-152052 -399999999999999
  5  9 12 13 11  7  1 -4 -9-13-14-13-10 -4  1  4  5  4  2 -1 -4 -5 -5 -426 219T6 247 1316 5  5999999999999991011-142145 -599999999999999
 -1  4  9 11 11  9  5 -1 -5 -9-11-12-10 -5  0  4  6  6  4  0 -3 -6 -7 -726 220T6 335 121627  6999999999999991042-122239 -799999999999999
 -6 -2  3  7 10 10  7  3 -1 -5 -7 -8 -8 -4  0  4  7  8  6  3 -1 -5 -7 -926 221T6 429 101651  8999999999999991113 -82333 -999999999999999
 -9 -7 -2  2  6  8  8  6  3  0 -2 -4 -4 -2  1  5  8 10  9  7  3 -2 -5 -826 222T6 530  81719 10999999999999991140 -4999999999999999999999
-10-10 -7 -4  0  4  6  6  5  3  2  1  1  1  3  6  9 11 12 10  7  3 -1 -526 223T6 642  61751 1299999999999999 031-101155  199999999999999
 -8-10-10 -8 -5 -2  1  3  5  5  4  4  5  5  6  7  9 11 13 13 11  8  4  026 224T61831 13999999999999999999999 137-10999999999999999999999
 -4 -7 -9-10 -9 -7 -4 -1  2  4  5  6  7  7  8  9 10 11 13 14 14 12  9  526 225T61926 14999999999999999999999 256-10999999999999999999999
  1 -3 -6 -9-11-11 -9 -6 -3  0  3  5  7  8  9  9 10 10 11 13 14 14 13 1026 226T62042 14999999999999999999999 428-11999999999999999999999
  7  3 -2 -6-10-12-12-11 -8 -4  0  3  6  8  9  9  9  9  9 10 12 14 15 1426 227T622 9 15999999999999999999999 549-12999999999999999999999
 12  8  4 -1 -6-10-13-14-13 -9 -4  0  4  6  7  8  7  7  7  7  8 11 13 1526 228T61442  82327 1599999999999999 652-141756  799999999999999
 15 13  9  4 -2 -7-12-15-15-13 -9 -4  1  4  6  6  5  4  4  3  4  6  9 1326 3 1T61438  6999999999999999999999 743-151853  399999999999999
 15 15 13  8  3 -3 -9-13-15-15-12 -7 -2  2  5  5  4  3  1  0  0  1  4  826 3 2T6 032 151448  699999999999999 827-161945  099999999999999
 12 14 14 12  7  1 -5-10-14-15-14-10 -4  1  4  5  4  2  0 -2 -3 -3 -2  226 3 3T6 128 1515 6  599999999999999 9 4-152034 -499999999999999
  7 11 13 13 10  5 -1 -7-11-13-14-11 -6 -1  3  5  5  3  0 -3 -5 -6 -6 -326 3 4T6 220 131527  699999999999999 938-142122 -699999999999999
  1  6 10 11 10  7  2 -3 -7-10-11-10 -7 -2  3  6  6  5  1 -2 -5 -7 -8 -726 3 5T6 3 8 111549  69999999999999910 7-1122 6 -899999999999999
 -4  1  5  8  9  8  4  0 -4 -6 -8 -8 -5 -2  3  6  7  6  4  0 -4 -7 -9 -926 3 6T6 356  91611  7999999999999991031 -82249 -999999999999999
 -8 -4  0  4  6  7  5  2 -1 -3 -4 -4 -3  0  3  6  8  8  6  2 -2 -5 -8 -926 3 7T6 444  71630  8999999999999991045 -42331 -999999999999999
 -9 -7 -4  0  3  4  5  3  1  0 -1 -1  0  2  4  7  9  9  8  5  1 -2 -5 -826 3 8T6 534  51646  9999999999999991036 -1999999999999999999999
 -9 -8 -6 -3 -1  2  3  3  2  2  1  2  3  4  6  8 10 10  9  7  4  1 -2 -526 3 9T6 633  317 0 1099999999999999 014 -9 944  199999999999999
 -7 -8 -7 -5 -3 -1  1  2  2  2  3  3  4  6  7  9 10 11 10  9  7  4  1 -226 310T61714 11999999999999999999999 1 3 -8999999999999999999999
 -5 -6 -7 -6 -5 -4 -2  0  1  2  3  4  5  6  8  9 10 11 11 10  9  6  4  126 311T61737 11999999999999999999999 2 4 -7999999999999999999999
 -2 -4 -6 -7 -7 -6 -5 -3 -1  1  2  4  5  7  8  8  9 10 10 10  9  8  6  426 312T61824 10999999999999999999999 326 -7999999999999999999999
  2 -1 -4 -6 -7 -8 -7 -6 -4 -1  1  3  5  6  7  7  8  8  8  9  9  9  8  726 313T62012  9999999999999999999999 454 -8999999999999999999999
  4  2 -1 -4 -7 -9 -9 -9 -7 -4 -1  2  4  5  6  6  6  6  6  7  8  8  9  826 314T622 1  9999999999999999999999 556 -9999999999999999999999
  7  4  1 -2 -6 -9-11-11-10 -7 -4  0  2  4  5  5  4  3  3  4  5  6  8  926 315T61418  52317  999999999999999 642-111746  399999999999999
  9  7  4  0 -4 -8-11-13-12-10 -6 -2  1  3  4  3  2  1  0  0  1  3  6  826 316T61410  4999999999999999999999 721-131835  099999999999999
  9  9  7  3 -1 -6-10-13-14-12 -9 -4  0  2  3  3  1 -1 -2 -3 -3 -1  2  626 317T6 015  91412  399999999999999 756-141920 -399999999999999
  9 10  9  6  2 -3 -8-11-13-13-11 -6 -1  2  4  4  2 -1 -4 -6 -6 -6 -3  126 318T6 1 7 101423  499999999999999 829-1420 5 -699999999999999
  6  9 10  9  6  1 -4 -8-11-12-11 -7 -2  2  5  5  3  0 -4 -7 -9-10 -8 -426 319T6 158 101440  599999999999999 9 2-122052-1099999999999999
  1  6  9 10  9  5  0 -4 -8 -9-10 -7 -2  3  6  7  6  3 -2 -7-10-12-12-1026 320T6 251 1015 1  799999999999999 934-102140-1299999999999999
 -5  1  6  9 10  8  4  0 -3 -5 -6 -5 -2  3  7  9  9  7  2 -4 -8-12-14-1426 321T6 347 101526 109999999999999910 6 -62230-1499999999999999
-11 -5  1  5  8  9  7  4  1 -1 -2 -2  0  3  8 11 12 10  7  1 -5 -9-13-1526 322T6 446  91555 12999999999999991036 -22323-1599999999999999
-14-11 -6  0  4  7  7  6  5  3  2  2  3  5  8 11 13 13 11  6  1 -5 -9-1226 323T6 552  81629 13999999999999991059  2999999999999999999999
-14-14-11 -6 -2  2  5  6  6  5  5  5  6  6  8 11 13 14 13 11  6  1 -4 -826 324T6 717  617 8 1499999999999999 020-14 951  599999999999999
-11-13-13-11 -7 -4  0  3  5  6  6  7  8  8  9 10 12 13 14 13 11  7  2 -226 325T61759 14999999999999999999999 127-13999999999999999999999
 -6-10-12-12-11 -9 -5 -2  1  4  5  7  8  9  9  9 10 11 12 13 13 11  8  426 326T619 8 13999999999999999999999 248-12999999999999999999999
  0 -4 -8-11-12-12-10 -7 -3  0  3  6  7  8  8  8  8  9  9 11 12 12 11  926 327T62040 12999999999999999999999 418-12999999999999999999999
  5  1 -3 -7-10-12-12-10 -7 -3  1  4  6  7  7  7  6  6  6  7  9 10 11 1126 328T61341  72215 1199999999999999 534-121718  599999999999999
  9  6  2 -3 -7-10-12-12-10 -6 -2  2  4  6  6  5  4  3  2  2  4  7  9 1126 329T61331  62332 1199999999999999 631-121815  299999999999999
 11  9  6  2 -3 -7-10-12-11 -9 -4  0  3  5  5  4  2  1 -1 -2 -1  2  5  826 330T61335  6999999999999999999999 717-1219 4 -299999999999999
 10 11  9  5  1 -3 -7-10-11 -9 -6 -1  3  5  6  5  2 -1 -3 -4 -5 -3  0  426 331T6 035 111348  699999999999999 755-111948 -599999999999999
  8 10 10  8  4  0 -4 -7 -9 -9 -6 -2  3  6  7  6  3  0 -3 -6 -7 -7 -5 -126 4 1T6 130 1014 5  799999999999999 828 -92029 -899999999999999
  4  8  9  9  7  3 -1 -4 -6 -6 -5 -2  3  6  8  8  6  2 -3 -6 -8-10 -9 -526 4 2T6 221 101424  899999999999999 855 -621 8-1099999999999999
 -1  4  7  9  8  5  2 -1 -2 -3 -3 -1  3  7  9 10  8  4  0 -5 -8-10-11 -926 4 3T6 310  91444 1099999999999999 916 -32145-1199999999999999
 -5  0  4  7  8  7  5  2  1  0  0  1  4  7 10 11 10  7  3 -2 -6 -9-11-1026 4 4T6 357  815 2 1199999999999999 928  02221-1199999999999999
 -8 -3  1  5  7  7  6  4  3  2  2  3  5  8 11 12 12 10  6  1 -3 -7 -9-1026 4 5T6 445  71519 1299999999999999 923  22258-1099999999999999
 -9 -6 -2  2  5  6  6  6  5  4  5  5  7  9 11 13 13 12  9  4  0 -4 -7 -926 4 6T6 536  71536 1399999999999999 859  42337 -999999999999999
 -9 -8 -5 -1  2  4  6  6  5  5  6  7  8 10 12 13 13 13 11  7  3 -1 -4 -726 4 7T61553 139999999999999999999999999999999999999999999999999
 -8 -8 -6 -4 -1  2  4  5  5  6  6  7  8 10 11 12 13 13 12  9  6  2 -1 -426 4 8T61614 13999999999999999999999 023 -8999999999999999999999
 -6 -7 -7 -6 -4 -1  1  3  4  5  6  7  8  9 10 11 12 12 12 10  8  5  2 -126 4 9T61643 12999999999999999999999 118 -7999999999999999999999
 -3 -5 -7 -7 -6 -4 -2  0  2  4  5  7  8  8  9 10 10 11 11 10  9  7  5  226 410T61734 11999999999999999999999 229 -7999999999999999999999
 -1 -3 -5 -7 -7 -6 -5 -3  0  2  4  6  7  7  8  8  8  8  9  9  9  8  7  526 411T61927  9999999999999999999999 350 -7999999999999999999999
  2 -1 -3 -6 -7 -8 -7 -5 -3  0  3  5  6  6  6  6  6  5  6  6  7  8  8  726 412T61319  62126  899999999999999 456 -81654  599999999999999
  5  2 -1 -4 -6 -8 -8 -7 -5 -2  2  4  5  6  5  4  3  3  2  3  5  6  8  826 413T61252  62252  899999999999999 545 -81744  299999999999999
  7  5  2 -1 -4 -7 -8 -8 -6 -3  1  4  6  6  5  3  2  0 -1 -1  1  3  6  826 414T61246  62359  999999999999999 626 -81825 -199999999999999
  9  8  6  3 -1 -4 -6 -7 -6 -4  0  4  7  7  6  4  1 -2 -4 -5 -4 -1  2  726 415T61254  7999999999999999999999 7 4 -719 8 -599999999999999
  9 10  9  7  3  0 -3 -5 -5 -4  0  5  8 10  9  6  2 -2 -5 -8 -8 -7 -3  226 416T6 1 0 101310 1099999999999999 739 -51952 -899999999999999
  7 11 12 11  8  4  1 -1 -3 -2  1  5  9 12 12 10  6  0 -5 -9-11-11 -9 -426 417T6 2 0 121334 1299999999999999 814 -32039-1199999999999999
  2  8 11 13 11  9  5  3  1  1  2  6 10 14 15 14 10  5 -2 -7-11-13-13-1026 418T6 3 0 1314 2 1599999999999999 849  12128-1499999999999999
 -4  3  8 12 13 12  9  7  5  5  5  7 11 15 17 18 15 10  4 -3 -9-13-15-1426 419T6 4 1 131436 1899999999999999 922  42219-1599999999999999
-10 -4  2  8 11 12 12 10  9  8  8  9 11 15 18 19 19 16 10  3 -3 -9-13-1526 420T6 5 5 121514 2099999999999999 949  82314-1599999999999999
-14-10 -4  2  7 10 11 11 11 10 10 10 11 14 17 19 20 19 15 10  3 -3 -8-1126 421T6 618 111557 2099999999999999 930 10999999999999999999999
-13-13 -9 -4  1  5  8 10 11 11 11 12 12 13 15 17 19 19 18 15 10  4 -1 -626 422T61648 20999999999999999999999 013-13999999999999999999999
-10-11-11 -9 -5  0  4  7  9 10 11 12 12 12 13 14 16 17 18 17 14 10  5  026 423T61750 18999999999999999999999 120-12999999999999999999999
 -4 -7 -9-10 -8 -5 -1  3  6  8 10 11 11 11 11 12 12 14 15 16 15 13 10  626 424T619 7 16999999999999999999999 235-10999999999999999999999
  2 -2 -5 -7 -8 -7 -4 -1  3  6  8 10 10 10 10  9  9  9 10 12 13 13 12 1026 425T61221 102041 1399999999999999 352 -816 2  999999999999999
  7  3  0 -4 -6 -7 -6 -3  0  4  7  9 10 10  9  7  6  5  6  7  9 11 12 1226 426T61213 102216 1299999999999999 459 -71715  599999999999999
 10  7  4  1 -2 -4 -5 -4 -1  3  6  9 10 10  8  7  5  3  2  2  4  7 10 1126 427T61217 102334 1199999999999999 551 -51811  299999999999999
 11 10  7  5  2 -1 -2 -2 -1  3  6  9 11 11  9  7  4  2  0 -1  0  3  6  926 428T61229 11999999999999999999999 633 -31857 -199999999999999
 11 11 10  8  5  3  1  0  1  3  7 10 12 13 11  8  5  1 -1 -3 -3 -2  2  626 429T6 040 111244 1399999999999999 7 7  01938 -399999999999999
  9 11 11 10  8  6  4  3  3  5  7 11 14 15 14 11  7  3 -1 -4 -5 -4 -2  326 430T6 139 1113 1 1599999999999999 733  32014 -599999999999999
  7 10 12 12 10  9  7  6  6  7  9 12 15 16 16 14 10  5  0 -3 -5 -6 -4 -126 5 1T6 231 121320 1699999999999999 749  62048 -699999999999999
  4  8 11 12 12 11  9  8  8  9 10 13 16 18 18 16 13  8  3 -1 -5 -6 -6 -326 5 2T6 319 131340 1899999999999999 753  82120 -699999999999999
  1  6 10 12 13 13 11 10 10 11 12 14 16 19 19 19 16 12  6  1 -3 -5 -6 -526 5 3T6 4 5 1314 2 1999999999999999 753 102155 -699999999999999
 -1  3  7 11 13 13 13 12 12 12 13 14 17 19 20 20 18 15 10  5  0 -3 -5 -526 5 4T6 451 131425 2099999999999999 756 122232 -699999999999999
 -3  0  5  8 11 13 13 12 12 13 13 15 16 18 20 21 20 17 13  8  3 -1 -4 -526 5 5T61452 219999999999999999999992313 -5999999999999999999999
 -4 -2  2  5  9 11 12 12 12 13 13 14 16 18 19 20 20 18 15 11  7  3 -1 -326 5 6T61521 209999999999999999999992359 -4999999999999999999999
 -4 -3 -1  2  5  8 10 11 12 12 13 14 15 16 18 19 19 18 17 14 10  6  2 -126 5 7T61554 199999999999999999999999999999999999999999999999999
 -3 -3 -2  0  2  5  8  9 11 11 12 13 14 15 16 17 17 17 17 15 12  8  5  226 5 8T61634 17999999999999999999999 050 -3999999999999999999999
 -1 -2 -3 -2  0  3  5  8  9 11 12 12 13 13 14 14 15 15 15 15 13 11  8  526 5 9T61734 15999999999999999999999 146 -3999999999999999999999
  2  0 -2 -2 -1  1  3  6  8 10 11 12 12 12 12 12 12 13 13 14 13 12 10  826 510T619 4 14999999999999999999999 245 -2999999999999999999999
  5  2  0 -1 -1  0  2  4  7 10 11 12 12 11 10 10  9  9 10 11 12 13 12 1126 511T61123 122054 1399999999999999 342 -11620  999999999999999
  8  6  3  1  0  0  1  4  7 10 12 13 13 11 10  8  7  6  6  8 10 12 13 1326 512T61113 132231 1399999999999999 432  01714  699999999999999
 12 10  7  5  3  2  3  4  7 11 13 15 15 13 10  7  5  3  3  3  6  9 12 1426 513T61122 152351 1599999999999999 517  218 0  399999999999999
 15 14 12  9  7  6  5  6  8 12 15 17 18 16 13  9  5  2  0 -1  1  4  9 1326 514T61141 18999999999999999999999 559  51846 -199999999999999
 16 17 16 14 12 10  9  8 10 13 16 20 21 20 17 12  7  2 -2 -4 -4 -2  3  926 515T6 1 3 1712 8 2199999999999999 639  81935 -499999999999999
 14 17 19 18 16 14 13 12 12 14 17 21 24 24 22 18 12  5  0 -5 -7 -7 -3  326 516T6 212 191241 2499999999999999 717 122025 -799999999999999
  9 15 18 20 20 18 16 15 15 16 18 21 25 27 27 24 18 11  4 -2 -6 -9 -8 -426 517T6 316 201320 2799999999999999 752 152118 -999999999999999
  2  9 15 19 20 20 19 18 17 17 18 21 25 28 29 28 25 18 11  3 -3 -7 -9 -826 518T6 418 2114 4 2999999999999999 820 172212 -999999999999999
 -4  3  9 15 18 20 20 19 19 19 19 20 23 27 29 30 29 25 18 11  4 -2 -7 -926 519T6 522 201453 3099999999999999 830 1923 9 -999999999999999
 -7 -3  3  9 14 17 19 19 19 19 19 20 21 24 27 29 30 28 24 18 11  4 -1 -526 520T61548 309999999999999999999999999999999999999999999999999
 -7 -6 -2  3  8 13 16 17 18 18 18 19 19 20 23 25 27 28 26 22 17 11  5  126 521T61646 28999999999999999999999 0 8 -7999999999999999999999
 -3 -5 -4 -1  4  8 12 15 17 17 18 18 18 18 19 20 23 24 25 24 21 16 11  726 522T61751 25999999999999999999999 1 9 -5999999999999999999999
  3  0 -2 -1  1  5  9 13 15 17 17 17 17 16 16 16 17 19 21 21 21 19 16 1226 523T61035 1719 5 2199999999999999 211 -21412 1699999999999999
  8  5  2  1  2  4  7 11 14 16 17 17 17 16 14 13 13 14 15 17 18 18 17 1526 524T61036 172036 1999999999999999 311  11544 1399999999999999
 12 10  7  5  4  5  7 10 13 16 18 18 17 16 14 12 11 10 11 12 14 16 17 1626 525T61048 182213 1799999999999999 4 6  41658 1099999999999999
 15 13 11 10  8  8  9 11 14 17 19 20 19 17 15 12 10  8  7  8 10 13 15 1626 526T611 4 202344 1799999999999999 452  81756  799999999999999
 16 16 15 13 12 12 12 13 15 18 20 22 21 20 17 14 10  8  6  5  7  9 12 1526 527T61122 22999999999999999999999 528 111843  599999999999999
 17 17 17 16 16 15 15 15 17 19 22 23 24 22 20 16 12  9  6  4  5  7 10 1326 528T6 1 6 171140 2499999999999999 550 151921  499999999999999
 16 18 19 19 18 18 17 18 19 21 23 25 26 25 23 19 15 10  7  4  4  5  8 1226 529T6 214 1912 1 2699999999999999 556 171954  499999999999999
 15 18 20 20 20 20 19 20 20 22 24 26 28 28 26 22 18 13  8  5  3  3  6  926 530T6 3 4 201225 2899999999999999 6 1 192027  399999999999999
 14 17 20 21 22 21 21 21 22 23 25 27 29 29 28 26 21 16 11  7  4  3  4  726 531T6 343 221253 2999999999999999 621 2121 0  399999999999999
 11 16 19 21 22 22 22 22 22 23 25 27 29 30 30 28 25 20 14  9  5  3  3  526 6 1T6 418 221325 3099999999999999 648 222137  399999999999999
  9 13 17 20 22 22 22 22 22 23 24 26 28 30 31 30 27 23 18 13  8  4  3  326 6 2T6 456 2214 0 3199999999999999 713 222217  399999999999999
  6 10 14 18 20 22 22 21 21 22 23 25 27 29 30 30 29 26 21 16 11  7  4  326 6 3T61437 3099999999999999999999923 0  3999999999999999999999
  4  7 11 15 18 20 21 21 21 21 22 23 25 26 28 29 29 27 24 19 14  9  6  426 6 4T61515 299999999999999999999992343  3999999999999999999999
  3  5  8 12 15 18 19 20 20 20 21 22 23 24 26 27 28 27 25 21 17 12  8  626 6 5T61555 289999999999999999999999999999999999999999999999999
  4  4  6  9 12 15 18 19 20 20 20 21 21 22 23 25 26 26 25 22 19 15 11  826 6 6T61641 26999999999999999999999 027  4999999999999999999999
  6  5  6  8 11 14 16 18 19 20 20 20 20 20 21 22 23 24 24 23 21 18 14 1126 6 7T61738 24999999999999999999999 1 9  5999999999999999999999
  9  7  7  8 10 13 16 18 20 21 20 20 19 19 18 19 19 21 22 22 22 20 18 1526 6 8T6 917 211858 2299999999999999 151  71412 1899999999999999
 13 11 10 10 11 13 16 19 21 22 22 21 20 18 17 16 16 17 18 20 21 21 20 1926 6 9T6 926 222040 2199999999999999 233  91534 1699999999999999
 17 15 13 13 13 14 17 20 22 24 25 23 21 19 16 15 13 13 14 16 19 21 22 2226 610T6 944 252225 2299999999999999 316 131638 1399999999999999
 21 19 18 17 17 17 19 21 24 27 28 27 25 21 18 14 12 10 10 12 15 18 21 2426 611T61010 28999999999999999999999 4 2 171734 1099999999999999
 24 24 23 21 21 20 21 23 26 29 31 31 30 26 21 17 12  9  7  7  9 13 18 2226 612T6 0 1 241042 3199999999999999 450 201828  799999999999999
 25 27 26 26 25 24 24 25 27 30 33 35 34 32 27 21 15 10  6  4  4  7 12 1826 613T6 126 271122 3599999999999999 535 241923  499999999999999
 23 27 28 29 28 27 27 27 28 30 33 36 38 37 33 28 21 14  8  4  2  2  6 1226 614T6 237 2912 7 3899999999999999 616 262018  299999999999999
 18 24 28 29 30 29 28 28 28 30 32 36 39 40 39 35 29 21 13  7  3  0  1  626 615T6 336 301258 4099999999999999 651 282114  099999999999999
 12 19 24 28 29 29 29 28 28 29 31 33 37 40 41 40 35 29 21 13  7  2  0  126 616T6 429 301353 4199999999999999 723 2822 9  099999999999999
  6 12 19 24 27 29 28 28 27 28 28 30 33 37 40 41 39 35 28 20 13  7  3  126 617T6 518 291450 4199999999999999 759 2723 4  199999999999999
  2  7 13 19 24 26 27 27 26 26 27 27 29 32 36 39 39 38 33 27 20 13  8  426 618T6 6 7 271548 3999999999999999 851 262356  399999999999999
  3  4  9 14 19 23 26 26 26 25 25 25 25 27 30 33 36 36 35 31 25 19 14  926 619T6 655 261647 37999999999999991058 25999999999999999999999
  6  6  8 12 16 21 24 26 26 25 25 24 23 23 25 27 30 32 33 31 28 24 19 1526 620T6 740 261749 3399999999999999 047  61230 2399999999999999
 12 10 10 12 15 19 23 25 26 26 25 24 23 22 21 22 24 26 28 29 28 26 23 2026 621T6 821 261858 2999999999999999 134  91352 2199999999999999
 17 15 14 14 16 19 22 25 27 27 27 26 24 22 20 19 20 21 23 25 26 26 25 2326 622T6 856 272025 2699999999999999 219 141514 1999999999999999
 21 20 19 18 19 21 23 26 28 29 29 28 26 23 21 19 18 18 19 20 22 24 25 2426 623T6 925 292221 2599999999999999 257 181631 1799999999999999
 24 23 23 22 22 23 25 27 29 31 31 30 29 26 23 20 18 16 16 17 19 22 24 2526 624T6 951 31999999999999999999999 325 221734 1699999999999999
 26 26 26 26 26 26 27 29 31 32 33 33 31 29 26 22 19 17 15 15 17 19 22 2526 625T61016 339999999999999999999991823 15999999999999999999999
 26 27 28 28 29 29 30 31 32 34 35 35 34 32 29 25 21 18 15 15 15 18 21 2426 626T61042 3699999999999999999999919 1 15999999999999999999999
 27 28 29 30 30 31 31 32 33 35 37 37 37 35 32 28 24 20 16 15 14 16 19 2326 627T61113 379999999999999999999991936 14999999999999999999999
 26 29 30 31 31 31 32 32 34 35 37 38 39 38 35 32 27 22 18 15 14 14 17 2026 628T61150 399999999999999999999992011 14999999999999999999999
 24 28 30 31 32 32 32 32 33 35 36 38 40 40 38 35 30 25 20 16 14 13 14 1826 629T61231 409999999999999999999992048 13999999999999999999999
 22 26 29 31 32 32 31 31 32 33 35 37 39 40 40 38 34 29 23 18 14 12 12 1526 630T61313 409999999999999999999992127 12999999999999999999999
 18 23 27 29 31 31 31 30 30 31 33 35 37 39 40 39 36 32 26 21 16 13 11 1226 7 1T6 440 311355 4099999999999999 7 7 3022 7 1199999999999999
 15 19 24 27 29 30 30 29 29 30 31 32 35 37 39 39 38 34 29 23 18 14 12 1126 7 2T6 5 9 301436 3999999999999999 741 292246 1199999999999999
 13 16 21 25 27 29 29 29 28 28 29 30 32 34 37 38 38 35 31 26 21 16 13 1126 7 3T6 541 291516 3899999999999999 818 282323 1199999999999999
 12 14 18 22 26 28 29 28 28 27 28 28 29 31 34 36 36 35 33 29 24 19 16 1326 7 4T6 612 291557 3699999999999999 9 7 272359 1299999999999999
 12 14 17 20 24 27 28 29 28 27 27 27 27 28 30 32 34 34 33 31 27 23 19 1626 7 5T6 641 291644 34999999999999991040 27999999999999999999999
 15 15 17 20 24 27 29 30 29 28 27 26 26 26 27 29 31 32 33 31 29 26 23 2026 7 6T6 7 7 301744 3399999999999999 032 151227 2699999999999999
 19 18 19 21 24 27 30 31 31 30 28 27 25 24 24 25 27 29 30 31 31 29 27 2426 7 7T6 732 3119 3 3199999999999999 1 4 181345 2499999999999999
 23 22 22 23 25 28 31 33 34 33 31 29 26 24 23 22 23 25 27 29 30 31 30 2926 7 8T6 8 0 342046 3199999999999999 135 221458 2299999999999999
 27 27 26 27 28 30 33 35 36 36 35 32 29 26 23 21 20 20 22 25 28 30 31 3226 7 9T6 833 372251 3299999999999999 2 5 261610 2099999999999999
 31 31 31 31 31 32 34 36 39 40 39 37 33 29 25 22 19 17 18 20 23 27 30 3326 710T6 913 40999999999999999999999 240 311717 1799999999999999
 34 34 34 34 34 34 36 38 40 42 43 42 39 35 30 25 20 17 15 15 18 22 27 3126 711T610 1 439999999999999999999991820 15999999999999999999999
 34 36 36 36 36 36 37 38 40 43 45 46 44 41 36 30 24 19 15 13 13 16 21 2726 712T61056 469999999999999999999991919 12999999999999999999999
 32 35 37 38 37 37 37 37 39 41 44 47 48 46 43 37 30 23 17 13 11 11 15 2126 713T6 3 6 381155 4899999999999999 536 372017 1099999999999999
 27 32 35 37 37 37 36 36 37 39 42 45 48 49 48 44 37 30 22 16 11  9 10 1526 714T6 338 371255 4999999999999999 625 362111  999999999999999
 21 27 32 35 36 36 35 34 35 35 37 41 45 49 50 48 43 37 29 21 15 11  9 1126 715T6 4 9 361354 5099999999999999 716 3422 2  999999999999999
 16 22 28 32 35 35 34 33 32 32 33 36 40 44 48 48 47 42 35 27 20 15 11 1026 716T6 441 351452 4999999999999999 819 322249 1099999999999999
 13 18 24 29 33 34 34 32 31 30 30 31 33 38 42 45 46 44 39 33 26 20 16 1326 717T6 514 341548 4699999999999999 946 302333 1399999999999999
 13 16 21 26 31 33 34 33 31 30 29 28 29 31 35 39 42 42 40 36 31 26 21 1826 718T6 548 341643 429999999999999911 5 28999999999999999999999
 16 17 20 25 29 33 34 34 32 30 29 27 27 27 29 33 36 38 38 37 33 30 26 2326 719T6 623 341742 3899999999999999 013 161214 2799999999999999
 21 21 22 25 29 32 35 35 34 33 31 29 27 26 26 28 30 33 34 35 34 32 30 2826 720T6 657 351849 3599999999999999 048 211322 2599999999999999
 26 26 26 28 30 33 35 37 37 35 33 31 29 26 25 25 26 28 30 31 32 32 31 3126 721T6 729 372019 3299999999999999 117 261435 2599999999999999
 30 30 30 31 32 34 36 38 38 38 36 34 31 29 26 25 24 25 26 28 30 31 32 3226 722T6 8 1 38999999999999999999999 122 301553 2499999999999999
 33 33 34 34 35 36 38 39 40 40 39 37 35 32 29 26 24 24 24 26 28 30 32 3326 723T6 832 4099999999999999999999917 4 24999999999999999999999
 34 35 36 37 37 38 39 40 41 42 41 40 38 35 32 28 26 24 23 24 26 28 31 3326 724T6 9 8 429999999999999999999991758 23999999999999999999999
 35 36 37 38 39 39 40 41 42 43 43 43 41 38 35 31 28 25 23 23 24 26 29 3226 725T6 952 439999999999999999999991841 23999999999999999999999
 35 37 38 39 39 39 40 41 42 43 44 44 43 41 38 34 30 26 23 22 22 24 27 3126 726T61043 449999999999999999999991920 22999999999999999999999
 34 36 38 39 39 39 39 40 41 42 44 45 45 44 41 37 33 28 24 21 21 22 24 2826 727T61135 459999999999999999999991959 21999999999999999999999
 32 35 37 38 38 38 37 38 39 40 42 44 46 46 44 40 36 30 25 22 20 19 21 2526 728T6 330 381224 4699999999999999 549 372036 1999999999999999
 29 33 36 37 37 37 36 36 37 38 40 42 45 46 45 43 39 33 28 23 19 18 18 2126 729T6 340 371310 4699999999999999 636 362113 1899999999999999
 26 30 34 36 36 36 35 34 34 35 37 39 42 45 45 44 41 36 30 25 20 18 17 1926 730T6 358 361352 4599999999999999 719 342148 1799999999999999
 23 27 31 34 35 35 34 33 32 33 34 36 39 42 44 44 42 38 33 27 22 19 17 1726 731T6 419 351433 4599999999999999 8 4 322222 1799999999999999
 20 25 29 33 35 35 34 32 31 31 31 32 35 39 42 43 43 40 36 30 25 21 19 1826 8 1T6 441 351514 4399999999999999 858 312254 1899999999999999
 19 23 28 32 34 35 34 33 31 30 29 30 31 34 38 41 42 41 38 33 29 25 22 2026 8 2T6 5 3 351559 429999999999999910 6 292324 2099999999999999
 21 23 27 31 34 36 36 34 32 30 29 28 29 30 34 37 39 40 39 36 32 28 26 2426 8 3T6 526 361652 40999999999999991114 282353 2499999999999999
 24 25 28 32 35 37 38 37 34 31 29 28 27 27 29 32 35 37 38 37 35 32 30 2926 8 4T6 550 381756 38999999999999991217 27999999999999999999999
 28 28 30 33 36 38 40 39 37 35 31 29 27 26 26 28 31 34 36 37 37 35 34 3326 8 5T6 618 401920 3799999999999999 019 281322 2699999999999999
 32 32 33 35 37 40 42 42 41 39 35 32 29 27 25 25 26 29 32 34 36 37 37 3626 8 6T6 652 42999999999999999999999 036 321434 2599999999999999
 36 36 37 37 39 41 43 44 44 43 40 36 33 29 26 24 23 24 27 30 33 35 37 3826 8 7T6 735 449999999999999999999991553 23999999999999999999999
 39 39 40 40 41 42 43 45 46 46 45 42 38 33 29 25 23 22 22 24 28 32 35 3826 8 8T6 832 469999999999999999999991711 21999999999999999999999
 40 41 41 41 42 42 43 45 47 48 48 47 44 39 34 29 25 21 19 20 22 26 31 3526 8 9T6 940 489999999999999999999991820 19999999999999999999999
 38 40 41 42 41 41 42 43 45 47 49 50 49 45 40 35 29 23 19 17 18 21 26 3126 810T61051 509999999999999999999991920 17999999999999999999999
 36 39 40 41 40 40 40 40 42 44 48 50 51 50 47 41 34 27 22 18 16 16 20 2626 811T6 250 411157 5199999999999999 543 402013 1699999999999999
 32 36 39 40 39 38 37 37 38 40 43 47 51 52 51 47 40 33 26 20 16 15 17 2126 812T6 3 4 401259 5299999999999999 641 3721 0 1599999999999999
 27 33 37 39 38 37 35 34 34 35 37 42 46 50 51 50 45 39 31 25 20 16 16 1826 813T6 325 391356 5199999999999999 742 342144 1599999999999999
 24 30 34 37 38 37 34 32 31 31 32 35 40 45 49 49 48 43 36 30 24 20 18 1826 814T6 350 381451 4999999999999999 849 312223 1799999999999999
 22 27 32 36 38 38 35 32 30 29 29 30 33 38 43 46 47 44 40 34 29 25 22 2126 815T6 418 381544 4799999999999999 953 282258 2199999999999999
 22 26 31 35 38 39 37 34 31 29 27 27 28 32 36 40 43 43 41 37 33 29 27 2526 816T6 446 391638 43999999999999991052 272330 2599999999999999
 25 27 31 35 38 40 39 37 33 30 28 26 26 27 31 34 38 39 40 38 35 33 31 3026 817T6 514 401735 40999999999999991148 262353 2999999999999999
 29 30 33 36 39 40 41 39 36 33 30 28 26 26 27 30 33 35 37 37 36 35 34 3326 818T6 540 411841 37999999999999991245 262352 3399999999999999
 33 34 35 37 40 41 42 41 39 37 34 31 29 27 27 27 29 31 33 35 35 36 36 3626 819T6 6 5 429999999999999999999991346 27999999999999999999999
 36 37 38 39 41 42 43 43 42 40 37 34 32 29 28 27 28 29 31 32 34 35 36 3726 820T6 629 439999999999999999999991459 27999999999999999999999
 38 39 40 41 42 43 43 44 43 42 40 38 35 32 30 28 27 27 28 30 32 34 36 3826 821T6 7 0 449999999999999999999991620 27999999999999999999999
 39 40 41 42 42 43 43 44 44 44 42 41 38 35 32 30 28 27 27 28 30 32 35 3726 822T6 752 449999999999999999999991727 26999999999999999999999
 39 40 41 41 42 42 43 43 44 44 44 43 41 38 35 32 29 26 25 26 27 30 33 3626 823T6 9 9 449999999999999999999991817 25999999999999999999999
 38 40 40 41 41 41 41 42 43 44 45 45 43 41 38 34 30 27 25 24 25 27 30 3426 824T61026 4599999999999999999999919 0 24999999999999999999999
 36 38 39 40 39 39 39 40 41 42 44 45 45 43 41 37 32 28 24 22 22 24 27 3126 825T6 240 401127 4599999999999999 519 391938 2299999999999999
 34 37 38 38 38 37 37 37 38 40 42 44 45 45 43 39 35 29 25 22 20 21 24 2826 826T6 240 391218 4599999999999999 6 9 372012 2099999999999999
 32 35 37 38 37 35 34 34 35 36 39 42 44 45 44 42 37 32 27 23 20 19 21 2526 827T6 248 3813 3 4599999999999999 654 342045 1999999999999999
 30 34 36 37 36 34 33 32 31 32 35 38 42 44 45 43 40 34 29 24 21 19 20 2326 828T6 3 1 371345 4599999999999999 739 312117 1999999999999999
 28 32 35 37 36 34 32 30 29 29 31 34 38 42 44 44 42 37 32 27 23 21 20 2226 829T6 317 371429 4499999999999999 828 292147 2099999999999999
 26 31 35 37 37 35 32 30 28 27 27 29 33 38 41 43 42 40 35 30 27 24 23 2326 830T6 334 371515 4399999999999999 919 272217 2299999999999999
 26 31 35 38 39 37 34 31 28 26 25 26 28 33 37 40 42 41 38 34 30 28 26 2626 831T6 355 3916 7 42999999999999991012 252246 2699999999999999
 27 31 35 39 40 40 37 33 29 26 25 24 25 28 32 36 39 40 40 37 34 32 30 3026 9 1T6 418 4017 6 409999999999999911 5 242312 3099999999999999
 30 32 36 39 41 42 40 37 33 29 26 24 23 24 27 31 35 37 39 38 37 35 34 3426 9 2T6 445 421816 399999999999999912 2 232328 3499999999999999
 34 35 37 40 42 44 43 41 37 33 29 26 24 23 24 26 30 33 36 37 38 37 37 3726 9 3T6 517 4499999999999999999999913 5 23999999999999999999999
 37 38 39 41 43 44 45 44 42 38 34 30 27 24 23 23 25 28 31 34 36 37 38 3926 9 4T6 558 459999999999999999999991419 22999999999999999999999
 39 40 40 41 42 44 45 46 45 42 39 35 31 27 24 22 22 23 25 29 32 35 37 3926 9 5T6 654 469999999999999999999991547 22999999999999999999999
 40 41 41 41 42 43 44 45 46 46 44 41 37 32 28 24 22 20 21 23 27 31 34 3726 9 6T6 811 469999999999999999999991710 20999999999999999999999
 39 40 41 41 41 41 42 43 45 46 46 45 42 38 33 28 24 20 19 19 22 26 30 3426 9 7T6 938 479999999999999999999991817 19999999999999999999999
 37 39 39 39 39 38 38 39 41 44 46 47 46 43 39 33 27 23 19 17 18 21 26 3126 9 8T6 2 1 391057 4799999999999999 518 381911 1799999999999999
 35 37 38 38 36 35 35 35 37 40 43 46 48 47 43 38 32 26 21 18 17 18 23 2826 9 9T6 2 0 3812 4 4899999999999999 615 351957 1799999999999999
 33 36 37 37 35 33 32 31 31 34 38 42 46 47 46 42 37 31 25 21 18 18 20 2526 910T6 212 3713 3 4799999999999999 7 8 312038 1799999999999999
 30 35 37 37 35 32 30 28 27 28 31 36 41 45 46 45 41 35 29 24 21 19 20 2426 911T6 231 371357 4699999999999999 8 1 272114 1999999999999999
 29 34 37 38 36 33 29 27 25 24 26 29 35 40 43 44 42 38 33 28 25 22 22 2426 912T6 253 381450 4499999999999999 853 242146 2299999999999999
 28 33 37 38 38 35 31 27 24 23 22 24 29 34 38 41 42 40 36 32 29 26 25 2626 913T6 317 391542 4299999999999999 943 222214 2599999999999999
 29 33 37 39 39 38 34 30 26 23 22 22 24 28 33 37 39 39 37 35 32 30 29 2926 914T6 341 401635 39999999999999991030 212234 2999999999999999
 31 34 37 40 41 40 37 33 29 25 23 21 22 25 28 32 35 37 37 36 34 33 32 3226 915T6 4 3 411730 37999999999999991116 212230 3299999999999999
 33 35 38 40 41 41 39 36 32 28 25 23 22 23 25 29 32 34 35 35 35 34 35 3526 916T6 422 411837 359999999999999912 3 222114 3499999999999999
 36 37 39 40 42 42 41 38 35 31 28 26 24 23 24 26 28 31 33 34 35 35 36 3626 917T6 439 429999999999999999999991254 23999999999999999999999
 37 38 40 41 42 42 41 40 38 35 32 29 26 25 24 25 26 28 30 32 33 34 36 3726 918T6 455 429999999999999999999991357 24999999999999999999999
 38 39 40 40 41 41 41 41 39 37 35 32 29 27 25 24 25 25 27 29 31 33 35 3626 919T6 517 419999999999999999999991521 24999999999999999999999
 37 38 39 40 40 40 40 40 40 39 37 35 32 29 27 25 24 24 24 26 28 31 33 3526 920T6 622 409999999999999999999991643 24999999999999999999999
 37 37 38 38 38 38 39 39 39 39 38 37 35 32 29 26 24 22 22 23 25 28 31 3326 921T6 824 399999999999999999999991740 22999999999999999999999
 35 36 36 36 36 36 36 37 37 38 39 38 37 35 31 28 24 22 21 21 22 25 29 3226 922T6 151 3610 4 3999999999999999 456 361824 2099999999999999
 34 35 35 34 34 33 33 33 35 36 38 39 38 37 34 30 26 22 20 19 20 23 26 3026 923T6 138 351111 3999999999999999 542 3319 0 1999999999999999
 32 34 34 33 32 31 30 30 31 33 36 38 39 38 36 32 28 24 21 19 19 21 24 2826 924T6 137 3412 4 3999999999999999 622 301933 1899999999999999
 31 33 34 33 31 29 27 27 27 29 32 36 38 39 38 35 31 26 22 20 18 19 23 2726 925T6 142 341252 3999999999999999 7 1 2720 4 1899999999999999
 31 33 34 33 31 28 25 24 23 25 28 32 36 39 39 37 34 29 25 22 20 20 22 2626 926T6 152 341340 3999999999999999 742 232034 2099999999999999
 31 34 35 34 32 28 24 22 20 21 23 27 32 37 39 39 37 33 28 25 23 22 23 2626 927T6 2 8 351430 3999999999999999 826 2021 5 2299999999999999
 31 35 37 37 34 30 26 22 19 18 18 22 27 32 37 39 38 36 32 29 26 25 25 2726 928T6 227 371523 3999999999999999 912 182135 2599999999999999
 31 35 38 39 37 34 29 23 19 17 16 17 21 27 32 36 38 37 35 32 30 29 28 2926 929T6 252 391620 389999999999999910 1 1622 3 2899999999999999
 31 35 39 41 40 38 33 27 22 18 16 15 17 21 26 31 35 36 36 35 33 32 31 3126 930T6 320 411723 37999999999999991053 152222 3199999999999999
 33 35 39 41 42 41 37 32 27 22 18 16 15 17 21 25 30 33 35 35 34 34 34 342610 1T6 354 421840 35999999999999991149 152128 3499999999999999
 35 36 38 41 42 42 41 37 32 27 22 19 16 15 17 20 24 28 31 33 34 34 35 352610 2T6 434 429999999999999999999991254 15999999999999999999999
 36 36 38 39 41 42 42 40 37 33 28 24 20 17 16 17 19 22 25 29 31 33 34 352610 3T6 526 429999999999999999999991411 16999999999999999999999
 36 36 37 37 39 40 41 41 40 37 33 29 25 21 18 16 16 17 20 24 27 30 32 342610 4T6 637 419999999999999999999991539 16999999999999999999999
 35 36 35 35 36 36 38 39 40 39 37 34 31 26 22 19 16 15 16 19 23 26 30 322610 5T6 8 8 409999999999999999999991657 15999999999999999999999
 34 34 34 33 33 33 33 35 37 39 39 38 35 31 27 22 19 16 15 16 19 23 27 302610 6T6 1 3 34 944 3999999999999999 436 321758 1599999999999999
 32 33 32 31 30 29 29 30 32 35 38 39 38 35 31 27 22 18 16 15 17 21 25 292610 7T6 055 3311 4 3999999999999999 537 291847 1599999999999999
 31 32 31 30 28 26 25 25 27 30 34 37 38 37 35 31 26 22 19 17 17 19 23 282610 8T6 1 0 3212 9 3899999999999999 628 251928 1699999999999999
 31 32 32 30 27 24 22 21 21 24 28 33 36 37 37 34 30 25 22 19 18 19 23 272610 9T6 114 3313 7 3799999999999999 716 2120 3 1899999999999999
 31 33 33 31 28 24 21 19 18 19 22 27 32 35 37 35 33 29 25 23 21 21 23 27261010T6 133 3314 2 3799999999999999 8 1 182034 2199999999999999
 31 34 35 33 30 26 21 18 16 15 17 22 27 32 35 35 34 31 28 26 24 24 25 27261011T6 153 351454 3699999999999999 844 152059 2499999999999999
 31 34 36 35 33 28 23 19 16 14 15 17 22 27 31 34 34 33 31 28 27 26 27 29261012T6 215 361545 3499999999999999 925 142114 2699999999999999
 32 35 37 37 35 31 26 21 18 15 14 15 18 23 28 31 33 33 32 30 29 29 29 30261013T6 236 371635 339999999999999910 4 1421 6 2999999999999999
 32 35 37 38 37 34 30 25 20 17 15 14 16 20 24 28 30 32 32 31 30 30 31 32261014T6 257 381728 32999999999999991043 142038 3099999999999999
 33 35 37 38 38 36 32 28 23 20 17 15 15 17 21 24 27 30 31 31 31 31 31 32261015T6 316 389999999999999999999991125 15999999999999999999999
 33 35 37 38 38 37 34 31 27 23 20 17 16 17 18 21 24 26 28 29 30 30 31 32261016T6 336 389999999999999999999991211 16999999999999999999999
 33 34 35 36 37 36 35 33 29 26 22 20 18 17 17 19 21 23 25 27 28 29 30 31261017T6 358 3799999999999999999999913 8 17999999999999999999999
 32 33 34 35 35 35 34 33 31 28 25 22 20 18 17 17 18 20 22 24 26 28 29 30261018T6 427 359999999999999999999991418 17999999999999999999999
 31 32 32 32 33 33 33 32 31 30 27 25 22 20 18 17 17 17 19 21 24 26 28 29261019T6 527 339999999999999999999991537 17999999999999999999999
 30 30 30 30 30 30 30 31 31 30 29 27 25 22 19 17 16 16 17 19 21 24 26 28261020T6 729 319999999999999999999991640 16999999999999999999999
 29 29 28 28 27 27 27 28 29 29 29 28 27 24 21 18 16 15 15 17 19 22 25 27261021T6 039 29 923 3099999999999999 454 271727 1599999999999999
 28 28 27 26 24 24 24 25 26 28 29 29 28 26 24 21 18 16 15 16 18 21 24 27261022T6 023 281045 2999999999999999 533 2418 5 1599999999999999
 28 28 26 24 22 21 20 21 22 25 27 29 30 29 26 23 20 18 16 16 17 20 24 27261023T6 019 281148 3099999999999999 610 201839 1699999999999999
 29 29 27 24 21 19 17 16 18 21 24 28 30 30 29 27 23 20 18 17 18 20 24 28261024T6 026 291245 3199999999999999 648 161912 1799999999999999
 30 30 29 26 22 18 15 13 13 15 20 24 29 31 31 30 27 24 21 20 19 21 24 28261025T6 041 311341 3199999999999999 729 131945 1999999999999999
 32 33 32 29 24 19 14 11 10 10 14 19 25 29 32 32 30 28 25 23 22 22 25 28261026T6 1 3 331438 3299999999999999 813 102017 2299999999999999
 32 35 35 33 28 22 16 11  8  7  9 13 19 25 30 32 32 31 28 26 25 25 26 28261027T6 131 351536 3299999999999999 9 0  72047 2599999999999999
 32 36 37 36 33 27 20 14  9  6  6  8 13 19 25 29 31 32 30 29 27 27 27 29261028T6 2 4 371636 3299999999999999 951  52111 2799999999999999
 32 35 38 38 36 32 26 19 13  9  6  5  7 12 18 24 28 30 30 30 29 28 29 29261029T6 243 381742 30999999999999991045  521 1 2899999999999999
 31 34 37 39 38 36 32 25 19 13  9  6  5  8 12 17 22 26 28 29 29 29 29 29261030T6 327 399999999999999999999991143  5999999999999999999999
 30 32 34 36 38 37 35 31 25 19 14 10  7  6  8 12 16 20 24 26 27 28 28 29261031T6 419 389999999999999999999991247  6999999999999999999999
 29 30 31 33 35 36 35 33 30 25 20 15 11  8  7  8 11 15 19 22 24 26 27 282611 1T6 521 369999999999999999999991359  7999999999999999999999
 28 28 28 29 30 32 33 33 32 29 25 21 17 13 10  9  9 11 14 18 21 24 25 262611 2T6 636 332347 26999999999999991515  8999999999999999999999
 26 26 26 25 25 27 28 30 31 30 28 25 21 18 14 11 10 10 12 15 19 22 24 252611 3T6 8 7 312337 2699999999999999 312 251624 1099999999999999
 26 25 24 22 21 21 23 25 27 28 29 27 25 22 19 15 13 11 12 14 17 20 23 252611 4T6 944 292343 2699999999999999 434 211721 1199999999999999
 26 25 23 21 19 17 17 19 21 24 27 27 27 25 22 19 16 14 13 14 16 20 23 262611 5T611 8 282357 2699999999999999 535 1718 8 1399999999999999
 26 25 23 20 18 15 14 14 16 19 23 26 27 27 25 23 20 18 16 16 17 20 23 262611 6T61219 27999999999999999999999 627 141846 1699999999999999
 28 27 25 22 18 15 12 11 11 14 18 22 25 27 27 25 23 21 19 18 19 21 24 272611 7T6 014 281323 2799999999999999 712 111916 1899999999999999
 29 29 27 24 20 15 12  9  9 10 14 18 22 25 27 27 25 23 22 21 21 22 25 282611 8T6 034 291419 2799999999999999 753  91938 2199999999999999
 30 31 30 27 22 17 13  9  7  8 10 14 19 23 26 27 27 25 24 23 23 24 25 282611 9T6 056 3115 9 2799999999999999 830  71946 2399999999999999
 31 32 32 29 25 20 15 11  8  7  8 11 16 20 24 26 27 26 25 24 24 25 26 28261110T6 119 321556 2799999999999999 9 6  71943 2499999999999999
 31 32 33 32 28 24 18 13  9  7  7  8 12 17 21 25 26 27 26 25 25 25 26 28261111T6 145 331641 2799999999999999 942  61947 2599999999999999
 30 32 33 33 30 26 21 16 11  8  7  7 10 14 18 22 24 26 26 25 25 25 26 27261112T6 212 331728 26999999999999991019  71954 2599999999999999
 29 31 32 33 31 29 24 19 14 10  8  7  8 11 14 18 21 23 24 24 24 24 25 26261113T6 241 3399999999999999999999911 0  7999999999999999999999
 28 29 31 31 31 29 26 22 17 13 10  8  7  9 11 14 18 20 22 23 23 23 24 25261114T6 313 319999999999999999999991145  7999999999999999999999
 26 27 28 29 30 29 27 24 20 16 12  9  8  8  9 11 14 17 19 21 21 22 23 23261115T6 347 309999999999999999999991234  7999999999999999999999
 24 25 26 27 27 27 26 24 21 18 14 11  9  8  8  9 11 14 16 18 20 21 21 22261116T6 428 279999999999999999999991327  8999999999999999999999
 22 23 23 24 24 25 25 24 22 19 17 14 11  9  8  8 10 12 14 16 18 20 21 21261117T6 522 259999999999999999999991422  8999999999999999999999
 21 21 21 21 21 21 22 22 22 20 18 16 13 11 10  9  9 10 13 15 17 19 20 21261118T6 644 222253 21999999999999991516  9999999999999999999999
 20 19 19 18 18 18 19 20 20 20 19 18 16 14 12 11 10 10 12 14 17 19 21 21261119T6 833 202246 2199999999999999 4 7 1816 5 1099999999999999
 20 19 17 16 15 14 15 16 18 19 20 20 19 17 15 13 12 12 13 15 17 20 22 23261120T61015 202254 2399999999999999 5 0 141649 1299999999999999
 22 20 17 15 12 11 11 12 14 17 19 21 21 20 18 16 15 14 14 15 18 21 24 25261121T61137 212313 2599999999999999 544 111731 1499999999999999
 24 22 19 15 11  9  7  7  9 13 17 20 22 23 22 20 18 17 16 17 19 22 25 27261122T61249 232340 2899999999999999 628  71810 1699999999999999
 27 26 22 17 12  8  5  3  4  7 12 17 21 24 24 23 22 20 19 19 20 22 25 29261123T61354 24999999999999999999999 713  31848 1999999999999999
 30 30 27 22 16 10  5  1  0  1  6 11 17 22 25 25 25 23 22 21 21 22 25 29261124T6 013 301456 2599999999999999 8 1  01923 2199999999999999
 32 33 31 27 21 14  7  2 -1 -2  0  5 11 17 22 25 26 25 23 23 22 23 24 28261125T6 052 331554 2699999999999999 852 -21953 2299999999999999
 31 34 34 32 27 20 13  6  0 -3 -4 -1  4 11 17 21 24 25 24 23 23 23 24 26261126T6 137 341651 2599999999999999 946 -42014 2399999999999999
 29 32 34 34 32 26 19 12  5  0 -4 -4 -2  4 10 16 20 23 23 23 22 22 22 23261127T6 227 351751 23999999999999991042 -42030 2299999999999999
 25 29 32 34 33 31 25 18 11  5  0 -3 -4 -1  4 10 15 18 21 21 21 21 21 21261128T6 322 349999999999999999999991139 -4999999999999999999999
 22 24 27 30 32 31 29 24 17 11  5  1 -2 -2  0  4  9 14 17 19 20 20 20 19261129T6 420 329999999999999999999991237 -3999999999999999999999
 20 20 22 24 27 28 28 26 22 16 11  6  2  0  0  2  5 10 14 16 18 19 18 18261130T6 523 292118 19999999999999991337  0999999999999999999999
 18 17 17 19 21 23 24 25 23 20 16 12  8  5  3  3  4  7 11 14 17 18 18 182612 1T6 635 252143 1899999999999999 123 171435  299999999999999
 17 16 14 14 15 16 19 20 21 20 18 15 12 10  7  6  6  7 10 13 16 18 19 182612 2T6 8 0 2122 6 1999999999999999 255 141532  699999999999999
 17 15 13 12 11 11 12 15 17 18 18 17 16 14 12 10  9  9 11 13 16 19 20 202612 3T6 940 182230 2099999999999999 417 111623  999999999999999
 19 16 14 11  9  8  8  9 12 14 16 17 17 16 15 14 13 12 13 14 17 19 21 222612 4T61123 172252 2299999999999999 525  717 8 1299999999999999
 21 19 15 12  9  6  5  5  7 10 13 16 17 18 17 17 16 16 15 16 18 20 22 242612 5T613 4 182316 2499999999999999 620  51741 1599999999999999
 23 21 18 14 10  7  4  3  4  6 10 14 16 18 19 19 18 18 18 18 19 21 23 252612 6T61424 192341 2599999999999999 7 5  31759 1899999999999999
 25 24 21 17 12  8  5  2  2  4  7 11 15 18 19 20 20 19 19 19 20 22 24 262612 7T61514 20999999999999999999999 743  218 1 1999999999999999
 27 26 24 20 15 10  6  3  1  2  4  8 13 16 19 20 20 20 20 20 21 22 23 252612 8T6 0 9 271546 2199999999999999 819  11817 2099999999999999
 27 27 26 23 18 13  8  4  1  0  2  5 10 14 18 20 20 20 20 20 20 21 23 252612 9T6 041 271614 2199999999999999 853  01846 2099999999999999
 27 28 27 25 21 16 11  6  2  0  0  2  6 11 15 18 20 20 19 19 19 20 21 23261210T6 117 281644 2099999999999999 929  01917 1999999999999999
 25 27 27 26 24 19 14  8  4  0 -1  0  3  7 12 15 18 19 18 18 18 18 19 21261211T6 155 271719 199999999999999910 7 -11946 1899999999999999
 23 25 26 26 25 21 16 11  6  2 -1 -1  0  3  8 12 15 16 17 17 16 17 17 18261212T6 233 269999999999999999999991047 -1999999999999999999999
 20 22 24 25 24 22 18 13  8  4  0 -1 -1  1  4  8 12 14 15 15 15 15 15 16261213T6 311 259999999999999999999991127 -2999999999999999999999
 17 19 21 22 23 22 19 15 10  6  2  0 -1 -1  2  5  9 11 13 14 14 14 14 14261214T6 349 2399999999999999999999912 6 -1999999999999999999999
 15 16 17 19 20 20 19 16 12  8  4  2  0 -1  1  3  7 10 12 13 14 14 13 13261215T6 429 2020 7 14999999999999991244 -12340 1399999999999999
 13 13 14 15 17 17 17 16 13 10  7  4  2  1  1  3  6  8 11 13 14 14 13 13261216T6 517 172028 14999999999999991319  1999999999999999999999
 12 11 11 12 13 14 15 15 14 12  9  7  5  4  3  4  6  8 11 13 15 15 14 13261217T6 624 152046 1599999999999999 143 111353  399999999999999
 12 10  9  9  9 10 12 13 13 13 11 10  8  7  6  6  7  9 12 14 16 17 16 15261218T6 8 1 1321 8 1799999999999999 3 8  91427  699999999999999
 13 10  8  7  6  6  7  9 11 12 13 12 11 10 10  9 10 11 13 15 17 19 19 18261219T6 957 132135 1999999999999999 417  615 7  999999999999999
 15 12  9  6  4  3  3  5  8 10 13 14 14 14 13 13 13 13 14 16 19 21 22 21261220T61149 142210 2299999999999999 515  31558 1399999999999999
 19 15 11  7  3  0 -1  0  2  6 10 14 16 16 16 16 16 15 16 17 19 22 24 25261221T61325 172252 2599999999999999 6 9 -11655 1599999999999999
 23 20 15 10  5  0 -3 -4 -3  0  5 10 14 17 18 18 18 17 17 18 19 22 24 27261222T61433 182340 2799999999999999 7 3 -41747 1799999999999999
 27 25 21 15  9  3 -3 -6 -7 -6 -1  4 10 15 18 19 19 18 18 18 18 20 23 26261223T61523 19999999999999999999999 757 -71831 1899999999999999
 29 29 26 22 15  8  1 -5 -9-10 -8 -3  4 10 15 18 19 18 17 17 17 18 20 24261224T6 034 2916 7 1999999999999999 852-101912 1799999999999999
 27 30 30 27 22 14  6 -1 -7-11-11 -9 -3  4 10 14 17 17 17 16 15 16 17 19261225T6 130 301649 1799999999999999 946-111956 1599999999999999
 23 27 30 29 27 21 13  5 -2 -8-11-12 -9 -3  4  9 13 15 15 14 14 13 14 15261226T6 228 301729 16999999999999991038-122055 1399999999999999
 18 22 26 28 28 25 19 11  4 -3 -8-11-11 -7 -2  4  9 13 14 13 12 12 11 11261227T6 325 2818 9 14999999999999991129-112227 1199999999999999
 12 15 19 23 25 25 22 16 10  3 -2 -6 -9 -8 -4  1  6 10 12 13 12 11 10  9261228T6 423 251849 13999999999999991217 -92352  999999999999999
  9 10 12 16 19 21 21 18 13  8  3 -1 -4 -5 -4 -1  4  8 11 13 12 11 10  8261229T6 523 211928 139999999999999913 3 -5999999999999999999999
  7  6  7  9 12 15 16 16 14 11  7  4  1 -1 -1  0  3  7 10 12 13 13 11  9261230T6 629 1620 6 1399999999999999 110  61345 -199999999999999
  7  6  4  4  6  8 10 12 12 11  9  8  6  5  4  4  6  8 11 13 15 15 14 12261231T6 750 122037 1599999999999999 230  41418  499999999999999
