 59 24 20 48 9916423329032232630426421416713913615619123226828226622516526 1 1TH 83732820 028299999999999999 137 18143613499999999999999
 99 39  3  2 36 9416724330534034231727221416213113015319223827628926822126 1 2TH 934345205328999999999999999 231 -2153212799999999999999
155 83 20-14 -9 32 9717725732135234831826520214712012515520025128929726926 1 3TH1024354214329899999999999999 322-17161911999999999999999
215144 68  5-24-11 3810919327433335634530724818213011112516221326530030026 1 4TH11 9357223030599999999999999 410-2517 211199999999999999
265205131 54 -4-24 -1 5513021529234235433328722315711310612917222627730526 1 5TH1150355231630799999999999999 456-24174310499999999999999
297255192116 43 -5-12 21 8115824130934534431426019313210110413518223828426 1 6TH1228349999999999999999999999 539-151823 9899999999999999
303286240177104 39  5 11 52116192267321341327287228162112 9310614219224526 1 7TH 0 130313 334199999999999999 620  319 3 9399999999999999
283293270224163 97 46 27 45 91154224287324327302255195136 98 9111114919826 1 8TH 046293133733099999999999999 7 0 271944 9099999999999999
245274277252209155101 65 60 85131189249295315306273223167119 92 9311615326 1 9TH 134279141131599999999999999 740 582028 9099999999999999
198237260260238201157117 95 98124165214259289296279243196147109 92 9611826 110TH 229263144729699999999999999 823 932118 9199999999999999
153192225245247232205172143130134155187223255273272253220178137106 92 9626 111TH 337249152927599999999999999 9161292218 9199999999999999
115146181213235244237219195174161160172193218240252251234205169133105 9026 112TH 5 324416242549999999999999910321592327 8899999999999999
 91107136171206235250252240221199181172174187205224237238225199165129 9926 113TH 6352531736239999999999999991218172999999999999999999999
 81 80 9612716720824426627226224021218616916517419221423123622619916212226 114TH 751272185123799999999999999 035 78134916499999999999999
 87 67 65 8512317022026128629127724821117715515016318721623824423119915426 115TH 844292195124499999999999999 133 63144615099999999999999
108 69 48 52 8012718423928230530328024119615813813916119422925325623419226 116TH 926307203725899999999999999 221 47152613699999999999999
139 86 47 31 45 8414120526330331730527022217213612413717021225027126523126 117TH10 1317211727299999999999999 3 2 31155812499999999999999
178117 60 24 19 47 9816423328932032129625019414411711814518823627428626626 118TH1032324215228699999999999999 339 17162711499999999999999
219156 89 34  7 17 5912219526331232931527722116211810512216121226229329226 119TH11 2329222729799999999999999 413  6165510599999999999999
257199129 60 11  0 28 83154230294329330301250188130 9810213318223828530526 120TH113033423 230599999999999999 446 -11724 9699999999999999
288240174100 35 -1  6 50115192267320338320277217151102 8610614920426030026 121TH1158338233930899999999999999 520 -31754 8699999999999999
306275219148 75 19  2 27 82154231298335334301246180117 80 8211416522327626 122TH1227339999999999999999999999 554  11827 7699999999999999
305298258198127 61 20 20 58120193265319337318272211143 89 68 8312417823626 123TH 018307125833799999999999999 630 1419 4 6899999999999999
283301285242182117 63 38 51 96158226287323323292239175113 71 63 8713118526 124TH 1 2301133132799999999999999 7 8 371944 6299999999999999
240279291272231178123 82 70 90134189246291310299261207147 94 63 63 8913226 125TH 15229114 731099999999999999 751 692031 5999999999999999
184233267278263231187144115109127162206248278287270234184131 87 63 63 8626 126TH 254278145028799999999999999 8441082129 6099999999999999
125172217251267262241210178154146155177206235256261248217175130 90 65 6026 127TH 415268154726299999999999999 9581462244 5999999999999999
 76108152197237262270262241214189172167176193214233242237215179138 96 6526 128TH 5572701710242999999999999991150167999999999999999999999
 51 58 8612817922826628728827224521218216416117219321823624022519314910126 129TH 734290184424199999999999999 010 50134116199999999999999
 59 35 36 6210916722727730731329626321917614814115418121524525624320815726 130TH 844313195925699999999999999 128 32144914199999999999999
 99 46 14 14 45 9816623729532733030726420815712612314418222726427826021726 131TH 936332205727899999999999999 230 10153512199999999999999
157 89 28 -5  0 3910117825531434133630324918413010511314519424728729627026 2 1TH1019343214429799999999999999 322 -7161410499999999999999
218148 72 10-17 -1 48119201280332347329285220150102 9111215621327130730526 2 2TH1055347222731199999999999999 4 6-171648 9099999999999999
268207131 52 -3-16 14 72149234306343342310253181115 80 8512017323729231826 2 3TH112734723 731899999999999999 446-171721 7899999999999999
303256189109 36 -5  0 43109190270327344326279213139 84 68 8913419425830526 2 4TH1156345234631799999999999999 523 -81754 6899999999999999
316290237166 89 29  8 31 83154233300336333298240168102 64 66 9915121427326 2 5TH1224339999999999999999999999 557  81826 6199999999999999
306304270213144 78 38 37 72130200269317330308260196127 76 57 7411417022926 2 6TH 026310125133199999999999999 631 3219 0 5799999999999999
277297285247193132 82 62 76117174237289315308273219156 98 64 62 8713118426 2 7TH 1 6297131731799999999999999 7 4 621934 5999999999999999
236271280264228180133102 97119159208256289296276235181127 85 67 7410214426 2 8TH 150281134529799999999999999 739 952011 6699999999999999
191232257262247217181149132135156188225256271265241202156114 86 78 8811426 2 9TH 242263141427199999999999999 8201312055 7899999999999999
150188221241247238219195175166168180200222238243234213182147117 97 90 9826 210TH 353247145224399999999999999 9191652157 9099999999999999
117145177206228240241232218203192186187194204214217213200179153127108 9726 211TH 53524216 12179999999999999911231862329 9599999999999999
 9710913316319522424525525324122420518817717518219320420920519016613811126 212TH 72125518 6209999999999999991340175999999999999999999999
 92 85 9311715319223026027527325723120017315615416618620722122220717714026 213TH 825276193422499999999999999 059 85143715399999999999999
103 75 64 7510615120124828129528726022218014713313916319522624624422017926 214TH 9 6295202624899999999999999 2 1 64151013299999999999999
130 83 50 43 6310616222227330430928824819815012011613717421825627226122326 215TH 94031021 627399999999999999 246 42153811499999999999999
169108 54 24 28 63119186252301321311276223164117 9911114819825028729326626 216TH10 9322214129599999999999999 323 2216 4 9899999999999999
214147 78 25  7 27 77145220286325328301251186124 88 8811816822828231130126 217TH1035331221531299999999999999 357  71630 8399999999999999
259194119 47  4  4 43106182260318338322278214143 87 68 8813419526030932326 218TH11 1338225032499999999999999 429 -11657 6899999999999999
297242169 89 24 -2 19 73145225298338337302243169 99 57 60 9715422228732626 219TH1127343232633099999999999999 5 2 -21726 5399999999999999
323284220143 66 16 11 49113189267325343320269199122 61 40 6111217624730526 220TH1155343999999999999999999999 535  71758 4099999999999999
330313266199123 57 26 41 90156230297335330290228153 82 37 35 7112819626326 221TH 0 5330122333899999999999999 610 261832 3199999999999999
311323298248184116 67 54 81132196260309325302252185114 55 29 41 8314220726 222TH 047323125432599999999999999 647 531910 2899999999999999
267304307281235179126 93 94123169222271300299267215152 91 48 35 53 9414926 223TH 136310132730399999999999999 729 891954 3499999999999999
207257286289268232189151131135158192230261275265234188136 89 57 49 65 9926 224TH 23529114 627599999999999999 8211302049 4999999999999999
144193236264272263241213186170168178196218235243235213180141105 77 65 7126 225TH 35827215 124399999999999999 9401672211 6599999999999999
 93128169210243263269261243221200185179182192205216219211192163130 98 7526 226TH 55326916502199999999999999912 91792359 6799999999999999
 67 7610314218723126528428627224621418416315616418120322122821719115411226 227TH 7362871854228999999999999991357156999999999999999999999
 74 52 53 7812117523127830530929025520816413512914217120824125624721616826 228TH 83931020 825699999999999999 127 49144812899999999999999
112 61 31 32 6211317824529832432129324418413310610913517822927028627022826 3 1TH 923327205928699999999999999 228 28152410499999999999999
168100 41 12 22 61123198270320336320278216148 99 8410114219925930030727926 3 2TH 958336214030999999999999999 315 111555 8499999999999999
226155 79 22  5 27 79150231299336335303247174107 70 7410716222929032231426 3 3TH1028340221832499999999999999 354  41624 6799999999999999
274210131 56 12 13 51113190269324340319271202126 70 54 7612519026031433026 3 4TH1054340225333199999999999999 428  71652 5499999999999999
308257185105 41 17 37 88157235303337329290228152 82 45 51 9014922028732626 3 5TH1118339232933199999999999999 5 1 171721 4399999999999999
325290232157 85 40 38 74133205276324333304250178104 50 37 6111217724730326 3 6TH1142335999999999999999999999 532 331749 3699999999999999
325310267204134 77 55 72117179247302326312267203130 68 36 43 8113820526726 3 7TH 0 432512 732799999999999999 6 2 551818 3499999999999999
307313288241181122 85 83112160219274308309278224158 93 49 39 6110616422526 3 8TH 041315123131399999999999999 634 801848 3899999999999999
275299294265220168126108118150195243281293277237182123 74 50 56 8513118426 3 9TH 119300125629399999999999999 7 71081918 4999999999999999
235270282273246207169143138152180215248267264240200152107 75 66 7910814826 310TH 2 2282132226999999999999999 7441381954 6699999999999999
192231256263255235208183169168178196218235241231209177141110 91 88 9912226 311TH 257263135324199999999999999 8351662042 8799999999999999
15318721723824824723622020419318818819420321121320719317315012811210610926 312TH 4242481446213999999999999991024187221010699999999999999
12214417220022424125024924022520819318217718018719419919718817115012911226 313TH 62425117191999999999999999913 7177999999999999999999999
10410812515418722124826626925823720918116015215717319321122021519516613326 314TH 743270191122099999999999999 01210414 515299999999999999
103 85 8510614218623126828828726723319215413112814517520923925224221316926 315TH 82829020 625299999999999999 129 83143712799999999999999
122 80 59 64 9514320025429430829626221416111910311514719324027528326121726 316TH 9 2308204628399999999999999 218 5715 410399999999999999
159 98 52 36 54 98160227285318319291241179120 85 8511516422327830830326726 317TH 930323212231199999999999999 257 361530 8199999999999999
208137 70 28 26 60118190263316333315270205133 78 59 8012719025931333231126 318TH 957333215733299999999999999 332 211557 5999999999999999
260190111 45 17 33 83151229299337333295234158 85 43 47 8614822129333834126 319TH1024340223434599999999999999 4 6 161625 3999999999999999
306245167 87 32 24 58118192269326342317262188107 43 22 4710217325231935126 320TH1051343231235299999999999999 440 211656 2299999999999999
339293226146 73 37 48 94158232300338331286219139 62 15 16 5712219827633326 321TH1120340235335099999999999999 515 351729  999999999999999
350327276207132 75 58 83133197264316331304247174 96 31  4 23 7414221929026 322TH1150331999999999999999999999 552 5718 4  499999999999999
334339310260195132 92 90120169226280312308269208137 68 21 11 39 9215822926 323TH 037341122331599999999999999 632 861844 1099999999999999
289321320293248194145120126154194239276291275234178116 62 31 31 5910716526 324TH 128324125929199999999999999 7181191929 2799999999999999
226274300300280245204170153157176204233255260243209164117 77 55 55 7611326 325TH 231303134326199999999999999 8181522029 5299999999999999
160209250276283274252224198181176181195211225229221200171138107 85 77 8526 326TH 356283145122999999999999999 95817622 0 7799999999999999
108144185225256275279269248222197179170171181196209215211196170140110 8926 327TH 54527917 92159999999999999912201692353 8299999999999999
 82 9412116120624827829228826723419716414414215417720522823822920416612426 328TH 71529319 2238999999999999991340141999999999999999999999
 88 70 7510214720025329230930227322917813511311513817622025627126022817926 329TH 81230920 527199999999999999 117 69142411199999999999999
123 76 53 61 95148211271310321304263205144100 8610113819224828930028123726 330TH 852321205130099999999999999 214 521458 8699999999999999
175109 59 42 60104166236295325322290235166103 69 7110215522128231731728526 331TH 923328212932299999999999999 257 421526 6699999999999999
230158 89 47 44 75129199269317330308260193119 65 49 7011818325531233532026 4 1TH 95033022 433599999999999999 334 401554 4999999999999999
276210134 72 46 60104167238300330320280218143 75 39 45 8414421828833333826 4 2TH1014331223834199999999999999 4 6 461620 3699999999999999
309255183111 64 59 89142209276321327296241169 94 41 28 5510817725231334026 4 3TH1039329231134199999999999999 438 561647 2799999999999999
329289228157 96 70 83125184249303325308261194119 55 24 34 7613921228132626 4 4TH11 3325234533699999999999999 5 8 701715 2399999999999999
335312264201137 94 88115162221278313312277218148 79 34 25 5310517224229926 4 5TH1128317999999999999999999999 539 861742 2499999999999999
326321290238178128105114148196249291304285238176109 55 31 41 8013620226326 4 6TH 020328115430499999999999999 6121051811 3099999999999999
304316302266216166132125142176220262285281250200141 86 50 44 6710916422326 4 7TH 056316122128799999999999999 6461241841 4399999999999999
271297300281246203166146148166196231258266251217171122 82 62 67 9313418326 4 8TH 135302125126699999999999999 7261441917 6199999999999999
230266283281264234202177165167181203226241240223194157121 94 84 9211414826 4 9TH 224285132824399999999999999 81916420 4 8499999999999999
18722525326726825623521119218017818319620921821820718816313711610610812226 410TH 332269142821999999999999999 948177212010699999999999999
14717821123825626425924522520418617417117718820020820920118416213912111226 411TH 5 82641637209999999999999991150171231311299999999999999
11613416219723025627227325923520617715614815417119321522822821318615312326 412TH 63427418302309999999999999913 4148999999999999999999999
103 9911614819023326928928926923519315312612013516520323826026124020215626 413TH 729292193226399999999999999 040 98134612099999999999999
112 83 79102144196249290308299266218164117 93 9812817422727329629025720626 414TH 8 9309201729899999999999999 138 781418 9199999999999999
147 93 63 67100153215275314321296249186122 76 64 8713419626131032730926326 415TH 842322205832799999999999999 223 611449 6399999999999999
200130 74 51 68113175244303331320278216142 75 39 46 8815122529634134631526 416TH 913332213734999999999999999 3 3 511520 3799999999999999
259187112 62 53 84138206275325335305247173 94 33 15 4310017425632636135326 417TH 943336221736399999999999999 341 511552 1599999999999999
312248171100 62 70110170239302335324277208127 50  4  6 5011820028334636726 418TH101533623 036799999999999999 419 601626 -199999999999999
349301234158 97 76 95141201266317330302243168 86 19 -9 11 6513922230135226 419TH1048331234536499999999999999 459 7617 4 -999999999999999
363338288221152105 98124170227283317313273209133 58  6 -5 26 8415823830826 420TH1124320999999999999999999999 541 961744 -699999999999999
347350323275213155122123149192241285304288243181111 48 12 12 4610217224426 421TH 03435312 330499999999999999 6281181829  799999999999999
303333333308264211166142145167203242273281261220166107 58 32 37 6711717826 422TH 129337124828199999999999999 7231401921 3199999999999999
239288314315296260217181161160175200229250255240208166121 83 62 63 8512526 423TH 233318134525699999999999999 8331582027 6099999999999999
174226269295301289263228195172164169185206225234229211182148115 92 85 9626 424TH 34930215112349999999999999910 61642153 8599999999999999
124164209251281295290270239204174155151161180204223233228210181147116 9826 425TH 51529517122339999999999999911461512330 9699999999999999
 9811715219624027729729627724320116113412613616119422825025524121017012926 426TH 6302991845256999999999999991257126999999999999999999999
101 9410914419124128230430227823518413610610011715320024627728426723018026 427TH 725306194728599999999999999 049 931344 9999999999999999
130 96 88107146198253295312302267214154103 77 8211216122027430630728223626 428TH 8 6313203331099999999999999 147 871421 7599999999999999
177122 89 87114160218274309314290243180115 69 56 7612118325030432831928426 429TH 839316211332999999999999999 232 841452 5699999999999999
228163109 86 96132185245295317306266207137 76 44 49 8514321428332934031926 430TH 9 8318214934099999999999999 311 851521 4199999999999999
273210145101 91114158216273311314285232163 94 44 31 5610617424931134334026 5 1TH 935317222334699999999999999 345 901549 3199999999999999
307253187128 99105139189247296316299254191119 57 26 34 7513620928133034626 5 2TH10 2316225734699999999999999 418 981617 2599999999999999
329287227164119107126167220274307307274218149 81 34 24 5010217024330533826 5 3TH1030312233134399999999999999 4511071646 2399999999999999
339311262202148119121149195247290306288243180112 55 27 36 7513420327131826 5 4TH1059306999999999999999999999 5241161715 2699999999999999
336325289237181140126139173218264293292262209146 85 43 34 5710416623228926 5 5TH 0 5336112929799999999999999 5591261746 3399999999999999
322327306266215168140137157192235270285271233180121 72 46 51 8213219325226 5 6TH 04032812 128599999999999999 6361351820 4599999999999999
297317312287246200164146151172206241265268248209159110 73 60 7310715621126 5 7TH 118318123727099999999999999 7181461859 6099999999999999
261295307297271233195167155161181209237252250229194152113 86 79 9412617026 5 8TH 2 2307132325499999999999999 8 81551948 7999999999999999
218260287296286262229196172160164180202224237236221193160127105 9810913626 5 9TH 257296142623999999999999999 9151602053 9899999999999999
17421625427928928226123119917315815616818821022723422720817914912411111526 510TH 4 528916 0234999999999999991036155221711099999999999999
13516920924727628928626623419716514313714817220122824624823320517013811626 511TH 5182901738249999999999999991149137234211199999999999999
11212816120324527929729326923018514411711112816120224227027826222918614326 512TH 6192981849278999999999999991244110999999999999999999999
112103120156203252290308298265215160111 83 8411315921426730230928824719426 513TH 7 9308194431099999999999999 0511031327 8099999999999999
142104 96117160213266305317296250189125 72 50 6410716823629733333530625626 514TH 750317203233999999999999999 146 9514 6 5099999999999999
195135 98 95124172229285319318283225154 84 35 24 5411218526232635835131526 515TH 828323211835999999999999999 234 921444 2399999999999999
258189128 96103138190250302326310262194116 46  6 11 5512320428634837135726 516TH 9 632622 537199999999999999 319 941523  299999999999999
315253182125102117157211269314324294236162 82 17-10 10 6413922430535937426 517TH 945325225337499999999999999 4 410216 4-1099999999999999
354308244175126114134176230284318314275211134 58  2-11 19 7815524031536126 518TH1025321234337199999999999999 4501131647-1299999999999999
369346298234171131126150191243290313300255190116 46  2 -1 34 9417025131926 519TH11 9313999999999999999999999 5381241734 -599999999999999
356359334286225169138138162201248287302283238177108 48 15 18 5311118325726 520TH 035362115630299999999999999 6301341825 1199999999999999
316346346320274218170144145167204245277286268227172113 62 36 42 7512819326 521TH 129350125028799999999999999 7271421920 3599999999999999
258308333331306263213171148148167198234261270256223178128 86 64 68 9614226 522TH 225336135327099999999999999 8291452021 6299999999999999
199255299320318295255210170147144158185217244257251228193151114 93 9311426 523TH 324322151125799999999999999 9391432130 9099999999999999
15220125028830930728624920616614013314416820023125125624221517814311811226 524TH 4263111644256999999999999991053133224711299999999999999
12715820024428130130028024319815612611612515218822625626926323920416613626 525TH 52830318112709999999999999912 0116999999999999999999999
124133160199242279298296273232184137105 9610914118623327129028526122217926 526TH 624300191829199999999999999 0 41241255 9599999999999999
145129136163202246282299292262215161112 82 77 9914119625129331230427523026 527TH 712300201131299999999999999 1101291339 7699999999999999
182144130139169211256290300283244191132 84 60 6710015321627631732931427826 528TH 752300205632999999999999999 2 51291416 5999999999999999
227175139130146181226270297296268220159100 58 47 6811317624430233533831426 529TH 828301213534099999999999999 2501291450 4699999999999999
269213162134133157198245285301287247190125 70 40 45 7913620527332434533726 530TH 9 2301221234699999999999999 3301301522 3899999999999999
303251194149131142174219265296299271220157 93 48 34 5410016523629933834626 531TH 934301224734799999999999999 4 71311554 3399999999999999
326284228174140134155193241282301289249190125 68 36 38 7112719626531834326 6 1TH10 7301232034599999999999999 4421331626 3299999999999999
339309260204157136142171214261293298273224161 98 51 34 51 9515722728933026 6 2TH1040300235434299999999999999 5161351659 3499999999999999
341325287234182146137153189234275297288253198135 78 44 42 7112318825430726 6 3TH1114297999999999999999999999 5501361733 3899999999999999
335334308263211165140142166205249282292273231174114 67 46 57 9515121627726 6 4TH 027338115129399999999999999 6261381810 4599999999999999
319334322289242192154139149178218257282283257212157103 66 56 7611917723926 6 5TH 1 2334123128699999999999999 7 41391849 5699999999999999
292323328309271223178147140155186224258276271243199149103 75 73 9714219826 6 6TH 141330131727799999999999999 7481401934 7099999999999999
254299322320295256210168143140157187223253268262237197153114 91 9211716026 6 7TH 224324141326999999999999999 8381392027 8899999999999999
21126129931631028424419916013713415118121624626326224220816813211111113226 6 8TH 313317152426599999999999999 936133213010899999999999999
17021626129530930227523418914912512113716920724226627225822919115513012526 6 9TH 4103101647272999999999999991040120224512499999999999999
14117421625829030529726822417613210510011915520024427829128325521617614526 610TH 5 930518 6292999999999999991142 99999999999999999999999
133144173213255289304294260212158109 78 75 9914419925429731730928123819226 611TH 6 7304191331799999999999999 0 21331237 7399999999999999
154136143172213256291305291251196135 81 50 51 8413820426931934133330125426 612TH 7 0305201234299999999999999 1111351327 4699999999999999
200156135143174216262298308287239177110 53 24 33 7513921428633936034931326 613TH 75030921 736199999999999999 2121351415 2299999999999999
260202154135146178223271306310281226157 85 28  5 23 7414522630235537235726 614TH 83831222 037299999999999999 3 713415 3  599999999999999
317259197150135150186234282313310273212139 66 12 -4 22 7915523931536337626 615TH 926316225137699999999999999 3581351551 -499999999999999
356312251188145136155195244292317307265201125 53  4 -3 29 8916725232436726 616TH1014318234137599999999999999 4471351640 -699999999999999
373349302238177140137161203254299318302256191116 48  6  6 4310518326533226 617TH11 3318999999999999999999999 5361341730  199999999999999
366366337286221164134137165209260301315294248183112 50 18 24 6412720327926 618TH 029370115431599999999999999 6241321819 1699999999999999
336361354320265203152129137168212261298306285240179114 61 38 50 9115222326 619TH 114362124730799999999999999 71212919 8 3899999999999999
291337352337299243184141126137168212257289295275234180124 81 66 8212217826 620TH 158352134329699999999999999 8 31251958 6699999999999999
241297331337317276222169133122135165206248276283268234189142108 9911515126 621TH 242338144728499999999999999 8561222052 9999999999999999
20025329632031929625520515812711813015919723626527526724120416713913114326 622TH 32832316 227599999999999999 954118215413199999999999999
17321325528930530127723719114912011112214918722725927527425622619416815726 623TH 418306172527799999999999999105611123 815799999999999999
16318521625127829228626222418013911010111114018022326128428927524921718826 624TH 5132921844289999999999999991158101999999999999999999999
172172187214244270282276252213168126 97 8810213417922927330030729426623026 625TH 612283194930799999999999999 0301691254 8899999999999999
196174171184210240267279271243201153109 81 76 9613518824429131932330627226 626TH 7 7279204132499999999999999 1421701342 7599999999999999
230192168165181210244271281268234186134 90 66 68 9714620526531133533230826 627TH 756281212433799999999999999 2391641424 6399999999999999
266219179158161183218255281284263220166112 70 54 6710716422928832934433226 628TH 83928622 234499999999999999 32315615 3 5499999999999999
298250200163150162193233271292286254202143 89 54 49 7512418825531034234526 629TH 918293223634799999999999999 4 01501539 4799999999999999
322279226178149147170209254288300282239180118 68 43 52 9014821628132934826 630TH 95430023 934899999999999999 4331451614 4299999999999999
338304254199157140152185230275303302272219156 94 51 40 6311217724730734226 7 1TH1029306233934999999999999999 5 41401649 3999999999999999
347325281225173141138162203251293310297255196130 73 42 46 8314121027832926 7 2TH11 4311999999999999999999999 5351361723 3999999999999999
350340306254196150131142175222270305310285235172108 59 42 6210917424430626 7 3TH 0 9350114131299999999999999 6 71311757 4299999999999999
344350326282225169133127149190239284309303269215152 93 56 54 8614020727526 7 4TH 040352121931199999999999999 6401261834 5099999999999999
327350341307255196146121127158202251291307293254200140 90 66 7611517223726 7 5TH 11235113 230799999999999999 7171201913 6599999999999999
297337346325283227171129114129163209256290300283245194141101 8710414520026 7 6TH 147347135130199999999999999 7581141957 8799999999999999
25930833533330425820215011610912716420925428629427924620115612411513317026 7 7TH 225337145129599999999999999 845108204911599999999999999
21826730632331428323618313610710212115720324728029328425722018215414415726 7 8TH 31032316 529399999999999999 941101215514499999999999999
186225264294307297266221170126 97 9110814519123827729829827924721218316826 7 9TH 4 43071729300999999999999991045 90232016799999999999999
171191221254281293285256213163117 84 75 9112717723127830931730427624020526 710TH 5 82931852318999999999999991153 75999999999999999999999
181174186211242270287282255211158107 69 55 7011016622828532433932930026026 711TH 61828820 433999999999999999 0501741259 5599999999999999
216183169177201235268289287260212154 96 52 35 52 9615922929534135834731526 712TH 72629221 535899999999999999 2 716914 0 3599999999999999
268216175158168196235275300298266213148 83 34 18 39 9015923730835637135626 713TH 826303215937199999999999999 3 71581456 1899999999999999
318263204161147162197242288314308271212141 70 20  8 35 9216725032336837726 714TH 920316224637899999999999999 3571471547  799999999999999
356310248185145138161203255303327315271207131 58 11  7 4210518426833837526 715TH1010328232937999999999999999 4411371636  399999999999999
375345292224162129133164213269317335316266198120 50 12 18 6112820929235226 716TH1058336999999999999999999999 5231271721  999999999999999
376365325264194138118132170224282326336309257187110 48 24 42 9116024031526 717TH 0 8377114533799999999999999 6 311818 3 2499999999999999
361370346298231164119111134178235291326328297244176107 59 49 7612919727126 718TH 044371123233199999999999999 6431101844 4799999999999999
331360354320264197138107110139186242292319314282232170113 81 8411616923226 719TH 118362132032099999999999999 7241051925 7899999999999999
29433634832928723016812110311314619224428630529826922517413211412415620426 720TH 152348141430699999999999999 8 610320 811499999999999999
25730232732630025520114911410511915119423927429028626322819016115116218926 721TH 226330151629199999999999999 853105205815199999999999999
22626529530729827022918214111510912315219023026227928126624121419318418926 722TH 3 4307163428299999999999999 94710922 718499999999999999
20723225927828427424921317414011811212214718222025327628527926224022020626 723TH 35328418 4285999999999999991052111235020299999999999999
20220922424325826425823820817414211810911613917421525328329829828426023426 724TH 5 226419283009999999999999912 5109999999999999999999999
212199199210227245256255239210175140112 9910613117021726229731631629826826 725TH 625257202831899999999999999 1321971311 9999999999999999
234203185183197220244261262245213171130 99 85 9512717422827931633332630026 726TH 735264211233399999999999999 23518214 5 8599999999999999
261219184167172194226257276274250209160113 80 71 9013218824830133534332626 727TH 827278214834499999999999999 3161661450 7199999999999999
289241194162154170203243278294284249198141 90 61 62 9314621027432434934426 728TH 9 8295222035099999999999999 3481531528 5799999999999999
315267213166144150179223269302309286238177115 66 47 6310817124030434535526 729TH 944310224935599999999999999 41714316 2 4799999999999999
335293237180142134156198249296321314277219151 87 47 44 7713320427633235826 730TH1018323231635999999999999999 4441331634 4099999999999999
351317263201148124135170221276319331309259193122 64 39 5410216824331135526 731TH1051332234236499999999999999 51112417 6 3899999999999999
362337290227164122116143189245300333331295236166 97 51 45 7813720928334126 8 1TH1126337999999999999999999999 5391141738 4299999999999999
366354313255187130104116155209268317338321276213143 83 53 6611217725031726 8 2TH 0 836612 333899999999999999 6 91041811 5399999999999999
359363333281215149104 96122170227285326333307258196131 84 73 9915121628326 8 3TH 036366124333599999999999999 642 941847 7299999999999999
336359345303243177119 89 9513118224029332432429424618913510310413718824726 8 4TH 1 6359132832899999999999999 719 871927 9999999999999999
302338344318269208147101 84 9913718924429131531228624419615513414217221526 8 5TH 140346142331799999999999999 8 0 84201413499999999999999
262303324318287239183131 95 8510213818623727930330428625521818717117519626 8 6TH 218325153430799999999999999 851 85211717099999999999999
227260287299291263222174129 99 8810013117322026329230329627624922220319826 8 7TH 3 730017 630399999999999999 957 88225519899999999999999
205223245264276273253220179138105 88 9111415219924728631031530428025122426 8 8TH 4192761847315999999999999991121 86999999999999999999999
205199206223244261268259233194150109 80 73 9112918023728832433833030526826 8 9TH 55726820 833899999999999999 0561991247 7399999999999999
228196181185204232261279277253210158106 66 52 6811017023729934235834831626 810TH 72528121 535899999999999999 2171801358 5299999999999999
268216175158167195234275301300271221159 95 47 32 5310317124731636137235326 811TH 829305215137299999999999999 3 81581454 3299999999999999
311252191149139158197248297326320283223151 79 30 21 5211118726933837537526 812TH 920328223037999999999999999 3481381542 1999999999999999
345292223159125127159209269322345330283216136 62 21 25 6713321529735838026 813TH10 534623 438199999999999999 4241211624 1799999999999999
366324259185127107125168227293342354328274200118 51 25 44 9616825132737226 814TH1048355233537899999999999999 45910717 3 2599999999999999
375345291218146102 99131183248312352351316257181104 52 45 7813721128935026 815TH1129357999999999999999999999 533 951739 4299999999999999
373358314249174112 87101142200267324350338298236164100 68 7812118225331926 816TH 0 4373121135099999999999999 6 7 871815 6799999999999999
359360329274205136 91 84110158218280325338320277219156110 9812016522428626 817TH 032364125333999999999999999 641 821850 9899999999999999
333350334291232166111 85 9212517423228431732130026021016213513616220525526 818TH 1 0350133932399999999999999 716 84192713299999999999999
300327326299252196141103 9210714118723827930230228425121318116817419723126 819TH 128330143230599999999999999 754 92201016799999999999999
26729530529326322017313210910612215319323426728528827625422820920020421826 820TH 157305154128999999999999999 837105211020099999999999999
23926027427526223620216713912312113315718922325227328227926825123622522026 821TH 234276171728299999999999999 937120231321999999999999999
22222924024724824122520217615313612913415117720924126928729328727325423426 822TH 33924919 12939999999999999911 7129999999999999999999999
21720820921622723523823221519116514112612313616420024027630131230628625726 823TH 55123820 731299999999999999 128207124112399999999999999
22620018618720022124025225123320316813411010512115520125029332232931528526 824TH 723254205032999999999999999 225184134610499999999999999
244203173163174199232262278272246204157114 87 8611215821427231834133831226 825TH 816278212334399999999999999 2581631432 8399999999999999
268217172147149175214258292303287247192134 87 65 7711617424030234335433526 826TH 855304215135499999999999999 32514515 9 6599999999999999
294238180140129149189241291322321289235169105 61 53 8113520427533336035426 827TH 929325221736299999999999999 3491291542 5199999999999999
319263198142115124161214274323342325278212139 76 45 5710216724331435936626 828TH10 1342224136899999999999999 4141141613 4499999999999999
340289222154109102131182244307347350316258184109 56 46 7813620928634737226 829TH103435423 637299999999999999 4391001643 4499999999999999
357313249175113 86101146207275333360345299233157 88 53 6511217825332436726 830TH11 8360233137399999999999999 5 6 861715 5299999999999999
368333274202129 81 76110166233301349360332278209137 82 69 9815322129234826 831TH1144361235836999999999999999 536 731748 6899999999999999
369348297229155 91 63 79125187256318353350314259193131 95 9913819425831726 9 1TH1224357999999999999999999999 6 8 631823 9199999999999999
354352315256186117 70 60 8914120527032334633529924718914212213717722728026 9 2TH 02835813 934699999999999999 643 5919 312299999999999999
323340323278218153 97 66 6910215421327131433031928824620116815917420624526 9 3TH 1 034014 433099999999999999 723 63195015899999999999999
283309312289246193139 96 76 8311315720925829531130728725722520219420222026 9 4TH 136314151731299999999999999 814 76205919499999999999999
244268282280261229188146113 95 9611514919123527229630429728025723521921326 9 5TH 22528317 230499999999999999 926 9323 921399999999999999
21622624025225624923120216913711210110712916520925228831131730728525722826 9 6TH 3552561852317999999999999991111101999999999999999999999
206196198212230248257251231198159121 95 8810414018924329332733933030226126 9 7TH 61025720 333999999999999999 1161951249 8799999999999999
218183166171192224257280282261222171118 78 65 8212418324930934835834130226 9 8TH 736284205135899999999999999 2161661356 6599999999999999
247191150138152187235282312313284234170104 58 47 7212419326833236636533626 9 9TH 831316212937099999999999999 2561381447 4699999999999999
283216154118119148197258313341333294232156 85 43 43 8014221929835537435826 910TH 91634322 137499999999999999 3291141529 3899999999999999
314248173115 95113157219288342360339288217136 68 40 5710617525632937037026 911TH 956360222937599999999999999 4 0 9516 6 4099999999999999
336278202128 85 85120176247317361364330271195115 62 54 8614521829635337226 912TH1034368225537299999999999999 430 801640 5199999999999999
350301231153 90 68 88136202276338367355312248171104 71 8212618926232836426 913TH1111368232136699999999999999 459 681713 7099999999999999
358318257181109 66 66102159229299348360337289224155105 9412017023329834426 914TH1149361234735799999999999999 530 611746 9399999999999999
356330277209137 80 60 7812318525331334634531526520515012112716021026731726 915TH1227349999999999999999999999 6 0 60181911999999999999999
341331292233166106 70 69 9914820927031633432429324719615914716219624028526 916TH 01334213 833499999999999999 631 65185414799999999999999
316320296251195137 94 77 8912417222627530731630427523720117917719322125426 917TH 039322135431699999999999999 7 3 77193517599999999999999
283296288259217169127101 9711414618823226929129728826724021720420321323126 918TH 1 6296145229799999999999999 740 96203220299999999999999
25126526725523019816313512012013415819122525427428328127025323722521921826 919TH 138268161928499999999999999 829118223421899999999999999
22423223923923221819817515514213814315818221023826328028728327125423621926 920TH 23324018102879999999999999910 0138999999999999999999999
20720320721522222722521519817715814213714416419422926228830230128626123126 921TH 516227192530499999999999999 057203115913799999999999999
20218317718620322424224924222119115913211812314818723227530832231528925126 922TH 7 2249201032299999999999999 152177131411799999999999999
209172153156177209244271281267235191145109 9410614219324930033233831827726 923TH 755281204333999999999999999 22315214 3 9499999999999999
225173137128146184231277307308282235177120 82 7610215121427932935134130526 924TH 833311211035299999999999999 2491281441 7499999999999999
249185132107115152205265315337324282221152 92 62 7211417624831435435832926 925TH 9 7337213636199999999999999 3131061515 6199999999999999
275207138 93 88117171237303348355325270198124 70 58 8614221228734536734926 926TH 94135722 136799999999999999 338 851547 5799999999999999
301233156 92 66 83132198272337369358315249172101 63 7111517925432336436226 927TH1015370222736999999999999999 4 5 661619 6199999999999999
323260182106 57 54 92154229305360375350297227150 90 73 9915322029134836626 928TH1050376225436699999999999999 433 491652 7299999999999999
341285212132 65 37 56109179257328370370335278207138 96 9813519225731835526 929TH1129375232435899999999999999 5 4 371727 9199999999999999
350308242166 91 40 34 6913020327834036735631726119514011613117222528132726 930TH1211368235534499999999999999 538 3118 611699999999999999
344322270202130 67 35 45 881492192883373543393022511961561461642012452892610 1TH1259354999999999999999999999 616 34185014599999999999999
318318288236173111 65 48 641061622252833223343222922512101821761902172492610 2TH 030322135733499999999999999 659 48194517599999999999999
278294286257214163115 81 71 851191652172652993143102912622322092002032172610 3TH 112294151631599999999999999 754 71211219999999999999999
235253263259240210174138110 971011211551972412773003083012822562302102002610 4TH 21326317 030899999999999999 916 96232919999999999999999
2002092222362432402262021711411171071131371742182612963153173012732372042610 5TH 41524318353189999999999999911 8106999999999999999999999
180171177196221245258256237204164126101 971161542052583043313343142762272610 6TH 622260193733599999999999999 1 31711240 9699999999999999
180148139152182224264289291269227174122 87 801021472072703213473423122612610 7TH 735293202134999999999999999 1541391343 7999999999999999
199144113113139185242294322320289236170109 73 721031582262943413563382932610 8TH 825325205535699999999999999 2301091431 6899999999999999
228158104 85100143204272326349335293229155 93 66 781211832563213563523172610 9TH 9 6349212435999999999999999 3 2 851510 6599999999999999
258183113 71 70104161233305353362335282210135 83 72 99152220291343357334261010TH 944363215135899999999999999 331 651545 7199999999999999
282212134 73 51 71121189267333367361323262187119 85 92132190259321353344261011TH1020369221735499999999999999 359 511618 8399999999999999
302238161 89 47 48 86147222297351368348301236165113 99122169230293338346261012TH1055368224234899999999999999 428 421651 9899999999999999
317261189115 57 38 60111179254320357358328276211151118122155205263314338261013TH113036223 933899999999999999 456 38172311699999999999999
325281217145 80 44 47 83141210280331352340304251193149134149186235285318261014TH12 7352233632599999999999999 525 40175713499999999999999
322293241176111 64 49 68112172237295331338319281231185157155176211254290261015TH1244339999999999999999999999 555 49183415399999999999999
306294257204145 94 66 67 95141198254299321319298262221188172176196226259261016TH 0 4306132632399999999999999 627 63191617199999999999999
281283263225178131 96 82 92122164213259291305301282253221198189192207228261017TH 035285141630699999999999999 7 3 82201318899999999999999
249260255236205168134112106116141177216252278290289275254230211200198205261018TH 113260152429199999999999999 750105214519899999999999999
217229236233221201176152135128132149176208239265281286279263241220202191261019TH 214236165528699999999999999 9 6128234018999999999999999
189196207218225224215198176156141136143164194228259283295291274247216188261020TH 4262261816295999999999999991055136999999999999999999999
169164173192214234245242225198168141126128149184225266297310304278240198261021TH 619245191031199999999999999 051164122312499999999999999
160139138157189226259277273249210167128108111139183235284317326308270218261022TH 720278194932699999999999999 132136132110699999999999999
164123107119153202254294311298262210154109 90103141196257309337332299245261023TH 8 4311202133999999999999999 2 310714 5 9099999999999999
180120 84 82113165228290331338312263199135 90 81107158221286334347324274261024TH 842339205134899999999999999 232 781444 8099999999999999
206132 74 52 71121188262326359352314253181116 80 87126185253315350343301261025TH 919361212035299999999999999 3 1 521520 7899999999999999
235158 83 36 35 75139217297355375354305238163104 84106154217284337352324261026TH 957375215035299999999999999 331 301557 8499999999999999
266191109 41 13 34 89163247324372377346291221149104100133185248308345339261027TH1037380222234899999999999999 4 4 131634 9699999999999999
295227147 68 14  7 44109188271341376369333276207145115124161213271320338261028TH1120378225733899999999999999 439  4171511399999999999999
316262190111 42  6 15 61129208287345368355317262199150133148185233282317261029TH12 6368233532399999999999999 518  4175913399999999999999
320288231162 91 35 14 33 81147221290338353339304253201163153168200240279261030TH1259353999999999999999999999 6 1 14185115399999999999999
301295261209148 89 47 35 55 99158224283323336324294252209179170180204234261031TH 01830314 033699999999999999 651 35195616999999999999999
263277270242200151104 71 62 771131622182693043193142912572201921781801942611 1TH 111278151232099999999999999 752 62212217799999999999999
216238252252236207170132103 89 951191582052512883083102942662301971751672611 2TH 228254163531199999999999999 912 8823 316799999999999999
1731902122332452432272001661331101051181491912382783053133012722321911592611 3TH 4232461753313999999999999991047104999999999999999999999
1431451631932252522642572331961551221061121401822322793103203052702221712611 4TH 6 9264185332099999999999999 023141121310699999999999999
1311121181441852322722922872602171661241021071371832392893203243012561982611 5TH 719293193832699999999999999 116111131810199999999999999
139 97 84 99138193253299320311277224165118 981081441962553053293212852292611 6TH 811320201433099999999999999 157 8414 8 9899999999999999
161100 65 64 94148215281327341323279218155111 991191622192783203303062572611 7TH 854341204633199999999999999 231 601450 9899999999999999
190119 64 43 591051702453113483503212692031411071081381882473013283192802611 8TH 933353211532999999999999999 3 2 43152810399999999999999
218146 78 37 35 691282022783353583473082491821301111251642182753163252982611 9TH10 9359214432699999999999999 332 3116 311199999999999999
245175103 46 25 43 91159236305349357334286224163126122147192247296321310261110TH1044358221232199999999999999 4 1 25163711999999999999999
268205134 68 29 28 62121193267325352346313261200150128138171219269306313261111TH1118353224231499999999999999 431 23171112899999999999999
286234167 99 47 27 44 89154225291333345328289235181145137156193240282304261112TH1153346231330599999999999999 5 1 27174613699999999999999
295257199134 76 40 38 68120185252305333333308264213170147149173211253284261113TH1229336234629299999999999999 533 35182414599999999999999
291271227170112 66 47 58 95150212270310325316287244199166153162187222256261114TH13 6326999999999999999999999 6 7 4719 515399999999999999
275272246202150102 71 64 82122174230277307314300270231193168161171194223261115TH 022277134931499999999999999 645 63195416199999999999999
249260252226187144107 85 85105142190238277299302287259225193172165172191261116TH 1 6260144030399999999999999 731 82205716599999999999999
215234243237216186151122105105122154195237271291294281256224193171161164261117TH 2 5243154229599999999999999 830102221416099999999999999
179199219232233221198170142124119130156193231265287293282257224189161145261118TH 334234165229399999999999999 948119233014399999999999999
145159183210232243239221193163137124129152186227264289298286257216174138261119TH 5162431755298999999999999991114124999999999999999999999
119120140173212246266267249216177142121123145183228270299305287249198146261120TH 632269184530699999999999999 026117122711999999999999999
105 86 95127174226272298297273231183139114116143187237283311310280230168261121TH 729301192831499999999999999 110 86132511199999999999999
108 66 56 78125187251304329322288238180130106115149198254300321307263201261122TH 81633020 632199999999999999 148 55141410599999999999999
130 66 30 33 72134207280334352336295236171122104121162217273315323295238261123TH 9 0352204332599999999999999 225 27145810499999999999999
165 89 28  4 23 76149232307356365341292227161117109135181237292324318275261124TH 945367212132699999999999999 3 2  4154210899999999999999
208130 53  0-10 24 88169254327367368337283216153118120152200256304324305261125TH103037222 132499999999999999 342-12162611599999999999999
252180 99 27-14-10 34104187272338369362327271205149124133167216269309317261126TH1118370224331999999999999999 424-18171212399999999999999
287230156 78 14-15  0 50121203283341363351314258196148131145179226273305261127TH12 7363232930999999999999999 5 9-1518 113199999999999999
304269212141 70 16 -3 18 68137215288337352338300246190149137152185228269261128TH1259352999999999999999999999 558 -3185413799999999999999
293288254200136 74 30 18 40 88152223287328339323287236185150141154183221261129TH 020295135333999999999999999 650 17195314099999999999999
257277271243197143 90 54 45 65108165228282317325309275228182150139149173261130TH 118278144932599999999999999 747 44205913999999999999999
207239259259239204159115 83 74 901251732272753043122982662221781451311362612 1TH 229261155031299999999999999 851 74221313199999999999999
1571872202442532442201841451151021101371772242662943022892582151701341162612 2TH 4 025316523029999999999999910 6102232611499999999999999
1171361682052382572592422111741421231241441782202602882962822502041561172612 3TH 5352601753296999999999999991128121999999999999999999999
 95 951171541992422712802672371981601351301461782192592872932752381881352612 4TH 653280184629399999999999999 028 92124312999999999999999
 92 71 761051512062582923022882552101661371311471802232642892902652201642612 5TH 754302193129399999999999999 118 70134513099999999999999
107 65 50 651041602242803143203012612101621341311521892342732922832491962612 6TH 843321201129399999999999999 2 0 50143612999999999999999
134 77 41 38 651151812503043323303022541991521291341612032502842932722262612 7TH 925334204729499999999999999 237 35151912899999999999999
166101 49 25 36 761372092773243413282912371801401271411762232672922882542612 8TH10 3341212129499999999999999 311 25155712799999999999999
199133 70 29 20 46 981662393013363403162702131611301291541962442822952762612 9TH1038342215529599999999999999 344 19163212699999999999999
230168101 46 18 26 65126198267318340330296244187143126137171217263291290261210TH1111340222829599999999999999 416 1717 512699999999999999
258203137 74 30 18 41 91158229291328335314271216164132128150190237276293261211TH114333623 229399999999999999 449 18173812699999999999999
278235175110 54 24 28 64122191258308331324293244190146126134164208252282261212TH1215332233728899999999999999 523 21181212699999999999999
286260210149 88 44 28 46 91153221281318327309270219169135126143178221260261213TH1248328999999999999999999999 557 28184812699999999999999
280272239187129 76 44 42 70121183246296321318291247197153129130152188228261214TH 015281132332399999999999999 634 39192712699999999999999
259271256220171118 75 54 62 97149208264303316304272227180142126132156191261215TH 05727114 131699999999999999 713 53201312599999999999999
227253259243209165120 86 73 87122171225272301307290255211167134122129153261216TH 146259144430799999999999999 759 7321 612199999999999999
186219243250237209172133105 96110142185232271294295276242198156125112119261217TH 250250153429799999999999999 854 9622 811299999999999999
142175210237249243222190156129118127153190230265285286267231187143110 95261218TH 41124916332889999999999999910 41182312 9599999999999999
101126162202237258261245216182152134136155188225258280281260222174126 88261219TH 5372621734283999999999999991126133999999999999999999999
 71 78108152201247277285272242204167142137153183220256279280256212158103261220TH 651286183228399999999999999 012 70124413699999999999999
 61 43 55 93147208264301312297264219174142133148180221260284282251200138261221TH 754312192628799999999999999 1 5 43135013399999999999999
 77 31 16 36 83148220284324334316277225172136128146182227269292284246186261222TH 849335201629399999999999999 155 16144712899999999999999
116 50  4 -5 24 81155235303343349325280221164129125148189238281301285238261223TH 94035121 430199999999999999 243 -7153712399999999999999
171 95 26-16-17 21 86167250319355355326274211153122124153199251293307283261224TH1030359215230799999999999999 331-22162511999999999999999
229156 77  9-28-20 26 97181266331360353318262195140115125160210263302308261225TH1117361224031199999999999999 419-30171111599999999999999
277218143 64  0-28-12 39113198281338359345304243176126111128167219271305261226TH12 3359232831099999999999999 5 7-29175611199999999999999
304268208133 57  0-18  6 61135219294341352330283220156115108130172224274261227TH1247352999999999999999999999 554-18184210699999999999999
301295257198127 58 12  4 33 89161239304338338310259196138106106131173224261228TH 019303132934299999999999999 641  2192910299999999999999
269291281246192128 69 35 35 67121188255306328319285233174124100104130171261229TH 112291141132999999999999999 729 302020 9999999999999999
218257275267237191138 91 67 73103151209263300311296261210157115 97102126261230TH 211275145431199999999999999 818 662116 9699999999999999
163206242260257235199157121105111137176222263289292274237190143107 90 94261231TH 321262153929399999999999999 9141042217 8999999999999999
