 40 73110142164171165148128110100101112132154172178169145108 66 27  0 -826 1 1TJ 5 11711557178999999999999991026 992257 -899999999999999
  3 31 71114152176183175155130109 97 98112135160179185174145103 56 14-1326 1 2TJ 5571831653185999999999999991125 962348-2199999999999999
-20 -5 29 75123162186190177153124102 91 94112139167187191176142 95 45  326 1 3TJ 6441911745192999999999999991215 90999999999999999999999
-22-25 -4 36 86135173192191173144114 92 84 92115145173192193173135 86 3626 1 4TJ 727194183319599999999999999 036-271259 8499999999999999
 -3-24-20  7 50101148180193185162131101 83 80 92118149177192189165125 7626 1 5TJ 8 6193192019499999999999999 121-251342 7999999999999999
 30 -4-16 -6 25 70119159184188174147116 90 76 77 9412115217618717815211226 1 6TJ 84318920 518799999999999999 2 3-161423 7499999999999999
 67 28  3 -1 16 50 93136168183179159131102 80 71 77 9612315017017516313626 1 7TJ 917184204917599999999999999 242 -215 5 7199999999999999
 99 62 32 17 21 43 77116150172177166143116 90 74 70 78 9712214415815914626 1 8TJ 948177213416099999999999999 318 171548 6999999999999999
121 91 63 43 37 47 70102133158170167152129104 83 70 69 79 9611613414414326 1 9TJ1019171222414599999999999999 352 371636 6899999999999999
131111 89 70 59 60 73 95120144159164156140118 96 78 68 68 77 9110812213026 110TJ1051164232813199999999999999 426 581730 6799999999999999
129122108 94 82 78 82 94112131147156156147130110 91 75 66 65 72 84 9711026 111TJ1129157999999999999999999999 5 4 781837 6599999999999999
119122120113104 97 95 98108121134145151149140125107 88 72 62 59 63 74 8726 112TJ 1 2122121715199999999999999 556 951954 5999999999999999
102114122125123117111108108113122132141146146138124105 85 67 54 49 53 6426 113TJ 259125132314799999999999999 72410721 6 4999999999999999
 81 99117129135135129121114110112119129139146147139124103 80 58 43 37 4226 114TJ 423136143614799999999999999 91011022 3 3799999999999999
 57 79103125141147145136123112106107115128141150151142124 98 70 45 29 2526 115TJ 51314815381529999999999999910221062248 2599999999999999
 35 55 84113138154158151136119105 99102114131148158158145120 89 56 30 1526 116TJ 55015816281609999999999999911 9 992327 1499999999999999
 16 32 60 95128153165163150129109 95 92101118140159168163143112 74 39 1426 117TJ 6221661711168999999999999991146 92999999999999999999999
  4 12 37 72111145167172163142117 96 85 88103127152170175164136 98 57 2226 118TJ 651173174917699999999999999 0 3  41218 8499999999999999
  1 -1 16 49 90131161176174155129102 83 78 88110139165180179159124 81 3926 119TJ 720177182618299999999999999 036 -31250 7899999999999999
  8 -6  2 28 68112150175181168142112 86 72 74 91119150175185176148108 6326 120TJ 74818119 318599999999999999 1 9 -61323 7199999999999999
 24  0 -4 13 48 91135167183178156125 94 72 64 74 97129160180183167134 9126 121TJ 816183194018499999999999999 141 -51356 6499999999999999
 48 16  1  7 33 72116154178183169140107 78 61 60 7610313616417917615411826 122TJ 844184202018099999999999999 212  11432 5899999999999999
 77 41 17 12 27 58 98138168182176154123 90 65 53 58 7810813916217216414026 123TJ 91218221 317299999999999999 245 111511 5399999999999999
106 71 42 28 32 52 84121154174178165138106 76 55 49 58 7910713515516015126 124TJ 942179215216099999999999999 318 271555 4999999999999999
129100 72 53 47 56 78107138162173169151124 93 67 50 46 56 7610212614214726 125TJ1015173225314799999999999999 354 471646 4699999999999999
140123102 83 71 70 80100124146162166158140114 87 63 48 44 51 68 9011112826 126TJ1052166999999999999999999999 436 691749 4399999999999999
135133124112100 92 92100114131146156158151134111 86 63 46 39 43 55 74 9526 127TJ 018135114315899999999999999 530 911910 3999999999999999
114128134133127119112109112119129140149153148136115 90 65 44 31 29 38 5726 128TJ 221134125815399999999999999 7 41092040 2999999999999999
 81106127141146144136126117113115122133145153153144124 96 66 38 19 13 2126 129TJ 410147143315499999999999999 9141132156 1399999999999999
 42 72104133153162159147131116106105113128145159164155133100 63 29  5 -326 130TJ 51416215531649999999999999910371042256 -399999999999999
  7 34 71111145168175168149126105 93 93106127151170176166139100 56 17 -926 131TJ 5581751655176999999999999991129 922345-1599999999999999
-14  2 35 79124161182183168142113 90 79 84103131160182187172139 93 45  526 2 1TJ 6361851747187999999999999991211 79999999999999999999999
-17-17  6 47 96143176190183159127 95 73 67 79105139171190191170131 82 3326 2 2TJ 710190183219399999999999999 029-201250 6799999999999999
 -3-18 -9 23 69119161187191174143106 76 59 60 79111147178193187160117 6826 2 3TJ 740192191419499999999999999 1 7-181326 5799999999999999
 25 -3 -8 11 48 96142177191183157121 85 59 50 59 8411915418018817514410126 2 4TJ 8 9191195418899999999999999 143 -914 1 5099999999999999
 57 23  7 12 39 79124162184186168136 99 67 49 47 63 9212615717517615812626 2 5TJ 834188203217899999999999999 214  61435 4699999999999999
 87 52 29 25 40 70109147174183173148114 80 55 45 50 70 9913015416515913926 2 6TJ 858183211016599999999999999 244 2415 9 4499999999999999
109 78 54 43 49 69100134162176173155127 95 67 50 46 57 7810412914515014126 2 7TJ 922177215015099999999999999 310 431545 4699999999999999
123 99 78 64 63 75 97124149165169159137110 82 61 50 51 63 8310412213313526 2 8TJ 945169223713599999999999999 336 621624 4999999999999999
127113 97 85 80 85 98117137153160157143122 99 77 62 55 57 67 83 9911212026 2 9TJ1011160234812299999999999999 4 3 801714 5599999999999999
122118111103 98 98103114127140148150144131114 96 79 66 60 60 66 77 8910126 210TJ1044150999999999999999999999 434 971826 5999999999999999
110116118117115113113115121127134139139135127114 99 83 70 61 57 59 67 7826 211TJ 2 9118114114099999999999999 53411220 8 5799999999999999
 92105117125128128125121119118121125130134134129119105 87 70 56 48 48 5526 212TJ 423129133413499999999999999 8391182134 4799999999999999
 69 88108125137142139132122114109111117126135140137127109 87 64 45 35 3526 213TJ 5 714215131409999999999999910161092229 3399999999999999
 46 67 93119140152153144130114102 98102114130144151148134109 80 51 29 2026 214TJ 5361541614151999999999999991059 982310 2099999999999999
 25 44 73106136157164158141119100 88 87 99118140157164157135103 66 34 1326 215TJ 6 216417 0164999999999999991132 862345  899999999999999
  9 22 50 88125156172171155129102 82 74 81101128155173175160129 89 48 1626 216TJ 62717417401769999999999999912 2 74999999999999999999999
  1  5 29 67110149174182170143110 81 64 63 80109142171185181157118 72 3126 217TJ 651182181718699999999999999 017  01232 6199999999999999
  4 -3 13 46 91136171187183159123 87 60 49 58 84120157184192179147102 5626 218TJ 716188185519299999999999999 048 -313 3 4999999999999999
 19  1  5 31 72119161187191174140 99 63 41 40 58 91132168190192171133 8726 219TJ 741192193319499999999999999 119  01336 3899999999999999
 44 16  9 23 57101146180194185156116 75 43 29 36 6210014117418918315711826 220TJ 8 7194201319099999999999999 150  81410 2999999999999999
 76 42 24 27 50 87129166188189170134 92 55 30 24 38 6910814517218116914226 221TJ 833192205618199999999999999 221 231447 2499999999999999
107 73 49 42 53 79115150177186177150113 74 42 25 25 44 7411014216216615426 222TJ 9 0186214316799999999999999 253 421527 2399999999999999
130102 78 65 65 81106135161176176160132 97 64 39 27 31 49 7610613214714926 223TJ 929178224215099999999999999 326 631615 2799999999999999
140124105 91 85 90104125145161167162145119 90 63 43 34 37 51 72 9511613026 224TJ10 3167999999999999999999999 4 3 851715 3499999999999999
135133125116109107110120132144152154149136116 94 71 53 42 40 47 61 79 9926 225TJ 0 9135104915599999999999999 4521071843 3999999999999999
115127133134131127123122123127133139143142136123105 84 63 46 37 37 46 6326 226TJ 240134122514399999999999999 6581222030 3599999999999999
 85108127141147146140131122116114119127137144145137119 95 68 44 28 23 3126 227TJ 421148143614599999999999999 9421142152 2399999999999999
 51 79110137155162158145127111100 98105120138153159152132102 67 36 15 1026 228TJ 5 716216 0159999999999999991042 972249 1099999999999999
 22 49 84122153171174162140114 92 80 82 97121147167174165139101 60 25  526 3 1TJ 5411751657174999999999999991123 792333  199999999999999
  4 22 57100141171184177155124 93 70 62 72 95128159181185170137 93 48 1526 3 2TJ 6101841744186999999999999991158 62999999999999999999999
  0  7 35 76123162186189171139102 69 51 51 69101139172191189166126 80 3726 3 3TJ 638190182519399999999999999 011 -11230 4899999999999999
 10  5 22 57103148181193183155115 76 48 37 47 74112152182194184154111 6626 3 4TJ 7 319319 319499999999999999 045  413 2 3799999999999999
 31 14 20 46 87132170191190168131 89 53 33 32 51 85125162185188171137 9526 3 5TJ 727193193919099999999999999 115 141332 3099999999999999
 57 33 28 44 77118158184191177145104 64 36 26 35 61 9813716718117615311926 3 6TJ 749191201418299999999999999 144 2714 2 2699999999999999
 83 55 43 49 73108145174187181156119 79 47 28 28 45 7511114416517115913526 3 7TJ 810187204817199999999999999 210 431431 2699999999999999
105 78 61 60 74101133162179179162132 96 62 38 29 37 58 8812014515715614226 3 8TJ 831182212415999999999999999 235 5815 2 2999999999999999
120 97 80 74 80 99124149168173164142111 80 54 38 37 49 71 9712113814514126 3 9TJ 85317422 514599999999999999 259 741536 3699999999999999
128112 97 89 90100118138155163161147124 98 73 54 46 48 60 79 9911612813126 310TJ 91716423 013199999999999999 324 881616 4599999999999999
128120111104102106115128141150152145132113 93 75 62 56 58 67 79 9410611626 311TJ 945152999999999999999999999 3521021714 5699999999999999
121122121118116115118123129135139139134124111 96 83 71 64 62 65 73 83 9526 312TJ 051122102613999999999999999 4371151852 6299999999999999
107117124128129128125122121122124127129129125117106 92 78 66 59 57 62 7326 313TJ 347129122612999999999999999 8101212047 5799999999999999
 88105122134141141136127118111109112118126133134129116 99 79 61 48 44 5126 314TJ 432142144413499999999999999 9561092153 4499999999999999
 66 88113135149154149136120105 95 95103117132144148141124 99 72 48 34 3226 315TJ 4591541553148999999999999991034 942237 3199999999999999
 44 68 99129153165164149127103 85 78 83100123145161164151126 93 59 33 2126 316TJ 52216616421649999999999999911 5 772314 2199999999999999
 26 47 80118151173177165139108 80 63 62 76104135163178176156122 81 45 2126 317TJ 5461781723180999999999999991134 602347 1499999999999999
 15 29 60101142174187181155119 82 53 42 51 76113151180192182153112 68 3326 318TJ 61018818 31929999999999999912 5 42999999999999999999999
 15 19 43 83128168191193173136 92 53 30 27 46 83127167194199181145100 5826 319TJ 635195184320099999999999999 020 141237 2599999999999999
 28 20 34 67111155188200188155110 63 28 12 20 49 93140179200198173134 9026 320TJ 7 1200192420299999999999999 053 201310 1299999999999999
 53 33 35 57 95139176198197173132 83 39 10  4 21 5710315018419718916112326 321TJ 72820120 619899999999999999 126 311346  399999999999999
 84 57 47 57 85122160188197185152107 61 23  3  5 28 6711215217918717414726 322TJ 756197205118799999999999999 159 471425  199999999999999
115 86 69 68 83111144172189187166131 88 48 18  6 14 39 7511414716717015926 323TJ 825190214117199999999999999 233 6615 7  699999999999999
137113 94 85 90106130155173179171148115 78 46 24 17 26 48 7911013615115326 324TJ 856179224415499999999999999 3 9 851556 1799999999999999
146132117107104109122139154164164154134108 79 54 37 31 37 53 7610012013426 325TJ 933165999999999999999999999 35010417 0 3199999999999999
141140134127121119121127136144149149142129111 89 69 53 44 44 52 67 8710626 326TJ 020141103115099999999999999 4591191831 4399999999999999
123135142142139133127123121123127133138138133122105 85 66 51 44 46 57 7626 327TJ 238143123813999999999999999 7561212017 4399999999999999
 99121139150154149138125113106105111121133142144137121 97 72 51 38 38 5026 328TJ 352154144414599999999999999 9391042134 3699999999999999
 72100128151163164153134113 95 85 86 98116137153159152132103 72 46 32 3226 329TJ 4321651558159999999999999991025 842227 3099999999999999
 49 77111143166175168148120 93 72 65 72 92120147167173162136101 66 39 2726 330TJ 5 317516511739999999999999911 1 6523 8 2799999999999999
 34 57 92131162181181164134 99 68 50 49 65 94129161180182164132 93 57 3426 331TJ 5311831735183999999999999991134 482344 2999999999999999
 30 45 76115153180189177149111 73 45 33 42 68105143174189183159122 82 5126 4 1TJ 55618918141899999999999999912 4 33999999999999999999999
 36 40 64100140174191187164126 84 47 26 25 44 78119158184191177147109 7326 4 2TJ 620192185019199999999999999 016 351234 2399999999999999
 50 44 59 89127163187192175141 98 57 28 16 26 54 93135170188186165132 9726 4 3TJ 643193192418999999999999999 046 4413 2 1699999999999999
 68 55 60 82116152179191182155115 72 36 16 16 35 7011114917518417415011826 4 4TJ 7 5191195818499999999999999 114 551331 1499999999999999
 88 70 67 80107140169186185165131 89 51 24 15 25 51 8712515717417415913426 4 5TJ 727188203117699999999999999 141 661359 1599999999999999
107 86 77 82101128156176182170144107 70 39 22 22 39 6810213415716616114426 4 6TJ 75118221 616699999999999999 2 7 771430 2099999999999999
122102 89 88 99120143164174170152123 90 59 37 29 35 55 8211213615115414726 4 7TJ 815174214615599999999999999 235 8715 3 2999999999999999
132115103 97101114132150162164155135108 80 57 43 40 49 68 9111413114114226 4 8TJ 842165223714399999999999999 3 4 971543 4099999999999999
136126116109108113123136147153151140122101 79 62 53 52 60 74 9210912313226 4 9TJ 915153999999999999999999999 3411071635 5199999999999999
134132127122118117120125132138141138130117102 86 72 63 61 65 74 8710211626 410TJ 0 113410 314199999999999999 4451171753 6199999999999999
126133136134130125121119119122126130131128121109 95 81 70 63 62 68 80 9626 411TJ 2 7136115113199999999999999 7211181936 6299999999999999
113129140145144137127116109105108115123131134131121106 88 71 59 55 61 7526 412TJ 31814614 313499999999999999 9 41052055 5599999999999999
 96119139153158152138120103 91 87 94107124139148146134113 89 66 51 47 5626 413TJ 356158152114899999999999999 950 872148 4799999999999999
 76104132156168167153130103 80 68 69 83107133154165161144116 85 58 43 4226 414TJ 4261701616165999999999999991025 672232 4099999999999999
 58 85120152174181170145111 77 53 45 54 79113147172182174149114 79 51 3926 415TJ 45318117 3182999999999999991059 452311 3899999999999999
 45 68103141173190187164127 85 48 27 26 45 81124163189195180149110 72 4826 416TJ 5211911748195999999999999991133 242349 4199999999999999
 41 55 86125164191198183149102 56 21  5 14 44 88137177201201181145104 7026 417TJ 55019918322049999999999999912 9  5999999999999999999999
 51 52 73108149183201198171127 76 30  0 -7 11 49 9914818720520017513810026 418TJ 620203191720699999999999999 026 491246 -899999999999999
 72 60 69 95131168195203188153104 53 12-11 -9 15 5810815518820119116513126 419TJ 65220320 320199999999999999 1 4 601326-1399999999999999
 99 79 75 89116149179197195173133 85 39  4-10 -3 26 6811515618218917815526 420TJ 725199205219099999999999999 143 7414 9-1199999999999999
126103 90 92107132160182190182156117 74 35  8 -1 10 38 7611715017117516526 421TJ 8 1190214717599999999999999 223 891457 -199999999999999
147126109102106121141161175178166142108 72 41 20 15 25 49 8111314015716226 422TJ 842178225316299999999999999 3 81021550 1599999999999999
155143129118113116126139153162162152133107 79 54 37 32 39 56 8110713014626 423TJ 933163999999999999999999999 4 61131656 3299999999999999
153151144134125119118122130139146148144131113 91 70 54 46 48 60 7910112326 424TJ 018153105214899999999999999 5411181817 4599999999999999
140151153149139128118111110114122131139141136124106 85 67 55 53 61 77 9926 425TJ 150153125114199999999999999 7461091944 5299999999999999
123142155159154141125108 96 92 96107122136145146136118 96 75 59 54 61 7926 426TJ 255159143314799999999999999 9 3 922056 5499999999999999
103129151164166156137114 92 77 73 80 97119140154157147127101 77 60 56 6526 427TJ 338167154415899999999999999 952 722150 5599999999999999
 85113142164174170152125 95 70 56 56 70 95124150166167154130101 76 60 5926 428TJ 4131741637168999999999999991031 542234 5899999999999999
 73 98129158176180167140106 73 48 39 46 68100135162176174156128 97 73 6226 429TJ 44318017211779999999999999911 4 392312 6199999999999999
 67 86116148173185179156121 82 49 30 28 44 75113149174184175152121 91 7226 430TJ 51018518 1184999999999999991136 262346 6799999999999999
 67 79104136165184186169137 97 58 29 17 25 51 88129163183186170143112 8626 5 1TJ 53618818371879999999999999912 6 17999999999999999999999
 73 77 95124155179188179153114 72 37 16 14 31 6410514517418718116113210426 5 2TJ 6 2188191218799999999999999 018 731235 1299999999999999
 84 79 90113143170186185166132 90 51 22 11 19 44 8212215717918417214812126 5 3TJ 628188194518499999999999999 049 7913 5 1199999999999999
 98 86 89105131158178185175148110 70 36 16 14 30 61 9913616517817515913526 5 4TJ 655185202017999999999999999 119 851336 1399999999999999
112 96 91100120145167180178160129 91 56 30 19 24 46 7811414516517216414626 5 5TJ 723181205617299999999999999 150 9114 9 1899999999999999
125107 98 99112132153169174165143112 78 49 31 27 38 61 9212314716116215326 5 6TJ 753174213616399999999999999 222 971445 2699999999999999
137120107103108121139155165164152129100 72 49 37 38 52 7410112714515515426 5 7TJ 827166222415599999999999999 2581031526 3699999999999999
145132119110109114126139151156153140119 95 71 54 46 49 62 8210512614214926 5 8TJ 9 8156232515099999999999999 3441081614 4699999999999999
149142132122114112116124134142146143132115 96 77 62 56 58 69 8610612514026 5 9TJ10 4146999999999999999999999 4521121714 5599999999999999
148149144135124115110110115123132138138131119102 85 71 63 63 71 8710612626 510TJ 040150113213999999999999999 6291101829 6299999999999999
142152155149138124110100 97101111123134139138128113 94 78 67 64 72 8710826 511TJ 148155131714099999999999999 755 971945 6499999999999999
131150161162154137116 96 83 79 85 99118136148150142124103 82 68 64 72 9026 512TJ 238163144215199999999999999 854 782050 6499999999999999
115141162172170154129100 75 59 57 69 92119145162166156135109 85 68 65 7526 513TJ 319173154716699999999999999 939 562145 6599999999999999
 98127155176183173149114 78 49 34 37 57 89125157178181168143113 86 69 6826 514TJ 3561831643182999999999999991021 332234 6799999999999999
 83110142171189189171136 94 52 23 11 21 50 91135171192193176147114 86 7226 515TJ 43219117341959999999999999911 2 112320 7199999999999999
 75 94125158186198190163120 71 28  1 -5 13 50 97145182201199179147113 8826 516TJ 5 81981824203999999999999991144 -6999999999999999999999
 78 86108141173196202186150102 51 10-13-13 12 5410515418920519917614411326 517TJ 546202191320599999999999999 0 5 781228-1699999999999999
 92 86 97122154183201199177137 86 37  0-18-12 17 6211315819020119316913926 518TJ 62620320 320199999999999999 049 861314-1999999999999999
113 96 95109134163188199192166124 76 31 -1-13 -3 27 7111815918519318316126 519TJ 7 9199205419399999999999999 135 9414 2-1399999999999999
135113101103118141166185192181154115 72 33  6 -1 11 40 8012215717818317326 520TJ 755192214818399999999999999 2231001453 -299999999999999
154132114106109122141162177180169145111 73 41 20 15 27 54 8812415317017326 521TJ 846181224517499999999999999 3161051547 1599999999999999
165149130116108110120135152164167158138110 80 53 37 33 44 66 9512515016426 522TJ 946167234616799999999999999 4191081645 3399999999999999
167160146129115106106112124138150155150136115 90 68 54 50 59 7710212714926 523TJ11 2155999999999999999999999 5371051747 5099999999999999
161164158144127111100 96100110124137146146138122102 82 69 65 71 8610813126 524TJ 047165123314799999999999999 7 1 961855 6599999999999999
151163165157142123104 89 83 85 96112129142147143131113 94 81 75 80 9511526 525TJ 14416514 514799999999999999 814 8220 2 7599999999999999
137156167167157138114 91 74 67 71 84105126144153151140122103 88 83 8810226 526TJ 232168152015399999999999999 910 6721 2 8399999999999999
123146163172168153129100 75 57 52 60 79104131151161159147127107 92 88 9426 527TJ 313172162016299999999999999 955 522155 8899999999999999
111133156171176167145115 83 57 41 40 54 80111140162171166150128107 94 9226 528TJ 35017617 8171999999999999991033 392241 9199999999999999
101121145166178177160132 97 64 39 29 35 56 87123153173178169149125105 9426 529TJ 42417917501789999999999999911 8 292321 9399999999999999
 96110132156175182173150115 78 46 25 22 36 6410013716618118116614311910126 530TJ 4571821827183999999999999991142 212358 9599999999999999
 95102120145168182182165135 97 59 31 17 21 43 7711615217618517815913411226 531TJ 53018419 3185999999999999991215 16999999999999999999999
 98 98110132157177185177153118 79 44 21 15 28 56 9313216318218417114912426 6 1TJ 6 2185193718599999999999999 032 961249 1599999999999999
105 98103120144167182183168139101 63 33 17 19 39 7110914517118217716013726 6 2TJ 635184201118299999999999999 1 6 981323 1699999999999999
115102100110130154173182177156123 86 51 28 19 29 53 8712415517417816814926 6 3TJ 7 9183204617899999999999999 139 991358 1999999999999999
127109101104118139160175178167142109 74 45 28 27 42 6910313616117317215926 6 4TJ 744179212317499999999999999 2141011434 2599999999999999
140120106102109124144162172171155129 97 67 44 33 38 56 8411614416417116626 6 5TJ 82217322 317199999999999999 2531021512 3399999999999999
151133116105104112127144159166161145119 91 65 47 42 50 70 9712615016516826 6 6TJ 9 6166224716899999999999999 3391031554 4299999999999999
161146128113103103110124140153158152137115 90 69 55 53 63 8210813315416626 6 7TJ10 0158233516799999999999999 4351021641 5299999999999999
167158142125109 99 97104117132145151148135116 95 77 66 65 74 9311613915826 6 8TJ1110151999999999999999999999 541 971736 6499999999999999
167167157140120102 90 86 92105122138147148140124106 88 77 76 8410112314526 6 9TJ 027168123614999999999999999 651 861840 7599999999999999
162171169157136112 90 75 70 76 92113133148154150137119101 88 85 9110712926 610TJ 12017214 415499999999999999 756 701951 8599999999999999
151168176172156130101 74 55 50 58 78105133154165164151132112 97 92 9711326 611TJ 210176152316699999999999999 854 5021 0 9299999999999999
135158176183175154122 87 55 34 29 41 67102136164178178165143120103 9610226 612TJ 3 0183162918099999999999999 947 2922 3 9699999999999999
119143167185189178150112 71 35 14 11 28 61102142174191190175150125106 9926 613TJ 3481901728193999999999999991038 1023 0 9999999999999999
106125151176193195179145101 56 18 -2 -2 20 5810515018420019817915212510626 614TJ 4361961822201999999999999991128 -5235310099999999999999
101110131159185200199178139 91 43  6-13 -8 18 6111115719120519917815012226 615TJ 5252021912205999999999999991218-14999999999999999999999
105101113137166191205199174133 83 35  0-15 -7 24 6911916419420519617214326 616TJ 61520520 120599999999999999 04310113 8-1599999999999999
118102102117142170194204196168126 77 32  1-10  3 35 8112917019520018816326 617TJ 7 5204204720199999999999999 1311001357-1099999999999999
135112100102118144171192200189160119 74 34  8  3 18 52 9513917319219317826 618TJ 756200213119599999999999999 220 991445  299999999999999
153127106 97102118142167185190178151114 74 41 22 21 39 7111014817518818426 619TJ 848190221518899999999999999 311 971532 1999999999999999
167143119101 95100115137159174177166142111 78 53 40 43 62 9112515517518226 620TJ 943178225718299999999999999 4 4 941618 3999999999999999
175157134113 97 91 96110129148161164155136111 86 68 60 66 8410913716017426 621TJ1045164234017799999999999999 5 3 9117 4 6099999999999999
176167149127107 92 86 90102119136148153148134116 98 85 80 8610212314516326 622TJ1158153999999999999999999999 6 7 861755 8099999999999999
172171161143121101 86 79 81 92108125139146146137124111100 9710211513215026 623TJ 025173132514799999999999999 714 791854 9799999999999999
164170168156137115 94 78 70 72 82 9911813514614914513512311310911212213726 624TJ 114171145414999999999999999 819 6920 410999999999999999
152165170166153132108 85 67 59 62 74 9411713815215815414413112011411612526 625TJ 2 617016 615899999999999999 916 59211611499999999999999
140155167171165149126 99 74 56 49 54 70 9512214616216716215013512111511726 626TJ 25717117 01679999999999999910 4 49221711499999999999999
127143159171174165145117 87 60 43 39 50 7210113215817317616715113211811226 627TJ 3451741743176999999999999991047 3923 511299999999999999
116130148166177176163138106 73 47 33 34 50 7811314517018218016614612611226 628TJ 4291781820183999999999999991126 31234610999999999999999
109118135156174182178158128 92 58 34 25 33 56 9012715918118717916013711726 629TJ 51018318541879999999999999912 3 25999999999999999999999
107108122143166182187176150115 77 44 25 23 38 6810514317218818717214912526 630TJ 548187192618999999999999999 0211061238 2199999999999999
108103111129154176189187170138100 62 33 20 26 49 8412315918219018216213626 7 1TJ 625190195819099999999999999 0551031312 2099999999999999
114102102116138164184192183159124 84 49 27 22 36 6510314117218818817314926 7 2TJ 7 1192202919099999999999999 1281001346 2199999999999999
124105 97104122147171187189175146108 71 41 27 30 51 8412215818219018216226 7 3TJ 738191205919099999999999999 2 2 971419 2699999999999999
136112 98 96107128153175186183163132 95 62 40 33 44 7010514117118718717326 7 4TJ 816187213118999999999999999 239 951452 3399999999999999
150124103 92 95109132156174181173151120 88 60 45 46 62 9112415617918818126 7 5TJ 85918122 418899999999999999 319 921528 4499999999999999
163138113 95 88 93109131154169173163142114 87 66 57 63 8211014116718318526 7 6TJ 947173224018699999999999999 4 5 8816 6 5799999999999999
174153128104 88 83 89105127148162165156138115 93 78 74 8210112615217218226 7 7TJ1046165232018399999999999999 457 831650 7499999999999999
180167145119 96 80 75 81 97118138153159154141123106 95 9210011613715817426 7 8TJ12 2159999999999999999999999 557 751744 9299999999999999
181176162139113 89 72 65 70 8510612814615715715013712211210811312514216026 7 9TJ 0 8181133515899999999999999 7 5 65185610899999999999999
174180175160137109 82 61 52 55 69 9211814215916616315313912612012012914326 710TJ 1 6180151116699999999999999 816 51202411999999999999999
160174182178163137106 74 49 36 37 53 8011214316617817816815213612412112826 711TJ 212182162917999999999999999 925 35214912199999999999999
142161178187185168140103 66 36 20 21 39 7111014717619119117815813812211726 712TJ 3191881730193999999999999991026 18225511799999999999999
124141163184196194175142 99 57 23  6  8 31 6911315618720220018315813311626 713TJ 4221971821203999999999999991122  4234911199999999999999
111120141168192205202180141 94 48 12 -4  3 30 7412316719821020218015012326 714TJ 52020619 5210999999999999991213 -4999999999999999999999
106104118143173200213207180138 87 40  6 -6  6 39 8613618020621219717013826 715TJ 613213194621299999999999999 03710313 1 -699999999999999
111 96 99117146179205215206175130 80 35  7  1 19 5610415319121020718715526 716TJ 7 3215202321199999999999999 122 951345  099999999999999
123 98 88 96118149181205211198165121 74 36 16 17 41 8012616919820819717226 717TJ 750212205820899999999999999 2 5 881426 1499999999999999
139109 89 84 95119151180199201185153112 73 44 32 41 6810614818120020018326 718TJ 837203213020299999999999999 248 8315 4 3299999999999999
155124 98 82 82 96120149174188186169140107 77 58 55 69 9713116418819618926 719TJ 92418922 119699999999999999 332 801540 5499999999999999
168140112 90 80 82 97120144164174170155132107 87 77 80 9712215017418718826 720TJ1015174223218999999999999999 417 791614 7699999999999999
175154128104 86 79 83 97116136152159157146130113101 9810411914016017618226 721TJ111515923 618299999999999999 5 8 791651 9899999999999999
178164143120100 85 80 83 9411012714014814914313412411711712213414916317226 722TJ1236149234817599999999999999 6 7 80173811699999999999999
174169156137117 99 85 78 80 8810211813214314814814313713213013314015015926 723TJ1426149999999999999999999999 718 78185413099999999999999
167168164153136117 98 83 74 73 80 9411112914415415715514814113613513814626 724TJ 04916916 115799999999999999 835 73204513599999999999999
155163167164154137116 95 77 66 64 72 8911013315216516816415514413413113326 725TJ 2 7167165716899999999999999 940 6422 713099999999999999
141153164170168157138113 88 67 55 55 66 8811514316417717816915513912712326 726TJ 3181701736179999999999999991031 53225712399999999999999
128140156170178175160135105 76 54 43 47 66 9412715717818718216714712911726 727TJ 41417818 9187999999999999991113 43233511599999999999999
116126144164180187179159128 93 61 40 35 46 7210614317319019218015913511626 728TJ 4591871838194999999999999991150 34999999999999999999999
108113130153176192194180152115 77 46 30 32 52 8512516218819919217214512026 729TJ 53919519 519999999999999999 0 71081224 2899999999999999
104102114137165189201197175140 98 60 34 26 37 6610514718120020118515712726 730TJ 615202193220399999999999999 0381011255 2699999999999999
104 94 99119148177199205193164123 81 47 28 30 51 8713016919720619617113926 731TJ 651206195820699999999999999 1 9 931325 2799999999999999
110 91 88101127159188204203184149107 67 40 32 43 7311315518820620418415326 8 1TJ 727206202420799999999999999 141 871356 3299999999999999
120 94 81 85105135168193204196170133 93 61 43 44 64 9913917620020719516826 8 2TJ 8 5204205020799999999999999 215 801426 4199999999999999
134103 81 75 86110142172193197184156121 87 63 55 65 9012516119020420118126 8 3TJ 845198211820599999999999999 251 751457 5599999999999999
150117 89 73 73 88114144171187187172146116 90 74 74 8911514717619620018926 8 4TJ 931189214820199999999999999 331 711531 7299999999999999
165135104 80 69 72 89114141164176175162141118100 92 9711313616118219419226 8 5TJ1025177222219499999999999999 417 6816 9 9299999999999999
177153124 97 77 68 71 8610813215216416515714312811711311813114916718118726 8 6TJ113716623 618799999999999999 512 67165611399999999999999
183168147121 96 76 66 67 79 9711913915316015915314413613213414115316517526 8 7TJ1323161999999999999999999999 625 66181113299999999999999
180178167148124 99 78 63 59 66 8110312614716116816716115214514114214815826 8 8TJ 011180152316899999999999999 753 59201814199999999999999
169177179172156132104 77 57 47 49 65 8911914716918118317516214813813413826 8 9TJ 146179163918399999999999999 917 46215913499999999999999
150165179187184168141108 73 46 32 33 51 8211915418219619618316314212712126 810TJ 3151871729198999999999999991024 30225812199999999999999
127144166187199198180148107 66 34 18 22 46 8412816819720920318215512811126 811TJ 42420118 9209999999999999991117 17234410799999999999999
107119143172198213209187148101 56 23 10 20 51 9614418521121620117213911026 812TJ 52021418442179999999999999912 4 10999999999999999999999
 95 96115146180209222215186142 91 46 17 11 29 6711616520222021519115511926 813TJ 610223191722099999999999999 024 931245 1199999999999999
 92 81 90116152189216225212178131 82 42 21 24 50 9314218621422020517313426 814TJ 655225194622199999999999999 1 3 811322 1999999999999999
 99 77 74 90121159195217220201164118 75 45 34 47 7912216720221821218715126 815TJ 737221201421899999999999999 140 731357 3499999999999999
112 82 68 72 94128165195211207184148108 75 56 56 7611015118720921219616626 816TJ 818212204021499999999999999 216 671428 5399999999999999
129 95 73 66 77102134166190198190166135104 82 74 8310713917219720719917726 817TJ 85919821 420799999999999999 252 661458 7499999999999999
145112 85 70 70 84109138164180182172152128107 95 9611013416118419719718326 818TJ 942183212819999999999999999 329 681525 9499999999999999
158129101 81 73 77 9211413715616616715814312811611311913315217118518918326 819TJ1031168215418999999999999999 410 73155411399999999999999
166144120 98 84 80 85 9711413114515315515014313513013013614716017117817726 820TJ1142155222717999999999999999 459 80162812999999999999999
170155137118102 91 86 88 9710912213414414915014914614414414615115816416726 821TJ1355151232416899999999999999 6 8 86173614399999999999999
167162152138123108 96 88 86 9110011212714015115816015815415014714715015426 822TJ16 0160999999999999999999999 748 86203314799999999999999
159162161155144129112 96 84 78 80 9010612514416016917216715814814013713926 823TJ 121162164717299999999999999 916 7822 313799999999999999
147156164168164153134112 90 74 66 69 8310513115617418218016915313812812526 824TJ 3 21681717183999999999999991013 66224512599999999999999
132145161174179174158133104 78 60 54 62 8411414517218919218216314112311426 825TJ 4 31791743192999999999999991054 54231711399999999999999
116130151172187191181157125 90 62 46 46 63 9413016519120119517514912310526 826TJ 44719218 8201999999999999991128 44234510199999999999999
102112135162187202200182150110 73 47 37 47 7411315318720620718916012810226 827TJ 5252031831209999999999999991159 37999999999999999999999
 90 94115145178203212203175136 93 57 37 38 58 9513817920621520317513810526 828TJ 6 1212185521599999999999999 014 891229 3599999999999999
 83 78 93122159193214217198163119 77 48 37 49 7912216620121821419015311326 829TJ 637218191821999999999999999 043 781258 3799999999999999
 82 68 73 97133173204220214188148104 67 47 48 7010715119021622020316912826 830TJ 714220194322199999999999999 114 671327 4599999999999999
 90 65 59 74105145183210218204173133 94 67 57 68 9713617620722021218514626 831TJ 75221820 822099999999999999 147 581357 5799999999999999
105 71 54 57 79114153188208208190159123 93 76 76 9412516119321321419616426 9 1TJ 832210203421699999999999999 222 531428 7499999999999999
124 87 61 52 61 86121156184198194176149121100 9310012014917820020920117826 9 2TJ 91719921 220999999999999999 3 0 5215 0 9399999999999999
145110 79 60 56 67 9212215217418317916514512611511412414216418419719818626 9 3TJ1011183213419999999999999999 344 55153611399999999999999
163134104 80 65 63 73 9211714115816816716014913913313414215416818018618526 9 4TJ1128169221818799999999999999 441 62162213399999999999999
174156133109 88 74 69 73 8610512514215516216316015515014915015516216917426 9 5TJ1339163234117599999999999999 6 1 6918 014999999999999999
175170159141121 99 81 70 67 74 8910913115016517317416916215314714614815526 9 6TJ1540174999999999999999999999 747 67205414699999999999999
164172175170156135109 84 65 56 59 74 9812715517618718817916414713412913226 9 7TJ 153175163318999999999999999 916 5622 712999999999999999
144161177187186172147114 81 56 43 46 66 9713416719220219717915513111511026 9 8TJ 3261881710202999999999999991017 42225111099999999999999
118138164188202202184152112 73 44 33 41 68107150186208212197170137109 9326 9 9TJ 42820417422129999999999999911 5 332329 9199999999999999
 93110139173202217213189149104 63 36 31 47 82127171205219213187151113 8626 910TJ 5182181811220999999999999991145 30999999999999999999999
 75 83109147185214226215184140 93 55 36 39 64106153194219222203168126 8926 911TJ 6 2226183822499999999999999 0 4 751221 3499999999999999
 66 63 81115157196222227209173127 84 54 45 58 9113517921122421418414210026 912TJ 64322719 322499999999999999 037 621254 4499999999999999
 68 54 61 87126169204222219195157115 80 61 63 8512216319922021919715911626 913TJ 721223192722299999999999999 110 531325 5999999999999999
 78 55 51 67 99139177205215204177142107 83 76 8711515118621021720317313426 914TJ 758215195021799999999999999 142 501353 7699999999999999
 94 65 51 56 78112149181200201186160130106 93 9611414217319821020518314926 915TJ 835203201221099999999999999 213 511419 9299999999999999
113 81 60 56 68 9312415517818918516914712611110811713716218519920018716226 916TJ 913189203520199999999999999 246 56144510899999999999999
130100 76 65 67 8110513115417017416915614112812212513615317218519118516926 917TJ 956175205919199999999999999 321 64151212299999999999999
145119 96 81 75 79 9311113114815816115815014213613513914916017117717716926 918TJ1056161212817899999999999999 4 3 75154313599999999999999
155137118101 90 86 89 9811112513714615215315214914714714815215816216516426 919TJ1258153221516599999999999999 5 4 86164614799999999999999
159149137124111100 94 92 9610411512713914915716016015715314914714815015326 920TJ1527160999999999999999999999 647 92202514799999999999999
155156152145134120106 95 88 87 9310612214015616717217016215214213513413826 921TJ 037156161117299999999999999 836 87214413399999999999999
146155161162156143125105 88 77 76 8410212514916918118217415914112611912026 922TJ 240163163818399999999999999 939 75221911899999999999999
131146162174176167149123 97 76 64 67 8210713816618619418716914512210610226 923TJ 34317617 2194999999999999991021 64224810299999999999999
111131155177190189174147114 83 62 55 64 89123158187202201183155124 98 8626 924TJ 4281911725204999999999999991056 552316 8599999999999999
 90109138170194205198174139101 69 51 52 72106146182207212198169131 97 7426 925TJ 5 72051747213999999999999991127 492344 6999999999999999
 69 84114152187211216200168126 87 58 49 60 89130172205220213185145103 6926 926TJ 5442161811220999999999999991158 49999999999999999999999
 53 59 85125168203222219195156113 76 56 56 78114158197220222202163117 7426 927TJ 622224183522499999999999999 014 531229 5399999999999999
 47 41 57 93138183215226215185143103 73 63 73102142183214226214182137 9026 928TJ 7 122619 122699999999999999 046 4013 0 6399999999999999
 52 33 37 62104151192218222205172133 99 79 78 9712916720122122019815911226 929TJ 741223192822399999999999999 120 311332 7699999999999999
 69 39 29 41 72115159194212210190159127102 9310012115318520821720617813726 930TJ 824214195721799999999999999 157 2914 5 9299999999999999
 94 58 36 34 51 821221601871991941761511281131111211431681922052051891592610 1TJ 911200202820799999999999999 237 33144011099999999999999
123 87 59 44 45 62 901231531741831791661491351271291391561731881941891732610 2TJ101018321 519499999999999999 325 42152012799999999999999
148119 90 68 57 58 70 911161401581671681631541461421431481581671751781752610 3TJ1136169215917899999999999999 426 56162214299999999999999
164146124102 83 71 67 73 871051261441581651671641581531481471491531591642610 4TJ1349167235616699999999999999 552 67185714799999999999999
166163153138118 98 81 71 70 78 941151371571711771751671551431341311341432610 5TJ1516177999999999999999999999 739 6921 113199999999999999
155165170167154134109 86 69 62 68 861121401651831891831681481281141101172610 6TJ 2 817016 018999999999999999 9 1 62215311099999999999999
132153172184183169144113 83 62 55 64 86118152181197198184159130105 90 902610 7TJ 328185163419999999999999999 958 552232 8899999999999999
104129159184198197178147110 77 56 53 67 97135171198208200175141106 80 692610 8TJ 42420017 3208999999999999991042 5223 7 6999999999999999
 76 99134170198211204180143103 71 54 58 80116157191211212192157116 80 572610 9TJ 5102111730214999999999999991120 532340 5399999999999999
 54 71103144183210217204173133 95 68 59 72101141180208217205174131 89 56261010TJ 5522181756217999999999999991154 59999999999999999999999
 41 48 75115158195216216196162122 89 71 72 93127166199216213188149104 64261011TJ 630219182021899999999999999 011 411226 6999999999999999
 40 35 52 87130172203216208183148113 88 80 91117153187210215199165122 79261012TJ 7 7216184421599999999999999 041 341255 8099999999999999
 47 33 39 65103145182205209194167135108 93 95113141173199211203178140 98261013TJ 74221019 821199999999999999 111 321323 9299999999999999
 62 40 36 51 81120158186200196178152126108103112133161186202202186155118261014TJ 817200193220499999999999999 142 35135110399999999999999
 81 54 42 47 67 98133163183189181162141123113115129150172189195187166136261015TJ 853189195719599999999999999 213 41141911399999999999999
102 74 56 51 61 83111140162175175166151136125122128142159175184183171149261016TJ 934176202518599999999999999 247 51145012299999999999999
122 96 75 64 65 76 95118140156163163156147137132132138148160169172168156261017TJ1027164205817299999999999999 328 63152913199999999999999
138117 98 83 76 77 86101118134147154156153148143140139142147153158159156261018TJ1153156215015999999999999999 421 75164313999999999999999
147135120105 93 86 85 90100113127140150156157155151145140137138140144148261019TJ1356157235014999999999999999 542 85192713799999999999999
149146139128115102 92 86 87 94106122139153163166163155144133125123126133261020TJ15 2166999999999999999999999 725 86205612399999999999999
143150153150139124107 92 82 80 88103124146164175176168152133117106105113261021TJ 159153153817799999999999999 841 80213710599999999999999
128145159166163149129106 86 74 73 85107134160180188182165140114 94 85 89261022TJ 31116616 618899999999999999 933 722210 8599999999999999
106130155174182175156129100 77 67 71 90118151179196196181152118 87 68 65261023TJ 4 21821632198999999999999991013 662241 6499999999999999
 79106140171192197184157123 92 70 64 75102137172198207197169130 89 58 44261024TJ 4461971659207999999999999991050 642312 4399999999999999
 50 75113154189208207187154116 84 67 68 88121160194213211188149102 59 32261025TJ 5282101726215999999999999991126 652346 2599999999999999
 26 43 78124170204218211184147109 81 70 80107144182210219206171124 74 34261026TJ 6 921917552199999999999999912 1 70999999999999999999999
 13 17 43 87137183213221207177138104 83 81 97128166199218216192150 99 51261027TJ 651221182622099999999999999 021 121238 7999999999999999
 17  5 17 51 98148190214216198167132104 91 96117148182207217206174129 80261028TJ 736218185821799999999999999 1 0  51315 9199999999999999
 37 11  7 25 61108154189207204185157129109103113134163190207208190157114261029TJ 823208193421099999999999999 141  6135310399999999999999
 70 35 16 17 37 72114153181194190174151131118116127146169188198194175144261030TJ 915194201419899999999999999 227 14143611599999999999999
106 70 42 28 31 50 80115147170180177165150135127127135149165178184178162261031TJ101718021 318499999999999999 319 27153012699999999999999
137107 78 56 44 46 60 841121381581681691631521421341321351431531621681662611 1TJ1136170221616899999999999999 422 43165513299999999999999
155138116 92 72 60 58 67 841071301501631681651571471361281261281361451542611 2TJ13 9168999999999999999999999 541 5819 012699999999999999
158155145128108 88 73 66 70 831041271491651721711621471301171091091171302611 3TJ 010158142117399999999999999 7 9 66203010899999999999999
145157161157142122 99 80 70 71 83105130155173180176162140117 98 88 891012611 4TJ 2 016115 918199999999999999 826 692124 8799999999999999
121143162172169154131105 83 71 73 87112140167184188177155125 97 75 66 722611 5TJ 317172154618899999999999999 925 7022 6 6699999999999999
 91119149172183179161134106 83 73 77 96124155181194190171140104 73 53 492611 6TJ 4151841618194999999999999991012 722242 4899999999999999
 63 90125159184193185163132103 82 76 86110142172193199186157119 80 49 352611 7TJ 5 21931648199999999999999991052 762316 3499999999999999
 40 62 98137173194199185158126 98 83 83 99128160187201196173136 94 56 312611 8TJ 5431991716202999999999999991129 812348 2599999999999999
 25 39 70111152185201198179149118 95 86 94116147177197201186154112 70 372611 9TJ 62120217432029999999999999912 2 86999999999999999999999
 20 24 47 85128167193202192168138111 95 94108134164188200194170132 89 50261110TJ 657202181020099999999999999 019 191234 9299999999999999
 25 18 32 62102144177196196180155127106 98104123150176194196181150110 69261111TJ 732198183819799999999999999 050 1813 4 9899999999999999
 38 22 25 45 79119156181192185166142119105104116137162183192186164130 92261112TJ 8 619219 719299999999999999 121 21133510399999999999999
 57 34 27 37 62 96132162180183172153131115108112127148169183184172146113261113TJ 841183193818599999999999999 154 2714 710899999999999999
 79 52 37 37 52 78110140163174172160143126115113120135153169176172156131261114TJ 920174201117699999999999999 230 35144311399999999999999
102 74 54 45 50 66 91119143159166162151137125118118126138152162165159143261115TJ10 6166205116599999999999999 3 9 45152811799999999999999
121 97 75 60 56 62 78100122142155159156148137127121121126135145152153148261116TJ11 3159214415499999999999999 355 56163312099999999999999
135117 98 81 70 66 72 85104123140152157156149139129121118119125133140144261117TJ121415723 914499999999999999 451 66181011899999999999999
141133120104 89 78 74 78 89105123141154160159152140126114107106111120131261118TJ1324161999999999999999999999 6 3 74194010699999999999999
139142139128114 98 85 79 80 90106126145160167165154137117100 89 88 95110261119TJ 058142141716899999999999999 720 782040 8799999999999999
127142150150140124105 89 80 80 91110133155171176170152127100 78 67 68 82261120TJ 227151145817699999999999999 828 792124 6699999999999999
104130151164164153133110 90 80 81 94117144168183184170143109 76 52 43 50261121TJ 332166153418599999999999999 924 7922 3 4399999999999999
 73104138165180179163138111 89 79 84102129159182193187164127 86 49 26 22261122TJ 42618116 9194999999999999991013 792243 2199999999999999
 37 69110150181194190169140110 88 81 90113144174196200185152107 61 24  4261123TJ 5151951645201999999999999991058 812323  299999999999999
  7 31 72119163193204195170138108 89 86 99126159188205202178137 87 39  4261124TJ 6 22041722206999999999999991141 85999999999999999999999
-10  0 32 78129173201208194167134106 91 93111140172198208198168121 69 23261125TJ 64920818 220899999999999999 0 5-101224 9099999999999999
 -8-16  1 37 87137179202205188160129105 95101122151181202206190155108 57261126TJ 737206184320799999999999999 049-1613 7 9599999999999999
 15-10-12  8 47 95143179198196179152125106101110131158183199198179143 98261127TJ 826199192820199999999999999 136-14135310099999999999999
 53 16 -3 -1 21 58103145176189186169145123108105115134158179190186167134261128TJ 917190201819199999999999999 225 -5144310599999999999999
 94 55 25 11 15 36 70109145170180176160140121109107116132151168176173156261129TJ1010180211417799999999999999 317 10154210799999999999999
128 95 63 39 28 33 52 81114144164172168155137120109105111123138153161160261130TJ11 8172222416299999999999999 412 28165410599999999999999
148127101 75 56 47 51 67 91118143161167164152135118105 991001091221361472612 1TJ12 8167235215099999999999999 512 471819 9899999999999999
150144130111 90 73 64 66 79 99123145160166163150133113 97 87 85 921061222612 2TJ13 8166999999999999999999999 619 641940 8599999999999999
137146146137122104 88 79 79 88106128148163168163148127104 84 71 68 76 922612 3TJ 13214714 216899999999999999 729 772045 6899999999999999
113133147152147133115 99 88 87 96113134154167171163144118 90 67 54 52 642612 4TJ 258152144917199999999999999 838 862136 5199999999999999
 85111136154161156142123105 93 92101119141161173173160135104 73 49 37 402612 5TJ 4 5161153017599999999999999 937 912218 3799999999999999
 57 85116145164170163146125106 95 95107128151169178172153122 87 54 32 252612 6TJ 45717016 8178999999999999991027 942256 2599999999999999
 34 58 92127157175177166145122103 95 99115137161177180168141105 67 36 192612 7TJ 5401781643181999999999999991110 942331 1699999999999999
 18 36 67105142169182179163139115 99 95104124149170182179159126 86 49 222612 8TJ 6181831717183999999999999991148 94999999999999999999999
 11 19 44 80121156179185176154129107 95 97112135160178184173146108 67 332612 9TJ 653185175118499999999999999 0 5 111222 9499999999999999
 12 10 26 57 97136167183182167143118100 94102121146169183181162130 90 51261210TJ 726185182418499999999999999 038  81255 9499999999999999
 22  9 15 38 74114150174182174154130108 95 96110132156175182173148113 73261211TJ 759182185718299999999999999 112  91327 9499999999999999
 39 17 13 26 54 92129159176176163141118101 94101118141162176176161132 96261212TJ 832178193117899999999999999 145 1214 0 9499999999999999
 60 32 18 22 41 72108141164173168151129109 97 96106124146164172166147117261213TJ 9 617320 717299999999999999 219 181436 9599999999999999
 83 53 32 25 35 58 89122150166168159141121104 96 98110127146160163154133261214TJ 941169204716399999999999999 254 251518 9599999999999999
105 75 51 37 37 50 75104133155165163151133115101 95 98110126141152152142261215TJ1020165213415399999999999999 330 3516 8 9599999999999999
123 98 74 55 47 51 66 90116140157163158145127110 97 91 94104119133142143261216TJ11 2163223514399999999999999 411 4717 9 9199999999999999
134118 98 78 64 59 65 80101125145158161155141123105 91 84 85 94108122133261217TJ1151161235813799999999999999 459 591820 8399999999999999
137132121105 89 77 73 77 91110130148159161154139118 97 80 70 70 79 95113261218TJ1244162999999999999999999999 558 731930 6999999999999999
128137137130117102 90 84 87 98115134151162164155136111 86 64 52 52 63 82261219TJ 134138133816499999999999999 711 842032 5199999999999999
106128143148144131115101 92 93102119138157168168156133102 71 45 31 32 47261220TJ 3 2148143216999999999999999 829 912128 2999999999999999
 72103132153162159145126108 97 95104122144164175174157128 91 53 24 10 13261221TJ 412163152417699999999999999 939 952219  999999999999999
 33 66105141166177172155132111 97 95106127152173184179158122 78 36  4 -9261222TJ 5101771614185999999999999991038 9523 9 -999999999999999
 -2 25 65111151178188181160133109 95 95109133160183192184156114 65 20-12261223TJ 6 218817 3192999999999999991131 932358-2399999999999999
-23-10 23 69119161188195183158129104 91 94112139169191198185153106 54  8261224TJ 6511951753198999999999999991220 91999999999999999999999
-22-28-11 27 77128170193196179151121 97 88 94115145175196200183146 97 45261225TJ 737197184220199999999999999 046-2913 6 8799999999999999
  2-24-25 -3 38 89139176194191171141111 90 84 94118148177195195175137 89261226TJ 821195193119899999999999999 134-281353 8499999999999999
 40  2-17-13 13 55104148179190182159129102 84 82 94118148174188186164127261227TJ 9 3190202118999999999999999 220-181440 8199999999999999
 83 41 10 -2  7 34 75119156178183170146118 93 80 80 93116142165176171151261228TJ 944183211317699999999999999 3 5 -21530 7899999999999999
118 81 47 24 19 31 59 95132160175173158134108 87 76 77 89110133151160156261229TJ1024176221016099999999999999 349 181625 7599999999999999
138112 83 58 44 43 57 82112141161169164147124101 82 72 73 83100120136144261230TJ11 4169231914499999999999999 432 421727 7199999999999999
141130111 91 74 66 68 82103127148161164156139117 95 77 67 66 74 88105120261231TJ1144164999999999999999999999 516 651835 6599999999999999
