 86101111115114110109111116123131138139134121101 75 47 21  5 -1  4 19 4226 1 1TM 314115114714099999999999999 55510920 3 -199999999999999
 68 91108119123121116113114118125133142144138123100 71 38 11 -6-10 -3 1526 1 2TM 4 5123124814599999999999999 7 91132054-1099999999999999
 43 73 97114124127122114111112116124135146149141124 98 65 30  3-12-14 -426 1 3TM 446127134614999999999999999 8131112141-1599999999999999
 18 50 81104119126125117108104106111122137149151141121 93 58 23 -2-13-1226 1 4TM 523127143915299999999999999 9 71042223-1499999999999999
  2 28 61 91110121125120108 98 95 98106119136148148136115 86 51 18 -2 -926 1 5TM 555125152815099999999999999 955 9523 0 -999999999999999
 -3 15 44 76101116122121111 97 87 85 90100116134143140126105 76 44 17  326 1 6TM 6211231615144999999999999991041 852333  199999999999999
  2 12 34 63 92112120121115101 85 77 77 83 95111127134128114 93 67 40 2026 1 7TM 63912217 1134999999999999991127 76999999999999999999999
 13 18 32 55 83107120123118107 90 76 69 70 77 89105118121114101 83 61 4126 1 8TM 651123174812199999999999999 0 2 131216 6899999999999999
 29 29 38 55 77101118125122113 99 82 68 63 65 72 83 96105107100 89 75 6026 1 9TM 710125183810799999999999999 030 2713 9 6399999999999999
 47 43 47 59 76 96115126127120108 92 75 64 59 61 66 76 86 93 94 89 82 7426 110TM 7351271938 9499999999999999 058 431412 5999999999999999
 65 59 59 66 78 94110123129126116102 87 72 61 56 56 60 67 75 82 84 83 8126 111TM 8 61292112 8499999999999999 126 581530 5599999999999999
 78 75 73 76 83 94107119127129123112 99 83 69 58 51 49 52 58 66 74 79 8326 112TM 841129999999999999999999999 153 731655 4999999999999999
 86 87 87 88 90 96104114122128127121110 97 81 66 53 45 41 43 50 59 70 8026 113TM 92412899999999999999999999918 7 41999999999999999999999
 88 95 98 99 99100104110117123127126120110 96 79 62 46 36 32 35 43 56 7126 114TM102112799999999999999999999919 5 32999999999999999999999
 85 97105109109106105107111117123127127121110 94 75 54 37 26 23 28 40 5726 115TM 328109113212799999999999999 6 01051952 2399999999999999
 76 93106114116113108105106110116123129130124110 90 67 44 26 16 15 24 4026 116TM 352116123913099999999999999 7221052033 1499999999999999
 62 84103114120118113106102103108117126134134125107 83 57 32 15  7 11 2426 117TM 417120133213599999999999999 8191022110  799999999999999
 45 71 94111120121116108100 96 99107119131138136123101 73 44 20  5  2 1126 118TM 441122141713999999999999999 9 3 962145  299999999999999
 29 55 82104118122119110 99 92 90 96108123136141134117 91 61 32 10  0  226 119TM 5 5123145714199999999999999 941 902217 -199999999999999
 17 40 69 95113122121113101 89 83 85 94110127139140129108 79 48 21  5  126 120TM 5281231535141999999999999991015 832247  199999999999999
 10 29 56 85107119122117104 89 78 76 81 94112129138135120 97 67 38 16  726 121TM 5511221614138999999999999991049 762315  699999999999999
 10 23 47 75100116122120109 92 77 69 69 78 93112128133126109 86 58 33 1826 122TM 6101221654133999999999999991123 682340 1699999999999999
 16 25 43 68 94114123122113 98 79 65 60 64 75 91110123124115 99 77 54 3526 123TM 62512417371259999999999999912 1 60999999999999999999999
 29 33 46 65 89111124125118105 86 67 56 54 59 71 87104114113104 90 73 5626 124TM 639126182611599999999999999 0 4 291244 5499999999999999
 45 45 54 69 88108124129124113 96 76 59 49 48 54 65 80 94102101 95 86 7426 125TM 659129192510399999999999999 029 441336 4899999999999999
 64 61 66 77 91107123132131121107 88 69 53 45 43 47 57 70 82 89 91 89 8626 126TM 7231322053 9199999999999999 053 611444 4399999999999999
 81 78 80 87 97109121131135130118103 85 67 51 41 37 39 45 57 69 78 84 8826 127TM 754135999999999999999999999 113 781613 3799999999999999
 91 92 93 97103112120128134135128117103 86 68 50 37 30 28 33 43 56 69 8126 128TM 8341359999999999999999999991746 28999999999999999999999
 91 99104107110114119124129133133129120107 91 71 50 32 21 17 20 31 48 6626 129TM 93513499999999999999999999919 3 17999999999999999999999
 82 97108114116116117119122126130133132126114 96 72 47 25 11  6 10 24 4526 130TM111713399999999999999999999920 4  6999999999999999999999
 68 89105116121119115112112115120128135138132120 99 72 42 17  2 -2  5 2326 131TM 4 9121125113899999999999999 7301122054 -299999999999999
 49 76 98114122122115107102102105114126138143137122 98 67 35 10 -3 -4  726 2 1TM 431123135614399999999999999 8361022135 -599999999999999
 30 60 88108120124118106 94 89 90 96109127141145137120 93 60 27  5 -3  126 2 2TM 454124144914699999999999999 920 892210 -399999999999999
 17 45 77103118124121109 92 79 75 79 89107128142143133113 84 51 22  6  426 2 3TM 512124153514499999999999999 958 752239  399999999999999
 14 35 66 96116124123114 96 76 65 64 71 85106127139136123102 74 43 21 1326 2 4TM 5241251618139999999999999991035 6323 4 1399999999999999
 18 33 58 89114126127119103 81 62 54 56 66 83105124131125111 90 64 40 2626 2 5TM 53212717 0131999999999999991113 542328 2599999999999999
 27 37 57 83110127131124110 90 67 52 47 53 65 83103117120112 98 80 59 4326 2 6TM 5481311742120999999999999991152 472352 3899999999999999
 38 45 60 81105125134130118100 78 57 46 45 53 65 82 99108107100 88 74 6026 2 7TM 6101341826109999999999999991233 44999999999999999999999
 53 55 66 82101121134135125109 89 69 52 45 46 54 65 80 92 98 96 90 82 7426 2 8TM 6351361915 9899999999999999 016 521319 4499999999999999
 67 66 73 85100116130135130118100 82 64 52 47 48 54 64 75 83 88 87 85 8226 2 9TM 7 21352024 8899999999999999 036 661414 4699999999999999
 79 78 82 89100112124131131124110 94 78 64 54 49 49 53 60 68 75 80 83 8526 210TM 731132999999999999999999999 043 781530 4899999999999999
 86 88 91 95102110118125128126118106 92 79 66 56 49 46 48 53 60 67 75 8226 211TM 8 512899999999999999999999917 9 46999999999999999999999
 89 95 99102105108113118122123121115106 94 81 68 55 45 40 40 44 52 63 7526 212TM 8521239999999999999999999991833 39999999999999999999999
 87 97104108109109109111114117119119116109 97 83 66 50 38 31 30 37 48 6326 213TM10331199999999999999999999991932 30999999999999999999999
 80 95106112113111107104105108113118121120113100 82 61 42 27 20 22 32 4926 214TM 348113122112299999999999999 7221042016 2099999999999999
 69 89105114117114107100 96 97103111121127126116 99 76 52 30 16 12 18 3426 215TM 356117132412899999999999999 816 962053 1299999999999999
 56 80100114119117108 98 89 86 90100113126133130116 95 68 41 19  8  9 2126 216TM 410119141213399999999999999 854 862126  799999999999999
 42 68 94112120120111 97 84 76 77 85100118133137130113 87 57 30 12  7 1426 217TM 426121145513899999999999999 928 752156  799999999999999
 31 58 86108120122115100 82 68 64 68 82102123137138127106 77 47 23 12 1326 218TM 442123153513999999999999999 959 642223 1199999999999999
 26 49 78104120125119105 84 65 54 53 63 81105127137134120 97 68 41 24 2026 219TM 4571251615138999999999999991031 522247 2099999999999999
 28 46 72100120128124111 90 66 48 42 46 60 82107127133126111 88 62 41 3226 220TM 5 812816561339999999999999911 3 4223 9 3299999999999999
 36 49 70 96119131129118 99 74 50 36 34 42 59 83107122124116101 81 61 4826 221TM 5221321739125999999999999991138 332331 4699999999999999
 48 57 73 94117133135126109 86 60 38 29 31 41 59 82102113113106 93 78 6526 222TM 5401361827114999999999999991217 282352 6199999999999999
 61 67 80 96115132140134119 99 75 51 33 27 31 41 58 77 94101101 96 89 8026 223TM 6 414019241029999999999999913 4 27999999999999999999999
 75 77 87100115129139139129112 91 69 48 35 30 32 40 53 69 82 88 90 90 8826 224TM 6311412126 9099999999999999 012 7514 5 3099999999999999
 86 87 94104115126135139135123107 89 70 52 40 34 33 37 46 58 69 77 83 8826 225TM 7 2139999999999999999999999 017 861539 3399999999999999
 92 96100107114121128132133128118106 92 76 60 46 36 31 31 36 47 58 70 8126 226TM 7401349999999999999999999991731 30999999999999999999999
 91100105109113116119122124125123118110 99 85 67 50 35 26 23 27 38 53 6926 227TM 8501259999999999999999999991855 23999999999999999999999
 85 98108113113112111110111114118121121117108 93 72 50 31 19 15 21 35 5526 228TM 338113113612299999999999999 6541101954 1599999999999999
 76 94108115115110103 98 96 98104113123127125115 97 72 46 25 13 12 21 4026 3 1TM 332116131212899999999999999 8 5 962038 1199999999999999
 65 88106116118112100 89 82 81 85 96112127133130118 96 67 39 19 11 14 2926 3 2TM 347119141013499999999999999 843 802114 1199999999999999
 53 81103117121116103 85 71 65 67 76 93115131137131116 91 60 33 18 16 2426 3 3TM 4 1121145713799999999999999 915 652142 1599999999999999
 44 72100118124121109 88 67 53 51 57 71 94118133135127109 82 53 31 23 2726 3 4TM 4 9124153913699999999999999 946 5122 7 2399999999999999
 41 65 95118128126115 96 71 49 39 41 52 72 98121132130119 99 73 48 34 3426 3 5TM 4181281619133999999999999991018 392231 3399999999999999
 44 63 89115131132122104 80 54 36 31 38 53 75102121127121109 90 67 49 4426 3 6TM 4331331657127999999999999991050 312254 4499999999999999
 50 65 86111131137129113 90 64 40 28 29 39 57 81104117118111 99 82 65 5526 3 7TM 4551371736119999999999999991124 272318 5599999999999999
 57 69 86107127138136122101 76 51 33 27 32 45 63 85102110109101 90 78 6826 3 8TM 5191391817111999999999999991159 272341 6699999999999999
 66 73 87104122135138129111 88 65 44 32 31 38 51 68 86 98102 99 93 86 7826 3 9TM 54413919 3102999999999999991237 302359 7599999999999999
 75 79 89102117130136132119100 79 58 43 36 37 45 56 70 82 90 93 92 89 8526 310TM 6 913620 5 93999999999999991320 36999999999999999999999
 84 86 92101112123130131123109 91 74 58 47 42 43 49 57 67 76 82 85 87 8826 311TM 635131999999999999999999999 0 3 841419 4299999999999999
 90 92 96101108116122125122114102 88 74 62 53 48 46 48 53 61 68 75 82 8726 312TM 7 31259999999999999999999991556 46999999999999999999999
 92 97100103107110113116117114108100 89 78 67 57 49 44 43 46 53 62 72 8326 313TM 7411179999999999999999999991742 43999999999999999999999
 92100104106107106105106108109109107102 94 83 71 57 46 37 35 39 47 60 7426 314TM 333107 92510999999999999999 5491051853 3599999999999999
 89100107110108104 99 96 96 99104108111109101 87 71 54 39 29 28 34 47 6426 315TM 3 411012 611199999999999999 719 961941 2799999999999999
 82 99109113111103 94 86 83 86 93103112118116106 89 68 47 31 22 24 35 5326 316TM 3 5113131511899999999999999 8 1 832019 2299999999999999
 74 95110116114105 92 78 70 70 77 90106120126122108 87 63 40 25 21 27 4326 317TM 31611614 712699999999999999 834 692053 2199999999999999
 66 90109119118109 93 74 59 54 58 70 90112127132125108 83 57 36 25 27 3826 318TM 328120145213299999999999999 9 5 542123 2499999999999999
 59 85108121123115 98 74 53 40 39 49 68 94119133134124104 78 53 37 33 4026 319TM 341124153513599999999999999 935 382149 3399999999999999
 56 80106124129122105 81 53 32 24 29 44 69 99123134132120 99 74 53 44 4726 320TM 35312916181359999999999999910 7 242213 4499999999999999
 59 78104125135130115 92 62 34 17 14 24 44 73103124130126113 94 72 58 5726 321TM 4 813517 2130999999999999991040 142235 5699999999999999
 66 81102124139138126104 76 45 20  8 11 24 46 76103119122117106 89 74 6826 322TM 4281401748122999999999999991116  82258 6899999999999999
 74 86102121139145136117 93 63 34 13  7 13 27 50 77 99110111107 99 87 7926 323TM 4531451841111999999999999991157  72320 7999999999999999
 81 90103118134145143129108 83 55 30 15 13 19 32 52 74 90 98100 98 94 8926 324TM 52114620 1100999999999999991244 132340 8799999999999999
 88 94104116128139143136120100 77 54 34 24 22 26 36 51 68 80 87 91 93 9326 325TM 5531439999999999999999999991345 21999999999999999999999
 93 96103112121129134134126112 96 78 60 44 34 30 31 37 48 60 71 79 86 9226 326TM 6281359999999999999999999991520 30999999999999999999999
 96 99103108113117121124122116107 96 84 69 55 44 36 33 35 43 54 66 77 8826 327TM 71412499999999999999999999917 8 33999999999999999999999
 97102105106106106107108110111110107101 93 80 64 50 38 32 32 39 52 67 8226 328TM 9 41119999999999999999999991827 31999999999999999999999
 95104108107103 97 93 91 92 96102108111109102 88 70 51 37 30 31 40 56 7526 329TM 21710812 911199999999999999 711 911922 2999999999999999
 92105111111104 93 82 76 74 77 86 99110117116108 92 70 49 35 30 34 47 6726 330TM 229112132611799999999999999 754 7420 4 3099999999999999
 88105115116110 95 78 64 57 58 65 81100115123121111 92 68 47 35 34 42 6026 331TM 242117142012399999999999999 827 572037 3499999999999999
 83105118122116102 81 59 45 41 46 59 81105121127123110 88 64 46 40 44 5626 4 1TM 25212215 412799999999999999 857 4121 5 4099999999999999
 77102121127123110 89 63 40 30 30 40 59 86111125128121106 83 61 49 49 5726 4 2TM 3 4127154412899999999999999 926 292131 4799999999999999
 74 97120132130118 98 72 44 25 19 25 41 65 94116126125116100 78 62 56 6126 4 3TM 322133162212799999999999999 955 192157 5699999999999999
 74 93116133137127108 83 54 28 15 16 27 47 74101119124120110 93 76 65 6626 4 4TM 34413717 0124999999999999991026 142224 6599999999999999
 76 91111130140135118 95 67 39 19 12 18 34 56 83105117118113102 88 76 7226 4 5TM 4 91401737119999999999999991058 122250 7299999999999999
 78 91107125138139127106 80 53 29 16 16 26 43 66 89105112111105 95 85 7926 4 6TM 4351401818112999999999999991131 142314 7999999999999999
 81 90104119132138132116 93 68 44 26 20 23 35 53 73 91102105103 98 91 8626 4 7TM 5 113819 51059999999999999912 6 202335 8599999999999999
 85 91100113125133133122104 82 60 41 29 27 32 44 59 75 88 95 98 97 94 9126 4 8TM 5271342011 98999999999999991246 272349 9099999999999999
 90 92 99107117125128123111 94 75 57 43 36 35 40 49 61 73 83 89 93 94 9426 4 9TM 5541289999999999999999999991337 34999999999999999999999
 94 95 99103109116120119113102 88 73 59 48 42 41 43 50 59 69 78 85 91 9526 410TM 6251209999999999999999999991453 41999999999999999999999
 97 99100102103106109111109105 97 87 75 64 54 47 43 43 47 55 65 75 85 9426 411TM 7 81119999999999999999999991633 43999999999999999999999
 99102103102 99 97 97 98100101100 97 91 81 70 59 50 43 41 44 53 65 78 9026 412TM 147103 9 110199999999999999 539 971751 4099999999999999
100106106103 97 90 85 84 86 91 97101102 98 89 76 62 49 41 38 44 55 70 8626 413TM 140107114410299999999999999 650 841847 3899999999999999
100108111107 98 86 75 69 69 75 85 97106110107 96 81 64 49 40 40 48 62 8026 414TM 15111113 311099999999999999 729 681931 3999999999999999
 98111116112101 85 68 55 50 54 66 83101115119115102 84 64 49 43 46 58 7626 415TM 2 511614 011999999999999999 8 3 5020 8 4399999999999999
 96113121119108 89 66 45 34 33 42 61 85108123127121106 85 65 53 51 59 7326 416TM 219121145112799999999999999 835 322040 5199999999999999
 93114126127117 98 72 44 23 15 19 35 60 90115129131123106 86 68 61 64 7526 417TM 234128154013199999999999999 9 8 1521 9 6199999999999999
 92113130136128111 85 53 23  5  2 11 32 63 95120130130122105 86 74 73 8026 418TM 254136162913199999999999999 943  22136 7299999999999999
 93111131143140124101 69 35  7 -5 -4 10 34 67 99119127126117102 87 81 8526 419TM 3181431721127999999999999991021 -622 2 8199999999999999
 95109128144148138117 89 56 23  0 -8 -3 13 40 72 99114119118111 99 90 9026 420TM 34714918201209999999999999911 2 -82229 8899999999999999
 97108123139150147131108 80 47 18  0 -3  4 20 45 74 95106111110105 97 9326 421TM 4191501928111999999999999991146 -32258 9399999999999999
 97106117130142147139122 99 73 44 21  8  7 14 29 50 73 89 98103104100 9626 422TM 4541472045104999999999999991237  62329 9599999999999999
 96102110119130138138129113 93 71 47 29 20 19 24 36 53 71 84 92 98100 9926 423TM 53313922 9100999999999999991339 18999999999999999999999
 97 99103109115122127126117105 90 73 55 40 32 30 32 41 55 70 82 90 9710026 424TM 620127232810099999999999999 0 9 971459 3099999999999999
100 99 99100102105109112112107100 91 79 65 52 43 38 39 45 57 71 83 9310026 425TM 727112999999999999999999999 135 981625 3899999999999999
103103 99 95 91 89 90 92 97100101100 95 87 75 62 51 44 44 50 62 76 9010026 426TM 016104 95710199999999999999 528 891735 4399999999999999
107108104 96 86 78 73 72 76 84 92 99103102 95 83 68 56 49 49 56 69 8510026 427TM 046108121710399999999999999 641 721829 4899999999999999
110114111102 88 73 61 56 56 63 75 90102108109102 88 72 59 53 55 65 80 9726 428TM 1 7114133210999999999999999 725 551913 5399999999999999
112119119111 95 75 56 44 40 43 55 73 93108115115106 91 74 62 59 64 76 9326 429TM 125120142711699999999999999 8 1 401950 5999999999999999
111124126120105 84 59 38 28 28 36 53 77100115121119108 91 75 66 67 75 8926 430TM 145126151312199999999999999 832 272023 6699999999999999
107124132128115 95 68 41 23 17 21 35 58 85108121124120107 90 77 72 77 8726 5 1TM 2 8132155412499999999999999 9 2 172056 7299999999999999
103121135136125106 80 51 26 12 11 21 40 67 95115124124118104 89 79 80 8726 5 2TM 235137163312599999999999999 933 102128 7899999999999999
 99116133140134117 93 65 36 15  7 12 26 49 77103118124121113100 88 83 8726 5 3TM 3 314017 91249999999999999910 5  72159 8399999999999999
 97111127139140127106 79 50 25 10  8 17 35 60 87108118120116107 96 88 8826 5 4TM 3321411747120999999999999991038  72230 8799999999999999
 95106121135141135118 94 66 39 19 10 13 26 46 70 93108115115109101 93 9026 5 5TM 4 21411828115999999999999991113 102259 9099999999999999
 93102114127136137126106 82 56 33 19 15 22 36 56 77 95106110109104 97 9226 5 6TM 4311381915110999999999999991149 152328 9299999999999999
 93 98107118128133128115 95 72 49 31 22 22 31 45 63 81 94102105104100 9626 5 7TM 5 11332012105999999999999991229 212359 9499999999999999
 94 96101109118125125118104 85 65 47 34 29 30 38 52 67 82 93100103102 9926 5 8TM 5341262118103999999999999991314 28999999999999999999999
 96 96 97101107114117115108 95 80 63 49 39 36 37 44 56 70 82 92 9910210226 5 9TM 612117222610399999999999999 044 961410 3699999999999999
100 97 96 96 97101105107106100 91 79 66 54 46 43 43 49 59 72 84 9510210526 510TM 710107231910599999999999999 240 961521 4299999999999999
104101 96 92 88 87 89 93 97 99 97 92 83 73 62 54 49 49 54 64 77 8910010726 511TM 9 0 99235410999999999999999 451 871635 4899999999999999
109106 99 91 82 75 73 75 81 89 95 98 97 92 82 72 62 55 55 60 71 84 9810826 512TM1116 99999999999999999999999 6 0 731738 5499999999999999
114112105 93 79 66 57 55 60 71 84 96104106102 93 81 69 63 63 69 81 9610926 513TM 020114124910799999999999999 646 551830 6299999999999999
118120114101 82 62 45 36 37 46 63 83101113117113102 89 77 71 73 81 9410926 514TM 043120135911799999999999999 726 361914 7199999999999999
122128124112 92 66 41 24 17 22 36 59 85107121125121109 95 84 81 85 9410826 515TM 1 6128145912599999999999999 8 5 171953 8199999999999999
124135136126107 80 49 22  5  2 11 30 59 90113126130125113 99 91 91 9710826 516TM 133137155613099999999999999 845  22028 9099999999999999
123138145140124 99 67 33  6 -7 -7  5 29 62 94116127130125113101 9710010826 517TM 2 5145165313099999999999999 927 -921 2 9799999999999999
119135149151140119 90 56 21 -3-13 -9  6 33 67 9711612512712211110210110626 518TM 2411521749127999999999999991011-13213610099999999999999
115128144154152136113 82 47 15 -6-11 -6 11 39 71 9711212012211610710110326 519TM 3191551845122999999999999991057-11221310199999999999999
110120133147153147129105 76 43 15 -1 -4  3 21 47 76 97109115116110102 9926 520TM 4 01531939116999999999999991146 -42255 9999999999999999
103110119132144147138121 99 72 43 20  8  7 15 32 56 80 96106111111105 9826 521TM 4451472029112999999999999991236  72347 9799999999999999
 97100106115126134135126112 93 70 46 29 20 21 28 44 65 84 9810510910710126 522TM 5341362114109999999999999991327 20999999999999999999999
 95 93 95 99106114121121114103 89 71 53 40 34 35 42 56 74 9010110710910626 523TM 631122215310999999999999999 057 931423 3399999999999999
 99 92 88 87 88 93100105107104 98 88 75 62 52 47 47 54 67 83 9710711211126 524TM 750107222811299999999999999 252 871522 4699999999999999
106 98 88 80 76 75 78 84 91 96 98 96 91 82 72 63 58 59 66 78 9210511411726 525TM 958 9823 111799999999999999 448 751622 5899999999999999
114107 95 82 70 63 60 63 71 81 90 96 98 97 91 82 73 68 69 76 8810211412126 526TM1210 98233512299999999999999 559 601719 6899999999999999
122116105 90 72 57 49 46 51 61 75 89 99104105100 90 81 77 78 86 9711112226 527TM1335105999999999999999999999 650 461811 7699999999999999
127125116101 81 60 43 35 35 42 57 75 93106112113107 96 87 84 87 9510612026 528TM 010128143511499999999999999 731 3419 0 8499999999999999
130132126113 93 69 46 30 24 27 39 58 81101114120119111100 91 89 9410311526 529TM 046133152312099999999999999 8 7 241945 8999999999999999
128136135124106 82 56 32 19 17 24 41 64 89109121125122112101 94 9410011026 530TM 12213716 412599999999999999 842 172027 9399999999999999
123135140134119 96 69 42 21 12 14 26 47 73 99116125127121111100 96 9810626 531TM 158140164212799999999999999 916 1221 7 9599999999999999
117131141142130110 85 56 30 14  9 16 32 56 83106120126125117107 98 9710126 6 1TM 233143171712699999999999999 952  92144 9699999999999999
111124137144139123100 73 45 22 10 11 21 41 67 92111121124120111102 96 9826 6 2TM 3 71441753124999999999999991027  92220 9699999999999999
104116129140142133114 89 61 35 17 11 16 30 52 77 99113120120114106 98 9526 6 3TM 34214318301209999999999999911 3 112255 9599999999999999
 99107120132140137124103 78 51 29 17 15 23 40 62 85103113117115109100 9526 6 4TM 41614019 8117999999999999991139 142332 9499999999999999
 95100109121132135128113 92 68 44 27 20 22 33 51 72 92106113115111104 9726 6 5TM 4511351947115999999999999991215 20999999999999999999999
 93 94100109120127127118103 83 61 42 30 27 32 44 62 81 9710811411310810026 6 6TM 529128202611499999999999999 014 931252 2799999999999999
 94 91 92 97105114119117109 95 77 59 44 37 36 43 55 72 8910311111411210526 6 7TM 61511921 211499999999999999 1 9 911332 3699999999999999
 97 90 87 87 91 98105109108102 90 77 62 52 47 48 55 67 83 9810911511511126 6 8TM 717110213511699999999999999 225 861418 4799999999999999
102 92 84 79 77 80 87 94100102 98 91 82 71 63 60 61 68 79 9310711611911726 6 9TM 84810222 611999999999999999 351 771512 6099999999999999
109 98 85 74 66 63 66 73 83 93 98100 97 91 84 77 73 75 81 9210411612312426 610TM1050100223912499999999999999 5 3 631614 7399999999999999
118108 93 76 61 50 46 50 60 74 88 99105107103 97 90 87 88 9410411512513026 611TM1247107231613199999999999999 6 1 461716 8699999999999999
129120105 86 64 45 32 29 34 48 67 86102113117115109102 98 9910511412513426 612TM1413117235813899999999999999 652 291813 9899999999999999
138134121102 78 51 29 16 13 21 39 63 8710712012512411711010610911512313426 613TM1520126999999999999999999999 742 1319 510699999999999999
144146138122 98 69 38 14  2  2 12 33 62 9011212513112912111411111412113026 614TM 044146161713199999999999999 831  0195311199999999999999
142152152141121 94 61 28  4 -7 -5  8 33 65 9411512713212912111311211612326 615TM 13215317 913299999999999999 921 -7204011299999999999999
134148157155141119 89 54 21 -1-10 -6 10 37 70 9811612713012611610911011526 616TM 2211581756130999999999999991010-10212710999999999999999
123136150159154138115 84 49 17 -2 -7 -1 18 47 7810211712512611910910310426 617TM 3 91591837127999999999999991057 -7221710399999999999999
110120134149155148132109 78 45 18  4  2 10 30 59 87107118123121111100 9626 618TM 3581551913123999999999999991140  123 8 9699999999999999
 98104115130143147139123101 73 44 23 13 15 26 47 74 98113120121115103 9226 619TM 4481471941121999999999999991220 13999999999999999999999
 88 90 97107122133135127113 94 70 47 31 27 31 44 65 89108118121119109 9626 620TM 54013520 212199999999999999 0 5 881258 2799999999999999
 85 81 83 88 98110120121114103 88 70 53 43 43 50 63 8210311712312311610426 621TM 638121202312499999999999999 110 811334 4299999999999999
 90 80 75 75 79 87 98106107104 97 86 74 63 58 60 68 81 9811412512712311426 622TM 747108205012799999999999999 228 741412 5899999999999999
101 86 74 68 66 69 76 85 93 97 97 95 89 82 75 73 76 83 9511012313012912326 623TM 930 98212613099999999999999 354 661457 7399999999999999
112 98 82 69 60 57 58 65 75 85 92 96 98 96 92 88 86 89 9610611812813213026 624TM12 4 9822 913399999999999999 510 571554 8699999999999999
122110 95 77 62 52 47 49 56 68 81 92100105106103 99 97 9910511412313113426 625TM1345106225913499999999999999 612 4717 3 9799999999999999
131122108 90 71 53 42 38 41 51 65 82 9710711411511210710410511011812713426 626TM1447115235213799999999999999 7 3 38181310499999999999999
137132121105 84 62 44 33 30 36 49 67 8710411612212211711110710811312113026 627TM1531123999999999999999999999 747 30191610799999999999999
137139133119100 76 52 34 24 25 34 51 73 9511312312812511811110710811412326 628TM 04513916 812899999999999999 827 23201110799999999999999
133141142132115 92 66 42 25 18 22 35 56 8110412012812912411510810510811526 629TM 132143164113099999999999999 9 6 18205710599999999999999
126138145142129108 83 55 32 17 15 23 40 65 9111212512912712011010310210726 630TM 215145171213099999999999999 943 15213710299999999999999
117131142147140123 99 71 44 23 13 15 28 49 76100118127128123113103 9810026 7 1TM 2551471741128999999999999991019 132215 9899999999999999
108120135145145134114 88 60 34 18 13 20 37 61 87109122127125116105 96 9426 7 2TM 33314718 9127999999999999991053 132252 9499999999999999
 98108123137144140125103 76 49 28 17 18 30 50 75 99116125126119108 97 9026 7 3TM 4101441836126999999999999991124 162329 8999999999999999
 90 97109124136139131115 92 66 42 27 22 28 44 66 90110122126122113100 8926 7 4TM 44813919 1126999999999999991154 22999999999999999999999
 85 87 95108122131131121104 83 60 41 32 33 43 60 82104119126125117105 9126 7 5TM 529132192312699999999999999 0 8 851223 3199999999999999
 82 79 83 92104117124122112 96 77 59 46 43 48 60 78 98116126127122111 9726 7 6TM 616124194412899999999999999 053 791252 4399999999999999
 83 75 73 77 86 98109115113105 92 78 65 58 59 66 79 9611312513012711910526 7 7TM 71411520 613099999999999999 147 731323 5899999999999999
 89 76 68 65 68 77 88 99105106101 94 84 77 74 77 85 9711112413213312711526 7 8TM 832106203413499999999999999 254 651358 7499999999999999
100 83 69 59 55 57 65 77 89 97101102100 95 92 91 9510211212313313713512626 7 9TM1039102211013899999999999999 4 9 551440 9199999999999999
113 97 78 61 49 43 44 51 64 78 9110010610910810710610911512313113914113826 710TM1322109215714199999999999999 523 43153810699999999999999
128114 96 75 54 38 30 30 38 52 70 8810211211912011911711912312913614214526 711TM145312023 114599999999999999 631 2917 211799999999999999
142132117 96 71 46 28 18 17 26 43 66 8810611912712812612312312613113714526 712TM1545129999999999999999999999 733 16182912299999999999999
150148137120 96 67 39 18  7  7 18 39 66 9111212513213212612112012312813726 713TM 014150162613399999999999999 829  6194312099999999999999
147155153142122 95 63 32 10  0  2 16 41 71 9811712913413012211511411712426 714TM 12115517 213499999999999999 920  0204411399999999999999
135149158156143122 92 58 26  6 -1  3 21 49 8110612313113212411210410410826 715TM 22015917341339999999999999910 6 -1213610399999999999999
118133150159155141118 87 52 23  6  3 12 33 64 94116127131127114100 92 9326 716TM 31215918 0131999999999999991045  32223 9299999999999999
100112130148155149134111 80 47 23 13 15 27 52 82109124130129119102 87 8126 717TM 4 21551818131999999999999991119 122310 8199999999999999
 83 92106126142146139124101 73 46 29 25 32 48 74102122131131124109 90 7626 718TM 4501471829132999999999999991149 252357 7299999999999999
 72 76 85101119132134126112 93 69 49 40 42 53 71 96119133135130117 99 8026 719TM 5391351845136999999999999991216 39999999999999999999999
 68 66 70 80 95111121121114102 87 69 57 55 62 75 93115132139136126110 9126 720TM 63012219 813999999999999999 048 661243 5599999999999999
 74 64 62 66 75 88101109109104 96 86 75 70 73 81 9511112813914013312010426 721TM 729109193814199999999999999 144 621311 7099999999999999
 86 71 62 60 63 70 81 92 98100 98 95 90 86 85 90 9811012313514113812911626 722TM 855100201214199999999999999 252 601339 8599999999999999
100 83 69 60 57 58 64 74 83 91 95 98 99 99 98 9910311012012913713913512626 723TM1218 99205213999999999999999 411 5714 7 9899999999999999
113 98 82 68 58 53 53 58 67 77 87 9610210711011011011211712313013513713326 724TM2146137999999999999999999999 530 52999999999999999999999
124113 98 82 66 54 47 46 51 61 74 8810011011711911811611611912312913313526 725TM15 811923 213599999999999999 636 46173511699999999999999
133126113 97 79 61 47 39 39 46 59 75 9310811912512512211711511612112713326 726TM1535125999999999999999999999 730 3819 611599999999999999
137136128114 95 73 53 38 31 33 43 60 8110111712612912712011311111211812626 727TM 02013716 112999999999999999 815 3120 711199999999999999
135141139129111 89 65 43 28 24 30 44 65 8911012413113012311410710410811626 728TM 120141162413199999999999999 854 24205110499999999999999
128139145141127106 80 53 32 21 21 31 51 76101120130132127116105 98 9810526 729TM 2 7145164513299999999999999 929 192129 9799999999999999
117132144148140122 97 68 42 24 17 23 38 62 89112127132129119106 94 90 9326 730TM 24914817 61329999999999999910 2 1722 4 9099999999999999
104119136147146134113 85 57 33 20 20 31 52 78104123132131123108 93 84 8226 731TM 3281481726133999999999999991032 182238 8299999999999999
 90104122139146141125102 74 47 29 23 29 45 70 97119131133127113 95 81 7426 8 1TM 4 61461744134999999999999991058 232311 7499999999999999
 77 88105124139142133115 91 65 43 33 34 45 65 90114130135131119101 82 7026 8 2TM 44414218 0135999999999999991123 322346 6799999999999999
 67 73 86105124135134123106 84 61 47 43 51 65 87110129137135125108 88 7026 8 3TM 5261361815138999999999999991146 43999999999999999999999
 61 62 70 85103120127124114 99 80 64 57 60 71 88108127139140131117 97 7626 8 4TM 611127183414199999999999999 024 601210 5799999999999999
 61 55 58 67 81 98112117115107 95 83 74 73 81 93108125139144138126108 8826 8 5TM 7 6118185714499999999999999 1 9 551234 7299999999999999
 69 56 51 54 62 75 90102107106103 97 91 88 9210011212513714514413512110326 8 6TM 820107192614699999999999999 2 6 511256 8899999999999999
 84 66 54 48 49 55 66 79 90 9710110210210210310911612513514314614313311926 8 7TM20 2146999999999999999999999 324 48999999999999999999999
102 84 67 53 44 42 45 54 67 79 90 9910611111411712112613213814314414113326 8 8TM2053145999999999999999999999 458 42999999999999999999999
121106 88 69 51 39 33 34 42 55 71 8710111212012412512612813113513914214226 8 9TM2226142999999999999999999999 623 32999999999999999999999
137127113 93 70 48 32 23 23 32 48 69 8910712012812912712412312512813414126 810TM1547129999999999999999999999 731 22185312399999999999999
145143135119 97 69 43 24 14 15 27 47 73 9711512713212912211511311411912926 811TM 01714516 613299999999999999 825 1320 911399999999999999
141149150141123 97 66 37 18 10 14 29 55 84108124132131123110101 9910211026 812TM 132151162813399999999999999 910 102056 9999999999999999
125142153153142122 93 60 31 15 12 20 40 70 99120131133126111 95 85 84 9026 813TM 229155164613399999999999999 948 112136 8499999999999999
103123144154152139117 86 54 29 19 21 34 59 90116131135130116 96 78 70 7226 814TM 3181551656135999999999999991019 182215 7099999999999999
 82 99122143151145131108 78 50 32 29 37 55 82111132138135123103 80 63 5926 815TM 4 415117 5138999999999999991046 282254 5999999999999999
 64 77 97121139143135121 99 72 50 41 45 58 79106130142140130113 89 66 5326 816TM 4481431721143999999999999991110 412333 5199999999999999
 52 60 75 96118131132123110 91 70 57 56 65 81103126143146138122101 77 5726 817TM 5321331743147999999999999991134 55999999999999999999999
 48 51 60 76 96113121120112101 86 73 68 74 86102122140148144131112 90 6826 818TM 61812218 914899999999999999 014 481158 6899999999999999
 53 49 53 62 76 93106111109104 96 88 82 83 91104119134145147138122103 8326 819TM 710111183814899999999999999 059 491221 8199999999999999
 65 55 52 56 64 76 88 98102102100 97 94 93 98106117129139144141130115 9826 820TM 82610219 814499999999999999 151 521235 9399999999999999
 81 67 58 55 57 63 72 82 90 95 9810010210310511011612413213713913412411126 821TM1942139999999999999999999999 3 2 55999999999999999999999
 97 83 70 62 57 56 60 66 75 84 92 9910511011311511712012512913213212812126 822TM2030132999999999999999999999 438 56999999999999999999999
111 99 86 73 62 54 51 53 60 69 81 9310411211812012011911912012312612712626 823TM1519120221312799999999999999 6 6 51173411899999999999999
122114103 88 73 58 48 44 46 54 67 82 9811212012412311911511211311612112626 824TM1518124999999999999999999999 7 9 44191311299999999999999
129127118105 87 68 51 39 36 40 52 69 8910812012712712111310610310511112026 825TM 0 8129153012899999999999999 754 3620 310399999999999999
129134132121104 82 60 41 30 30 39 56 78100118128130124114102 94 93 9810926 826TM 113134154413099999999999999 832 292040 9399999999999999
123135140135120 99 73 49 32 25 30 44 66 91114127132127116101 88 82 84 9426 827TM 2 1140155913299999999999999 9 4 252113 8299999999999999
110128141143134116 91 63 40 27 26 37 56 82108126134131120103 85 73 71 7826 828TM 243144161413499999999999999 934 252144 7099999999999999
 93114134145143130108 81 54 36 29 35 51 75102124135135125107 85 67 59 6226 829TM 32314616281369999999999999910 1 292214 5999999999999999
 74 95119138145139123100 73 50 38 39 50 71 97121136139131114 91 67 52 4926 830TM 4 21451642139999999999999991025 372245 4999999999999999
 57 74 98122138141132115 92 68 52 48 55 71 93118137143137122 99 73 52 4126 831TM 4411411656143999999999999991047 482318 4199999999999999
 44 55 75100123134133123107 87 69 61 64 76 94116136146143130110 84 59 4126 9 1TM 52313517151479999999999999911 9 612354 3699999999999999
 36 42 56 77101119126123114101 86 75 75 84 98115134147149139121 98 73 5026 9 2TM 6 81261737150999999999999991131 74999999999999999999999
 37 36 43 57 76 97111115113107 98 90 87 92103117131145151146131112 90 6726 9 3TM 7 411518 415199999999999999 037 351151 8799999999999999
 48 38 38 44 56 72 88 99104104103100 98100108119130140148148140125107 8726 9 4TM 844104183414999999999999999 131 3712 4 9899999999999999
 67 52 43 41 44 52 64 77 87 94 9910210510711212012713414114414213312110626 9 5TM1911144999999999999999999999 252 41999999999999999999999
 90 74 59 48 42 41 45 54 66 78 88 9810611211712012412813113413613513012226 9 6TM20 9136999999999999999999999 446 41999999999999999999999
112 98 82 66 51 40 35 37 45 58 74 8910211312012212212112112112312612912926 9 7TM1520122224513099999999999999 616 35181412199999999999999
127120108 90 70 50 36 28 30 40 57 76 9511112112512211611010710611011712626 9 8TM15 3125999999999999999999999 720 28193610699999999999999
133134129116 95 70 47 31 24 28 41 63 87107121127125116103 94 89 91 9811126 9 9TM 043135151712799999999999999 8 8 242016 8999999999999999
127138141135119 95 66 42 28 25 33 51 77102120129129120103 86 75 72 77 8926 910TM 148141153013099999999999999 846 242050 7299999999999999
109130143145136118 91 61 39 30 32 45 68 96120132133125109 86 66 57 58 6726 911TM 238145153813499999999999999 917 292123 5699999999999999
 85110133145143132112 84 57 41 38 46 64 90117135139132117 93 67 48 43 4926 912TM 323146154813999999999999999 944 382156 4399999999999999
 63 86114135142138125104 78 57 48 52 65 86113135144139125103 76 50 36 3626 913TM 4 514216 51449999999999999910 8 482230 3499999999999999
 45 64 90116133136130117 97 75 61 61 70 86108132147146134114 88 60 38 3026 914TM 4451371628148999999999999991032 6023 4 3099999999999999
 35 48 69 94117128128121108 91 76 71 76 89106127145150142124100 74 49 3326 915TM 5261291653150999999999999991057 712340 3099999999999999
 31 39 54 75 98114121118112101 89 82 83 92106122139149146133112 88 64 4426 916TM 6 91211719150999999999999991122 81999999999999999999999
 35 37 46 61 80 97109112110105 98 92 90 96106119132143146138121101 79 6026 917TM 659112174614699999999999999 019 341143 9099999999999999
 46 41 44 53 66 81 94101104103101 99 98100107116126135140137127112 94 7626 918TM 814104181414099999999999999 1 3 411154 9799999999999999
 61 52 49 51 58 67 78 87 94 98100102103105109114120126131132127118105 9126 919TM1843132999999999999999999999 2 1 49999999999999999999999
 78 66 59 55 54 58 64 72 81 89 9610110611011211411611812112312211911310426 920TM1922123999999999999999999999 334 54999999999999999999999
 93 83 72 63 56 53 54 59 67 77 87 9810711311611611411211111211311411411226 921TM1435116212811499999999999999 518 5318 111199999999999999
107 99 88 76 64 53 48 48 53 63 77 9210511411911911510810210010110410911426 922TM1429119235711699999999999999 629 47191110099999999999999
116113104 92 76 60 47 41 43 51 65 83101114122122117107 96 89 87 91 9910926 923TM1435123999999999999999999999 717 411947 8799999999999999
119123119109 92 73 54 41 37 42 55 74 95113124126120108 93 80 73 75 83 9726 924TM 1 5123144612699999999999999 755 372018 7399999999999999
113126130124110 89 67 48 37 38 48 66 88110125130125111 93 74 61 58 65 8026 925TM 155130145913099999999999999 828 362048 5899999999999999
100121134136126108 85 61 45 40 45 60 82106125133130117 97 73 53 44 46 5926 926TM 238136151213499999999999999 858 402117 4399999999999999
 81107129139137125104 80 59 48 49 60 79103125137137125104 77 51 34 30 3926 927TM 320140152613899999999999999 924 472147 3099999999999999
 58 85113134141135121100 77 61 57 64 79100124140143133114 87 57 32 20 2326 928TM 4 1141154214499999999999999 949 572219 2099999999999999
 36 60 90118134137130115 95 77 68 72 83 99121141149142125101 70 40 19 1426 929TM 44413816 3149999999999999991011 682253 1499999999999999
 21 38 64 95119130130123109 93 81 80 88102119138151150136114 87 56 29 1526 930TM 5281311627152999999999999991034 792331 1399999999999999
 14 24 43 68 95114121120114104 93 89 94105118134148153145127103 76 48 272610 1TM 6201211655153999999999999991057 89999999999999999999999
 17 20 30 47 70 92105110110108102 97 98107117129141149148136117 95 71 482610 2TM 737111172515099999999999999 015 171119 9699999999999999
 32 26 28 36 50 68 84 94100103104102102107115124132140143139127110 92 732610 3TM 95210418 014399999999999999 111 25113310299999999999999
 55 42 35 35 39 49 63 76 86 93 99104106108113118123127131132128119107 952610 4TM1843132999999999999999999999 236 35999999999999999999999
 80 65 53 44 40 40 46 57 70 81 921011081111121131141141151171181171141092610 5TM2014118999999999999999999999 427 39999999999999999999999
101 90 76 62 50 41 39 44 54 69 83 97107113115112107102 99 981011061111142610 6TM1344115233511599999999999999 551 391843 9899999999999999
115110100 85 67 51 41 38 44 57 74 92106116119115105 94 85 80 80 86 971092610 7TM1356119999999999999999999999 650 381928 7999999999999999
118122119108 90 69 51 41 41 49 65 86105118123120110 93 76 64 61 64 75 932610 8TM 1 4122141012399999999999999 735 4020 2 6199999999999999
111124129125112 91 68 51 45 48 60 80102120128127117 98 75 55 45 44 53 702610 9TM 2 2129142012999999999999999 810 442034 4499999999999999
 94116130133127111 89 67 54 52 59 75 98120133134125108 82 55 36 30 34 48261010TM 249133143413599999999999999 840 5121 4 3099999999999999
 71 99122134134126108 86 67 60 63 75 94117136141134117 93 64 37 22 21 30261011TM 332135145414199999999999999 9 7 602134 2099999999999999
 49 77107127134132121103 83 70 70 78 92112133145142127105 76 46 23 14 19261012TM 412134151814699999999999999 934 6922 6 1499999999999999
 33 56 86113128131126115 98 83 77 81 92108128144148137116 90 60 33 16 14261013TM 45113115441489999999999999910 2 772239 1399999999999999
 23 41 66 94115125125119108 95 85 85 93106122139148143127103 76 48 26 16261014TM 5301261612148999999999999991030 842313 1699999999999999
 19 32 51 76 99114119118112103 94 90 94104117131143144134114 90 64 41 25261015TM 6111201639145999999999999991057 902349 2299999999999999
 22 28 42 61 82100110112111106100 95 96102112124134140136122102 79 58 40261016TM 7 111217 7140999999999999991123 95999999999999999999999
 31 31 38 51 68 84 97104106105103100 99102108116125131131124110 92 73 56261017TM 812106173513299999999999999 029 301144 9999999999999999
 44 39 40 46 57 70 82 92 98102103103102103106110115120123120113101 87 72261018TM18 4123999999999999999999999 118 38999999999999999999999
 60 51 46 46 51 59 69 79 88 96101104105106106106107109111112110104 96 86261019TM1846112999999999999999999999 229 46999999999999999999999
 75 66 58 52 50 52 58 67 77 88 97104108109108105101 99 98 99101101100 97261020TM1257109205710199999999999999 4 5 501745 9899999999999999
 90 82 72 63 55 50 51 57 66 79 91103110113112106 98 90 85 84 87 92 97101261021TM13 6113233610299999999999999 525 501843 8499999999999999
102 98 89 78 66 55 49 50 58 70 85100112117116109 98 85 74 68 70 77 88 99261022TM1321118999999999999999999999 622 491917 6899999999999999
108110106 96 82 67 55 50 53 64 79 97112121122115100 83 65 54 51 57 71 88261023TM 053110133612299999999999999 7 6 501948 5199999999999999
105117120114101 84 67 56 54 61 75 93111124128122107 85 62 43 34 36 49 69261024TM 149120135212899999999999999 743 542018 3499999999999999
 93114126127119104 85 69 61 63 74 90110127134130116 93 65 39 22 18 26 44261025TM 23812814 913499999999999999 816 612050 1899999999999999
 72101122133132122105 86 73 70 76 89108127140140127106 76 44 18  5  7 20261026TM 325134142914299999999999999 845 702123  499999999999999
 45 77108128135132121104 87 80 82 92106126142148139120 92 59 26  3 -4  3261027TM 411135145314899999999999999 913 792159 -499999999999999
 21 49 83112128132129117102 90 88 95107122140152150134110 79 44 13 -4 -6261028TM 5 1132152115399999999999999 939 882237 -799999999999999
  4 25 55 88112123126122112100 94 98107119134149154145125 99 68 35  9 -3261029TM 55612615531559999999999999910 7 942320 -399999999999999
 -1 11 32 61 89107115118115107100 99105115127140150150137115 90 61 32 12261030TM 7 21181628152999999999999991036 98999999999999999999999
  5  8 20 39 64 86100107110109104100103110119128139144140126107 84 60 37261031TM 81611017 614499999999999999 0 8  511 910099999999999999
 22 17 20 29 46 66 83 94101105105103101104110116123130132127115100 83 632611 1TM 934106175113299999999999999 1 4 17115010199999999999999
 46 34 29 31 37 50 67 81 92 99104105103102103105107111115117113106 97 852611 2TM1047105185211799999999999999 217 2913 710299999999999999
 71 57 47 41 40 44 55 69 83 93102106107104100 96 94 93 94 98101103101 982611 3TM113710721 210399999999999999 343 4017 0 9399999999999999
 91 81 69 58 50 47 50 60 74 88100108111110103 94 85 78 74 75 81 89 961012611 4TM1210111235210299999999999999 459 471817 7499999999999999
102 99 91 78 66 57 54 57 68 83 98110116116110 98 83 69 59 55 58 68 81 952611 5TM1234117999999999999999999999 558 5419 4 5599999999999999
105109108 99 85 71 62 60 66 78 94110121124119107 88 67 50 40 39 45 60 802611 6TM 116110125412499999999999999 645 601941 3899999999999999
 98111117115105 90 75 68 68 76 90107123130128117 99 74 49 32 24 27 39 592611 7TM 216117131613199999999999999 725 672014 2499999999999999
 84106119124120108 92 78 74 78 87103121134136128111 86 58 32 17 14 21 392611 8TM 3 5124134113799999999999999 8 0 742045 1399999999999999
 65 92114125127122108 92 82 81 87 99116133141137122100 71 40 17  7  9 222611 9TM 348128141014199999999999999 834 802116  699999999999999
 45 74102120128128120106 92 86 89 97111128141144133112 86 55 26  8  4 11261110TM 428129144014499999999999999 9 8 862148  399999999999999
 29 55 85110123128125116102 92 90 96107121136145141124100 71 41 16  4  6261111TM 5 5128151114599999999999999 941 902222  499999999999999
 18 39 66 94114123124119110 99 93 95103114129141143133112 86 58 31 13  7261112TM 5421241542144999999999999991014 922256  799999999999999
 13 28 51 77100114119118113104 96 94 99108120133140136122100 74 48 26 14261113TM 6211191614140999999999999991047 942332 1299999999999999
 13 23 40 61 84101111114112107100 95 96102112122132134126110 88 64 42 26261114TM 7 41141645134999999999999991121 95999999999999999999999
 19 22 33 50 70 88101108110108103 98 96 98104112120126124114 98 78 58 41261115TM 755110171712699999999999999 010 191159 9699999999999999
 30 27 32 43 58 75 89100106107105101 98 97 98102108114116112103 89 73 57261116TM 852107175311699999999999999 052 271254 9799999999999999
 44 37 36 41 51 64 78 91100105107105101 97 95 95 96100103104101 94 84 72261117TM 950107184610499999999999999 139 361446 9599999999999999
 60 51 45 45 49 57 69 82 94102107108105100 95 90 86 86 88 91 93 93 91 85261118TM10411082031 9499999999999999 240 441644 8699999999999999
 76 67 59 54 52 55 63 75 88 99107111111105 97 88 79 73 71 74 79 86 91 92261119TM111911223 0 9299999999999999 354 521752 7199999999999999
 90 85 77 69 63 60 63 71 82 95107114116112103 89 75 62 55 54 60 70 82 93261120TM1149116999999999999999999999 5 3 601836 5399999999999999
 99100 96 88 78 71 68 71 80 92106117122120111 95 76 56 42 35 38 48 65 84261121TM 041100121512299999999999999 6 0 681913 3599999999999999
 99109111107 98 86 78 76 81 91104118127129122106 84 58 35 21 17 24 41 64261122TM 151111124112999999999999999 647 761950 1799999999999999
 89108119121116105 93 86 86 92103117131137133120 98 69 39 15  2  3 15 38261123TM 24812113 913799999999999999 729 852028  199999999999999
 67 95115126128121109 98 93 95103115130142145135115 87 54 21 -2-10 -6 11261124TM 341128134214599999999999999 8 6 9321 8-1199999999999999
 38 72101120129130122110101 99104113126142151148133108 76 40  8-12-17 -8261125TM 434130141715299999999999999 841 992150-1799999999999999
 12 43 77104121128127119108102104110121135149155147127100 66 30  1-15-16261126TM 528129145615599999999999999 9161022234-1799999999999999
 -5 17 49 82105118124122114105102106114125139152153141120 92 59 25  0-11261127TM 621124153715499999999999999 9531022320-1199999999999999
 -9  3 27 57 85104114118116108101100105114125138148146132111 85 54 25  6261128TM 7121181621148999999999999991035 99999999999999999999999
 -1  2 15 38 65 88103111113110102 96 97102109120131138134120102 80 54 30261129TM 75911317 813899999999999999 0 7 -11125 9699999999999999
 16 12 17 30 50 74 92103109110105 97 92 92 96101110119123119109 94 77 56261130TM 84111018 212399999999999999 054 121229 9199999999999999
 39 29 27 32 45 63 82 97106110108102 93 87 85 86 89 95103107105 99 90 772612 1TM 917110191110799999999999999 143 2714 8 8599999999999999
 63 50 43 43 48 59 75 92104110112109100 90 81 76 73 74 79 86 91 93 92 892612 2TM 94911221 6 9399999999999999 236 421616 7399999999999999
 82 72 63 58 57 62 72 87101111116115109 99 86 73 64 59 58 63 71 80 87 912612 3TM10211162351 9299999999999999 335 571737 5899999999999999
 92 89 83 76 71 70 74 84 97110119122118110 96 79 63 50 43 43 49 61 74 862612 4TM1058122999999999999999999999 438 701833 4299999999999999
 95 99 99 94 86 81 80 85 94106118126126121109 91 70 50 35 29 31 40 56 742612 5TM 129100113712799999999999999 538 801918 2999999999999999
 90102109109103 94 88 88 93102114125131130120104 82 57 36 22 18 23 37 572612 6TM 232110121813299999999999999 634 871956 1899999999999999
 80 99111118116109 99 93 93 99108120132136131117 97 71 44 22 11 11 20 392612 7TM 321118125813699999999999999 725 932031 1099999999999999
 64 89108120124120110100 96 97104114127137139129111 87 58 30 11  5  9 232612 8TM 4 2124133813999999999999999 811 9521 6  499999999999999
 46 74 99116125126120109 99 97100108120133141138124102 75 45 19  4  2 112612 9TM 439126141614299999999999999 854 972140  299999999999999
 30 56 85107121126124115104 97 97102112125138142134116 91 62 33 11  1  4261210TM 513126145314299999999999999 933 962215  199999999999999
 18 40 68 94113122123119109 99 94 97104116130140139127105 78 49 23  7  3261211TM 5451241528141999999999999991010 942249  399999999999999
 10 28 52 79101115120119112102 94 92 97107120132138132116 93 66 39 18  7261212TM 61712116 3138999999999999991047 922323  699999999999999
  8 20 40 64 88106115117113105 96 90 91 97108120130131122104 81 55 32 17261213TM 6491181638132999999999999991125 902356 1299999999999999
 12 18 32 53 76 96109115114108 99 91 88 90 97107118124121110 92 70 48 30261214TM 72111517141249999999999999912 6 88999999999999999999999
 21 21 30 46 66 87102112114111103 94 87 85 88 94103111114110 98 82 63 46261215TM 754114175511499999999999999 028 201256 8599999999999999
 33 29 33 44 60 79 96108114113108 98 89 83 81 83 88 95102103 99 90 77 62261216TM 826114184810399999999999999 1 0 2914 3 8199999999999999
 50 42 42 47 58 73 90104113115112105 94 84 77 73 74 78 84 91 93 92 86 77261217TM 85711520 7 9399999999999999 136 411527 7399999999999999
 67 59 55 56 62 72 86100111117117111101 89 77 68 62 61 64 72 80 86 88 87261218TM 9271182211 8899999999999999 218 551644 6099999999999999
 83 78 73 70 71 77 86 98110118121119111 98 83 67 54 47 45 50 59 71 82 90261219TM10 1121999999999999999999999 313 701746 4599999999999999
 94 94 91 87 85 85 90 98108118125126121110 94 75 55 38 29 28 35 48 65 82261220TM 037 94104112799999999999999 423 841839 2799999999999999
 95103106105101 97 97101108117126132132124110 89 65 40 21 12 12 22 40 63261221TM 210106112713399999999999999 533 961928 1199999999999999
 85102113117116110105105109115124134140138127109 84 54 26  6 -3 -1 13 36261222TM 313117121714099999999999999 6361052016 -499999999999999
 64 89108120124122115110109113120130141147143129107 77 44 13 -7-14 -9  8261223TM 4 512413 914799999999999999 73210921 4-1499999999999999
 36 67 94113124127123114109110115123135147153146129104 71 35  4-14-19-11261224TM 45212714 015399999999999999 8221092152-1999999999999999
 10 41 74100116125126119110105107113123137151155146126 99 64 27 -1-16-18261225TM 535127144915599999999999999 9111052236-1899999999999999
 -6 17 50 82104118123121111101 98101108120137150152141120 92 58 23 -1-12261226TM 614124153815399999999999999 959 982318-1299999999999999
 -9  5 31 63 91109118120114102 92 89 93102116133144143131111 84 52 23  4261227TM 6471201626146999999999999991048 892355 -199999999999999
 -1  5 22 49 78101113118116106 92 82 81 85 95109124133131119101 77 50 27261228TM 7121181716134999999999999991140 80999999999999999999999
 15 15 25 43 68 94110117117111 97 83 74 73 77 86 99112119116106 91 72 51261229TM 73011818 911999999999999999 029 141238 7299999999999999
 36 31 35 46 65 87107118120116106 90 76 67 66 69 76 87 98103101 94 84 71261230TM 747121191110399999999999999 1 1 311347 6599999999999999
 57 49 49 56 69 86105120126123115102 85 70 61 58 59 64 73 83 88 89 86 82261231TM 8 91262037 8999999999999999 129 481514 5799999999999999
