 41 74109138156161153138119104 97100113132151164166153126 89 48 13 -9-1326 1 1TS 4521611538167999999999999991012 972242-1399999999999999
  2 33 73114147167172162143121103 95 98113135156170171155123 81 36 -1-2326 1 2TS 5481721633172999999999999991112 942333-2699999999999999
-24 -4 33 78122157176177163140115 96 89 96115140163177175155119 72 26-1226 1 3TS 63417917241789999999999999912 0 89999999999999999999999
-30-27 -1 40 88133165180176157131105 87 84 95118145169181175151111 63 1726 1 4TS 717181181318199999999999999 021-321244 8399999999999999
-17-30-20 10 54102144171179169146118 93 79 80 96121149171179170142101 5426 1 5TS 75617919 017999999999999999 1 5-301326 7899999999999999
 13-15-21 -5 29 74118153173173157131104 82 73 79 98124150168172159129 8926 1 6TS 831175194517399999999999999 147-2114 6 7399999999999999
 48 14 -5 -3 18 54 95133160170163143116 91 74 70 8010012514716116014411526 1 7TS 9 4170202916299999999999999 225 -71447 7099999999999999
 80 46 21 12 21 45 80115145162163150128103 82 70 69 8110012113914814512926 1 8TS 935164211414999999999999999 3 1 121531 6899999999999999
103 75 50 36 34 48 73103131151159154137115 93 76 67 69 80 9711512813412926 1 9TS10 515922 413499999999999999 334 331618 6799999999999999
116 97 76 61 54 58 74 96120140152153144126106 86 72 66 68 77 9110511612026 110TS103615423 912099999999999999 4 7 541715 6599999999999999
118109 97 84 76 74 80 94112129142148146135119100 82 69 63 63 70 81 9410426 111TS1111148999999999999999999999 443 741825 6299999999999999
111113110103 97 92 92 97107119131140143139129114 97 79 65 57 56 61 71 8426 112TS 050113115814399999999999999 533 911943 5599999999999999
 97108115117115110106104106112120129136139136127112 94 75 59 48 45 50 6126 113TS 25711713 313999999999999999 7 21042054 4599999999999999
 78 96111123128127121115109107110117126134139137128111 90 68 48 36 32 3926 114TS 418128141613999999999999999 8541072149 3299999999999999
 55 77101121134139136127116107103105114125136143141129109 83 56 34 21 2126 115TS 5 513915181439999999999999910 81032233 1999999999999999
 33 55 83111133146148140126111100 96101114129143149145129103 72 41 18  826 116TS 53914916 8149999999999999991054 962311  899999999999999
 13 32 61 95125147156151137118101 90 90101119138152157147125 92 56 24  326 117TS 6101561650157999999999999991130 892346 -299999999999999
 -1 11 38 74110140158160149128106 89 82 88105128149162162145115 77 38  826 118TS 63916117281649999999999999912 2 82999999999999999999999
 -7 -4 17 52 92128154165159140115 91 77 77 90113139160169162138102 60 2226 119TS 7 716518 516999999999999999 020 -91233 7599999999999999
 -4-11  1 31 71112145165166151126 99 77 68 75 95122149168171157127 86 4426 120TS 735168184217299999999999999 052-1213 5 6899999999999999
 10 -9 -7 15 51 93132159169162139110 83 66 63 77102131157171168147112 7126 121TS 8 3169192117299999999999999 124-101339 6299999999999999
 32  5 -4  7 36 75116149168168151124 93 69 57 61 80107137159167159134 9826 122TS 83117020 116799999999999999 156 -41415 5799999999999999
 60 28 10 10 29 61100136160169160138108 78 58 52 61 8211013715515914712126 123TS 859169204516099999999999999 229  81455 5299999999999999
 88 56 33 24 32 54 87121149164164149123 93 67 51 48 60 8210813214614713526 124TS 929166213514999999999999999 3 2 241540 4799999999999999
112 86 62 47 45 57 80108135155162155136110 82 59 46 46 57 7710112113313526 125TS10 0162223813699999999999999 338 441632 4499999999999999
126109 91 75 67 69 81100123142154155145126101 76 55 43 42 51 68 8810611926 126TS1036156999999999999999999999 419 661738 4199999999999999
125122113103 93 89 91100113128141148147138121 99 75 54 40 35 40 53 71 9126 127TS 0 8125112414999999999999999 513 8819 0 3599999999999999
108119125124119113108106110117126136142143137123102 78 54 35 24 25 35 5426 128TS 221125123914399999999999999 6491062029 2399999999999999
 77101121133138136129120113110112120129139144142130109 81 52 26 10  7 1826 129TS 4 9138141514599999999999999 9 41102144  799999999999999
 40 70101128146153150138123110102103112126141151152140116 83 47 15 -5 -826 130TS 5 815315341539999999999999910261022242 -999999999999999
  5 34 71109140160165156138117 99 90 93106127148162164149119 80 37  2-1826 131TS 5501651636165999999999999991117 892331-2199999999999999
-18  1 37 81123155171170154129103 84 77 85106132158173172153117 72 26 -926 2 1TS 6261731728175999999999999991157 77999999999999999999999
-25-19  9 51 98139168177168144113 85 68 67 82109140167180174149108 60 1626 2 2TS 659177181418099999999999999 014-261234 6599999999999999
-14-23 -8 26 72119156176175157126 93 68 56 62 84116148172180169138 95 4826 2 3TS 729178185618199999999999999 052-2313 9 5699999999999999
 10-11-10 14 53 98140168177166139106 74 54 50 63 90123153172174156122 8026 2 4TS 756177193517599999999999999 127-131343 4999999999999999
 40 12  2 13 43 83124157173170150119 85 59 46 49 68 9712815316516013910626 2 5TS 821174201316599999999999999 158  21417 4599999999999999
 69 39 22 23 42 74111144165170157130 99 69 49 44 53 7510212914715314312126 2 6TS 844170205215399999999999999 227 201452 4499999999999999
 93 65 45 40 49 72103133156165159139111 82 59 46 47 59 8010412513713812726 2 7TS 9 6165213213999999999999999 253 391528 4599999999999999
108 86 68 59 62 76 98124145157157145123 97 72 55 48 52 64 8310211712412326 2 8TS 929159222112599999999999999 318 5916 9 4899999999999999
114101 88 79 77 84 98117134147151145130110 88 69 56 52 56 66 80 9410511226 2 9TS 954151233711399999999999999 343 7717 2 5299999999999999
112108102 96 93 95102112125135141140133120103 86 71 60 55 56 63 73 84 9426 210TS1025142999999999999999999999 411 931818 5599999999999999
103108110110109108109112117124129132131126116104 89 75 62 54 51 54 62 7326 211TS 226110111813299999999999999 5 610820 1 5199999999999999
 86100111118122122119116114114116120124126125119109 94 77 60 47 41 42 5026 212TS 425122131612699999999999999 8311142123 4099999999999999
 66 85104120131134131124115108105107113122129131127115 96 74 52 35 27 2926 213TS 45913414551319999999999999910 61052216 2699999999999999
 43 65 91115134144143134120106 96 94100112126138142136119 93 64 37 19 1326 214TS 5261451555142999999999999991046 942256 1399999999999999
 21 42 72104132149154146129108 91 83 85 98118137151153142117 84 49 20  426 215TS 5511541641154999999999999991117 822330  199999999999999
  4 21 51 88123149161157140116 91 75 71 81103129152164161142109 70 32  426 216TS 6151621720165999999999999991145 71999999999999999999999
 -6  3 30 69110144165168153127 96 72 59 63 83112143166174164136 97 53 1626 217TS 639169175817499999999999999 0 2 -61215 5999999999999999
 -5 -6 14 49 93134163174166141107 74 53 48 61 89124156176178160125 81 3926 218TS 7 4174183718099999999999999 033 -91246 4799999999999999
  7 -5  5 34 75119155175175155121 84 53 37 41 63 98135165180175150112 6826 219TS 729178191618199999999999999 1 4 -51319 3699999999999999
 30  8  6 26 61104143171179166137 99 62 36 28 40 69106142168177166137 9926 220TS 754179195717799999999999999 135  41354 2899999999999999
 60 31 19 27 53 90129160176173151116 77 44 25 25 43 7411114316416715212426 221TS 819177204016899999999999999 2 6 191431 2399999999999999
 91 61 42 40 55 82116147168172159132 96 61 34 22 27 47 7811113815215213826 222TS 846173212915499999999999999 238 391512 2299999999999999
115 90 70 61 65 82107134155165161143115 82 53 32 25 31 51 7710412513713726 223TS 913166222913899999999999999 311 6116 1 2599999999999999
127112 96 86 83 90105124141153156147129105 78 54 37 30 35 49 70 9110912026 224TS 944156999999999999999999999 346 8317 4 3099999999999999
124122116109104104109118129138144144136122104 82 61 45 36 35 43 57 74 9226 225TS 0 6124102714599999999999999 4341041835 3499999999999999
107118125126125122119118120123128132134132125111 93 72 52 37 29 30 41 5826 226TS 25612612 513499999999999999 6531182022 2899999999999999
 80102121134140139133124116111110114122130136135125106 82 55 33 18 16 2726 227TS 421141142213699999999999999 9381102141 1599999999999999
 48 76106131148154149136119104 95 94103118134146149139117 86 52 23  6  426 228TS 5 01541544149999999999999991032 932236  399999999999999
 19 48 83119147162163150128104 85 76 81 97121144160163149121 83 43 12 -426 3 1TS 5311641640164999999999999991110 762319 -599999999999999
  0 22 58100137163172163141111 83 64 61 73 99129157173172152117 73 32  326 3 2TS 6 01721727175999999999999991143 602356 -699999999999999
 -6  6 37 79122157175174154123 88 60 47 52 73106141168181173146106 61 2326 3 3TS 62617718 8181999999999999991214 46999999999999999999999
  2  2 24 61105145172179166136 99 64 41 36 51 80117152175181166133 91 5026 3 4TS 650179184618199999999999999 029 -11245 3699999999999999
 20  9 20 50 91132164179174149113 74 44 29 34 56 91128159176173152117 7826 3 5TS 713180192217799999999999999 1 0  91315 2899999999999999
 44 26 27 47 81120154175176159126 87 53 30 25 39 6710313716116916013510226 3 6TS 735178195816999999999999999 127 241345 2599999999999999
 69 46 39 50 76110143167175164138102 66 38 25 29 49 7911314015715714311826 3 7TS 755175203315999999999999999 153 391415 2499999999999999
 91 68 56 59 76103133157169165146115 81 51 32 28 39 61 9011813814714212726 3 8TS 81617021 914799999999999999 218 551447 2899999999999999
107 87 73 71 81100124146160161149126 97 68 46 35 37 50 71 9511713013412826 3 9TS 837162215213499999999999999 242 711521 3499999999999999
116101 90 85 88100117135148153148132110 85 63 48 43 47 59 77 9511011912126 310TS 859153225212199999999999999 3 6 8516 4 4399999999999999
118111104 99 99104114125136142141133119101 83 67 56 52 54 63 75 88 9910726 311TS 925142999999999999999999999 332 9817 5 5299999999999999
112114113112111111114119124129131129123113101 87 74 64 58 56 60 67 77 8926 312TS 1 911410 213199999999999999 4121111848 5699999999999999
100110118122123122119117116116118120121120116108 96 83 69 58 51 50 55 6726 313TS 352123121012199999999999999 8171162038 4999999999999999
 83100116128134134128119111105104107113120125125119105 87 67 50 39 37 4526 314TS 424135143012699999999999999 9491032142 3799999999999999
 62 85109130142146139126110 97 90 91100114128138139129111 85 59 37 25 2726 315TS 4491461537140999999999999991022 892225 2499999999999999
 41 66 97126147156152137115 93 78 74 82100122142153152137110 77 46 23 1426 316TS 5121561625155999999999999991051 7423 0 1499999999999999
 23 47 80116146163165150125 95 71 58 61 79106136159169162139104 65 32 1226 317TS 53416617 7169999999999999991119 572333  999999999999999
 11 29 62102139166175165138104 70 46 40 53 81117151174180166134 93 52 2226 318TS 5581751747180999999999999991149 40999999999999999999999
  9 18 46 85128162180177154118 77 43 25 29 52 89131166185184163126 82 4426 319TS 622181182718899999999999999 0 6  91221 2499999999999999
 20 17 35 70113152178185169135 92 50 20 11 24 56 99142175189181154115 7426 320TS 64818519 918999999999999999 038 161255 1199999999999999
 43 28 35 61 98138170185179153111 66 27  5  5 27 6410914917718417214310626 321TS 714186195218599999999999999 111 281330  299999999999999
 72 50 45 59 88124157178182165131 88 46 14  0  8 34 7311414917017315813126 322TS 740183203817499999999999999 144 4514 9  099999999999999
101 77 65 68 85113142166176170147111 71 35 11  4 16 43 7811414215715714426 323TS 8 8177212915999999999999999 218 641452  499999999999999
124103 88 83 91108130151164166154129 97 64 36 18 15 26 49 7810712814014126 324TS 838167223614299999999999999 253 831543 1499999999999999
134122110103102109121136148154151139118 93 67 45 31 27 35 51 73 9411312526 325TS 912154999999999999999999999 3341011649 2799999999999999
131130126121117116119124131137140137130116 98 79 60 45 38 39 48 63 8110026 326TS 02413110 614099999999999999 4461161823 3799999999999999
116127134135133128122118117118121126129128123111 94 75 56 42 37 40 52 7126 327TS 248135122612999999999999999 8 211720 8 3799999999999999
 93115133143146141131118107101100106117128135135126109 85 61 41 31 32 4626 328TS 349146143213699999999999999 9331002123 3099999999999999
 69 97124145155154143124105 89 81 84 96115134147150140118 89 59 35 24 2826 329TS 4241561544150999999999999991014 812214 2499999999999999
 47 76110139159165156136109 84 67 62 72 93120145161162148120 86 53 29 2226 330TS 4531651635164999999999999991048 622255 2299999999999999
 32 58 93129157171168149119 87 60 46 49 68 98131158172169148115 78 45 2726 331TS 5191721719173999999999999991119 452330 2499999999999999
 27 46 78116150172176162132 96 61 38 32 45 73109144170179169142105 68 4126 4 1TS 5431771758179999999999999991149 32999999999999999999999
 31 41 67103140168180172146109 69 38 22 26 49 84123157177178161130 94 6226 4 2TS 6 6180183518099999999999999 0 1 311218 2199999999999999
 43 43 61 93129160178178158123 82 45 21 15 30 60 99137165178171149116 8426 4 3TS 628181191017899999999999999 030 411246 1599999999999999
 60 52 61 86118150173179166137 97 58 27 13 18 40 7511314716817215913410426 4 4TS 650179194417399999999999999 058 521315 1299999999999999
 79 65 66 83110140164175170147113 74 40 18 14 27 55 9012515116416114512026 4 5TS 711176201816599999999999999 125 631344 1399999999999999
 96 79 74 83103129153168169154126 91 57 31 18 23 41 7010313115015514813126 4 6TS 734170205415599999999999999 151 741415 1899999999999999
111 94 85 88100120141157163156136107 76 48 31 26 35 56 8210913014214313526 4 7TS 757163213514499999999999999 218 851449 2699999999999999
121107 97 95101114130145153152140119 94 69 49 38 38 48 67 8810912413213226 4 8TS 823154223013399999999999999 247 951529 3699999999999999
126117109105105111121132141144139127109 89 70 55 48 49 57 72 8810411612326 4 9TS 853144999999999999999999999 3231041623 4799999999999999
126124120116113113116122127131132128119106 91 77 65 57 56 60 70 82 9610926 410TS 0 3126 93813299999999999999 4301131744 5699999999999999
119126129128124120116114114116120122122119111100 86 73 63 57 57 63 76 9126 411TS 212129113412399999999999999 7201141928 5699999999999999
108123134138137130120110103101103110118124126122111 96 78 62 52 49 56 7226 412TS 314139135012799999999999999 8581012045 4999999999999999
 93115134146149143129111 96 86 84 91105121134140136122101 78 57 44 42 5326 413TS 34814915 714099999999999999 940 842137 4199999999999999
 75102129150160157141118 93 74 64 68 84107131149156150130103 73 49 36 3926 414TS 41516016 1156999999999999991013 642220 3699999999999999
 57 86119148167170157131 98 68 48 44 56 83115146167172160134100 67 43 3426 415TS 4421711648172999999999999991045 432258 3499999999999999
 44 69104140167179172148111 72 40 23 27 51 87127162182183165133 95 62 4126 416TS 5 91791733185999999999999991118 222335 3899999999999999
 40 57 89126161182184166130 85 43 13  4 18 51 96140175192187164128 90 6126 417TS 5361861818192999999999999991153  4999999999999999999999
 47 53 76111148177189180151107 59 18 -6 -6 17 57105150182194184158122 8826 418TS 6 518919 319499999999999999 012 461231 -999999999999999
 65 59 71 99133165185187168131 84 37  2-14 -7 22 6511315518118817614911826 419TS 636189195018999999999999999 049 591311-1599999999999999
 90 75 75 92119149174185178152112 66 25 -4-12  0 31 7411715317417716414126 420TS 7 8185204017899999999999999 128 731354-1399999999999999
116 96 88 93110134157174177164136 98 57 23  1 -2 12 42 7911614516116315326 421TS 743178213716499999999999999 2 8 881442 -399999999999999
135117105101107122140156166164149124 91 58 30 14 12 26 50 8111113414815126 422TS 821167224715199999999999999 2531011537 1199999999999999
145134122114111115125137147153150138118 93 67 45 31 28 37 55 7910312413726 423TS 911153999999999999999999999 3521111644 2899999999999999
143142136128120116116120126133138138132119101 80 61 47 41 45 57 76 9711726 424TS 018144103213999999999999999 53211518 6 4199999999999999
133143145141132122113108107111118126132132126113 95 76 59 49 49 58 74 9626 425TS 150145123813399999999999999 7411061934 4899999999999999
118136148151145133117103 92 89 94105119131138137126108 86 66 53 50 59 7726 426TS 249151142013999999999999999 854 892045 5099999999999999
101126146157157146127105 85 73 71 80 97118137148148136116 91 68 54 53 6426 427TS 329158153015099999999999999 940 702138 5299999999999999
 86113139158165158140114 86 64 53 56 72 97125147159158142118 91 68 56 5826 428TS 4 11651623160999999999999991017 532221 5599999999999999
 74100129155169169153126 94 63 43 38 48 73104136159169163143115 87 66 5926 429TS 42917117 7169999999999999991050 372258 5999999999999999
 67 89118147168175165141106 70 41 26 29 49 80116149169174163139109 83 6726 430TS 4551751747175999999999999991120 252331 6599999999999999
 67 82108137163177174154121 82 46 22 16 28 56 94131161176174157130102 8026 5 1TS 5211781824177999999999999991150 16999999999999999999999
 71 78 99127154173178165136 97 58 27 11 15 36 70109145169177169147120 9526 5 2TS 545178185917799999999999999 0 3 711220 1099999999999999
 80 79 93116144166177171149114 74 39 15  9 21 49 8612415517217315913611126 5 3TS 611177193317499999999999999 033 781250  899999999999999
 91 84 90108132156171173159130 93 56 26 11 14 34 6510213515916916314712426 5 4TS 63717420 816999999999999999 1 3 841321 1099999999999999
104 92 91102122144162170163143111 76 43 22 15 25 49 8111414115816115213526 5 5TS 7 4170204416199999999999999 133 901354 1599999999999999
116101 95100113132150162163150127 96 64 39 25 25 39 63 9312114215215214226 5 6TS 733164212515399999999999999 2 5 951430 2399999999999999
127112103101108122137151156152137113 86 60 41 33 37 52 7510012313914614426 5 7TS 8 6156221414699999999999999 2411011510 3299999999999999
135123113107107114125137145147141126105 82 62 48 43 48 62 8210312213514126 5 8TS 845147231814199999999999999 3271061559 4399999999999999
140133124116111110114122130136137132120104 85 68 56 52 56 68 8510312113426 5 9TS 941138999999999999999999999 43611017 1 5299999999999999
141141136128119111107108113120127130129121108 93 77 65 59 60 70 8510412226 510TS 035142111313099999999999999 6181071817 5899999999999999
137145147141130117105 97 95100109119128132129118103 86 71 62 62 70 8610726 511TS 14114713 313299999999999999 746 951934 6199999999999999
128145154154145128108 91 79 77 85 99117132142141132114 94 75 64 62 71 9026 512TS 229155142914399999999999999 843 772039 6199999999999999
114138156164160143119 92 69 57 57 71 94120142156157145124 99 77 64 63 7626 513TS 3 8164153415899999999999999 927 552133 6299999999999999
 99127152169172160135102 68 43 32 39 61 93127155171171156131102 78 66 6826 514TS 34317316301739999999999999910 7 322221 6599999999999999
 85112142167180176155120 79 42 17 11 25 57 97137169184182163134104 80 7026 515TS 4171811721185999999999999991048 1123 6 7099999999999999
 77 98128158180187174144102 56 18 -4 -4 19 57104147179192186165134104 8326 516TS 4521871811193999999999999991129 -72350 7799999999999999
 78 88112143171188187167130 82 35 -1-17-10 18 6211115418419418516213210526 517TS 52919019 1194999999999999991213-18999999999999999999999
 88 87101126155179190183157115 67 22-10-21 -8 24 6911715718319017915612926 518TS 6 8190195219099999999999999 034 861258-2199999999999999
106 94 97113137163181187174145103 57 17 -9-15  0 33 7612015617718117014926 519TS 649187204418299999999999999 119 941347-1699999999999999
126108100105121143164178179164134 96 55 20 -1 -3 13 44 8312215216917116126 520TS 734180213817299999999999999 2 71001438 -499999999999999
143124110105110124142159169167153127 93 59 30 14 13 29 56 9012214716116226 521TS 824170223716399999999999999 3 01051532 1299999999999999
153139123112107111121135149157156144123 96 68 44 31 31 44 67 9512214315526 522TS 925157233815799999999999999 4 41071630 2999999999999999
156149137122111105106113124135144145138123102 79 60 49 48 59 7810112414326 523TS1042146999999999999999999999 5231041733 4799999999999999
153155148135120107 98 96100110122133138137127111 92 75 64 63 71 8710812926 524TS 039155121713999999999999999 649 951841 6299999999999999
145155156147133115 98 86 82 86 96111126136139134121104 88 76 74 80 9511526 525TS 134156135113999999999999999 8 2 821948 7399999999999999
135151159158146127105 85 71 66 72 86106125140146142130113 96 85 82 8810426 526TS 21916015 814699999999999999 857 662048 8199999999999999
124144159164158141118 91 68 54 52 62 82106130147155150137119101 89 87 9626 527TS 25916416 815599999999999999 941 512140 8799999999999999
113134154166167155132103 74 50 39 41 58 83113140158163156140120102 91 9226 528TS 3341681656163999999999999991019 382226 9099999999999999
104123145163171166147118 85 54 33 27 37 60 92125152167169158139117100 9326 529TS 4 81711738170999999999999991053 2723 6 9399999999999999
 98113135156170172160134100 65 36 21 22 39 69104138163174171155133112 9726 530TS 4391731815175999999999999991127 192342 9499999999999999
 95105123146165174169150118 81 47 22 14 23 47 8211915117117616714812510626 531TS 5111741850176999999999999991159 14999999999999999999999
 96 99113134156171174162136101 63 32 14 14 30 60 9713316017417315913711626 6 1TS 542175192517599999999999999 016 961232 1299999999999999
101 97105123145164174170151121 84 49 23 13 19 42 7511214416517216514812726 6 2TS 615174195917299999999999999 049 9713 6 1299999999999999
108 99100113132153168172162138105 69 39 20 17 30 57 9012415116616715613726 6 3TS 648172203416899999999999999 122 981341 1699999999999999
118104 99105120140158168166151125 92 59 34 22 26 43 7210413415516416014726 6 4TS 723169211116499999999999999 156 991417 2299999999999999
129112102101110126144158164158140113 82 55 36 29 37 58 8611614115716115426 6 5TS 8 1164215216199999999999999 2351001456 2999999999999999
140123109102103113128143154156148130105 78 55 41 40 51 72 9812514515715826 6 6TS 844157223615999999999999999 3211011538 3999999999999999
150136120107101102111125138147149140124102 79 61 51 51 63 8410813114915826 6 7TS 939149232515999999999999999 4181001625 5099999999999999
157148133117104 97 97105117130140142137123105 86 70 62 64 75 9411613715326 6 8TS1051142999999999999999999999 526 961721 6199999999999999
160158147131112 97 87 86 93106121133140139129114 97 82 74 74 8410212214226 6 9TS 016160122014199999999999999 639 851826 7399999999999999
157163159146126104 84 72 69 77 93112130143146140127110 95 85 84 9210812926 610TS 1 7163135214699999999999999 744 691937 8399999999999999
149163168161144119 91 67 52 50 60 81107131150158154141123105 93 90 9811526 611TS 157168151115899999999999999 841 492046 9099999999999999
136156170173163140109 75 47 30 29 44 71104136160171168154134113 99 9510326 612TS 244174161817199999999999999 934 282149 9599999999999999
121144165178178163134 96 58 26 10 12 32 66105143170182179163140118102 9926 613TS 3311801717183999999999999991024  82246 9899999999999999
108128152173185182161127 84 41  8 -7 -1 25 6410915017919118516714211810326 614TS 4181861811191999999999999991113 -7233810099999999999999
101113134160181190183158119 72 28 -4-16 -6 24 6811515718419418616513911626 615TS 5 619019 11949999999999999912 3-16999999999999999999999
102103117141166186193182153111 63 20-10-18 -4 29 7512216218619218215913326 616TS 555193195019399999999999999 0281011252-1899999999999999
111101104121145170188192178147104 58 17 -8-12  6 41 8513016518518717315026 617TS 644192203618899999999999999 1161001342-1399999999999999
126107 99105122146170185186171140 99 56 21  1  2 22 56 9813816718117916326 618TS 735188212118299999999999999 2 4 991430 -199999999999999
141118102 97105122144165178177161132 95 59 30 17 21 42 7511214516817617026 619TS 82717922 317699999999999999 254 971516 1699999999999999
153132111 98 95102119139156167165151126 95 66 44 36 44 64 9412515116717026 620TS 923168224517199999999999999 347 9416 2 3699999999999999
161144124105 94 91 98112130145154153142122 98 76 62 58 67 8611113615516626 621TS1025155232616799999999999999 445 911648 5899999999999999
165154137118100 89 86 91103119133142143136123106 90 80 79 8710312414315826 622TS1140144999999999999999999999 550 861737 7899999999999999
164161149132112 95 82 78 82 93108123134139136128116104 96 9610311613214826 623TS 0 9164131013999999999999999 7 0 781835 9599999999999999
159162158145127106 87 74 68 72 83 9911613114014113612711710910711212313726 624TS 057162144314299999999999999 8 6 68194610799999999999999
150160162156142121 98 77 63 57 62 75 9511613414615014613612511611311612626 625TS 148162155715099999999999999 9 2 5721 011399999999999999
139153161163155137114 88 65 50 46 54 72 9612114315616015414212811711311726 626TS 239163165016099999999999999 950 4622 111399999999999999
128142156165164152131104 75 52 38 38 50 7410313215416616715714212611411126 627TS 3261661733168999999999999991032 36225011199999999999999
117131147162169165149122 91 60 38 28 33 52 8111414416517316915513611910926 628TS 41016918 9174999999999999991110 28233010899999999999999
109119136155169173164142111 76 46 26 21 33 59 9312815617317616614812711126 629TS 4501731842177999999999999991146 21999999999999999999999
104109124144163175174159132 96 61 33 18 21 40 7110814216717817415913711626 630TS 527176191417899999999999999 0 51041221 1799999999999999
103102112132154171179173151119 81 47 23 16 26 52 8712415517417816814812526 7 1TS 6 4179194517999999999999999 0371011255 1699999999999999
106 98102118140162177179167140104 67 36 19 19 37 6810514016617817415813526 7 2TS 640180201617899999999999999 110 981329 1799999999999999
113 99 96105125148168179175157127 90 56 31 22 30 53 8712315417317816814726 7 3TS 717179204717899999999999999 144 9514 2 2299999999999999
124104 93 95109130153170176168145114 79 50 32 31 45 7310714016517717415926 7 4TS 756176211817799999999999999 221 931436 2999999999999999
136113 96 90 96112133154168170158134104 74 51 40 45 64 9312515317117616826 7 5TS 839170215117799999999999999 3 2 901512 4099999999999999
149126104 90 86 94111132151162161149127100 76 59 54 63 8411214016217417326 7 6TS 928163222617599999999999999 348 861550 5499999999999999
161140117 96 84 81 90107127144154154143125103 84 73 72 8310212715016617326 7 7TS102915523 617399999999999999 442 811634 7199999999999999
169154132109 89 76 74 82 98117135146149142129113 99 90 9010011613615516726 7 8TS1147149235217199999999999999 543 731728 8999999999999999
171165149127103 81 67 63 69 8510512514014814713912711510710611212514115726 7 9TS1324149999999999999999999999 652 62184010699999999999999
167170163147124 97 72 55 48 53 69 9211613815215715314413112111611912814226 710TS 04917015 315799999999999999 8 4 48201011699999999999999
157168172166148122 92 63 41 31 36 53 8011113916016916815814312912012012726 711TS 154172162117099999999999999 911 31213511999999999999999
142158172177171152122 87 52 26 14 19 40 7311014517018218016714813011811626 712TS 3 11771721182999999999999991012 14224211699999999999999
125141161178185178156122 81 41 12  0  7 33 7211515318019118717014712511226 713TS 4 318518111929999999999999911 7  0233610999999999999999
110122142166185193185159119 74 31  1 -9  3 34 7712416318919718716513811526 714TS 5 01931855197999999999999991158 -9999999999999999999999
103104120145172193199188158115 66 24 -4-10  7 43 8913617419519718115512626 715TS 553199193519899999999999999 0231021246-1199999999999999
104 94100121149177197201186153108 60 21 -1 -1 21 6010715118219619117014026 716TS 644201201219699999999999999 1 6 941329 -499999999999999
112 93 88 98122151179196196178143100 57 24 10 17 44 8312716418719218015526 717TS 732198204619399999999999999 148 871410  999999999999999
125 99 84 84 98123152176189185165132 93 58 35 29 42 7110914617418818416626 718TS 819190211718899999999999999 231 821448 2899999999999999
139111 89 79 83 99123149169177171151122 91 65 52 53 71 9913116017918317326 719TS 9 6177214718399999999999999 314 791523 5099999999999999
152125101 83 77 83 99121142158163156140117 95 78 73 80 9812314816817817526 720TS 957163221617899999999999999 4 0 771557 7399999999999999
161139115 94 81 77 83 98116133145149145133118104 95 9510412013915716917226 721TS1057149224817299999999999999 451 771632 9499999999999999
165150130109 91 80 77 82 9310812313413913913312511711211412113314715816526 722TS1222140232816699999999999999 552 77171711299999999999999
165157143125106 90 78 74 77 86 9911412613614013913513012712613013814715526 723TS1421140999999999999999999999 7 5 74183312699999999999999
160159153140124105 88 75 68 69 77 9110812513814714914714113513113113614226 724TS 027160155614999999999999999 822 68202913199999999999999
150156158153141124103 83 67 59 60 69 8710812914715716015514613612912713026 725TS 146158164916099999999999999 926 58215412799999999999999
138149157161156143123 98 75 56 48 50 64 8711413915816816715814413112212026 726TS 2581611726169999999999999991016 47224411999999999999999
126138152163167160143118 89 62 43 37 45 65 9412515217017617015513612111226 727TS 3541671757176999999999999991058 37232011299999999999999
114125142160172174163140109 75 47 31 30 45 7210714016618017916614512410926 728TS 4391751826181999999999999991134 28235110499999999999999
104112129151171181179161131 95 60 33 22 29 52 8712415717918517615613110926 729TS 51918218531859999999999999912 7 22999999999999999999999
 98100115138163182188179154118 79 45 24 21 37 6810614417318818516714111426 730TS 556188191918899999999999999 022 971239 1999999999999999
 95 90 99121148174189190173142102 63 34 21 28 52 8912916418619117815312426 731TS 632192194519199999999999999 052 901310 2199999999999999
 98 84 86102129158182192186163127 87 52 31 27 43 7511415218019218716613626 8 1TS 7 9192201119399999999999999 124 831340 2699999999999999
106 85 77 85107137165185190177150113 77 49 37 43 6610013817018919217715026 8 2TS 747190203819399999999999999 158 771411 3699999999999999
119 91 74 73 87112142168183182166137104 74 55 51 64 9112515818219118416326 8 3TS 82918421 519199999999999999 235 721442 5099999999999999
133103 79 68 71 89115142165175172155129101 79 69 72 8911614517018518617326 8 4TS 915176213418899999999999999 316 671516 6899999999999999
148119 92 72 64 71 88113138156165161147127107 93 88 9511213515817518217726 8 5TS101116522 618299999999999999 4 3 641554 8899999999999999
161137110 85 68 62 68 8410612814515315314413211911010911612914616217317526 8 6TS1126154224817699999999999999 5 0 62164110999999999999999
169153131107 84 67 60 63 75 9311313114414914814313512912713013814815916726 8 7TS1319150235116999999999999999 613 59175612799999999999999
169164152133109 86 66 54 53 61 77 9812013915215815715214413813513714315226 8 8TS1521159999999999999999999999 741 5220 613599999999999999
161167166157140116 89 64 46 39 44 61 8611514116117117216515314013212913426 8 9TS 126167163417399999999999999 9 4 38214912999999999999999
145159170174168150122 89 57 34 23 28 49 8011614917318518317015213312011726 810TS 2571741721186999999999999991010 23224711799999999999999
125141161179186181160126 86 48 21 10 18 45 8412616218719518716714211910526 811TS 4 618717591959999999999999911 3 10233110399999999999999
105118142168190199190164125 79 38 11  3 18 52 9614117819820018315612510126 812TS 5 31991834201999999999999991149  3999999999999999999999
 90 95116146177200207194162118 70 30  7  7 30 6911616019220419617113810626 813TS 55220719 520499999999999999 010 901230  499999999999999
 84 78 91118153185205208190154108 62 28 13 22 52 9414017820120218415311726 814TS 638209193420499999999999999 047 7813 7 1399999999999999
 87 71 73 92123159188204201178141 98 59 34 30 47 8112316319120219216613226 815TS 72120620 120299999999999999 124 691342 2999999999999999
 97 73 64 73 97129162187197188163128 91 62 49 54 7711114917919619517614626 816TS 8 2197202619899999999999999 2 0 641413 4899999999999999
112 82 65 63 77103134162180183171147118 90 73 70 8210713816818719218215826 817TS 844184204919399999999999999 236 621441 6999999999999999
127 97 74 64 68 84108135156168168155136114 97 89 9310913215717618618216526 818TS 927170211218699999999999999 314 6315 9 8999999999999999
140113 89 73 68 74 9011113214715515314413011710910811613014916517617716826 819TS1018155213717799999999999999 355 68153610799999999999999
150128106 87 76 74 80 9310912413614314313913212612312513214315416316816526 820TS113314422 716899999999999999 446 7316 912399999999999999
155141123105 91 81 78 82 9010211512613514014114013813713714014515115515726 821TS14 2141225915799999999999999 557 78171713799999999999999
155149138124110 96 85 78 78 83 9310612013314314915114914514214014014214626 822TS1556151999999999999999999999 736 77202613999999999999999
149151149142130115 98 83 73 69 73 8410012013815216016115614713813213013326 823TS 059151163716299999999999999 9 2 69215413099999999999999
140148154156150136117 96 76 62 57 63 7910112714916517116715614112811911926 824TS 24315617 617199999999999999 958 57223311899999999999999
127139153164166158139114 87 63 48 46 58 8111114116517817816714812811310726 825TS 3441661731179999999999999991039 4523 310799999999999999
112126146165176176162137105 73 48 36 41 61 92127159180187178158133110 9726 826TS 4291771755187999999999999991113 362331 9599999999999999
 97110133158179188182160127 90 56 35 30 44 74111149178192189170142113 9126 827TS 5 71881819193999999999999991144 292359 8499999999999999
 84 92114144172192196182153113 74 43 28 34 58 95136171193197183154121 9126 828TS 5441961842198999999999999991214 28999999999999999999999
 74 75 93123157186201198176140 98 60 36 31 47 80121161190202194168133 9726 829TS 62120219 620299999999999999 028 721243 3199999999999999
 71 62 72 98134169195204193165126 85 54 39 45 7010714818220120118114810926 830TS 658204193020499999999999999 059 621313 3999999999999999
 76 56 55 74106144177198200183151114 79 57 52 67 9713417019520319116312526 831TS 737201195420399999999999999 132 531343 5299999999999999
 88 60 48 55 79114150179193190170140107 81 69 73 9412415718419819517514226 9 1TS 819194201919999999999999999 2 7 481414 6899999999999999
105 72 51 46 59 85119151174183177158132108 92 88 9811914617118819218115726 9 2TS 9 5183204619399999999999999 246 461446 8799999999999999
125 92 66 50 50 64 8911814416316916314913211610810912113815917518418116726 9 3TS10 1169211718499999999999999 332 48152210799999999999999
144116 89 67 55 55 67 8711013214715515414713813012712913714916117017316926 9 4TS1122155215717399999999999999 429 5416 812799999999999999
157138116 94 75 62 59 65 79 9711613314415115215014614314214314815415916226 9 5TS1347152231716299999999999999 550 59175314299999999999999
161154142125105 84 68 58 57 66 8110112314115516316415915214413913814014726 9 6TS1538164999999999999999999999 735 57205113899999999999999
154160161154139117 92 69 52 45 51 68 9312114716717617616615213712512112626 9 7TS 137161162617799999999999999 9 3 45215912199999999999999
137153167173169153126 95 64 42 33 40 61 9312916018118818216414112010610426 9 8TS 31017317 11889999999999999910 4 33224010399999999999999
114134158178188184163130 91 55 31 24 37 66105145177195195179152122 98 8626 9 9TS 4121891731197999999999999991051 242316 8599999999999999
 90109137168192201192166126 83 46 25 25 45 82125165193203193167132 99 7626 910TS 5 22011759203999999999999991131 222350 6999999999999999
 69 82110145180203208193160117 74 41 27 36 65106150185204203181147108 7526 911TS 54620918252069999999999999912 7 27999999999999999999999
 58 61 82117156189208207186149106 67 43 39 57 92134173199206192162122 8326 912TS 628210185020799999999999999 023 571239 3899999999999999
 57 48 60 89127165194206198172135 97 67 53 60 85122160190204199174137 9726 913TS 7 7206191320599999999999999 055 481310 5399999999999999
 64 46 47 66 99137171193197184156123 92 73 71 8611414817919719918215111326 914TS 745198193520199999999999999 127 441338 7099999999999999
 78 53 44 53 78111145172186184167142115 95 87 9311214016718719418516212926 915TS 823187195719599999999999999 159 4414 4 8799999999999999
 95 67 51 50 65 9012014716717416815213211410310311513415717618618316714226 916TS 9 2174201818699999999999999 232 49143010299999999999999
112 84 64 56 61 77 9912414515716015414212911911612013214816417417616815026 917TS 947161204117799999999999999 3 8 56145611699999999999999
127103 83 69 66 72 8610412213714614814513913212812913414215316116516215326 918TS105214821 816599999999999999 352 66152812899999999999999
138121103 88 79 76 80 8910211512713614114314214013913914114414815215215026 919TS1311143214915399999999999999 454 76163613999999999999999
144134122109 97 87 82 81 86 9410611813014114715115014714314013813813914226 920TS1521151999999999999999999999 636 81203013799999999999999
143143138130118105 92 81 76 77 85 9811513214815816115815014013112512512926 921TS 016143155916199999999999999 821 76213612499999999999999
136144149148141126108 89 74 66 67 77 9612014316017016916014412811511011326 922TS 223150162617199999999999999 924 6522 811099999999999999
124139153161161150130105 80 62 54 59 77103133159176180171153130109 97 9626 923TS 32616216491809999999999999910 7 542235 9599999999999999
107126149167176171154127 95 67 50 47 60 86119152177188184165137108 87 7926 924TS 4121761712189999999999999991041 4623 2 7999999999999999
 86107135163183189178152118 82 55 42 47 70104142174193195178148113 82 6526 925TS 4511891734196999999999999991113 412330 6299999999999999
 65 83114149180197197178145106 70 47 42 58 89128166193202191163124 85 5726 926TS 5291991757202999999999999991144 422359 4799999999999999
 47 57 86125164194206199172134 94 63 47 53 77114154187205202178140 96 5926 927TS 6 82061822206999999999999991214 47999999999999999999999
 37 36 57 94137177202208194162123 87 63 57 72102140176201206191158114 7126 928TS 647209184720799999999999999 031 341246 5799999999999999
 38 25 34 63104148184203203183151115 86 72 75 96128163191204198173134 9026 929TS 728206191320599999999999999 1 5 251318 7199999999999999
 52 27 23 39 72113153183196191170141113 93 87 9712014917719519818315311426 930TS 812197194019999999999999999 143 221352 8799999999999999
 74 43 26 28 48 801181521751831771591371171061061191391621811901851661372610 1TS 9 2183201019099999999999999 224 25142710599999999999999
102 69 45 34 38 57 851161431611681631521381261211241351501651751781701522610 2TS10 3168204517899999999999999 312 3315 812199999999999999
127 99 74 55 46 49 63 841081301461541551511441381351361421501581631631582610 3TS1137156213516499999999999999 415 45161313599999999999999
145128107 86 69 58 56 64 78 971161341471541561541491441401381401431481512610 4TS1355156233715299999999999999 542 5619 013899999999999999
152147137121102 82 67 59 59 69 861071291481611661641551441331251221261342610 5TS1511166999999999999999999999 726 58205512299999999999999
145153156151137116 92 70 56 52 61 801061331571721761691541341161051021102610 6TS 154156155117699999999999999 847 52214310299999999999999
126145162170166150125 95 68 50 47 58 83114146171184182167143116 94 82 852610 7TS 313170162318599999999999999 944 462220 8199999999999999
101125153174184179158127 92 63 46 47 64 95131164186192181156123 92 69 632610 8TS 4 91841651193999999999999991028 442253 6399999999999999
 73 98131164187195185158122 86 58 47 55 80116153183197193171136 98 66 492610 9TS 45619517171989999999999999911 5 472325 4799999999999999
 50 70104142176197200183152114 80 58 55 71102140174196200184151111 72 44261010TS 5382011741201999999999999991139 542356 3599999999999999
 35 47 76115155186202197175141105 77 64 70 93127163190201193166126 84 49261011TS 61720318 5201999999999999991211 64999999999999999999999
 30 31 52 87129166192200189163130 99 79 76 90118151180197196177142101 62261012TS 654200182819999999999999999 027 281240 7599999999999999
 34 25 36 64102141173191191175149120 97 87 93112140168188194183155118 79261013TS 730194185119599999999999999 057 2513 8 8799999999999999
 47 29 30 48 80116151175185179161136114100 99110131156177188184164133 97261014TS 8 6185191418899999999999999 127 271336 9899999999999999
 64 41 33 42 64 94127154170174164147128113107112126145165177179168145115261015TS 844174193918099999999999999 159 3314 510799999999999999
 84 59 45 44 56 78105132151161161152139126118117124137152164170166151129261016TS 92716320 517099999999999999 234 42143611699999999999999
104 80 62 54 56 69 88110130144151150144136128125126132141151157158151138261017TS1023152203615899999999999999 315 53151612499999999999999
120101 83 70 65 68 78 93109125136143145143139134132131134138143146145140261018TS1155145212314699999999999999 4 9 65163613199999999999999
131119105 91 80 75 75 81 91104118131140146147145141135131128128131134136261019TS1352147232913699999999999999 529 74192712899999999999999
136132124113101 89 80 76 78 86 99115131145153156152143132122116114117124261020TS1452156999999999999999999999 710 75204911499999999999999
133139140135124109 92 79 71 72 81 97118139156164164154138121106 98 98107261021TS 143140152616599999999999999 826 702126 9799999999999999
121137149153147133112 91 73 64 67 80103129153170175167149124101 84 78 85261022TS 256153155317599999999999999 918 642157 7899999999999999
102126148163167158138111 85 66 59 67 87116146171183180162134102 75 59 60261023TS 347167161918499999999999999 959 592227 5899999999999999
 77105136164180180165138106 78 60 59 74101135166187191177148110 73 47 37261024TS 4321821644192999999999999991036 572258 3799999999999999
 48 75113151180194189167134100 72 60 66 88121157185198191166126 82 44 22261025TS 5141941711198999999999999991112 592331 1999999999999999
 22 43 80125165193202191164128 94 72 66 79107143176197200182146100 54 20261026TS 5562021739202999999999999991147 66999999999999999999999
  6 15 45 89137176200204187157122 92 76 79 98128162189202194167124 76 33261027TS 63920518 920299999999999999 0 7  61223 7599999999999999
  5 -1 16 52 99145181200198179149118 95 87 95117147176195198182148104 58261028TS 724201184019999999999999999 045 -213 0 8799999999999999
 21  0  2 24 62107148179192187168142118102100111133159181192187166132 90261029TS 813192191519299999999999999 127 -21340 9999999999999999
 50 20  6 11 35 70110146170179174158138121112113124143162177182173152120261030TS 9 6179195318299999999999999 213  5142311199999999999999
 85 52 28 18 25 46 76109138158166163152139127121122131144157166168160142261031TS1011166204116899999999999999 3 6 18151912199999999999999
116 88 62 42 34 39 55 791051291471561571511421331271261291361451511541492611 1TS1134157215315499999999999999 4 9 34164712599999999999999
138120 98 77 59 49 50 60 781001221401521571541471371271211191211281361422611 2TS13 7157235314599999999999999 528 48185411999999999999999
145140129112 93 74 61 57 63 78 981201411551611591491351201081021031111232611 3TS1414162999999999999999999999 655 57202110199999999999999
136146148141126106 85 69 61 65 79101125148163168162147126105 88 81 84 972611 4TS 146148145816899999999999999 811 612113 8199999999999999
116137153159154138115 91 72 64 68 85109136159173174161138110 84 66 61 692611 5TS 3 3159153317599999999999999 910 642153 6199999999999999
 90117143163170163144118 92 74 67 75 96123151172181174153122 89 61 45 452611 6TS 4 117016 318199999999999999 957 672228 4399999999999999
 62 90124154174179168146117 91 75 73 86111140167183183167137100 64 38 292611 7TS 4491791632185999999999999991037 7223 1 2999999999999999
 38 63 98135166183183168142112 89 77 82101128157179187178152116 75 41 222611 8TS 5311851659187999999999999991113 772333 1999999999999999
 21 39 72111149176188182162134106 88 83 94117146171186185166132 91 52 242611 9TS 6101881726188999999999999991147 83999999999999999999999
 13 22 48 85126161182187175152124101 89 92109134160180186175148110 69 35261110TS 646187175218699999999999999 0 3 131218 8999999999999999
 14 13 30 62102140169183180164140116 99 94103123148170182179159127 88 51261111TS 721184181918299999999999999 034 111249 9499999999999999
 24 13 21 44 79116149171178170151129110100102115136157173177166142108 72261112TS 756178184717799999999999999 1 6 131320 9999999999999999
 41 22 20 34 60 94128154168169157139120107103110125144161170167151125 93261113TS 832170191717199999999999999 139 19135210399999999999999
 62 38 27 31 48 75106134153161158146131117108109117132147159162155137111261114TS 911162194916299999999999999 215 27142810899999999999999
 83 58 42 37 44 62 87113135149154149139127117112114122133145151151142125261115TS 958154202815299999999999999 254 37151311299999999999999
103 80 61 50 48 57 73 95116134145148145137127119114115121129137141140132261116TS1056148212014199999999999999 339 47162011499999999999999
119101 83 68 59 59 66 80 99117133143147145138129120113111113119125130132261117TS12 7147224713299999999999999 436 58175911199999999999999
128119105 91 77 69 67 72 84100118134145151149141129117106100100105114123261118TS1314151999999999999999999999 546 661931 9999999999999999
129130125114100 86 76 71 75 86102122139152157154142125106 91 83 83 91105261119TS 04113014 515799999999999999 7 4 712029 8299999999999999
121133139137126110 93 80 73 76 88107129149162165156137113 88 69 61 64 79261120TS 213139144416599999999999999 813 732111 6099999999999999
102125143153151138119 98 81 74 78 93116141161172170153126 93 64 43 38 49261121TS 319153151917399999999999999 9 9 742150 3899999999999999
 73104134157168164148124 99 81 75 82102128155174180170144108 69 36 18 19261122TS 413168155318099999999999999 958 752228 1699999999999999
 38 71110147172181174153125 99 82 78 90114143169185184165130 86 43 11 -3261123TS 5 21811628187999999999999991043 7823 8 -399999999999999
  6 34 75120159184190178154124 98 83 85101127157181191182155113 65 21 -8261124TS 55019017 4191999999999999991126 822350-1699999999999999
-16  0 35 81129168190192177150121 98 87 93113141168188192176142 96 47  6261125TS 63819417421929999999999999912 9 87999999999999999999999
-18-20  2 41 89136172190189171145118 99 93102123150175189187166129 83 36261126TS 726192182319199999999999999 034-221253 9399999999999999
 -1-19-16  9 49 96139170184180163138115101 99110131155176185179155119 75261127TS 81618519 718599999999999999 121-201338 9899999999999999
 33  2-11 -4 21 59102140166176170154133114103103114133154170175167145111261128TS 9 8176195617599999999999999 210-12142910299999999999999
 73 37 12  3 11 35 70106138159167161147129113104105114129146159163155136261129TS10 2167205316399999999999999 3 2  3152710399999999999999
108 77 48 28 21 29 50 79110137154159154142126112103102108120133144149145261130TS11 015922 314999999999999999 357 21164010299999999999999
131110 85 62 46 40 47 64 89114136151155151139124109 99 94 971061181291372612 1TS1159155233513899999999999999 457 4018 6 9499999999999999
137130115 96 77 63 58 63 77 97119138151155150138121103 89 82 82 891021172612 2TS1257155999999999999999999999 6 3 581928 8199999999999999
129135133124109 92 79 73 75 87104124142154157150135115 93 76 65 65 74 902612 3TS 117135134815799999999999999 713 722033 6499999999999999
109127138140134121105 91 83 84 95112131148159159149129104 79 59 48 50 632612 4TS 246141143316099999999999999 821 822122 4799999999999999
 84108131145150144130112 97 89 91102119139156164160144119 89 61 40 32 392612 5TS 354150151216499999999999999 921 8822 4 3299999999999999
 58 85114140155159150134115 99 92 95108128148163167157135105 71 42 24 212612 6TS 4461591549167999999999999991011 912241 2099999999999999
 34 60 92125151165165153133112 97 93 99116137157168167151122 87 52 24 112612 7TS 5301671624169999999999999991054 922315 1199999999999999
 16 36 68105138162171166149127107 94 94105125147164171162139105 67 33 112612 8TS 6 71721658171999999999999991132 932349  599999999999999
  5 17 45 82120151170173162141118100 92 97113135156169169154125 87 49 192612 9TS 64217317301719999999999999912 7 92999999999999999999999
  3  6 26 59 97134160172168152130108 94 92103122145163171164141108 69 34261210TS 71517318 317199999999999999 022  21239 9299999999999999
 10  2 13 39 75113145165169160140118100 91 95110131152166167154127 91 54261211TS 748170183616999999999999999 055  21311 9199999999999999
 24  7  8 25 55 92126152165162148128107 94 91100118139156165160141111 76261212TS 82016619 916599999999999999 128  51344 9199999999999999
 43 20 11 19 41 73107137156161154137117100 92 94106124142156159149127 97261213TS 854161194515999999999999999 2 2 111419 9199999999999999
 65 38 22 20 33 58 89120143156156145128110 96 91 96109126141150149137115261214TS 930157202515199999999999999 237 1915 1 9199999999999999
 87 60 39 29 33 49 75103129147154150138121105 94 91 96108123135142139126261215TS10 8154211214299999999999999 314 291552 9199999999999999
106 82 61 46 41 48 65 89114135149152146133117101 91 88 92102115126132130261216TS1051152221513299999999999999 354 411654 8899999999999999
120103 84 68 57 55 63 79100122139150151144130113 96 84 79 82 92104116124261217TS1138152234012699999999999999 442 5418 7 7999999999999999
126120108 93 79 70 68 75 90108127143151151143127107 88 73 66 67 77 92108261218TS1230152999999999999999999999 541 681918 6599999999999999
121127126118106 93 83 80 85 97114131146154153142123 99 75 56 47 49 61 81261219TS 121128132315599999999999999 654 802020 4699999999999999
103122134138132120106 94 88 91101118136151159156142117 88 58 36 25 29 46261220TS 251138141515999999999999999 813 882114 2599999999999999
 72102128146152147133116101 92 94104122142158165160140110 74 39 14  4 11261221TS 4 215215 516599999999999999 923 9222 5  499999999999999
 34 68105137158166159143122103 93 95107127149166172163138101 59 20 -6-14261222TS 5 01661555172999999999999991024 922254-1599999999999999
 -2 27 68111147170176167146122102 92 95110133158175178164134 91 44  3-22261223TS 5521761643179999999999999991116 912342-2899999999999999
-27 -9 26 72119156178181168144118 97 89 95114140165181182164128 81 32 -8261224TS 64018217321849999999999999912 5 89999999999999999999999
-31-31 -9 32 80128163181180163137110 92 86 96118146170185182160121 72 24261225TS 726183182118699999999999999 030-341251 8699999999999999
-13-32-27  0 43 91136167180175154127102 86 84 97121148171183177152113 66261226TS 810181191118399999999999999 118-331337 8399999999999999
 21-11-23-14 16 58104143168175165143116 93 81 82 97121147167175167142105261227TS 85217620 117599999999999999 2 4-241424 8099999999999999
 62 25 -1 -7  7 37 77117149167168154131106 86 77 80 95118141158163154131261228TS 933169205416399999999999999 249 -71513 7799999999999999
 98 63 34 16 16 32 61 96128152163158142120 98 81 73 78 91111130144148140261229TS1012163215114899999999999999 332 1416 8 7399999999999999
121 96 69 48 38 41 58 83112137153157149133112 91 76 70 73 84100116129133261230TS105015723 013399999999999999 415 381711 7099999999999999
128115 98 80 66 62 67 82103125143152152142125105 86 71 63 65 73 87102114261231TS1128154999999999999999999999 458 621821 6399999999999999
