110 59 27 20 42 9416423429032533331126821817414213114818823426728026622526 1 1TX 94633421 028099999999999999 247 19155413199999999999999
163 98 44 11  4 29 8716423930033934832427622217213612414418923827228326726 1 2TX1046349215728399999999999999 346  3165312499999999999999
221154 86 32 -1 -7 23 8817124931034835332327021216212611914619824828128926 1 3TX1138356224929099999999999999 441 -9174311799999999999999
268216144 75 22 -9-10 2710018526232035335031225419614611511615421126029026 1 4TX1225357233829599999999999999 533-14182911199999999999999
293265206132 65 16-11 -4 4312120627833035433829123017412810611916622527126 1 5TX13 7354999999999999999999999 621-13191010599999999999999
295293257192119 56 14 -5 13 71152233297339347318263202149110 9912517923626 1 6TX 025298134434999999999999999 7 4 -51950 9899999999999999
278296286243176107 52 18 11 42108189262315341333290230172124 96 9713419026 1 7TX 111297141734299999999999999 743 102028 9299999999999999
244279291273225161100 55 32 39 82151225286324333309258198144104 8710114326 1 8TX 156291144733499999999999999 819 3121 5 8799999999999999
198245274280257210153103 69 57 76124190252299321314279226169122 91 8410626 1 9TX 243281151732299999999999999 855 572145 8399999999999999
149199240265267244203157117 93 91115161216265296305288248198148108 85 8526 110TX 335269155030599999999999999 936 892229 8299999999999999
109149194231254257240208172142124126147184226261281281260223178134100 8226 111TX 43825816302849999999999999910261222322 8199999999999999
 85108144185222247255246225197171154152166191220246260258239206166127 9526 112TX 5582551723261999999999999991138151999999999999999999999
 79 8110113517621624726326224722319617516516818320622824324322819916112126 113TX 728265183224599999999999999 023 77131616499999999999999
 89 71 72 9112717221825627828327024321018116215816919221723624022619615626 114TX 844283194424099999999999999 129 69144515899999999999999
114 79 59 60 8212317522827129730128425020917314914415818721824124522919526 115TX 941302204424699999999999999 228 57154614399999999999999
148101 64 45 49 7712618724528931331128524319515513313315619423125425523226 116TX1026315213325899999999999999 320 43162913099999999999999
189135 83 46 31 42 8013920526530632331127422417313511913016621325127026326 117TX11 6323221527199999999999999 4 6 3117 611999999999999999
230176115 62 29 20 42 9216123028632032530025319814911811213818723727328426 118TX1141327225428499999999999999 448 20174011199999999999999
266219155 90 41 14 16 5111519025730632931928022417012710511415621326229026 119TX1214330233129499999999999999 527 11181410499999999999999
290259200128 66 23  6 21 73149225286323331305252193142107 9812417923928226 120TX1244333999999999999999999999 6 4  61847 9799999999999999
300288243174101 45 12  7 39107189261312335325281219161117 92 9814020326026 121TX 0 8300131333699999999999999 639  51921 9099999999999999
295302278221147 79 32 10 21 71149231294330336306248184130 94 8110415822426 122TX 045303134033899999999999999 713 101954 8199999999999999
275301298262198126 67 31 22 48111193267316337323277212149102 75 7711317526 123TX 12530314 833799999999999999 747 212028 7299999999999999
238282300288246182117 69 44 48 86153229290324327298242176118 79 63 7712226 124TX 2 8300143733099999999999999 824 4221 5 6399999999999999
184242280293278236178124 86 71 83124187250296315305267209148 97 65 57 7826 125TX 259293151031599999999999999 9 6 712148 5799999999999999
124183236271283271236190147117107119155205252284293277238185131 86 59 5526 126TX 4 0283155129399999999999999 9591072241 5499999999999999
 76118171221258275271249215180154142148170204238261267253220175127 85 5826 127TX 51927616482679999999999999911121422348 5199999999999999
 52 67103152202244271280270247217189169162169189215237246240217179133 9026 128TX 65928018 82479999999999999913 1162999999999999999999999
 59 45 52 8112818323427329529627924821218116015516719322023924222619214426 129TX 835298194124399999999999999 110 45144915499999999999999
 95 56 34 33 5810616923028031232030226522117914713514717921724425524320726 130TX 94932021 025599999999999999 232 3016 113599999999999999
153 96 49 20 14 39 9316423429132833631326721316412811613618022626027326026 131TX104533722 327399999999999999 343 13165311699999999999999
218155 91 39  6  0 30 9417324730534134230825219414310810413719224427929126 2 1TX1132346225529199999999999999 442 -1173710199999999999999
271219148 80 28 -4 -5 36110193266321347335288226167119 9210215021326529726 2 2TX1212348234030499999999999999 532 -91816 9099999999999999
302271208132 66 18 -7  5 60142224290334345314256192137 95 8111017023528426 2 3TX1246346999999999999999999999 614 -81851 8199999999999999
308303259188114 54 13  1 31100185260314341330282217155105 75 8012619325526 2 4TX 021310131534299999999999999 650  01924 7299999999999999
296312293238165 96 46 18 24 72150230293330336303242175118 78 64 8814621426 2 5TX 059312133933899999999999999 722 161954 6499999999999999
269302305274213144 86 48 36 61123200269315332315265198135 87 60 6410416726 2 6TX 13730814 133299999999999999 752 362023 5899999999999999
230276298291251192133 88 63 68108172240292319315280222158104 67 55 7512326 2 7TX 216300142432199999999999999 822 612054 5599999999999999
183238275288272233182135103 92108152209261294303284240183128 85 61 62 9126 2 8TX 258288144930399999999999999 855 912127 5899999999999999
139192237265273257224185151129127147184226260277273246204156112 80 66 7626 2 9TX 348273151927899999999999999 93712522 7 6699999999999999
105147191228253260249227200176160158172196222241248240216182144110 86 7726 210TX 453260155924899999999999999103515723 0 7799999999999999
 86111145182216241254253241223202186178180190203215221217201176147118 9626 211TX 62525517 9221999999999999991215177999999999999999999999
 85 8910613416920523625826626124522219817917017117919420721120418615912826 212TX 8 6266185621199999999999999 014 84142616999999999999999
100 83 80 9312015820124127028327925922819416615014916318721022322120217026 213TX 917284202122499999999999999 140 79153414799999999999999
131 94 70 63 7610815520825528830129126121817614312713416019723024724321726 214TX10 5301211924899999999999999 252 63161412799999999999999
174123 79 51 44 6210416422527630731329124819615011911113117422225827226126 215TX104331422 527299999999999999 348 43164811099999999999999
222165105 57 30 28 57115185250298322315278223168123 9810414219925228529226 216TX1117323224529399999999999999 434 251721 9699999999999999
269215145 82 35 13 22 68141217279319330305252191137 98 8510916523028030626 217TX1149330232430999999999999999 515 121753 8599999999999999
302263195120 59 19  6 32 96179253306334326281217155107 77 8012419325930226 218TX1218335999999999999999999999 553  61826 7499999999999999
318301246169 96 42 11 13 59138222288328337307245176119 79 63 8614722228226 219TX 0 1318124533899999999999999 628  71858 6399999999999999
316321289222144 79 35 17 38101187264315337324273201134 84 55 56 9917224626 220TX 03932313 933899999999999999 7 1 171929 5199999999999999
298322315270199127 72 41 38 77150232295328330295230156 95 56 40 6011819426 221TX 118324133333399999999999999 735 3520 0 4099999999999999
261305320302251184122 80 61 73122194263308323306256186118 66 38 37 7113526 222TX 2 0320135932399999999999999 810 602033 3399999999999999
207266302310288239182133101 92113162223274301301272217152 93 52 34 43 8326 223TX 247311142930599999999999999 850 922112 3399999999999999
144208259290296277238194156133129148186230264278269238190135 87 55 42 5426 224TX 34429715 827899999999999999 94112822 2 4299999999999999
 89141196241272282273249218189168161169190216237246239216181139 99 70 5626 225TX 5 228216 52469999999999999910581612314 5699999999999999
 61 86126172217252274279269248222197179172176189205219222213192159123 9026 226TX 64927917492229999999999999913 9172999999999999999999999
 68 61 7210114419323927429329327624621218015714915818020522322821718814826 227TX 832295195022999999999999999 054 61145914999999999999999
105 71 51 51 7512017923628231031529525520916513312113517021024025524721526 228TX 941317211225599999999999999 231 48155812199999999999999
164110 65 36 30 55110179244296327328297246190140105 9912717822926628327226 3 1TX103133222 928499999999999999 343 291641 9799999999999999
229166104 53 20 16 51118194262314339326281220161111 82 9013719925529330626 3 2TX1112339225430699999999999999 437 141719 8099999999999999
283227155 90 40 11 17 68145223286329339308249185127 84 69 9715922828231426 3 3TX1145340233332099999999999999 521  81753 6899999999999999
316278210136 74 30 12 37104185258311337325275207144 93 62 6711618925630426 3 4TX1213338999999999999999999999 557 121823 5999999999999999
326312259184115 61 28 29 75153231292328332295230161104 63 50 7914421928026 3 5TX 0 9326123633599999999999999 629 231851 5099999999999999
318326295231159 98 55 39 62126205273317332310253182117 69 43 5210117524526 3 6TX 043327125633299999999999999 657 391917 4299999999999999
297322314270204139 89 61 64107178249301325316273205136 80 45 38 6913120326 3 7TX 117324131532699999999999999 725 571942 3799999999999999
265305317295244183129 91 79101154221277310313283227159 98 56 37 49 9516026 3 8TX 152317133631599999999999999 754 7920 8 3799999999999999
225275303302273224172130106109141193246283297282241182123 76 48 45 7212326 3 9TX 22930714 029799999999999999 8261042036 4399999999999999
183237275292284254213174144131141174215250269268244201150104 71 57 66 9826 310TX 311292142727299999999999999 9 413121 8 5699999999999999
145194236265276267244214186165158168191216235242235211176137104 82 75 8726 311TX 4 227615 024299999999999999 9551582152 7599999999999999
116153192226250262259245225204187178179189200210214209194171144119101 9326 312TX 51726216 121499999999999999112017723 3 9399999999999999
10011914717821023725526125624222320118317317117618519620219918516514111726 313TX 7 22611811202999999999999991345171999999999999999999999
101 9810812916019723226027427325923320117315314615317219621522121319015826 314TX 829275195622199999999999999 045 9815 114699999999999999
123 96 83 8710814619424027429229026722918615012612314117621524325324221026 315TX 92429421 025399999999999999 217 82154112199999999999999
163115 79 60 64 9314420525829531029926121016012110010814419624527728426426 316TX10 5311214828599999999999999 322 591616 9999999999999999
216155 98 57 38 49 92159228283316321294240180128 92 8110616222727830730726 317TX1040323223031199999999999999 411 381650 8099999999999999
272208137 78 39 25 49110188258307331319272207144 96 67 7211819025830732926 318TX1112331231032999999999999999 454 251723 6499999999999999
316265190118 62 29 27 69145226289326333300236165107 65 49 7514022028632826 319TX1141335235034099999999999999 533 231757 4999999999999999
339312248169102 54 31 46106189263313334320266191122 71 40 42 8816824830726 320TX12 8335999999999999999999999 610 301829 3699999999999999
340339298227153 95 56 46 79151232293326327291221144 82 41 24 4611019527026 321TX 030344123333199999999999999 647 4519 0 2499999999999999
320343330280209144 96 69 74121195265309323305251175103 51 21 21 6013421626 322TX 111344125832399999999999999 723 661932 1799999999999999
283325338316263199145107 91109161227280307305271210137 75 34 16 30 8015426 323TX 154338132631099999999999999 8 1 9120 7 1699999999999999
228285319325300252199155126120143190241277289276237178116 65 34 26 48 9826 324TX 24232714 028999999999999999 8441192047 2699999999999999
163227276305309288251210174152148166199233256260245211164115 75 51 47 6626 325TX 340310144526199999999999999 9401472141 4599999999999999
107160213257285294284259228198176167173189209225231223202170134101 77 6826 326TX 45729415572319999999999999911 716723 0 6899999999999999
 7810414419023326728628927525022119217116116417719521121821319516613310326 327TX 63929018 7218999999999999991317161999999999999999999999
 83 78 9112116521325628730029426923219315913713314917720823023923020116126 328TX 81030120 023999999999999999 049 78144213299999999999999
120 87 69 71 9914820525829731530827522817813510710613217722225627226322726 329TX 914316211027399999999999999 224 67153410399999999999999
175123 80 55 55 89147213270311327310265207151105 80 9013419324828730328526 330TX10 032722 030399999999999999 329 511614 7999999999999999
237174115 69 43 50 96164233289325328295237174117 75 63 9215322127831532226 331TX1037331224232499999999999999 419 411649 6299999999999999
290229161102 58 40 62122196262309331315264197134 83 53 6010918325330633426 4 1TX11 7331231933699999999999999 459 401721 5099999999999999
326279210143 88 53 51 92163235291323324286221152 95 54 42 7213921628232626 4 2TX1132328235334099999999999999 534 471750 4199999999999999
340315256186125 79 59 77135209272313325302244172108 61 35 45 9717324830526 4 3TX1153325999999999999999999999 6 5 591816 3499999999999999
336334293229164111 78 76115182250299321311265196126 71 37 31 6413020827526 4 4TX 027340121332299999999999999 634 721841 2999999999999999
320337318267204147105 87105157223279310312281220150 88 45 27 43 9416723826 4 5TX 059337123431599999999999999 7 2 8719 5 2799999999999999
294326327295241184137107106138195251291304288241176111 62 34 34 6812919926 4 6TX 132331125830499999999999999 7331021930 3099999999999999
261304322310271221172135119131170221263286283252200139 87 51 39 5510116226 4 7TX 2 6322132428899999999999999 8 61181957 3999999999999999
223273303309289252208169143137156193231258267253217168118 79 56 57 8313026 4 8TX 243310135526799999999999999 8441362029 5399999999999999
184235273294293273240205175156156173200225241241225193153115 87 74 8010626 4 9TX 328296143424399999999999999 9321542112 7399999999999999
147192233264280280264239211186170167176192208219220210187159130107 95 9826 410TX 42828215392219999999999999910441662218 9499999999999999
11714818522025027027526624722219717616516417318720121221220118015512911026 411TX 5512751733214999999999999991231163235410499999999999999
10511313616820524126828027726023119816814814215017019722123323021118114526 412TX 7182811918234999999999999991358142999999999999999999999
115 98 9811615119624227729429226923118714812211513116520824526526424119926 413TX 823296202826899999999999999 130 96145011599999999999999
150108 83 78 98143200254293310302267215162118 93 9212217523327730029526126 414TX 911311212130199999999999999 243 771531 8999999999999999
205145 96 67 63 92150217275311322300250186128 86 66 7812819726330932931626 415TX 95132222 832999999999999999 338 6116 9 6599999999999999
268200135 85 57 60102172243297325322283217148 92 55 46 7714522529133434826 416TX1026328225334899999999999999 426 541646 4599999999999999
323262189125 79 56 71127204271314329308251176107 58 31 37 8716925231435126 417TX1058329233635899999999999999 510 561722 2899999999999999
355318250179121 80 67 96163237293322321281210133 71 31 15 3910619527433026 418TX1128326999999999999999999999 551 661758 1599999999999999
359352306237172121 88 87129199264306320301246169 96 43 12 11 5212921728926 419TX 020361115732099999999999999 632 821833  799999999999999
338359342291227169125101112161227280307307273210134 70 26  6 18 7115123326 420TX 1 5359122931199999999999999 7131001910  599999999999999
297339351328278220170132118138187242281297285244181113 58 23 13 36 9316826 421TX 15135213 629799999999999999 7571181951 1299999999999999
241298333339314269219175144136157199241270277261221164107 62 35 32 5811026 422TX 242340135027899999999999999 8461362038 2999999999999999
176240290320324303265222183157150165195227248254241209165119 81 58 56 7826 423TX 340326144925499999999999999 9481502136 5499999999999999
121175230275304312298267230194167155160179203224235231212181144110 87 7926 424TX 45031216172359999999999999911121542256 7999999999999999
 9012116621525929130529827423920116814714215417720422623623020917714211226 425TX 6103051811236999999999999991248142999999999999999999999
 94 9411415320124828530530328124319915812811712815819623125425924220816626 426TX 726307194425999999999999999 031 9214 111799999999999999
127 99 90104142195247288310309281236184136102 9110915120324928128927122926 427TX 827313205029099999999999999 156 901454 9199999999999999
178131 97 83 99143201256297317308271215156107 75 7110316122327630931428726 428TX 913318214031699999999999999 3 0 831536 6999999999999999
235177126 91 80104157219273309319297245182122 76 53 6511418425130433232826 429TX 950320222333599999999999999 350 791612 5299999999999999
288228168118 86 85122183245292317311271208142 87 50 42 7313821428032734626 430TX102131923 134699999999999999 432 811644 4099999999999999
327276212154109 88102152216272307315290235166104 57 34 45 9517024530534226 5 1TX1047316233734999999999999999 5 8 871714 3399999999999999
346313255193140105 98129187248293313302258192125 71 36 30 6212720427432426 5 2TX1111313999999999999999999999 542 961741 2999999999999999
347336291232174129106116161221273304307277219151 90 47 27 41 9016323729726 5 3TX 011348113630999999999999999 61310518 8 2799999999999999
335343317266209158123115141193248288303289244180115 64 34 32 6412519826426 5 4TX 04434412 230399999999999999 6451131834 2999999999999999
313337330293241189146122130167219265291291262208145 88 49 34 49 9516122926 5 5TX 116338123129599999999999999 71712119 2 3499999999999999
286322331312270220173139129148189235270283271233177119 73 46 45 7412819326 5 6TX 14933213 328499999999999999 7521291933 4299999999999999
253298322320292249203164140140165204241265269248207155106 70 54 6410115526 5 7TX 224325134027099999999999999 83013720 8 5499999999999999
215266302316306276235194162145151175207237253252230192147107 79 71 8512226 5 8TX 3 5316142625599999999999999 9161452053 7099999999999999
172225269298307295266229192164150154174201225240240223192155120 96 8910126 5 9TX 35530715302429999999999999910161502153 8999999999999999
13317722326429130029026422919416414814816218621223224023120817614211510326 510TX 4583001659240999999999999991131146231210399999999999999
10913317121525628629929226723119215713513014317020423525325323520316513126 511TX 6 82991831255999999999999991247130999999999999999999999
11010712416020725328830329727022818013911310612215920624927728326723018326 512TX 713304194828499999999999999 038106134910599999999999999
140110100114152205257295311302267214158112 84 8010515721827230631529525026 513TX 8 9311205031599999999999999 1561001439 7899999999999999
193142108 94109153213269305317299253188126 80 55 59 9816523829733334031426 514TX 855317214434199999999999999 3 1 941524 5299999999999999
260197143106 92112164230284314317287227155 92 49 31 4610118125931935435626 515TX 936319223536099999999999999 357 9216 6 3199999999999999
322261196143107 97125185250297318309265195120 62 25 15 4411319927833536626 516TX1014318232436999999999999999 447 961648 1599999999999999
362320257194144111108145208267305315294238162 91 39  9 10 5112921729234526 517TX1052315999999999999999999999 5351051730  599999999999999
370359312250192145117123167228279307307275212136 70 25  2 13 6514723130126 518TX 013371113131099999999999999 6211151814  299999999999999
349368350302242188145124139185241284303294255190118 59 20  5 25 8316424326 519TX 1 1368121330399999999999999 7 81241858  599999999999999
307349361338290234183145131151197246281294280238176111 58 25 18 4410317926 520TX 15036213 029499999999999999 7561311945 1799999999999999
252310345351325278225178145136158200243272281267227171114 68 40 38 6612326 521TX 240353135528199999999999999 8471362036 3599999999999999
192257309338339312266217173144138158194232259268257223176127 87 63 62 8926 522TX 332342145926899999999999999 9441372132 5999999999999999
139200258303327326300257211170142134149181216244258254229191148112 90 8726 523TX 42733016172599999999999999910491342238 8599999999999999
10815020325529531731529125120516413412413516420023325526024521417514011426 524TX 5253191744260999999999999991159124235310699999999999999
10712115520225028830930828424419715312010711614718923126227526724020216326 525TX 62631119 92759999999999999913 6107999999999999999999999
133119127156201248285305303277233182135101 87 9913718823927729729226422126 526TX 725307201929899999999999999 11011914 3 8799999999999999
177142124128157203251287304298266216160111 78 68 8913819925629932031327926 527TX 815305211532199999999999999 2201231450 6899999999999999
230182144124130163212259292304289247189131 85 57 57 9115021927932233932326 528TX 85830422 233999999999999999 3181221530 5399999999999999
281228178139123136176228272298300273221158102 61 43 5610417324430334034726 529TX 934302224334999999999999999 4 512216 6 4299999999999999
322273217167133125148196247285301290249189126 75 43 38 6812720127032235026 530TX10 7301232235299999999999999 4461241640 3699999999999999
345309256201155129132167219266295298272220156 97 55 35 45 8915723029333626 531TX1038300235735199999999999999 5231261711 3499999999999999
350333289234182143129146190241281299288249190126 74 42 36 6211818925731126 6 1TX11 9299999999999999999999999 5581291743 3499999999999999
342343313264211164135134164213260291296272223160101 58 37 46 8715022128226 6 2TX 031347114229799999999999999 6311311814 3799999999999999
325342329290239188149132145184234274294287252196134 81 48 41 6411618425126 6 3TX 1 4343121629599999999999999 7 51321846 4099999999999999
304334337312266214168138134158203249281291273230171113 69 47 52 8814821626 6 4TX 136340125229199999999999999 7401321919 4599999999999999
277319338328292242193154134140172217258282282257210152100 65 53 6911417726 6 5TX 2 9338133228599999999999999 8171331957 5399999999999999
242296328335315273222177144132146181224260278273244197144 98 71 67 9013826 6 6TX 245336141827999999999999999 8591322039 6599999999999999
200261306330328301256207165138131148183224256272267239196148108 86 8511026 6 7TX 325332151527399999999999999 9471312131 8299999999999999
15721426930832531828824319615613112614317721725126926824520816412710510426 6 8TX 4133261626271999999999999991043125223410299999999999999
12616721926830331830927823318514411911313016520824727327826323119015112626 6 9TX 5 73181746279999999999999991145112234911999999999999999
119134169216263298311302271224172128100 9411115020125028429828925921717426 610TX 6 631219 7298999999999999991246 93999999999999999999999
143130137167212259294308297263211154106 77 71 9213820025830132231728724026 611TX 7 5308201932399999999999999 1101291344 7099999999999999
192155135136163210259294306293254195132 82 53 49 7613220327031934434030826 612TX 8 0306212334699999999999999 2271321439 4799999999999999
256204162137135164213263297306288241175109 59 31 31 6613221128233436135626 613TX 852306222136399999999999999 3331321531 2899999999999999
319264209165137136168221271301305281227156 89 41 16 21 6313722029334537126 614TX 941307231637299999999999999 4321321622 1499999999999999
362321264209164136140177232279304304273213139 74 29  8 18 6714623030135226 615TX1029308999999999999999999999 5251331713  799999999999999
374361316258203159135144187242286307301264200127 65 24  6 22 7815924130926 616TX 0 8375111930899999999999999 61513418 5  699999999999999
356373353305247193151133150197251291308298256190119 62 24 11 34 9517725626 617TX 05837312 930899999999999999 7 31331854 1199999999999999
319359368341288230179141130155205257293306292248182116 63 30 24 5411919926 618TX 14436913 230699999999999999 7491301942 2299999999999999
272328360358323268211162131128159209258291302285240178117 70 44 45 8214826 619TX 227364135530299999999999999 8351252028 4099999999999999
222288335355342301245191147122126160209255285294277234178125 86 66 7411426 620TX 3 8355145229499999999999999 9221202114 6599999999999999
177243299334344323278224173134115124159205248277286271234186142109 9510626 621TX 348344155428699999999999999101111522 4 9499999999999999
14520025630132732730125720515812310912015319723926928127224320416513612526 622TX 43133017 42819999999999999911 510923 312599999999999999
13516821325929531330828223919014611410111214418723126628328126022719216426 623TX 51831418232859999999999999912 2101999999999999999999999
150155179216255285299293266225177133103 9110213418122927029429828225121526 624TX 612299194229999999999999999 01414913 2 9199999999999999
184165163181212248275288281255212163119 89 79 9212918123628231131830226926 625TX 710288204831899999999999999 1351621357 7999999999999999
229192168162176208243271283274245199147103 74 68 8713018924929932933431426 626TX 8 6283214233699999999999999 2481611447 6799999999999999
275230189162156173208246274283269233182129 86 61 61 8814020526831734334326 627TX 855283222834799999999999999 3461551531 5799999999999999
315270220178152152177217257282285263219163109 69 51 60 9815822728833235126 628TX 93828623 935199999999999999 4321491612 5199999999999999
340304253202162144153188233272291285253200141 89 56 47 6711518225130734226 629TX1017292234535199999999999999 5101441650 4699999999999999
350328283230181148141163206254287298281238179119 72 47 49 8114021027532426 630TX1054298999999999999999999999 5451401727 4499999999999999
348342308257204161138144179229274300300271218154 97 58 43 5810417124230026 7 1TX 019349113030399999999999999 61913618 2 4399999999999999
338348328283228179144133153199251291307296255194130 78 48 45 7513420727426 7 2TX 05034912 630799999999999999 6521331836 4399999999999999
323348343308254200156131134168221271302308285235169108 65 46 5710117024426 7 3TX 120350124330999999999999999 7251291911 4699999999999999
304342352330282225174138124140184240284307303271213148 94 60 53 7713420826 7 4TX 149352132230999999999999999 8 01241945 5299999999999999
278328352346310254197151123120148199253291307295256197136 90 67 7010616926 7 5TX 21935414 530799999999999999 8361182023 6599999999999999
241302340351331285226171131112119155208259292303288247192138101 85 9613726 7 6TX 251351145530399999999999999 91511121 7 8599999999999999
19826331434033931025920115011610311815720925728930028524820015512311112526 7 7TX 328343155530099999999999999 959103215911199999999999999
163217272312329320287236181134103 9411115120225128529929126222218215214026 7 8TX 41132917 7300999999999999991051 9423 514099999999999999
149179223267300312302269221167121 91 8310013819024228330530528525121318226 7 9TX 5 33121831308999999999999991150 83999999999999999999999
164164183217255285297289259212159111 79 69 8312117623428331532531228124226 710TX 6 6297195732599999999999999 0301621256 6999999999999999
205179169178205242273289284257210154102 67 53 6510316322928732734533730626 711TX 716290211234599999999999999 2 416914 4 5399999999999999
262219184165168194233269289287260211150 94 54 38 48 8915422829233936135426 712TX 825291221636299999999999999 32316315 9 3799999999999999
320270221180156158188233274296294266212146 86 44 25 35 8015223130034937226 713TX 927298231337399999999999999 4271531611 2499999999999999
362322267214170146151189241284306304271211140 78 36 17 30 8115924130935826 714TX1025308999999999999999999999 52014417 9 1699999999999999
377360313254200157135150196253296317311273206133 72 31 14 33 9317625732226 715TX 0 3377111831899999999999999 6 813518 1 1499999999999999
366376348294234180140127153208266307325314268197125 68 30 20 5011820327926 716TX 04737712 932599999999999999 6521271848 1999999999999999
338371368327267207157124123161222278315328310257185118 66 36 37 7915423626 717TX 126374125732899999999999999 7321181930 3299999999999999
304352370350298236178133110123172234286319325299243174114 72 52 6612019626 718TX 2 0370134432699999999999999 81111020 8 5299999999999999
269326358358323265203150113103129182242289316316285230169119 87 7910616426 719TX 231362143132099999999999999 8481022045 7899999999999999
23429533635233529023117312710110313619024428630830427222417413411211514826 720TX 3 0352152131099999999999999 926 98212411099999999999999
202259306332332305257201151113 9610714319224127929829326822919015914515226 721TX 33133616192999999999999999910 8 96221114499999999999999
182225268300314305275230181137108 9811114518923427029029027424621518917626 722TX 4 73141732292999999999999991055 98231617699999999999999
18120123026028229027925121317013310710011214218222626328829728926824121526 723TX 45429019 0297999999999999991152100999999999999999999999
198194202221243261269261239206168132107 9810813517522126429531130829026126 724TX 6 1269202231299999999999999 0491931259 9899999999999999
230205191191204226247259256238206167129102 91 9912717122327230832732530426 725TX 720260212532999999999999999 22918914 5 9199999999999999
268229196177175191218246263262243208164122 92 80 9112317423328632434133426 726TX 828265221334299999999999999 33617415 2 8099999999999999
304260215179160164189225258276273248205154108 78 69 8512718625030433934926 727TX 921277225335099999999999999 4211591552 6999999999999999
332292240192159147162200244279293283247194137 90 63 61 8714020827332335026 728TX10 5293232835399999999999999 4571471635 5899999999999999
349318268214168142142172222270301307286238175115 72 51 59 9916523729834026 729TX1044308999999999999999999999 5291381715 5099999999999999
356339295238185146131147193249295318314278218150 93 56 46 6812419927032426 730TX 0 0356112132099999999999999 6 11311751 4599999999999999
354353319264206158129127161219277315328311261191124 74 47 50 9116224030526 731TX 029358115732899999999999999 6331241825 4599999999999999
347361341290229174134116132182246299328329298236164103 63 49 6912720728226 8 1TX 056361123333299999999999999 7 51161858 4999999999999999
335362357316254192144114111144206269314333323279211142 91 63 6310117125226 8 2TX 121364131033499999999999999 7361081930 5999999999999999
316355363338282215157117 99112161227286322332311260193133 92 76 9114121526 8 3TX 146364135033299999999999999 8 7 9920 4 7699999999999999
287338359349307243177126 96 9111917624129432332629924718713810810212718126 8 4TX 212360143632899999999999999 840 89204310199999999999999
249307341346322271207147104 84 9012618524629331831829224719715813613616226 8 5TX 242348153032199999999999999 918 82213013399999999999999
210264307327322291240181129 93 79 9112918323928430931229425922118917016926 8 6TX 31832816393149999999999999910 4 79223316799999999999999
188222261291303295266222171125 92 80 9012317122326930031230528325222320126 8 7TX 4 730318 83129999999999999911 4 80999999999999999999999
192197216242266279276255220175131 97 80 8310715020225329331832431128425226 8 8TX 519279194832499999999999999 0 81921221 7899999999999999
222200191198218243263270260232190143102 76 70 8612618124129232934433730826 8 9TX 655270211134599999999999999 2 41911347 6999999999999999
268228194175176198231262279276252207153102 68 53 6510516723729834236235426 810TX 823280221436399999999999999 32817215 6 5399999999999999
319269220178154157188233274297298272220156 98 57 38 48 9416624330935537526 811TX 93330123 437599999999999999 4251511612 3799999999999999
359314256201157135146191247293318318285223151 90 47 27 43 9918026032436726 812TX1030322234737999999999999999 51213417 6 2799999999999999
378350294232177135121147205267313336330286215140 81 40 26 5412320828434226 813TX1119338999999999999999999999 5531211753 2699999999999999
375370326263201149115115158226288330347330275199128 74 40 39 8316124531226 814TX 02337812 334799999999999999 6301101833 3499999999999999
359374349292225167122100119177247305341348319256181118 72 51 6712620828426 815TX 054374124435099999999999999 7 510019 8 5099999999999999
338367361316250185133 99 94131197266317344340300234167113 80 7410917725426 816TX 121369132434799999999999999 737 911940 7299999999999999
316353361333275208148105 85 99149217279321339324279217161119 9911015722426 817TX 14436314 533999999999999999 8 8 842011 9899999999999999
288333352339295232170119 88 8411316923228531832730626221116613612915220026 818TX 2 7352144832899999999999999 839 81204612899999999999999
257304330331304254196142103 85 9413118423928330931229225621618316316418926 819TX 232334153731499999999999999 912 84212716199999999999999
228269298309298266220171130102 9411014619123727429630028626123220719319526 820TX 3 2309164130199999999999999 950 94222519299999999999999
21123626027627826523720116313111110812315218922826228529529027525423321726 821TX 34127918 9295999999999999991041107999999999999999999999
21121522523724725024322419817014312411812714817921625228229930329527525026 822TX 449251194930499999999999999 0 4211115311899999999999999
22620920120321222623723923021018315413011712013616620625028731232031128726 823TX 64223921 032099999999999999 220201132211799999999999999
25221819217818019622124225324822819615812510610412115620625830232933531926 824TX 811253214833699999999999999 325177143710399999999999999
284239197168156166196234264277270242198150110 87 8611015721827632134534326 825TX 910278222634899999999999999 4 21561533 8499999999999999
314266213170143142168214261294303287245188131 89 68 7411117224130134135626 826TX 954304225935699999999999999 4341391618 6799999999999999
339294237183142125140185243293321322292234166108 69 54 7412720127332735826 827TX1032325232936299999999999999 5 41251658 5499999999999999
357321263202152120117152213276321341328282211141 87 55 53 9016124030735026 828TX11 9341235636699999999999999 5351141734 4999999999999999
365344290225167124104120174245305341349321260184118 73 52 6712420528233726 829TX1145350999999999999999999999 6 610418 8 5299999999999999
365360316250184133101 97134203274326352346303232159103 69 63 9817025331926 830TX 022367122135499999999999999 637 941841 6199999999999999
357366337276204144103 84100156232298340354335281208144 99 78 8914122029426 831TX 045367125835499999999999999 7 6 841913 7799999999999999
343363350301229160109 79 7711218025631434634931926019414110810012618726126 9 1TX 1 7363133735299999999999999 735 741947 9999999999999999
320350351319257185123 83 66 8012920127032034333930424819215112913216622426 9 2TX 131354142134599999999999999 8 6 66202512799999999999999
284325339324281217152100 70 65 9014421227331533432629424920517315816619726 9 3TX 159339151433499999999999999 842 64211215899999999999999
243286311313291247191137 95 73 7410215120926230031931729526322920319019326 9 4TX 235315162332199999999999999 928 70222018999999999999999
212241268283282264229186142107 87 8610614419224028030531430628625923321426 9 5TX 32628518 0314999999999999991032 84999999999999999999999
205208221238253258251231200164129104 9310112616621426029732032531328725526 9 6TX 459258194732599999999999999 01420512 6 9399999999999999
224200188191208230249258251229193152115 91 8610113819224929833234633530426 9 7TX 7 625821 434699999999999999 2181871348 8599999999999999
260216180160162187224258280282262219166117 82 66 7711918225030834836334726 9 8TX 837284215936399999999999999 32515715 8 6699999999999999
303249195153131142182235281309313287233168110 68 49 6411619026432536437126 9 9TX 940315224237399999999999999 41213116 7 4999999999999999
341285222166125111137194258308337336298231159 99 57 42 6813321528834337326 910TX1029341231837599999999999999 4521101655 4299999999999999
364318252188135100102148218285333356343291216145 89 53 50 9216925031635926 911TX1112356234937299999999999999 528 961735 4699999999999999
371342280211151105 85107170246310351363336272196131 83 59 7413421528934026 912TX1151363999999999999999999999 6 1 851810 5899999999999999
366355305234167115 82 81124198273328359358316247177121 85 7811418526232126 913TX 014367122836399999999999999 632 761841 7699999999999999
355358323258187127 86 69 90150227294340359342291224163119 9811016123429926 914TX 03636113 435999999999999999 7 0 691911 9799999999999999
340354334281210144 96 68 7011117925230934334932026720815912712115020727026 915TX 056354134035199999999999999 726 65194211999999999999999
318341334296235168113 77 65 8713920626931533833229925020116414415218824026 916TX 117342141934099999999999999 753 65201514399999999999999
288317323300253194138 96 74 7911216622627731232631428224320517816918321626 917TX 14232415 232699999999999999 821 72205416999999999999999
254285298291261216167125 96 8710113818623427530131029927524621819819320526 918TX 210298155531099999999999999 854 87214719399999999999999
22724926526825723019515912911010812415419223026328729729227825723521720926 919TX 245269171029799999999999999 938106231720899999999999999
21121922923723923321719416914613112613615718521724927629229629027325022726 920TX 3502401852297999999999999991049126999999999999999999999
20920019820321322322922421119116814613413314516820123927429930930528625626 921TX 6 5229201331099999999999999 146198123213299999999999999
22219417617118120322724524923921618315012611712515119224028431532731828826 922TX 74924921 532799999999999999 25017114 311799999999999999
246202167148149173211249275282267232185139108 9510614119625530433534132026 923TX 849282214434299999999999999 32614615 4 9599999999999999
275221171136123139182236282309311284233172120 86 75 9614821628132935234526 924TX 934314221735399999999999999 3581231552 7599999999999999
306247187137108108145206269317339329286220152 99 68 6710417224831035036026 925TX1014340224836199999999999999 4301041633 6399999999999999
334276208149106 88107164238303344357332273198132 84 62 7513021028433736226 926TX1052357231636399999999999999 5 2 881711 6199999999999999
353305234166113 80 78119194271330362362321251177118 79 6910117125331735426 927TX1130367234136299999999999999 533 741747 6899999999999999
360328263187124 81 62 81143225299348369355302228161112 85 9013921729133926 928TX12 8370999999999999999999999 6 4 621822 8299999999999999
357342290214141 88 58 56 9517125431935836734028021115411610112318325831726 929TX 0 5357124736899999999999999 634 52185810199999999999999
346345311244167103 62 45 6111719827533035935832226320215612812615922128426 930TX 029350132836399999999999999 7 5 45193512399999999999999
325338320272201131 78 49 45 761402172853313533443072542041681491551912442610 1TX 056338141435499999999999999 738 43201714799999999999999
291316316288236171112 70 51 57 941562252833233393302982562161861721802102610 2TX 12831915 934099999999999999 817 50211017299999999999999
248279293286259213161113 81 67 761101622192693063233202992672352081931942610 3TX 211293162032599999999999999 9 8 66222719299999999999999
210233253263260241210171134105 90 931151542012472853103183082862562272042610 4TX 3162641756318999999999999991021 89999999999999999999999
1921922042212362452422261991661341111011091351762242703053243243052732352610 5TX 516245193032699999999999999 02719012 410199999999999999
200174163171193222247260257236200159123100 951131542092643093363403182762610 6TX 720261203834299999999999999 2 51631344 9499999999999999
227180145130143180225265290293270225172124 90 78 961442092723223503493162610 7TX 838295212835499999999999999 3 21301456 7899999999999999
262203150112103130184244293323324292235171117 79 67 931532252903383593452610 8TX 93332822 836099999999999999 3461021550 6799999999999999
297232168116 84 89135204271323350342297229161107 72 691091802543133513572610 9TX1018352224035999999999999999 423 811634 6599999999999999
324261191130 84 66 91155233300347365343285213148 99 74 87142218286334355261010TX105836523 835599999999999999 457 661712 7399999999999999
340287215147 94 61 63109185264325362366328263194136 97 87119186259315345261011TX1136369233135099999999999999 528 561746 8699999999999999
345308241167107 65 50 74138219291342367354305238176129103112161230293332261012TX1211367235234499999999999999 557 50181710299999999999999
343321265192125 75 49 53 98172250312352361333279217164128118145202266313261013TX1246362999999999999999999999 623 46184811799999999999999
335326284218148 92 56 46 72131206275326352346309255201158134141179235287261014TX 014336132035499999999999999 648 46191913399999999999999
318322296242176115 71 51 60101165235293331344326286237191159148166207255261015TX 038324135534499999999999999 714 50195314899999999999999
291307296259203144 96 66 61 84134195255301327329306268226190167166188224261016TX 1 6307143433199999999999999 742 60203316399999999999999
259281284264225175128 93 76 82113162215263299316312290258224195179182201261017TX 138285151931799999999999999 815 75212217899999999999999
226248260257237203164129104 96107136178221260289303300283257229205190189261018TX 219261161830499999999999999 858 96223518899999999999999
199214228237236222199171145125117125147179215250278294296285264238211192261019TX 32423817382979999999999999910 1117999999999999999999999
182184193207221229227214193169146132130143168201238272294302295273242208261020TX 52022919 030299999999999999 023182113612999999999999999
180163159170192218240249243222192159134122128151188234276305315306277236261021TX 7 624920 231599999999999999 144159131112299999999999999
191155134133154191233266281276249206161125106110137185242290321329311269261022TX 814282204833099999999999999 233131142210599999999999999
214162122104113150206260300316304264208152110 90 97136197261311338336302261023TX 9 6316212734199999999999999 3121031516 8999999999999999
244180125 88 79104162232293332343320266199139 98 80 97150222287331347329261024TX 95034422 034799999999999999 348 7816 3 8099999999999999
277206139 88 60 65111186263323357359321256186129 91 82113179253311343343261025TX1033363223134799999999999999 423 571645 8199999999999999
306238161 98 56 41 64129214291346372361312241174123 93 96142214283328344261026TX111437323 034499999999999999 457 411726 9099999999999999
326271192118 64 33 33 75155242313359375353296227167124104120176248305334261027TX1157375232933899999999999999 531 2818 710399999999999999
333298229149 83 39 21 37 95181264327365370338279216165130120149208272314261028TX1240373999999999999999999999 6 6 20184712099999999999999
329313264190115 59 26 20 50118203279333363359323266211167140140175231282261029TX 0 0329132536699999999999999 642 18193013699999999999999
311313287232161 95 49 25 30 70140218285332354346309259211173152158192239261030TX 035316141435599999999999999 722 23201815199999999999999
278297292262209147 92 54 38 49 90155224283324342332300257215182165170197261031TX 118298151034299999999999999 8 8 37211616499999999999999
233262275270243200149104 72 59 701061612202733103283232972602221901721712611 1TX 213276161632999999999999999 9 4 59223316999999999999999
187213237252253237207168129100 85 891141582092582963183193002672301951692611 2TX 3332541733321999999999999991018 84999999999999999999999
1591651862122342472462281981621291071001141481952442873143213062742321892611 3TX 525249184932199999999999999 0 6159115010099999999999999
1551351371591932282552672592321931531201031081371852382853173263112722222611 4TX 7 7267195332699999999999999 126133131810299999999999999
1711291061091391872362752962922622151661251011011321842432923243313072592611 5TX 821298204433299999999999999 2241041429 9799999999999999
199142 98 77 89134195256302325318280224168122 961001371972583053313282912611 6TX 917327212433499999999999999 310 771524 9399999999999999
231165108 68 57 84144217282329348331282220162117 951081562202783183323132611 7TX10 3348215833299999999999999 349 561610 9599999999999999
261192126 75 45 49 951682453083503583292722081521131011281852492983253232611 8TX1044360222632999999999999999 424 42165010199999999999999
286221150 90 48 33 571191992733303613553142531921421131161562182753133242611 9TX1122363225232499999999999999 455 33172610999999999999999
302248177110 60 32 36 79151231298344361341291231175135119138188248295317261110TX1158361231731999999999999999 525 29175911999999999999999
310271207137 78 41 29 52110186260317350351319266209161131131164218270304261111TX1232355234431299999999999999 552 29183112799999999999999
311287235168104 57 33 39 79145219284329348334294241190150134148189240282261112TX13 5348999999999999999999999 619 3119 413499999999999999
302295258199135 81 46 38 60112180248302334338314269219175146142166209253261113TX 014303133834099999999999999 648 37193814099999999999999
284291271227169112 69 47 53 88145211270312331324293248202166147153181221261114TX 047292141333299999999999999 718 46201614699999999999999
256276273247201148100 68 59 75117174233282314323308275233193163152162189261115TX 124277145232399999999999999 753 5821 115299999999999999
222249261254227185140102 79 77 98140193244285310313295263224189164155165261116TX 2 9262153831499999999999999 835 75215815599999999999999
187214236247241218184146115 97 97117154200245282303304288258222188162152261117TX 3 9247163630699999999999999 930 94231015199999999999999
157175200223238239224197165135116112126156197240276298302287257220182153261118TX 4342401742303999999999999991044111999999999999999999999
137139157185216240250244222190157130119125150189234274299305290257213168261119TX 6 8250184630599999999999999 02513612 911899999999999999
133113115137175219254274273252215173138118119141183234278305310290249195261120TX 728276194231199999999999999 127111132911699999999999999
143103 84 90123176233278304304278232181139113111136185241288313313284230261121TX 831307203031799999999999999 217 83143610999999999999999
166109 70 55 71120188255306333330295240182136109108139196256300320310267261122TX 925335211132099999999999999 3 1 55153310499999999999999
201130 74 40 33 63127207279330355345301239179133107112153215274311320297261123TX1014356214932199999999999999 343 31162310599999999999999
241165 94 43 16 20 65143228300348367348297233176132110123173237289316313261124TX11 2367222631999999999999999 423 13171011099999999999999
277210131 64 20  2 18 76162247314358369343288226172132118140194255298315261125TX114937023 431599999999999999 5 5  1175611799999999999999
301254180103 43  6 -3 25 93180262324361365332276218168134127157212267301261126TX1237368234630999999999999999 548 -4184212599999999999999
308285231157 85 32  2  2 39111196272328359356319264209163135136170223271261127TX1325362999999999999999999999 632 -2192913199999999999999
297297269212142 77 31  8 15 58130211280330353344305252200159136142177226261128TX 031300141435499999999999999 719  6201913599999999999999
266287284254201137 80 40 23 34 79148222284327344330291240192155136144177261129TX 12328915 334499999999999999 8 8 22211313599999999999999
219255273271245197142 93 58 45 58101164229284321333317279231186150133139261130TX 224275155633399999999999999 9 2 45221513299999999999999
167205238259261242204158115 84 71 831201742312803123213052692241791431242612 1TX 33726316513219999999999999910 4 71232212299999999999999
127151186221247258248221182144113 981041331782292733023112952612161701322612 2TX 5 32581751311999999999999991115 97999999999999999999999
1091081301672082432632642452111731391191181391782252672953032892532051552612 3TX 632266185230499999999999999 032106123411699999999999999
114 88 871111542042492782872722391971581321241401772232652922992812411872612 4TX 752287194730099999999999999 134 84135112499999999999999
134 90 65 67 981522112643003112952572101671351241401792272682932952702222612 5TX 856311203529799999999999999 227 62145612499999999999999
163107 65 45 55 981612282853223313092642121651321231441882372762952882532612 6TX 947332211629699999999999999 312 44154912299999999999999
196133 79 42 31 541091812513073393403092582031561271251552032522842942752612 7TX1032344215229499999999999999 351 31163312299999999999999
228165103 54 27 29 661312072753253483382972421881441231331722232672912882612 8TX1112349222429399999999999999 427 23171212299999999999999
256199133 75 35 20 37 881602342963363473242762201691331241471942442812932612 9TX1148347225629399999999999999 5 0 20174712399999999999999
276231168104 53 24 24 56117191261313340336302250195150126131166216262289261210TX1223343232929299999999999999 532 20182012499999999999999
288258203138 79 38 22 36 82151223284325338319276222171135124143186237275261211TX1254338999999999999999999999 6 3 22185312399999999999999
290277235175111 59 30 28 57115186253304331329297248195150125127158206252261212TX 0 2290132533499999999999999 634 25192612399999999999999
281285260210148 89 47 30 42 85150220280319331314273221171135121135173221261213TX 038287135533199999999999999 7 6 3020 112199999999999999
261280273240187126 75 44 39 64116184250300326325296249197153126122144185261214TX 116281142832999999999999999 741 38204012099999999999999
229262273260222169114 72 52 57 90147212270310325313277227179141120123149261215TX 15927315 332599999999999999 819 50212411899999999999999
190230256264248211163115 82 68 79116171231280311317298258210164131114120261216TX 249264154531899999999999999 9 4 68221511499999999999999
147186223249257244212170130101 90102136186238280304305283244196152120105261217TX 35325716333079999999999999910 0 90231310499999999999999
111137176215244257251226190154125113120147190235273294294272233184139104261218TX 51125817292979999999999999911 9113999999999999999999999
 88 94121163208245267269251218181149131130150185229266287287264223171121261219TX 635270183028999999999999999 015 88123112899999999999999
 84 66 72103152207254284293280247205167141133145179223261283283259213154261220TX 754294193028699999999999999 116 65135513299999999999999
 99 60 42 50 87146211267305319306269221177144130140175222263285283254200261221TX 9 1319202528799999999999999 213 4115 713099999999999999
135 76 35 19 31 77146220282324340324282229180143125137177228269289283247261222TX10 0340211729099999999999999 3 6 1816 812599999999999999
185115 54 15  1 19 73151231296339352332285228176138122138184238278294282261223TX105435322 629499999999999999 358  117 112299999999999999
239171 97 37  0-11 14 77160242307348358331279221169131119143195249286298261224TX1146359225529899999999999999 450-11175111999999999999999
280230157 83 25 -9-15 17 87173254316353356323267208158123118150206260292261225TX1235360234530099999999999999 541-17183911699999999999999
299276220145 73 19-11-12 29104191268325355349308249191143115118158216267261226TX1321357999999999999999999999 631-16192511299999999999999
295298269209135 67 19 -6  2 50128213283332352335287227171128106119165222261227TX 03630014 335299999999999999 719 -820 910699999999999999
269293292259199129 68 26  8 25 80158236297336343315262203151113100121169261228TX 128296144234599999999999999 8 4  8205410099999999999999
223265287283249191129 77 43 33 58115188256306332327290236180132101 95121261229TX 222289152133499999999999999 848 332141 9499999999999999
168218256276272240191138 95 69 67 95148211267305319304265213161118 92 91261230TX 32027816 031999999999999999 935 642232 8899999999999999
116161208246266265240200157121101102129175226270296301281241192143104 82261231TX 4262691641302999999999999991027 982326 8099999999999999
