 60 26  6  5 24 6211116120122623322219716613711510711413415817417616213226 1 1UN 954233203917799999999999999 235  316 410799999999999999
 89 46 12 -6 -5 18 6111516720923524222920116813711410611413616017517515826 1 2UN1050242213017799999999999999 328 -817 110699999999999999
124 79 35  2-14-10 18 6512217521623924322619516113111010511714216617917626 1 3UN1140244221918099999999999999 418-15174810499999999999999
155118 70 27 -4-16 -8 24 7513318422124023821618314912110410412215017318426 1 4UN122424223 818499999999999999 5 7-17183110299999999999999
177152111 63 21 -5-13  0 37 90147194225238229202167135110 9710312615617826 1 5UN13 5238235818699999999999999 555-131912 9799999999999999
186176148105 58 20 -2 -5 14 55110163204229233216184149118 96 8910112915926 1 6UN1341234999999999999999999999 640 -61953 8999999999999999
180186173142100 57 24  7 10 34 79132180214230225200165130101 83 81 9912926 1 7UN 050186141523199999999999999 724  62034 8099999999999999
159179183168137 98 60 33 22 30 60105154194220226212182145111 84 70 75 9726 1 8UN 144183144822699999999999999 8 7 222116 7099999999999999
128156175178164135101 70 49 43 56 86128170202217215194162125 93 69 60 6926 1 9UN 241179152121999999999999999 850 4322 0 6099999999999999
 93124152169173161138111 86 70 68 82110145177199207198174142107 78 58 5426 110UN 344173155720799999999999999 938 672247 5399999999999999
 65 89119146164171164148127108 95 94105126152174188190178155124 93 66 5026 111UN 4591711638191999999999999991037 932338 4799999999999999
 48 61 84113141163174173163147131118113118131148163173172161139111 82 5826 112UN 6271751728174999999999999991159113999999999999999999999
 44 43 55 79109140166183187181167150134124121127138150159159148128102 7426 113UN 754187183116099999999999999 035 41134512199999999999999
 50 36 36 50 75109145175195202197181160139123116118128142151153142122 9426 114UN 9 3202193715399999999999999 132 34151411699999999999999
 65 41 27 29 46 7611515518820821420618515913411510711112414115215314111726 115UN 954214203415499999999999999 225 2616 910799999999999999
 86 54 30 18 23 45 8212516820021822020517914912210510111012914815915714026 116UN1035221212016099999999999999 312 18164710099999999999999
111 75 41 18 10 22 51 93141182211223218196165133109 9710011714116016816026 117UN111022422 016899999999999999 355 101718 9699999999999999
136100 60 27  8  6 25 62110158196219223208180147117 98 9410613015617317526 118UN1142224223617699999999999999 434  51746 9399999999999999
159127 85 44 14  1  8 36 81132177209223217193160128104 91 9611714617118326 119UN1211223231118399999999999999 511  11815 9199999999999999
177153113 68 30  6  0 16 53104155196219222206174140111 92 8710113016118226 120UN1240224234718899999999999999 546  01845 8799999999999999
188174142 97 53 19  2  5 31 77131179212225217190154119 94 81 8510814117226 121UN13 7225999999999999999999999 621  11917 8199999999999999
190188168129 83 42 15  6 18 53104158200224225206170131 99 78 72 8411415126 122UN 026191133422799999999999999 657  61950 7199999999999999
180193186160119 75 39 19 18 38 80132181215227217188148108 78 62 63 8411926 123UN 11019314 322799999999999999 734 162027 6099999999999999
156183192182155116 77 47 33 38 64106155195218220201166124 86 59 48 56 8226 124UN 159192143422299999999999999 815 3321 6 4899999999999999
119156182190180155121 89 65 56 64 89127167198211204179143102 67 44 38 4926 125UN 25719015 921199999999999999 9 3 562152 3799999999999999
 78115151177187181162136110 91 83 90110139168189194184158124 86 54 34 3026 126UN 4 818715511949999999999999910 4 832246 2999999999999999
 42 70106142170185187177158137120110110121139158172175165143112 78 48 2826 127UN 53818816441759999999999999911291092352 2399999999999999
 23 33 58 93130163186196195183164145130121121130143155159153136109 77 4726 128UN 7221971757159999999999999991329120999999999999999999999
 25 16 22 44 79119158189208213204185162139122114118130144153151138113 8026 129UN 851213192315499999999999999 1 6 15151111499999999999999
 46 20  7 10 31 6811315819521922721819516613811610510812414315615714511926 130UN 958227203715899999999999999 219  6161610499999999999999
 82 44 14 -1  1 23 63114163202227233220193160129106 9610512715016616715326 131UN1050234213816999999999999999 325 -317 2 9699999999999999
123 81 39  8 -7 -4 22 68122172209231232212180145115 95 9210813716317817726 2 1UN1133234222818099999999999999 421 -91740 9199999999999999
158121 75 33  3 -9 -1 31 82137184217231223196160126100 86 9211715017618826 2 2UN12 9231231318999999999999999 5 9-101814 8599999999999999
183158115 67 27  2 -5 10 50104157198222226207173137106 85 79 9512816218726 2 3UN1240227235719599999999999999 551 -61847 7899999999999999
195183151105 59 25  5  6 31 77131179211224215187148113 85 70 7410013717226 2 4UN13 7224999999999999999999999 629  31919 6999999999999999
193196179142 97 55 27 15 25 58108159198220220199162123 89 66 59 7310514426 2 5UN 040197133122399999999999999 7 5 151951 5899999999999999
177194193171134 92 57 36 33 51 90138181210219207177136 97 67 50 52 7411126 2 6UN 126196135621999999999999999 740 312025 4899999999999999
149178192187163129 93 66 52 56 80119161194211208186151111 75 50 41 51 7826 2 7UN 214192142221299999999999999 818 5121 0 4199999999999999
115151176187180159130102 82 74 83107140172193199187161126 89 59 41 38 5426 2 8UN 3 6187145019999999999999999 859 742138 3799999999999999
 83118149172181176160138117102 98107127150170181178163137105 75 51 39 4126 2 9UN 4 8181152018199999999999999 949 982221 3899999999999999
 58 86117145166177176167151136124119123134147157161156141119 93 69 50 4126 210UN 52617815571619999999999999911 21192314 4199999999999999
 45 60 84112140163177182178167154140131128130135140142139129112 91 70 5326 211UN 7 018217 41429999999999999913 3128999999999999999999999
 43 45 58 79107136163182192191181165147131121118120125132134129115 96 7426 212UN 824192185013499999999999999 022 4215 811899999999999999
 54 41 40 50 7210213616819120320218916814312210910410912113414113712310126 213UN 924204201114199999999999999 136 39155710499999999999999
 74 49 33 30 42 67103143178202212207187159131108 96 9610912914715515013126 214UN10 821221 815599999999999999 242 301628 9499999999999999
102 68 39 22 20 36 68112156191213217203176143114 94 87 9711914616517016026 215UN1044217215217099999999999999 336 191655 8799999999999999
133 95 56 26 11 14 38 79128173204219214191158124 97 83 8610613716618218226 216UN1116220222918499999999999999 421 101722 8299999999999999
163127 82 42 15  5 16 50 99150191215220204171135104 83 77 9212215818419526 217UN114422123 419599999999999999 5 0  51749 7799999999999999
186157113 66 30  9  7 28 72126174207221213185147111 85 71 7610214017619826 218UN12 9221234020299999999999999 535  51816 7199999999999999
201183146 98 53 23 10 18 51101155196219219198160119 86 66 62 7911415619026 219UN1232222999999999999999999999 6 9 101844 6199999999999999
206201176133 86 47 25 20 38 80133181212222208175131 91 63 49 55 8312516826 220UN 018207125622299999999999999 643 191914 4999999999999999
198209198168124 82 50 35 39 65110160199218214189147102 65 41 36 51 8713326 221UN 1 1209132121999999999999999 720 341947 3599999999999999
175202208194163123 87 62 53 63 93136177205212197164120 76 43 26 28 50 9026 222UN 149209135021299999999999999 8 1 532025 2499999999999999
137176200205191164131101 82 77 89116151181198195175139 97 58 30 18 25 5026 223UN 245206142319999999999999999 849 772110 1899999999999999
 90133170193200191171146123107102111129153172180173152121 85 52 28 19 2626 224UN 35520015 218099999999999999 95210222 4 1999999999999999
 49 84123158183195195184166147132123123131143154159153138114 85 56 35 2426 225UN 52719715581599999999999999911311222317 2499999999999999
 27 44 73108143173193201199187169151135125122126134141142135118 95 69 4626 226UN 7152021739142999999999999991350122999999999999999999999
 30 26 36 59 92130165193210213203184159135116107109120133143143132112 8326 227UN 845214193214499999999999999 048 26152010699999999999999
 54 32 21 25 45 79122164197218223211186155125102 92 9811613815415915012726 228UN 947224205315999999999999999 216 2116 9 9299999999999999
 93 58 30 15 16 37 76124169204224226207176141109 88 82 9712415217117616526 3 1UN1034228215117699999999999999 327 131646 8299999999999999
135 94 55 25  9 13 40 85136180212226219192155120 91 75 8010614017118819026 3 2UN1110226223519299999999999999 421  81718 7499999999999999
171133 88 49 21  9 20 55105155194218221202167129 97 74 68 8512115918820226 3 3UN1140222231420299999999999999 5 4  91747 6899999999999999
196168124 79 43 21 17 38 81132177207219208178138102 75 60 67 9613817620126 3 4UN12 3219235120899999999999999 541 161814 6099999999999999
208194158113 71 41 27 34 65113161197215212188149108 76 55 51 7110915318926 3 5UN1223217999999999999999999999 613 261840 5099999999999999
208208186146103 67 44 40 58 97144185210214197162119 80 52 40 49 7912316626 3 6UN 029211124321599999999999999 644 3919 8 4099999999999999
197211203175136 98 69 54 59 85127169200212203174133 90 56 35 33 53 9113626 3 7UN 1 921113 521299999999999999 717 531936 3199999999999999
175201208195166130 98 76 70 82112150183202202182146104 66 38 27 35 6310426 3 8UN 150208132920499999999999999 752 7020 7 2699999999999999
146181200202187160130104 89 89105133163184191181155119 81 49 30 27 43 7526 3 9UN 235204135519199999999999999 831 872039 2699999999999999
115153181196195181159135115105108122144163174172156130 98 67 43 32 36 5526 310UN 326198142117499999999999999 9181052116 3199999999999999
 86121154177190190179162144129121122130142152155150135113 88 64 47 41 4626 311UN 430191145215599999999999999102412022 3 4099999999999999
 64 91121149171184188182170155141131126128132136137134125109 90 72 57 5026 312UN 55218815501379999999999999912131262314 5099999999999999
 53 67 88114141165182191189180165148132121116117121126130127118103 85 6826 313UN 7201911811130999999999999991426116999999999999999999999
 55 53 61 79104134163186198199188169146124109101103113127139142135119 9626 314UN 832200194914299999999999999 045 52151710199999999999999
 72 53 45 50 68 97134169195208206190164135109 93 89 9811814115716215313126 315UN 923209205116299999999999999 2 8 451549 8899999999999999
100 68 44 34 39 62 99142180206215207183149117 92 79 8310313416217918116626 316UN10 3215213818399999999999999 311 331618 7899999999999999
135 95 58 33 24 35 66111158194215217198165127 96 75 70 8611815618519919426 317UN1035219221720099999999999999 4 0 241645 7099999999999999
170129 84 48 26 22 41 82132177208219209179139101 75 62 68 9713917820421226 318UN11 3219225421299999999999999 441 211712 6199999999999999
199164118 74 42 26 31 60108158196216215191151108 75 55 53 7211215919721726 319UN1127218233122099999999999999 518 251739 5199999999999999
218195154107 68 43 34 49 87137181209216200164118 78 51 39 48 8012917621026 320UN1149216999999999999999999999 554 3418 7 3999999999999999
224217188145102 69 51 51 74116163198213207178133 86 50 30 27 48 9014218826 321UN 011225121321499999999999999 631 481837 2699999999999999
218227214182141103 77 64 72100141181205208189151104 60 29 15 21 51 9815126 322UN 056227123920999999999999999 710 641912 1499999999999999
194220225210179143111 90 82 93122157187200193167126 81 41 16  8 22 5610426 323UN 145226131120099999999999999 755 821953  899999999999999
154193216221207181151124106101111134161180186174146108 68 35 14 11 27 6126 324UN 243221134918699999999999999 8501012041 1099999999999999
105150186208215206187163140123117122136153165166155132101 68 41 24 21 3526 325UN 35421514361679999999999999910 41172140 2099999999999999
 63100140174198209208196177156138126123128137145147142128106 81 57 40 3426 326UN 523210155214799999999999999115312323 0 3499999999999999
 40 60 90125159187205211205189168145126115112117127136140135122102 78 5726 327UN 6592111759140999999999999991349112999999999999999999999
 44 42 54 77111148181205216213197172143118100 94101118136149152144124 9726 328UN 818217194815299999999999999 039 421457 9499999999999999
 70 50 40 45 67102143181208221217196165131102 83 79 9412014716617416614226 329UN 91722121 117499999999999999 211 401541 7899999999999999
109 75 50 36 40 64104148186212222212184147112 83 68 73 9813316518719318126 330UN10 0222215219499999999999999 319 351616 6799999999999999
150111 74 47 35 42 73117161196216217197161122 88 65 59 7611315318620520626 331UN1033219223320899999999999999 410 341646 5899999999999999
185148106 70 46 39 55 93139178205215203172132 94 66 51 58 8913217420421826 4 1UN105921523 921899999999999999 450 391713 5099999999999999
210180138 98 67 49 51 78120163195211206181141100 67 47 44 6510615419321726 4 2UN1119212234422399999999999999 525 471738 4299999999999999
222205169127 91 67 58 71105148184205208189152109 71 45 34 45 7912617220726 4 3UN1137209999999999999999999999 556 5818 2 3499999999999999
224219194156118 88 71 72 95133171198207195164121 79 47 29 30 54 9714518826 4 4UN 018225115720799999999999999 626 691827 2799999999999999
216224212182146112 89 80 90119155186202198175136 93 55 29 22 35 6911616226 4 5UN 054224122020399999999999999 659 801854 2199999999999999
199220220202172138110 93 92109138169190194180150109 69 38 21 24 47 8713326 4 6UN 132222124619599999999999999 734 901923 2099999999999999
176206219213193164135112100105123149172183179158125 87 53 30 22 34 6310426 4 7UN 211219131518499999999999999 8141001955 2299999999999999
148184207214206185159134116109115132151166170160137107 75 48 32 32 48 7926 4 8UN 256214134717099999999999999 9 11092031 3099999999999999
117155186204208200181159138122117121133146154154143124 99 73 52 42 45 6126 4 9UN 34920814281559999999999999910 31162119 4199999999999999
 89123155181198203197182162143127119119126134140141135122103 82 65 55 5626 410UN 45620315401419999999999999911281182227 5499999999999999
 68 91119149175193201198186167146128115111114121130137139132118 99 81 6726 411UN 61320217401399999999999999913 31112358 6299999999999999
 62 68 85111141170192204203190169144121104 97101113130145153151138117 9326 412UN 7252051917154999999999999991410 97999999999999999999999
 72 60 61 76102136170197210208192165134106 88 83 9111313916217517315813026 413UN 823211202417699999999999999 125 591454 8399999999999999
 99 71 55 54 69100140178204215209185150115 87 71 71 9012315818519819317126 414UN 9 8215211619899999999999999 236 521529 6999999999999999
136 98 67 50 50 70108152189212216200167126 90 65 56 66 9814018020721720626 415UN 94421722 021799999999999999 331 4716 1 5699999999999999
176134 94 64 49 54 82125169201215209181139 97 64 46 46 6911216120122522926 416UN1013215224223099999999999999 418 481630 4399999999999999
211173129 91 66 56 68102147186208211192154107 66 40 30 42 7813018121823726 417UN1039213232323899999999999999 5 0 561659 3099999999999999
234208168126 93 72 69 88126168198209200169122 75 40 21 21 44 9014619522826 418UN11 4209999999999999999999999 540 681731 1899999999999999
242233204164126 98 83 86110147182202203182143 94 49 20  8 17 5010215820426 419UN 0 7242113220599999999999999 622 8118 6  899999999999999
233242230200163130106 95102128161188199191163120 72 33  8  3 19 5811116426 420UN 05524212 519999999999999999 7 8 951847  299999999999999
208234240226198165136114106115138165185189176145104 61 26  7  6 26 6511626 421UN 148240124619099999999999999 8 01061933  499999999999999
166206230235223199169142122114121139160174175161134 98 61 31 15 16 36 7226 422UN 247236133517799999999999999 9 21142027 1399999999999999
118164200223230221200174148128118120132148159161151130102 71 45 31 30 4626 423UN 35523014401629999999999999910181172131 2899999999999999
 76116157191215224220202178152130116112119132144151149136115 90 67 51 4626 424UN 5 922516161519999999999999911481122251 4699999999999999
 55 78111147182207220219204180152126107 99103116133148154150136114 90 7026 425UN 62422118 8154999999999999991310 99999999999999999999999
 59 61 76104139175202217218204178146116 93 83 8810613015316717015913711026 426UN 732219194117099999999999999 023 581412 8399999999999999
 84 68 63 74100136173201216216198168132100 76 67 7710413716718619118015426 427UN 828218205019199999999999999 149 631459 6799999999999999
122 93 72 64 75103141177203215209185149111 79 59 56 7611215218520620919326 428UN 912216214121099999999999999 257 641537 5599999999999999
162126 95 73 67 81114152185206211196164124 86 58 45 53 8512917220522222026 429UN 945212222422499999999999999 350 6716 9 4599999999999999
197161125 94 75 75 96131168195207201175136 95 61 41 38 6010115019222123226 430UN101220723 123299999999999999 432 721636 3799999999999999
221192154119 93 80 88116152183201202183147105 67 41 30 41 7512317120923226 5 1UN1034203233623699999999999999 5 8 8017 2 3099999999999999
234215181145114 93 89106137170193201189159118 76 44 27 28 52 9514519022226 5 2UN1055201999999999999999999999 542 881726 2599999999999999
236228203169135109 96102125156183197193170133 90 53 29 21 35 7011716620526 5 3UN 0 9236111819899999999999999 614 961752 2199999999999999
229233218190157127107102115141169189193179148108 68 37 21 24 49 9013918426 5 4UN 042234114519499999999999999 6471011821 2099999999999999
216232227207177146121107109126152175187183162127 87 52 28 21 34 6611115826 5 5UN 117232121618899999999999999 7231051852 2199999999999999
198223230220196166138116108115134157175181170144109 73 43 26 28 48 8412926 5 6UN 153230125118199999999999999 8 21081926 2499999999999999
173207225226212187158132115110119138157170171157131 98 66 42 32 39 6310026 5 7UN 233228133217299999999999999 84811020 7 3299999999999999
143182211224221205180152129114111120136153162161148125 96 69 49 43 52 7626 5 8UN 320225142416399999999999999 9431112056 4399999999999999
111150185210221217201176149127112109116130145155156147128103 79 62 55 6326 5 9UN 41522115361579999999999999910481092159 5599999999999999
 84116151183207218214198174147123107102108122138152158154140119 96 77 6726 510UN 51621817 81589999999999999911571022316 6799999999999999
 70 87115148179204216213197171142115 96 90 96113135156169170159139113 9026 511UN 61921618361719999999999999913 0 90999999999999999999999
 76 74 86111144177203215211193163130100 80 75 8510813916818619118115912926 512UN 716216195019199999999999999 039 731352 7599999999999999
101 81 75 84109144179205215207184148110 79 61 60 7711015018520721320117426 513UN 8 5215205021399999999999999 155 751435 5899999999999999
139107 85 77 86113151185207212198166124 84 55 42 48 7612016720522723121526 514UN 846212214223299999999999999 3 0 771513 4299999999999999
182144111 88 81 93124162193208205182142 96 57 33 27 43 8113318422224224226 515UN 921209223024599999999999999 354 811548 2699999999999999
221185146114 94 90106139174198205193160114 68 33 15 18 43 9114819923425126 516UN 953206231725299999999999999 444 891624 1499999999999999
246221184148119101101121154184201199178138 89 45 15  4 15 4910216020824126 517UN1025202999999999999999999999 531 9917 3  499999999999999
254245218182149123109113135165189199190162118 70 30  6  0 17 5711216821426 518UN 0 625411 219999999999999999 6191081746  099999999999999
244253242214181150126115121143169189193180149105 60 24  4  3 24 6612017426 519UN 057253114619499999999999999 7 91141833  199999999999999
217243250237211179149126117124144168184186171141100 59 27  9 11 34 7512726 520UN 150250123818799999999999999 8 51171925  899999999999999
178217241246233207175146124115122140162177179166139102 65 37 21 24 46 8526 521UN 246247133918099999999999999 9 51152022 2099999999999999
133180216237241227201170141119109115132152168172164142111 79 53 39 41 6026 522UN 34224214521739999999999999910 81092124 3899999999999999
 95138180213232235221195164134111100104120141159169166151126 98 74 60 5926 523UN 43923616181699999999999999911131002234 5799999999999999
 74103141178208226227213187156125101 89 92108131154170174165145121 97 8126 524UN 5362291749174999999999999991217 882350 7699999999999999
 76 86109141175203219219205178145112 87 75 79 9712515417618618316714311826 525UN 6322211915187999999999999991317 75999999999999999999999
 98 89 94112141173199213211195166130 96 72 61 68 9212616118820320218716126 526UN 726214202820599999999999999 111 8914 8 6199999999999999
133110 98 99115143173196207202182149111 78 55 49 62 9413517520522121920126 527UN 813207212522299999999999999 226 961451 4999999999999999
172141116102102120148177196202191164127 89 58 41 42 6410415019222223522926 528UN 852202221123599999999999999 3271001528 3999999999999999
205174142116104108129157182196194176143103 67 41 32 43 7512116920923524226 529UN 925197225124299999999999999 41610316 0 3299999999999999
229202168137114107117141168188194184157119 79 47 29 30 52 9214218822324226 530UN 954194232724499999999999999 4561071629 2799999999999999
241222191158130113112128154178191189169135 95 58 33 24 36 6811416320523326 531UN1022192999999999999999999999 5321101657 2499999999999999
243233209177146123113120141166185191180152114 75 43 25 27 48 8713618221826 6 1UN 0 0243105119199999999999999 6 51131727 2399999999999999
237238221193162135117115129152175189187168135 95 59 33 24 34 6510915719926 6 2UN 032240112419099999999999999 6381141759 2499999999999999
227238231208178148125114119137161181189180155119 80 47 28 27 46 8313017626 6 3UN 1 4238115918999999999999999 7121141833 2599999999999999
213234237222195164136117112122143167184186172143106 69 41 29 35 6110215026 6 4UN 138238123918799999999999999 7501121911 2999999999999999
193224238233213183151126111111124147170183181164134 98 64 41 35 47 7712026 6 5UN 214239132418499999999999999 8321091952 3499999999999999
167207232239228204172141117105109125149170181177159130 96 66 48 45 61 9326 6 6UN 253239141618199999999999999 9181052039 4499999999999999
136180215234236221194161131109 99105123147168178176160133102 76 60 59 7526 6 7UN 33723815181799999999999999910 8 992133 5899999999999999
106146186216232230213184150120 99 91 98118143166179180167144117 92 77 7526 6 8UN 42423316331819999999999999911 2 912237 7499999999999999
 89116152187214226222203173138108 87 80 88110139166184190182163137112 9526 6 9UN 5162261755190999999999999991157 802352 9099999999999999
 90 99121152184208218213192160124 92 71 65 7610213617019420520218515913226 610UN 6 92191915206999999999999991251 65999999999999999999999
111102105123151181203211203180144105 73 53 49 64 9613817820822422320617826 611UN 7 1211202622599999999999999 1151011341 4999999999999999
148124110109124151179199205193166126 85 52 34 35 56 9514418922324124022126 612UN 750205212824399999999999999 2321081429 3299999999999999
191159132115113127154181198199183150107 64 33 18 24 52 9815220123625325126 613UN 835201222325599999999999999 3391121514 1899999999999999
230197164136119117133160185198195173135 88 46 18  8 19 5310416121024426026 614UN 918199231526099999999999999 43611616 0  899999999999999
254231197164137122123141168190199190163122 74 34  9  3 19 5811216921624826 615UN10 2199999999999999999999999 5271201647  299999999999999
261252227193161136123127147174193198186156112 65 28  6  4 24 6612117722126 616UN 0 6261104919999999999999999 6171221737  299999999999999
250259247220186156132122129151177195198183151107 62 28  9 10 33 7713218526 617UN 056259114019999999999999999 7 71221828  799999999999999
226250255240210177147125118128152178195196181149106 64 33 17 21 46 9114426 618UN 143256123719899999999999999 7561181921 1699999999999999
194231250250230199165135115110124149175192195180149110 72 44 31 36 6310826 619UN 229253133919699999999999999 8461102013 3099999999999999
158203234248242219185151122103102117144171188192180153118 84 60 49 57 8426 620UN 312249144519399999999999999 93610021 6 4999999999999999
125171209234242231205171136108 92 93110137164184191182160130102 80 72 8026 621UN 3552421556191999999999999991027 9022 2 7299999999999999
105141179211229232217190155121 95 81 84102129158181191188172148123104 9626 622UN 4382331715192999999999999991120 8023 7 9699999999999999
102121150181206220218202174141108 83 71 75 9412315418119619818816914712826 623UN 5252211840199999999999999991215 70999999999999999999999
117118131153177198208204188160127 95 71 61 66 8711915518620621320718916626 624UN 61620820 021399999999999999 02511613 9 6199999999999999
145131126134150171189197192174146113 82 60 52 60 8512116119622022922320426 625UN 7 919721 522999999999999999 15312614 0 5299999999999999
179154136128132147167183189183163132 98 68 49 44 58 8813017321023324123226 626UN 8 0189215724199999999999999 3 91271445 4499999999999999
210181154133125130147167182185175151118 83 55 39 41 61 9814418822324424726 627UN 846186223924899999999999999 4 61251525 3899999999999999
232206174146128123132152172184183167139102 68 43 34 43 7011316120423424826 628UN 926186231624999999999999999 45012216 2 3499999999999999
244224193162136122124139162181188181159125 87 54 35 33 50 8513117921724126 629UN10 2188234924799999999999999 5251211637 3199999999999999
247234209177147127120129150174190191177148109 71 43 30 37 6210415219622826 630UN1037193999999999999999999999 5551201711 3099999999999999
243240221191159134120122138163185196191170134 94 58 36 30 45 7912517321326 7 1UN 019244111219799999999999999 6251191746 3099999999999999
237243231204172143123116126148175195200188160120 80 48 32 35 58 9914919526 7 2UN 049244114920099999999999999 6561161821 3199999999999999
228244240219188155129114114131158185200200182148107 69 43 34 45 7612317326 7 3UN 119245122820299999999999999 7301121858 3499999999999999
215241247234206171139116106113136166191203197174138 97 63 43 41 60 9714726 7 4UN 149248131120399999999999999 8 61061936 4099999999999999
195231248245223189153122103 99113140171195203194169132 95 66 51 55 7912026 7 5UN 221250135920399999999999999 844 992018 5099999999999999
168212240248237208171134106 91 93112142174196203193168135101 77 67 7510026 7 6UN 255248145520399999999999999 925 9021 5 6799999999999999
140184219239240222190152117 91 80 86108141173195203196175146117 97 89 9626 7 7UN 33224216 02039999999999999910 9 7922 1 8999999999999999
119154190218230226205172134100 77 68 7710213617019520720418916514012111226 7 8UN 4142311719208999999999999991059 68231311299999999999999
116132159187209217210189156119 86 64 57 67 9312816619621421820918916614526 7 9UN 5 32171847218999999999999991155 57999999999999999999999
132129138157179197204197176144107 74 51 44 55 8212116319922423422921218826 710UN 6 1204201123499999999999999 0441291255 4499999999999999
163145135137151171188195189168136 98 63 39 32 43 7211516220423424824622926 711UN 7 4195212124999999999999999 2201351355 3299999999999999
202174150136134146166184193186165131 90 53 29 21 33 6511316521024325925626 712UN 8 6193222126099999999999999 3361331454 2199999999999999
236206175149133131145168187196188165127 83 45 20 14 28 6411517021624926426 713UN 9 3196231426499999999999999 4361301550 1499999999999999
258235202170144129131149174195201192165124 77 39 16 11 29 6812217822325326 714UN 956201999999999999999999999 5251281643 1199999999999999
263253226192160136125132155183203208195164119 73 36 16 14 36 7913518923026 715UN 0 1263104820899999999999999 6 91251734 1299999999999999
255260243212177148127120133161191209212196162116 70 37 20 23 49 9715220226 716UN 043260114021399999999999999 6511201823 1999999999999999
238256252229195160132115115134166196213214195159113 72 43 30 38 7011917226 717UN 121257123321699999999999999 73111219 9 3099999999999999
217245254242212175141115103109134168198214213193156114 77 53 46 60 9514426 718UN 155254132721699999999999999 8121021953 4699999999999999
192229249248227192155122 98 91104133168196212210190157120 89 70 68 8612226 719UN 228251142421399999999999999 853 912037 6799999999999999
167207235244235208171134103 84 82100131165193208207190162131106 92 9411326 720UN 3 0244152621099999999999999 935 812125 9199999999999999
146182213231232216187151116 88 74 77 9712816118820420619417314912911812026 721UN 3342341636207999999999999991020 73222111799999999999999
136160187208218214196167134103 79 69 74 9512415618420320920318816915214126 722UN 41221817592099999999999999911 9 69233713999999999999999
140149164181195200194177152122 94 74 66 72 9212015318320621721620618917126 723UN 45920019272189999999999999912 4 66999999999999999999999
157150151158169180184179165142115 89 70 63 69 8811815218621322823022120326 724UN 6 2184204123199999999999999 12314913 4 6399999999999999
182162149144148158169175172159138111 85 65 58 65 8611815719422323924122926 725UN 714175213824299999999999999 3 314414 2 5899999999999999
207181157141135139152167175173159136106 78 58 52 61 8612316620623424824626 726UN 819176222124999999999999999 4 31351455 5299999999999999
228200170145130128138157174183178160132 98 68 50 47 61 9213518021824325126 727UN 910183225825199999999999999 4401271541 4699999999999999
242217185155132122128146169187193183159124 86 57 42 44 6610415119723024826 728UN 952193232925199999999999999 5101221622 4199999999999999
248230200167139122121135161186201201183151110 72 46 37 47 7812317221424126 729UN1029203235725099999999999999 53611917 0 3799999999999999
250239212179148126117125148178202211203177138 95 60 40 38 58 9714719523026 730UN11 4211999999999999999999999 6 31171735 3799999999999999
248246225192158131115115133164194214216200166122 80 51 39 46 7612317521826 731UN 024250113821799999999999999 63111318 8 3899999999999999
244251237206169137116107117144178207220216191152107 70 48 45 6210115320226 8 1UN 049251121522199999999999999 7 01071842 4499999999999999
237253247221184146117101101120154190215223212182140 98 68 54 58 8513018126 8 2UN 114253125522399999999999999 731 991917 5399999999999999
224249253235200159123 98 88 97124163198220223207175135 98 75 67 7911115726 8 3UN 140254134022499999999999999 8 3 881955 6799999999999999
203237251243215175134100 80 77 94128168202221222205174139109 90 8810313626 8 4UN 2 8251143222499999999999999 839 762039 8799999999999999
177215238241225192151111 81 66 70 9212816820122022120718115212811311312726 8 5UN 240242153522299999999999999 920 65213311199999999999999
154186213227223203170131 95 69 58 64 8812416319621622221419617415313913626 8 6UN 31722816552229999999999999910 8 57224713699999999999999
144162184202209203184155120 87 63 53 59 8011415318721322622621619817816226 8 7UN 4 420918322289999999999999911 8 53999999999999999999999
152151159172185192188174149118 86 62 49 52 7010114017921123224023522019826 8 8UN 51119220 624099999999999999 0361511221 4899999999999999
176159149150158171181183173152123 90 62 45 43 57 8812917321224025325123426 8 9UN 641184212025499999999999999 2291481338 4299999999999999
208180156141138148165181188181162130 93 60 39 33 46 7812417321724726225826 810UN 8 3188221826399999999999999 3431381449 3399999999999999
237206174147131130145169190199193172136 93 57 33 27 41 7612717922325326526 811UN 9 919923 426599999999999999 4341281551 2799999999999999
256229194161135122128151181203212204178136 90 52 30 25 43 8413919123225726 812UN10 3212234326399999999999999 5141221644 2599999999999999
262244212176145123117131162195217223210178131 85 50 31 31 5610315820724126 813UN1052223999999999999999999999 5501161729 2899999999999999
258252226189154127111114138174207227229211172124 81 51 38 46 7812918222326 814UN 016258113723099999999999999 6231091811 3899999999999999
249254237202164131109100113145184216232230206165119 82 58 52 6810715820526 815UN 044255122323499999999999999 6561001849 5199999999999999
238252244216177139109 91 92114151191220233226199159118 87 70 72 9613818526 816UN 110252131023399999999999999 730 891926 6999999999999999
223245247227192151115 89 78 87116156194221230220193157124 99 89 9712516526 817UN 13524814 023099999999999999 8 5 7820 5 8999999999999999
204231242232205167127 95 74 71 8712016019521822521519116213511611112315026 818UN 2 2242145422699999999999999 841 70204911199999999999999
182211227227210180143108 81 67 70 9112516119321422021319417215113713514526 819UN 230229155622199999999999999 919 66214113499999999999999
165188205212205186157125 96 75 67 75 9612716018920921821420218616915715326 820UN 3 121217132189999999999999910 2 67225515399999999999999
158169181190191183166142116 93 77 72 80 9912615618420621822021420118517126 821UN 3391911842221999999999999991054 72999999999999999999999
162159162166171172167155137117 97 82 76 81 9812215118120622322922521319526 822UN 44717220 522999999999999999 05815912 1 7699999999999999
176160151148150157163163156142123102 84 75 78 9211614818221223223923421826 823UN 63716421 623999999999999999 3 11481317 7599999999999999
194169149137134141154166171166152129103 81 69 70 8511315018922124124623626 824UN 8 1171215124799999999999999 3471341426 6899999999999999
213183155134124127142163180186180160130 98 72 59 62 8111616020223324924826 825UN 859186222625199999999999999 4161231521 5899999999999999
230199165137119117130155182199202189161123 87 61 50 58 8512917721724425326 826UN 943203225725399999999999999 44111616 6 5099999999999999
241214178145121110118143175203216213191153110 73 51 46 6310115019823325126 827UN1019217232325399999999999999 5 61101644 4699999999999999
249226191154125108108128162197221228215183139 95 63 47 52 7912517722024626 828UN1053228234725299999999999999 5311051719 4699999999999999
252236203164130108100112143182215233231209169123 83 59 52 6710515620423826 829UN1126235999999999999999999999 5561001751 5299999999999999
252244215175136108 93 96120159200228238228198154111 79 63 65 9113618722726 830UN 0 925212 123999999999999999 623 921823 6199999999999999
249249227188145109 87 81 95130174213236240222187144107 83 74 8611916621126 831UN 031252124024199999999999999 650 811857 7499999999999999
241249236202158115 85 70 73 97139185221240238217181143112 94 9311114618926 9 1UN 054250132524199999999999999 720 681935 9199999999999999
225243239215175129 90 65 57 6910114619122423923521418215012511311513416626 9 2UN 120244141724099999999999999 755 57202111299999999999999
201225232220190150108 73 53 51 6810314719022023523321619116514513413715226 9 3UN 152233152123699999999999999 837 50212113499999999999999
175199214214198169133 96 67 51 51 6910214218121222923222320618516715515326 9 4UN 230216164523299999999999999 929 49224815299999999999999
159172186195193180157128 97 71 56 55 68 9513116820022223423322320618717026 9 5UN 3211951828235999999999999991036 54999999999999999999999
159156160167175177172157135109 83 65 58 64 8411515218821923824523922219926 9 6UN 45117720 124599999999999999 05715612 3 5899999999999999
175156144142150162173176169151126 97 72 57 56 7010014018221924425524922926 9 7UN 65017621 925599999999999999 2401421334 5599999999999999
200170144129127140161180190187170141106 74 53 47 60 9113618422425126125126 9 8UN 81819022 026199999999999999 3361261451 4799999999999999
224189155128114119141171195208206185149108 72 49 42 57 9414419423225525926 9 9UN 921209224026099999999999999 4161131551 4299999999999999
241207169135112105120152188214226219192149104 68 47 44 6611016220824125626 910UN1010226231225699999999999999 4511041638 4399999999999999
249220181144115 98102128169206230237224188142 98 67 51 56 8713518522424726 911UN1053238233725199999999999999 521 961718 5099999999999999
250229192152118 95 88105142186221241241220179133 95 70 62 7711616520823726 912UN1132244235924799999999999999 550 881753 6299999999999999
247235203161123 94 79 84112156200231245239210169127 96 79 8010514719222626 913UN1212246999999999999999999999 618 791827 7799999999999999
243239214174131 96 74 69 86123169210237245232200162127102 9310313317421226 914UN 020244125324599999999999999 646 6919 1 9399999999999999
235239222188145105 75 61 66 9213418021623824022319315913111311012715819326 915UN 042240133724299999999999999 717 60193910999999999999999
220231224198160119 84 62 56 7010314618721923523421719016213912712914717426 916UN 1 7232142523799999999999999 748 56202112699999999999999
200216217202172136100 72 57 60 8011515519221823022821319116815014214516026 917UN 134219151923199999999999999 822 56211214199999999999999
179195201196177150118 90 69 62 70 9212416019121322422321219617716215415526 918UN 2 3201162422599999999999999 9 1 62222415399999999999999
163173180181174158136112 90 76 72 8110112915918620722022321620318717116026 919UN 237182174522399999999999999 949 72999999999999999999999
155156159163163160150135117100 87 82 8710312615217920322022622221119317426 920UN 34416319 722699999999999999 02015511 0 8299999999999999
158147142143148154158155145130113 97 87 87 9811714417520422423323021619326 921UN 6 7158201323399999999999999 2191421230 8599999999999999
168146132126131143158169171162146123100 84 79 8710914017721023324123421326 922UN 74117121 324199999999999999 3 31261352 7999999999999999
184153129115114127150173189191180156125 95 75 68 7910614518722224224623126 923UN 842192214124799999999999999 3331131454 6899999999999999
201166133110102111136168196211210191158119 85 65 61 7711315920323524924326 924UN 927212221324999999999999999 4 01021542 6099999999999999
217179141111 94 96117154191218229220192150108 76 59 62 8813218122124424826 925UN10 4229223924999999999999999 426 921622 5799999999999999
229193151115 91 84 98133177214236240221183137 97 71 61 7411015920423524726 926UN104024123 324799999999999999 452 841658 6199999999999999
236205161120 90 76 81109153199232247241213170126 92 73 73 9613818622424226 927UN1114248232324499999999999999 517 751732 7099999999999999
240215172127 90 69 65 83123173216244251237202159121 94 83 9212316720923526 928UN1151251234424199999999999999 542 6418 7 8399999999999999
240223186138 95 65 53 60 90138189228250250230193154122103 9911514919022226 929UN1232253999999999999999999999 610 531844 9899999999999999
236228200156108 69 47 43 60 9915019923425124722419015613011611713616820226 930UN 0 9236131825299999999999999 643 42192711499999999999999
223227210175129 85 53 36 39 641061572032342482432221931641421311341511772610 1UN 039228141324899999999999999 721 35202013099999999999999
202214210189154112 74 47 35 43 691101571992282422392242011761571461461572610 2UN 116215152024399999999999999 8 8 35212914499999999999999
175190197191171142107 75 52 43 50 731091511892182352382292111901701561502610 3UN 2 2197164423899999999999999 9 5 43231015099999999999999
153162172178175162141115 89 67 57 59 751031391752062282382362232021801602610 4UN 3111781818239999999999999991021 56999999999999999999999
146140144153162167164153133110 87 70 65 72 931251621972252412432312091812610 5UN 512167193824499999999999999 1 41401157 6599999999999999
154133123125138155170177173157132104 81 67 67 821131531942262452482342062610 6UN 7 8177204024999999999999999 2201221331 6599999999999999
172139115104110132160183197196180150115 85 66 62 771101551982302482472262610 7UN 828198212725099999999999999 3 91041445 6199999999999999
191153119 96 90105138174203218216195158119 85 64 61 801191662072362472372610 8UN 92522022 324799999999999999 347 891541 6099999999999999
207167127 96 79 83111153193222236228199158117 85 66 68 951381842192392402610 9UN1010236223124299999999999999 420 781625 6499999999999999
218179136100 75 68 86125172212238246230194151113 85 74 85119163203229237261010UN1050246225423799999999999999 449 6817 3 7499999999999999
223189146105 75 60 66 97144192228248247223184143110 90 88108147188218232261011UN1127250231323399999999999999 515 591737 8699999999999999
226199157113 78 56 53 72113164208239251241211173137111 99106134172206226261012UN12 3251233322999999999999999 541 511810 9999999999999999
227207170125 85 57 45 54 85132181221244248231200164134115111126156190215261013UN1241249235722399999999999999 6 7 45184411099999999999999
223212183141 98 64 44 42 62101150195228245241221190159134121124143171198261014UN1319246999999999999999999999 634 41192112099999999999999
213211191156115 78 51 40 49 77119165205232241233212184157137129135155178261015UN 02421414 124199999999999999 7 5 4020 312999999999999999
196202193168134 97 66 47 45 61 93135177211231236225205180157141136143159261016UN 054203144723699999999999999 738 44205313699999999999999
176187186173149118 88 64 52 56 76108146183211227230220202179159145140145261017UN 129188154123099999999999999 816 52215814099999999999999
155166172170158137113 89 71 64 69 88118151182207222225217201181162147139261018UN 213173164722599999999999999 9 4 64232513899999999999999
140146153158158151137118 99 84 77 80 95120148177202218224218204183162143261019UN 3291591759224999999999999991012 77999999999999999999999
131128132140149156156148133115 99 87 85 95115142172199219227222206182156261020UN 53115719 622799999999999999 0551281140 8599999999999999
132117113119132150165171167153132109 91 84 89107136170202224232224204173261021UN 7 717120 123299999999999999 15511313 7 8499999999999999
141115 99 98110134161183193189171143113 90 78 82102136175209231235222192261022UN 813193204523699999999999999 237 971416 7799999999999999
155120 93 82 88111146181206215207182147111 85 73 79105145187220236232209261023UN 9 3215212023799999999999999 311 811511 7399999999999999
170129 94 72 68 86122166204228233218184143107 82 73 85118162202228235220261024UN 946234214923599999999999999 341 671557 7399999999999999
185140 98 68 55 62 94141189226245243219179137103 83 80100139183216231225261025UN1026247221423199999999999999 410 541638 7999999999999999
197153105 68 46 44 65108162209241254244213172133104 90 95122163200223226261026UN11 5254223822799999999999999 437 421717 8999999999999999
207168118 73 43 31 40 73125180224251256240205166132110102113144182211222261027UN114525723 422299999999999999 5 6 30175710299999999999999
213183137 87 48 25 22 42 84140194233254254233199164136118115131161193213261028UN1230257233521699999999999999 539 21184011499999999999999
215196159111 65 32 16 21 48 95151201236253249228197166141127127143170195261029UN1319254999999999999999999999 617 15193012599999999999999
207202178140 95 54 26 16 25 56103156202235249245225198170147134134148169261030UN 013207141625099999999999999 7 2 16202913299999999999999
188195187164129 89 54 30 23 34 64108156199229243241225201174152138135144261031UN 1 1195152124499999999999999 754 23214313499999999999999
160174180174156128 95 65 44 37 46 711091531922212372382262041781541371292611 1UN 2 2180163424099999999999999 857 3723 912999999999999999
133144158167167156136110 84 63 54 58 761081461832132322362272061791521292611 2UN 3301681748237999999999999991014 53999999999999999999999
117116127142157166165153132108 85 70 67 791041381752072282352262041741432611 3UN 524167185623599999999999999 0321151143 6799999999999999
116100 98110132156174181175157132105 84 74 791001331712052262332231971622611 4UN 7 4181195423399999999999999 138 971311 7499999999999999
127 97 81 81100130163188201198180150119 93 79 801001351742062262292141822611 5UN 820202204123099999999999999 229 781425 7799999999999999
142104 76 62 70 98138177206221217194160125 97 82 841071441822102252211972611 6UN 918222211822699999999999999 310 621524 8099999999999999
158116 79 55 50 68107153195225237228200162127 99 86 931211581922142202052611 7UN10 5237214722099999999999999 345 491611 8699999999999999
172128 87 56 40 46 76123173214240245229196158124101 941081391752022142082611 8UN1045246221221599999999999999 416 391651 9399999999999999
182141 97 61 37 33 52 931441932292472452211861501211041051261591892072082611 9UN1122249223421099999999999999 443 32172710299999999999999
190155110 69 40 27 35 66114166209238248237209174142119110119145175198206261110UN1157248225820699999999999999 5 9 2718 011099999999999999
196168127 83 48 27 26 46 85136184222242243225195162135118117133159185200261111UN1231245232520199999999999999 536 24183411599999999999999
198179144101 62 34 23 32 62107156200230241234212181152129118124143168188261112UN13 6241235719599999999999999 6 4 23191011899999999999999
195186160122 82 49 29 27 45 81127174211233237224199170143125120129149171261113UN1343238999999999999999999999 636 25195012099999999999999
185186171142105 69 42 30 36 61100145188219234231215189161137122121132150261114UN 033187142223599999999999999 711 30203612099999999999999
168178174157128 95 64 44 38 49 77116159196222231226207181154132120120130261115UN 11517815 723199999999999999 751 37213011899999999999999
147162168164147122 93 67 52 50 63 91128167200221228220201175149128116115261116UN 2 7169155822899999999999999 838 48223311499999999999999
125140153160158145124100 78 64 63 75101135170199218224216197170144122109261117UN 316161165522499999999999999 937 62234010699999999999999
107115130146157159152135114 94 79 75 84105135168196215221213192165135111261118UN 4471591755221999999999999991050 75999999999999999999999
 96 94103122143160169167154133111 92 84 88105133165194214219209186154121261119UN 618170185122099999999999999 041 931212 8399999999999999
 94 79 78 92118147172187188175152125102 88 88103131165195214217203174136261120UN 734189194021899999999999999 133 771330 8799999999999999
100 73 59 64 86121159190208209194166134107 90 89104134170199214211190154261121UN 835211202221599999999999999 216 591437 8799999999999999
111 74 49 41 54 87132177211228227207174138109 92 92110143178203212201171261122UN 926230205821299999999999999 254 411533 9099999999999999
127 82 46 27 28 52 96148196229244238212175139111 96 99122156188206206185261123UN1013244213020899999999999999 329 251622 9599999999999999
146 97 53 23 11 21 56109165212242252240210173139114103110136169195205195261124UN105825222 220599999999999999 4 3 1117 810299999999999999
166120 70 29  6  2 22 65122179223248253237205170139117110122149179198200261125UN1144254223720299999999999999 440  1175311099999999999999
183146 98 49 14 -4  0 27 76134188228250251231200167139121117132158183197261126UN1232253231819899999999999999 520 -5184111699999999999999
193170131 82 38  7 -5  4 36 86143194230248246225195163137122121136160182261127UN1323250999999999999999999999 6 6 -5193411999999999999999
192185160121 76 35  9  0 12 46 95150197230245241220190159134120119134156261128UN 0 6192141624699999999999999 656  0203211799999999999999
176184177154118 77 41 18 11 24 57104155199228241235214184154129114113126261129UN 1 3184151124199999999999999 751 11213411199999999999999
147166175171153122 86 55 34 28 39 69112159198225236229207177147120104102261130UN 21217616 623699999999999999 852 28223810199999999999999
114135155167168156132102 75 55 48 57 82119160196220229221199169137109 922612 1UN 33517017 222999999999999999 958 482343 8899999999999999
 89100121144162170165148124 99 78 69 73 93124159191213220212190159125 962612 2UN 5 71701758220999999999999991113 68999999999999999999999
 77 73 85109137162177179169148123101 88 871001251571862062122021791451092612 3UN 641180185421299999999999999 044 721235 8599999999999999
 79 60 57 72101136167189197190171145119102 951041261551822002031911641282612 4UN 8 2197194520499999999999999 140 561357 9599999999999999
 90 60 43 44 64100142179205216209187158130109 991061281561811951951781462612 5UN 9 7216202919799999999999999 228 4115 6 9999999999999999
107 69 41 29 37 651091551952222312201951631331101011101331611821911841612612 6UN 95823121 619199999999999999 3 9 2916 110199999999999999
124 83 48 26 21 38 751241722112342382221931591291091041171421681841861712612 7UN1041239213818799999999999999 345 20164510499999999999999
140100 60 30 15 20 47 921431902242402362151831491221071091281531751851782612 8UN111824122 818599999999999999 416 14172310699999999999999
155118 77 40 17 12 28 641131632052322392272001681371151081171401641811832612 9UN1152239223818499999999999999 446 12175610899999999999999
168137 97 56 26 11 16 42 85135182216234232213183151125110111127151173183261210UN1224235231018499999999999999 516 11182810899999999999999
178155119 77 41 17 12 26 60107156198224232222197165136115107115135160178261211UN1255232234518399999999999999 547 1119 010799999999999999
182169140101 61 30 14 17 41 81130176211229228210181149123107105119142165261212UN1326231999999999999999999999 620 13193510499999999999999
179178159127 87 50 25 16 28 58102151193221230221197166135111100104122146261213UN 02418114 023099999999999999 656 16201510099999999999999
168177171149115 77 45 25 24 42 77124170207227229213185152122102 95103123261214UN 1 7177143523099999999999999 735 222058 9599999999999999
148166173164141108 73 46 33 37 59 97142185215228223203172138110 93 89100261215UN 155173151422999999999999999 817 322145 8999999999999999
122146163168160138108 78 56 46 53 77113155192216224214191158125 99 83 82261216UN 252169155622499999999999999 9 6 462236 8199999999999999
 95117142160167161143117 91 72 64 71 92125161193212215203178145112 86 71261217UN 4 216716432169999999999999910 4 642329 7099999999999999
 72 86111137159170169156134111 92 83 86103130161188204205191164130 97 70261218UN 5241711735206999999999999991115 82999999999999999999999
 57 58 75103135162179184175156133112 99 97108130157181195195179150114 79261219UN 649184182919799999999999999 024 551239 9699999999999999
 52 39 43 64 98137171194203197178152128110103109128153176189186168136 96261220UN 8 6203192119099999999999999 117 3914 410399999999999999
 59 32 21 29 56 97143183210222216195166137116105109127153175185180157120261221UN 9 9222201018599999999999999 2 6 21151510499999999999999
 77 38 13  5 18 52101152196225236228204172141117106110130156177184174146261222UN10 4236205618499999999999999 253  5161410599999999999999
104 58 20 -3 -7 12 53108162207235244232205171140116107114136163181184169261223UN1055244214018599999999999999 340 -817 510699999999999999
136 90 42  5-14-12 12 59116172215240245230200166136115108119144170185184261224UN1145246222618799999999999999 426-16175310899999999999999
164127 78 31 -3-18-12 17 67126180220242242223191157129111108123150175188261225UN1232245231518999999999999999 514-19184010799999999999999
183160120 70 26 -5-17 -7 27 79137188224241236213180147120105106125153177261226UN1318242999999999999999999999 6 4-17192710399999999999999
188182157115 68 26 -1 -9  4 41 94150197227238228201167134109 96101123152261227UN 0 918914 123899999999999999 655 -92015 9699999999999999
176186179154114 70 33 10  5 21 59111163204229233218187152119 95 85 94118261228UN 1 7186144323499999999999999 746  421 4 8599999999999999
148172182176153117 78 46 26 24 43 81129175209226224204171135104 81 74 85261229UN 210182152422899999999999999 837 232154 7499999999999999
110140164177174155125 92 65 49 49 68102143181208218211188155119 88 68 63261230UN 31817816 521899999999999999 931 472247 6399999999999999
 74100131157173175162139112 90 76 76 91119153182201206195170137102 72 54261231UN 4361761648206999999999999991030 742341 5099999999999999
