 48 79109134148150143128113102 98103116132147156152136108 73 37  9 -7 -526 1 1UR 442151151615699999999999999 956 982225 -899999999999999
 12 43 80115143159161150133114101 96102117136153161156137104 64 25 -4-1926 1 2UR 5371621610161999999999999991056 962316-1999999999999999
-14  8 44 85124152166165151129108 94 92101119141159166159135 99 56 15-1326 1 3UR 62316817 2166999999999999991144 91999999999999999999999
-25-15 12 51 95133159169163144120 99 87 88101122146163168157130 91 47  926 1 4UR 7 5169175116999999999999999 0 3-251227 8699999999999999
-17-23 -8 23 65107142163167155132108 88 80 85102125148164166151121 81 4026 1 5UR 743167183816799999999999999 047-2313 8 8099999999999999
  6-13-12  7 41 82120149162159142118 95 79 75 84103126147159157140110 7226 1 6UR 818163192316099999999999999 129-151348 7599999999999999
 36 10 -1  6 29 63100132153158148128104 84 72 72 84103125142150145126 9826 1 7UR 85015820 815099999999999999 2 7 -11429 7199999999999999
 66 37 20 17 29 54 86117141152150136115 93 76 68 71 8310111913313713011326 1 8UR 920153205313799999999999999 242 161513 6899999999999999
 89 64 44 35 39 54 78106129145149141124103 84 71 66 70 81 9611112112311726 1 9UR 948149214512399999999999999 314 3516 2 6699999999999999
103 85 68 57 54 62 78 99120136144142131114 95 79 67 64 67 77 8910110911126 110UR1018144225211199999999999999 346 5417 0 6499999999999999
107 98 87 78 72 74 82 96112127137140135123107 90 75 65 60 62 70 80 90 9926 111UR1052140999999999999999999999 420 721810 6099999999999999
104104101 96 91 88 90 97107118128134135129118103 87 72 60 54 54 60 70 8226 112UR 038105113613599999999999999 5 6 881928 5499999999999999
 94103108109108104102101105111119126131132127116101 84 67 53 45 45 51 6326 113UR 250110123913299999999999999 6341012037 4499999999999999
 78 94108117121119115109106106109116123130132127116 99 79 59 43 34 34 4326 114UR 410121135213299999999999999 8321052131 3399999999999999
 59 79100118129132128120111104102105114124132135130116 95 71 48 30 22 2526 115UR 455132145413599999999999999 9511022215 2199999999999999
 38 60 86111130139139131118106 97 96103115128138140132114 88 59 34 16 1126 116UR 5281401545140999999999999991039 962253 1199999999999999
 19 39 68 98124141147141127111 97 90 92103120136146145132108 77 44 18  426 117UR 5581471628147999999999999991114 892328  299999999999999
  4 20 47 80112137150149137118 99 86 83 91108128145153147128 98 62 29  526 118UR 62715117 7153999999999999991145 83999999999999999999999
 -4  4 27 60 96128148154146128105 86 77 80 94116138153157145119 84 46 1426 119UR 654155174515799999999999999 0 2 -41216 7699999999999999
 -4 -5 11 41 78114142156153138114 90 74 70 79 99124146159156138107 69 3226 120UR 721157182216099999999999999 034 -71247 7099999999999999
  5 -6  2 26 60 98131152158147125 98 76 64 66 82106131151159151127 93 5526 121UR 74815819 115999999999999999 1 5 -61321 6399999999999999
 23  4  2 17 46 83118145157154136109 83 64 58 65 85110135151154141115 8126 122UR 815158194115599999999999999 137  01357 5899999999999999
 47 22 11 17 38 70104134153156145122 94 70 55 54 65 8711213314614513010426 123UR 843157202614799999999999999 2 9 111436 5399999999999999
 74 47 30 27 39 62 93122145154150133107 81 60 49 51 64 8510812713613411926 124UR 911155211613799999999999999 242 261521 4899999999999999
 98 74 55 46 48 63 85111134148150140121 96 72 54 45 48 61 8010011612412326 125UR 941151222112599999999999999 317 451614 4599999999999999
113 98 82 70 66 71 85104123138146143131112 89 67 50 42 44 54 70 8810311326 126UR1015146235511699999999999999 356 661720 4199999999999999
116112104 95 89 87 92101114127137140137125108 87 66 48 38 36 42 56 73 9026 127UR11 1140999999999999999999999 447 871843 3699999999999999
104113117116112108105106110117125132136134125110 90 67 47 32 25 28 40 5826 128UR 215117121313699999999999999 6231052012 2599999999999999
 79100117127131128122116111109112119127134136131117 95 69 43 22 11 12 2526 129UR 4 3131134913699999999999999 8481092126 1099999999999999
 47 75103126140145140130117107102104113125137143140125100 68 36 11 -3 -126 130UR 45814515111439999999999999910111022225 -499999999999999
 15 43 78111137152154145128110 96 91 96110128144153149131101 64 27 -1-1426 131UR 53915516141549999999999999911 1 912313-1499999999999999
 -9 13 48 87124150161157141118 96 82 80 90110134153162156133 97 55 17-1026 2 1UR 61316117 6162999999999999991140 792356-1899999999999999
-18 -7 22 61103138160164152129102 80 69 72 89114141161167156128 88 45  926 2 2UR 6451651753167999999999999991216 68999999999999999999999
-12-14  5 39 81121151165160140112 84 64 59 69 91120147164166149117 76 3626 2 3UR 714165183516799999999999999 034-161251 5999999999999999
  6 -7  1 26 64104139160163149123 92 67 53 54 70 96125149161157136103 6526 2 4UR 740164191516299999999999999 1 8 -71325 5199999999999999
 31 11  8 23 53 90126152162154133103 74 54 47 54 74101128147153144120 8926 2 5UR 8 4162195415399999999999999 139  71359 4799999999999999
 57 33 23 30 51 82115142157156140114 85 61 47 46 58 7910412613914012810526 2 6UR 827159203314199999999999999 2 7 231433 4599999999999999
 79 56 43 42 55 79107133150154145124 97 72 53 45 49 63 8310412012812511326 2 7UR 848155211412899999999999999 232 411510 4599999999999999
 95 76 63 58 64 80102125142149145131109 85 64 51 48 53 67 8410011111611326 2 8UR 9 914922 411699999999999999 256 581552 4799999999999999
103 91 81 75 76 85100117133142142133118 98 78 62 53 51 56 67 80 9210110526 2 9UR 933143232210599999999999999 319 751645 5199999999999999
104100 95 91 90 94101112123132135132123109 93 77 64 56 53 56 63 72 82 9126 210UR10 1135999999999999999999999 342 9018 0 5399999999999999
 98102104104104104106110116121125126123117106 94 80 67 57 51 50 54 62 7326 211UR10471269999999999999999999991940 50999999999999999999999
 85 97107113116116114112111112114117119120117109 98 83 68 54 44 40 43 5326 212UR 424116124212099999999999999 8 411121 3 4099999999999999
 68 86103117125127123117110104103106111118123123116102 84 63 45 32 28 3326 213UR 450127142912399999999999999 9511032156 2899999999999999
 48 69 93114129136134125112101 94 94100112123131132122104 79 53 31 18 1626 214UR 5141361532133999999999999991031 932236 1599999999999999
 28 49 77106129142143134118101 87 82 87100118134142140126100 69 39 16  526 215UR 53714416191439999999999999911 0 822311  599999999999999
 10 30 59 93123144151144127105 84 73 73 85106128146153146124 91 55 23  326 216UR 6 115117 0153999999999999991128 712343 -299999999999999
 -1 13 40 76112141156154138113 86 67 60 68 88115141158160146116 78 40 1126 217UR 6241571739161999999999999991157 60999999999999999999999
 -3  2 25 60 99133156161149124 93 66 51 51 68 95126152165161140105 65 2826 218UR 648161181716699999999999999 014 -41228 4999999999999999
  5  0 15 45 84122151164158136104 72 48 39 48 71103135159167157130 92 5426 219UR 712165185716799999999999999 044  013 0 3999999999999999
 24  9 14 37 71109142162164148118 83 52 34 32 48 76110140159162147118 8226 220UR 736166193816399999999999999 115  91334 3199999999999999
 50 28 24 36 63 98131156164156131 98 63 37 26 31 51 8111414015315113410726 221UR 8 0164202215599999999999999 146 231411 2599999999999999
 77 53 42 45 63 90120146160158142113 80 50 30 24 33 55 8311213314213812326 222UR 825161211114299999999999999 217 411453 2499999999999999
101 80 65 62 70 88112135151155147126 98 69 44 29 27 37 56 8110412012812526 223UR 851155221312899999999999999 248 611541 2699999999999999
115101 89 82 84 93108125139147145134114 90 66 46 34 32 39 54 72 9110511426 224UR 920147235211699999999999999 321 821645 3199999999999999
116113108103101103109118128135137134125110 91 71 54 41 35 37 46 59 75 9126 225UR 958137999999999999999999999 4 21011815 3599999999999999
104113118119118116115116118121125127127122113 99 81 63 46 34 30 34 45 6226 226UR 257119112712799999999999999 61611520 2 3099999999999999
 82101117128132131125118112108109113119125127123111 93 70 47 29 19 21 3326 227UR 413132135412799999999999999 9241082122 1899999999999999
 54 81107128141144138125111 99 93 95104117130138136123100 71 42 19  8 1126 228UR 4481441521139999999999999991017 932218  799999999999999
 28 56 88119141152149136116 96 82 77 84101122140151148131102 67 34 10  126 3 1UR 5171521619152999999999999991053 7723 1  199999999999999
  9 33 67104135154158147125 99 76 64 65 79104130152161155132 97 58 24  426 3 2UR 54415917 6161999999999999991125 622338  099999999999999
  1 17 48 87124151163157136107 77 56 49 58 81111141161167154125 87 48 1826 3 3UR 6101631748167999999999999991156 49999999999999999999999
  5 11 35 71110143162163147118 84 56 40 41 59 87121149166165146113 75 4026 3 4UR 633165182716799999999999999 011  51227 3999999999999999
 19 15 31 61 98133158166155129 95 62 39 31 41 65 97130154164156132 99 6426 3 5UR 65516619 416499999999999999 041 141257 3199999999999999
 38 27 34 56 89124151165160139107 73 44 29 30 46 74107135153156142117 8726 3 6UR 716165193915799999999999999 1 8 271326 2799999999999999
 60 44 43 57 84115143160162147119 85 54 33 26 35 56 8511413614714312710326 3 7UR 736163201514799999999999999 133 411356 2699999999999999
 79 62 56 63 82108134153159150129 99 68 43 30 31 44 67 9311613213612911426 3 8UR 755159205213699999999999999 157 561428 2999999999999999
 95 78 70 72 84103125143152149134110 83 58 40 34 39 54 75 9611412312411726 3 9UR 815153213512599999999999999 220 6915 2 3499999999999999
105 93 84 83 89102118133143144135118 96 74 55 44 42 48 61 78 9410611211326 310UR 836145223611399999999999999 243 821545 4299999999999999
109103 97 94 96103113124132135132122107 89 73 59 52 50 54 63 75 86 9610326 311UR 9 0135999999999999999999999 3 6 941645 5099999999999999
106107107106106108111116121124124120113103 90 78 67 58 54 55 59 67 77 8726 312UR 057107 93012599999999999999 3291061825 5499999999999999
 98106112116116115113112112112113114114111106 97 86 73 61 53 48 50 57 6926 313UR 350116112111499999999999999 7501122015 4899999999999999
 84 99113122126125119112105101101104110115117115106 93 75 58 45 37 39 4926 314UR 41212614 411799999999999999 9351002121 3799999999999999
 66 87108125135135128116102 92 87 90 99112123129127115 96 72 49 32 26 3126 315UR 43413615151299999999999999910 6 8722 5 2699999999999999
 47 72 99124140145139123103 85 75 74 84101120136143137120 93 63 37 20 1826 316UR 45614516 5143999999999999991033 732241 1799999999999999
 30 54 86117141153150134109 84 65 58 64 83109134151156144119 86 52 25 1326 317UR 51815416471569999999999999911 1 582314 1299999999999999
 17 38 70106138157160147120 88 60 44 44 60 88120148164164146114 76 42 1926 318UR 5411611728166999999999999991130 422347 1399999999999999
 14 27 56 93129156167159134 99 63 37 27 36 61 96132160173166142106 67 3626 319UR 6 416718 91739999999999999912 2 27999999999999999999999
 21 24 46 80118150168168148114 74 39 18 16 34 66106142167174162133 97 6226 320UR 628171185117499999999999999 019 201235 1499999999999999
 39 32 44 71106140164172160130 91 51 20  7 13 37 74114147167168152124 9126 321UR 653172193517099999999999999 051 321311  699999999999999
 64 49 51 68 96128155169165144110 70 34 10  4 16 44 8011714515915714011526 322UR 719170202116099999999999999 124 481349  499999999999999
 90 71 65 73 92118143160164152127 92 56 26 10  9 24 51 8411413714614312926 323UR 745165211414799999999999999 157 651432  799999999999999
111 94 84 84 94112132148156153137111 81 51 28 17 19 33 56 8210612313213026 324UR 813157222113299999999999999 230 831522 1699999999999999
122112103 99101110122135144146139124103 79 56 38 29 29 39 55 75 9410911926 325UR 845146999999999999999999999 3 8 991628 2899999999999999
122121118114112113117123128132132127117103 85 67 52 41 37 40 50 65 82 9826 326UR 011122 93013299999999999999 41111218 2 3799999999999999
112121126126124120116114114115118120121118110 98 82 64 49 40 37 43 56 7426 327UR 240127114712199999999999999 7431141948 3799999999999999
 94113127135135130121110102 98 99105113122126123112 94 73 52 37 32 36 5126 328UR 33713614 712699999999999999 919 9821 4 3299999999999999
 73 98121137144141129112 96 84 80 85 97114129137136123102 75 50 32 27 3426 329UR 4 9144152313899999999999999 958 802156 2799999999999999
 54 82111135149151140120 96 76 64 64 76 96120140150146129102 72 45 28 2626 330UR 4361521616150999999999999991030 632237 2599999999999999
 40 66 98128150158150130103 75 55 47 54 74102130151159151129 97 65 40 2826 331UR 5 115817 01599999999999999911 1 472311 2899999999999999
 33 54 85119146161159142113 80 52 36 36 52 80113142161163149122 89 58 3826 4 1UR 5251621740164999999999999991130 342342 3499999999999999
 35 48 75108139160165153125 90 57 32 24 33 57 90125152165162142112 80 5526 4 2UR 5471661817166999999999999991159 24999999999999999999999
 43 48 69 99131156167160137103 66 36 19 20 38 68104136158164154130101 7326 4 3UR 6 8167185216499999999999999 011 431228 1799999999999999
 56 54 67 92122149164164147116 80 45 22 15 24 48 82116143158157142118 9226 4 4UR 629166192716099999999999999 039 531256 1499999999999999
 72 63 69 88114140158164153128 94 59 31 17 18 34 62 9512514515314612910726 4 5UR 65016420 215399999999999999 1 5 631325 1599999999999999
 87 75 75 86107130150159155137108 75 45 26 19 27 48 7510412814214313411826 4 6UR 712160203814499999999999999 131 731356 1999999999999999
100 87 83 88102121139151152141119 91 62 40 28 28 40 60 8510812513313212326 4 7UR 735153212013499999999999999 157 831429 2699999999999999
110 99 92 93101114129141145140126104 80 58 42 35 39 51 69 8910711912412226 4 8UR 8 0145221512499999999999999 225 9115 9 3599999999999999
116108102100102109119129135134127113 95 76 60 49 45 48 58 72 8710111111626 4 9UR 828135234811899999999999999 3 010016 3 4599999999999999
117115112109108109112118122124123117107 94 80 67 58 53 53 59 69 81 9410526 410UR 9 7124999999999999999999999 4 31081723 5299999999999999
114119120119116112109108109111114114113108 99 88 76 65 56 53 55 63 76 9026 411UR 159120105511499999999999999 65810819 5 5399999999999999
105118126129126119110102 97 97100106112116116110 98 83 67 55 48 49 58 7326 412UR 258129132711799999999999999 842 962023 4799999999999999
 93113128137137129116100 88 81 82 90103116126129122107 87 66 49 41 44 5726 413UR 331138144712999999999999999 922 812117 4199999999999999
 78103126142148142125104 82 67 63 69 86107127141143133113 87 62 43 36 4326 414UR 358148154314499999999999999 955 6322 0 3699999999999999
 62 90119143156154138113 83 59 45 46 61 87116141156156141115 84 57 39 3726 415UR 4241571631158999999999999991027 432239 3699999999999999
 50 76108138159164153127 92 58 33 24 34 58 93128156169165145114 81 54 4126 416UR 45016417161709999999999999911 0 242317 4099999999999999
 45 65 95128156170166143108 67 32 11  9 28 61101140167177168144111 79 5626 417UR 51717018 2177999999999999991135  82354 4999999999999999
 49 60 84117148169173159127 85 43 11 -4  2 28 67110148172178165139107 7926 418UR 5451741848178999999999999991212 -4999999999999999999999
 63 63 78105136161174169146108 64 24 -2-10  3 34 7511715117017215713210526 419UR 614175193517499999999999999 031 611252-1099999999999999
 84 74 80 98123149167171158130 90 49 14 -5 -7 10 42 8111914816216214812626 420UR 645172202616499999999999999 1 8 741334 -999999999999999
105 91 88 96114135154165162144115 78 42 15  1  3 21 50 8411613915114913826 421UR 718165212315299999999999999 147 871422  099999999999999
123109100100109123139151155149131105 74 45 23 13 16 32 56 8410912913913926 422UR 755156223314099999999999999 230 991516 1399999999999999
132123114108109114124134141142136122101 77 55 37 28 30 41 59 8110211913026 423UR 841143999999999999999999999 3271081623 2899999999999999
133131125119113111113117122127129126118104 87 68 53 42 40 46 60 77 9711426 424UR 0 4133 95812999999999999999 5 61111746 4099999999999999
126133134129121113106103103107113119122120112 99 82 66 53 47 49 60 76 9626 425UR 135134121012299999999999999 7241031913 4799999999999999
115130138138131120106 95 87 86 92102114123127123111 93 75 59 50 51 62 8026 426UR 23313914 012799999999999999 839 862025 5099999999999999
101122138145142130112 93 78 69 70 80 97115130136133120100 79 61 52 54 6726 427UR 311145151113799999999999999 924 692119 5299999999999999
 89113134148150141122 98 75 58 52 58 75 98121139146141125102 79 61 55 6126 428UR 34215116 51469999999999999910 0 5222 2 5599999999999999
 78102128148156152134108 79 54 40 39 53 77105132150154145125100 77 62 6026 429UR 4 91571650155999999999999991032 382239 5999999999999999
 71 93119143158160146120 88 57 35 26 33 54 85117144158158145121 95 75 6526 430UR 43516117301609999999999999911 3 262313 6599999999999999
 69 86110136156164156133101 66 37 20 19 35 63 97130154163158139114 90 7526 5 1UR 5 016418 8163999999999999991132 172345 7199999999999999
 71 81102128151164162145115 79 45 21 12 20 43 76111141160163152131107 8726 5 2UR 52416518431649999999999999912 2 12999999999999999999999
 77 80 96119142159164154129 95 59 29 13 12 28 56 9112414916115814312110026 5 3UR 549164191816199999999999999 015 771231 1099999999999999
 86 83 92110132152162158140110 75 43 20 12 19 40 7110413215115614913211226 5 4UR 615162195315699999999999999 045 8213 2 1299999999999999
 96 88 90103122142155158147124 93 61 34 19 17 30 54 8411313614814813812226 5 5UR 642158203015099999999999999 115 871335 1699999999999999
106 95 92 99113131145152149133108 79 52 32 23 27 43 67 9411813514213912926 5 6UR 710153211214299999999999999 146 921411 2399999999999999
115103 97 98107120133143145137120 96 71 49 35 31 38 54 76 9911813113513226 5 7UR 74214522 113599999999999999 221 971451 3199999999999999
123113105101103111121131136135126110 90 69 52 42 40 48 62 8110111712713126 5 8UR 82013723 513199999999999999 3 71011540 4099999999999999
129122114107104105110117123127126118105 89 73 59 50 48 54 67 8310011512626 5 9UR 915127999999999999999999999 4171041642 4899999999999999
131130125117109103101103108114118120116107 95 80 67 57 54 58 69 8410111726 510UR 020131104712099999999999999 6 01011757 5499999999999999
129135135128117106 96 90 90 95104113119120115104 90 75 63 57 60 70 8610526 511UR 125136124312099999999999999 730 901914 5799999999999999
123136143140129113 96 81 74 74 83 96112124130127116100 82 67 59 61 72 9126 512UR 212143141213099999999999999 826 732019 5999999999999999
113133147150143125102 79 61 53 57 72 93116135144141129109 87 69 61 64 7826 513UR 250151151814499999999999999 9 9 532114 6199999999999999
100125146157156141115 85 56 37 32 43 65 95125147158154138115 90 72 65 7126 514UR 324158161515899999999999999 950 3222 3 6599999999999999
 88114139159165157133 99 63 32 15 15 32 63100135160170164145118 93 75 7126 515UR 35716517 7170999999999999991030 132249 7199999999999999
 80102128153169169152121 81 41 10 -3  3 28 65107144169177168147119 95 8026 516UR 4321711758177999999999999991111 -32333 7899999999999999
 79 93116143164174168144106 62 22 -5-13 -1 29 70114150173178167145119 9726 517UR 5 71751848179999999999999991154-13999999999999999999999
 86 89105129153171175162133 92 48 11-12-15  1 34 7611815217117416214011726 518UR 545175193917599999999999999 017 861240-1699999999999999
100 93 99116138159171170153121 81 41  8-10 -9  9 42 8212015016516615413526 519UR 626172203116899999999999999 1 1 931328-1299999999999999
115102 99106122142158166161143112 76 40 12 -1  2 21 52 8712014515715714526 520UR 710166212615899999999999999 148 991419 -299999999999999
129114104103110123139152156151133106 75 45 23 13 17 34 61 9111914014914826 521UR 759156222315099999999999999 2401021513 1399999999999999
139126113105103108119131141145140126104 79 55 37 29 33 48 70 9511913614426 522UR 859145232314499999999999999 3431031611 2999999999999999
143135123111103 99102109119128133131122106 87 67 52 45 48 60 7910012013526 523UR1017133999999999999999999999 5 3 991713 4599999999999999
142141133121108 97 91 91 96105115123126122111 96 80 67 60 61 71 8710612426 524UR 022142115612699999999999999 631 901820 5999999999999999
137143141132117102 88 79 77 82 93106118125126119106 91 78 71 71 80 9511326 525UR 115143133312699999999999999 745 771927 7099999999999999
130142146142129111 92 75 65 63 70 84102118129133127115100 87 79 79 8810326 526UR 2 0146145213399999999999999 840 632028 7899999999999999
121138148150141123101 78 59 50 51 62 81104124137141135122106 92 84 85 9626 527UR 238150155214199999999999999 924 492121 8399999999999999
112131146154151136113 86 61 43 37 43 60 84111133147149141125107 93 87 9126 528UR 31315416411499999999999999910 2 3722 7 8799999999999999
104122141154157148127 99 69 44 29 28 40 64 93122144155154142124106 93 9026 529UR 3461571723156999999999999991036 272248 9099999999999999
 97113132150159156141114 82 52 29 19 25 44 73105134154161155139120102 9326 530UR 41816018 21619999999999999911 9 192325 9299999999999999
 93105123142157161152130 99 65 36 18 15 28 53 85118145160162151133113 9826 531UR 4501611837163999999999999991142 15999999999999999999999
 93 98113133151161159143116 82 49 25 13 17 36 65 9913015216215814312410626 6 1UR 521162191216299999999999999 0 0 931215 1299999999999999
 95 95105122141156161153131101 67 37 18 13 24 47 7911113915515915013411526 6 2UR 553161194615999999999999999 032 941248 1399999999999999
100 94 98112130147158157143118 86 55 30 17 19 34 61 9212214415415314112426 6 3UR 626159202215599999999999999 1 5 941323 1699999999999999
107 97 95103118136150155149132105 75 47 28 21 28 47 7410312914615114613226 6 4UR 7 1155205915199999999999999 139 951359 2199999999999999
116103 96 98107122137148149140121 94 67 44 30 28 39 60 8611313414614713926 6 5UR 739150213814899999999999999 218 951437 2899999999999999
126111100 96 99109123135143141131111 88 64 46 37 39 51 72 9712013714514426 6 6UR 823143222214699999999999999 3 3 961519 3699999999999999
135122108 98 94 98107119130135134124107 86 66 52 46 50 63 8310512513914526 6 7UR 91813623 914599999999999999 4 1 9416 6 4699999999999999
142132119105 94 90 92100111122128128121107 90 74 62 57 61 74 9211213014226 6 8UR1031129235914699999999999999 5 9 9017 2 5799999999999999
146142131115 99 87 80 81 89101114124127124114100 85 73 69 72 8310011813526 6 9UR12 3127999999999999999999999 622 8018 7 6899999999999999
146149143129110 90 74 66 66 75 90107122131132125113 98 86 79 81 9110712526 610UR 049149133713399999999999999 727 651918 7999999999999999
141151153144125102 77 58 47 48 61 81104125139144139127111 96 88 88 9711326 611UR 137153145814499999999999999 824 462029 8799999999999999
132148158156143120 90 61 39 28 31 48 74104131150157152139121104 94 9410326 612UR 22415916 615799999999999999 916 272133 9399999999999999
120139156164160142112 77 44 20 10 16 38 70106138160168163147127109 98 9826 613UR 31016417 51689999999999999910 6  92231 9699999999999999
108127148164170162138104 65 28  4 -5  6 33 71111145168176169151129110 9926 614UR 3571701759176999999999999991056 -52323 9899999999999999
101114134155170174162134 96 53 16 -7-12  2 33 7411615117317816914912610826 615UR 4441741850179999999999999991145-13999999999999999999999
 99103118140161174175159129 88 45 10-11-13  5 39 8112215517417616414312126 616UR 533177193817799999999999999 012 991235-1599999999999999
104 98105121143163175173155123 82 41  9 -8 -6 14 49 8912815717217015613426 617UR 622176202417399999999999999 059 981324-1099999999999999
114100 96105122144162171167148116 78 41 14  1  7 29 6210013415716716214626 618UR 71317121 716799999999999999 146 961411  199999999999999
125106 95 94104121140156163158139110 77 46 24 17 25 48 7811113915616115226 619UR 8 6163214816199999999999999 235 931458 1799999999999999
136116100 91 91101116133147152147130106 78 54 39 36 46 67 9512214315415426 620UR 9 2152222815699999999999999 328 901543 3599999999999999
144127109 94 86 87 95109123135140136123104 84 66 56 56 67 8610913014615226 621UR10 514023 815299999999999999 427 851628 5599999999999999
149137120103 89 81 81 87 99112124130129120107 92 80 74 76 8610212013614726 622UR1121130235015099999999999999 533 801716 7399999999999999
150144132115 98 83 74 73 78 89102114123126122114103 94 90 9210011312714026 623UR1255126999999999999999999999 643 721813 8999999999999999
148148141128110 92 76 66 63 69 80 9511012212812812311410610210210811913126 624UR 036149143012999999999999999 749 63192410199999999999999
142148148139124104 84 66 56 53 60 74 9211112613513713212411510810711212226 625UR 126149154413799999999999999 845 53204010799999999999999
134144150148137119 97 74 55 45 44 54 72 9511713514514614012911811010811326 626UR 216150163814799999999999999 932 43214410899999999999999
124137147152148134113 87 62 43 35 38 52 7510212714515415314312911610810726 627UR 3 41521720155999999999999991014 34223510699999999999999
114127141152155147129103 75 49 32 27 35 55 8311313815516015414112411010426 628UR 3481551757160999999999999991053 27231510399999999999999
106117132148157157145122 92 61 36 22 23 37 63 9412514916216215113411610326 629UR 4281591830163999999999999991129 21235010099999999999999
100107122140155162157139111 78 48 25 17 24 44 7510813715716515914312310626 630UR 5 716219 21659999999999999912 4 17999999999999999999999
 97 99110129147161164153130 98 64 36 19 17 30 56 8912214816216315113211226 7 1UR 543164193216499999999999999 022 961238 1599999999999999
 98 93100116136154164162146118 85 52 28 17 22 41 7110513515616415814112026 7 2UR 62016520 316499999999999999 054 931311 1799999999999999
102 91 92103122142158164156136105 72 43 25 21 33 57 8912114616116115013026 7 3UR 657164203316399999999999999 127 901344 2199999999999999
109 94 87 92107126145158159147124 94 63 40 28 31 48 7510613515416215614026 7 4UR 73716021 316299999999999999 2 3 871418 2799999999999999
120100 87 85 93109128145154152138114 86 60 43 38 46 66 9312214515916014926 7 5UR 820155213516199999999999999 244 841453 3899999999999999
131110 92 82 82 91108126141148144130108 84 64 52 52 64 8511013415216015626 7 6UR 9 914822 916099999999999999 330 801530 5199999999999999
142122101 85 76 77 87103120134140137125108 89 74 67 70 8210112314215515826 7 7UR1011141224715899999999999999 423 751614 6799999999999999
150135115 94 78 69 70 79 94112126134134127114100 89 84 87 9811413114615526 7 8UR1131135233115699999999999999 525 6817 8 8499999999999999
155147130109 88 70 60 59 67 8310111813013513312511510610110210912213614826 7 9UR1312135999999999999999999999 635 58182010099999999999999
155154145128105 82 61 48 45 53 69 9011213014114414013112111411111512513726 710UR 027156145314499999999999999 746 45195211199999999999999
148156156147128103 76 51 35 30 37 56 8110913315015615414413212111511612426 711UR 131157161215799999999999999 853 30212011499999999999999
137150160161152131102 69 40 20 14 23 45 7611013916016816515213612111311326 712UR 238162171116899999999999999 955 14222811299999999999999
122138154166168157133100 63 30  8  2 13 40 7611514816917717015413311610626 713UR 34116918 0177999999999999991050  1232110699999999999999
108121140160173175162135 97 56 20 -2 -5 10 42 8212315717718016914812510626 714UR 4391761843181999999999999991141 -6999999999999999999999
 99104120143165180180164133 92 49 14 -5 -4 16 51 9413416518017816113711226 715UR 533182192218199999999999999 0 6 981228 -799999999999999
 96 91100121146169182180161127 85 44 13 -1  5 30 6710914617117917114912326 716UR 623184195817999999999999999 049 911312 -199999999999999
 99 86 86 99122148170180175153119 79 43 18 11 23 51 8812615717317415913526 717UR 712180203017699999999999999 130 841352 1199999999999999
108 88 78 83 99122147165172164142110 75 47 31 31 47 7611014216417216414526 718UR 75917221 017299999999999999 212 781429 2999999999999999
120 96 79 74 81 98121142157161151130103 76 56 48 55 7410112915316616515326 719UR 847161212916799999999999999 255 7415 4 4899999999999999
132108 87 75 73 81 97117134146147138121101 82 71 70 79 9812114315816315726 720UR 938148215716399999999999999 341 721536 6999999999999999
141120 99 82 73 72 80 94111125134135129117104 93 88 9110111713514915715726 721UR1040135222715899999999999999 433 711610 8899999999999999
148132113 94 80 72 71 78 8910311512412712511911210710510811712814014915326 722UR12 812723 415399999999999999 534 70165210599999999999999
150141126109 92 78 70 68 73 82 9510711812512812712412011812012513213914526 723UR1410128999999999999999999999 647 6818 511899999999999999
148145137124108 91 76 66 63 66 75 8810311812913613713513012612412512913526 724UR 0 1148154713799999999999999 8 2 6320 712499999999999999
141145144137124107 88 71 59 54 57 68 8510512413814614714213412612112112526 725UR 119145163814799999999999999 9 7 54213812099999999999999
132140146147140125105 83 63 49 45 50 65 8711113314915615314413212111411426 726UR 234147171415699999999999999 958 45222911399999999999999
121132144152152142124100 74 52 38 36 46 67 9412214515916215414012411110626 727UR 3321531745162999999999999991039 3523 510699999999999999
110121137151159157143119 90 61 39 28 31 48 7510713615716716314913011210126 728UR 4181601813167999999999999991116 272336 9999999999999999
100109126145161166159139110 77 47 27 22 33 57 89123151167169158138116 9926 729UR 4591661839170999999999999991149 22999999999999999999999
 92 97113134155169171157131 97 62 34 20 23 41 7210714016417316614812410126 730UR 53617219 517399999999999999 0 5 921221 1999999999999999
 87 86 98119144164175170150119 82 49 27 20 32 57 9212815717317315813410726 731UR 613175193017599999999999999 035 851251 2099999999999999
 87 78 84102127152170175165139105 70 41 27 29 48 7911414716917616714511726 8 1UR 650175195517699999999999999 1 6 781321 2599999999999999
 92 76 73 85107134157171171155127 93 62 41 35 45 7010213516217517215512926 8 2UR 729173202017699999999999999 140 721351 3599999999999999
101 78 68 71 87111137158168163144116 86 62 49 51 67 9412415217017416314126 8 3UR 810168204617499999999999999 216 671422 4899999999999999
113 87 69 63 70 89113137154160153134110 87 70 65 72 9011614216217116815226 8 4UR 857160211417299999999999999 256 631455 6599999999999999
127101 78 63 61 70 88110131146150144129111 94 85 84 9411113215216416715826 8 5UR 953150214416799999999999999 343 601531 8399999999999999
141117 93 73 61 59 67 8310312213514013812911810810310511312614115416116026 8 6UR1110140222316299999999999999 440 58161610399999999999999
151134113 91 72 59 55 61 74 9110912413313713513012512112112513314215115526 8 7UR13 7137232315699999999999999 554 55173012099999999999999
155147133114 93 73 57 49 51 60 77 9611513114214614514013513012913213714526 8 8UR1514146999999999999999999999 722 49194812999999999999999
151154150139121 98 74 53 40 37 45 63 8611213515115915815114113112412413026 8 9UR 059154162416099999999999999 846 37213412399999999999999
139150158159149130103 73 46 28 23 32 53 8311514416317116715513812311411326 810UR 23415917 917199999999999999 952 23223211299999999999999
122138154167170160137104 69 37 16 12 24 52 8812515617517916915012710910026 811UR 3451701746179999999999999991046 112314 9999999999999999
103118140162178181168140102 61 28  8  8 26 59100139169183180163137111 9226 812UR 4421811820184999999999999991132  62353 8799999999999999
 87 96117145170186187170137 95 54 22  7 13 38 76118155179185174149119 9326 813UR 5321891850186999999999999991212  7999999999999999999999
 77 78 93120151176190186165129 86 48 22 16 29 60 9913917018518116113110026 814UR 618191191818599999999999999 029 751249 1599999999999999
 76 67 74 95124155178187179154117 79 47 31 33 53 8612415817918317014311126 815UR 7 2187194418499999999999999 1 5 671323 3099999999999999
 82 65 62 74 99129157175179166140107 75 54 47 57 8211414617118117415412426 816UR 74417920 718199999999999999 141 611353 4799999999999999
 94 70 59 62 79104131154166165151127100 78 67 69 8410913716117517516113626 817UR 825168202917799999999999999 217 581421 6699999999999999
107 82 65 59 67 84107130147155151137118100 87 84 9210913115216717116314526 818UR 9 9155205117199999999999999 254 591446 8499999999999999
121 96 76 65 64 72 8910812613814213812811610610110311312814415816416215026 819UR10 1142211416499999999999999 336 63151210099999999999999
132111 91 76 69 69 77 9010511812713113012612011611511912713814815515615026 820UR1117132214115699999999999999 426 68153911599999999999999
139124107 92 80 73 73 78 87 9810911812512913012912812813013413914314614626 821UR1353130222514699999999999999 537 72163312899999999999999
142134123109 96 84 76 72 73 80 8910111412513413813913813513313213313513726 822UR1552140999999999999999999999 713 7220 213299999999999999
139139135127115100 86 73 66 65 70 82 9811513114314914814313612912412312626 823UR 023140162614999999999999999 840 65214112399999999999999
132139143141133119101 82 66 56 55 63 7910012314215415815314212911811311426 824UR 217143165315899999999999999 938 54221811299999999999999
122133145151150139121 97 73 54 44 46 60 8311013615616516215013311610510226 825UR 3221521717165999999999999991020 43224710299999999999999
109123140155162158142116 87 59 41 35 43 65 94126152168171160140118100 9126 826UR 4 81621740171999999999999991055 352313 9199999999999999
 95109130152167171161138106 73 45 30 32 49 78113145168177170150124 99 8326 827UR 44817218 3177999999999999991126 292341 8099999999999999
 81 92114141165178177159129 93 59 35 27 38 63 98135164180178161133103 8026 828UR 5251801825181999999999999991155 27999999999999999999999
 69 75 95123153176185176152117 79 48 32 34 53 85123156179184172145112 8226 829UR 6 2185184818599999999999999 0 9 691224 3099999999999999
 63 60 74101133163182185170141104 69 46 38 49 76111146174186180158125 9026 830UR 639186191118699999999999999 040 591254 3899999999999999
 64 51 57 78109142169183180160129 95 67 52 54 7210113516518318416813910426 831UR 719184193418699999999999999 112 511323 5099999999999999
 72 51 46 58 83115147169177170148119 91 72 66 75 9712615517618317515212026 9 1UR 8 1177195918399999999999999 147 461353 6699999999999999
 86 60 45 46 62 88119146163167158138115 95 85 86 9912014516517717616113626 9 2UR 847167202417899999999999999 226 441424 8499999999999999
105 76 55 46 50 66 9011613815215414713311810610210712013715416717116414826 9 3UR 944155205217199999999999999 311 46145710299999999999999
124 98 74 58 51 54 68 8710812613814214013312612112012513314515516116015326 9 4UR11 7142212916199999999999999 4 9 51153912099999999999999
139120 99 80 65 56 56 64 78 9511212513514014013813613413513814214715015126 9 5UR1339140224015199999999999999 530 55171713499999999999999
147139125108 90 73 60 54 56 65 81 9911813414515115114714113613213213514026 9 6UR1531152999999999999999999999 715 54203613199999999999999
145148146137121100 78 59 47 44 52 70 9311814115616316115213912611811712226 9 7UR 1 8148161416399999999999999 844 44214311699999999999999
133146156158151133107 79 53 37 33 43 66 9612715316917216414712711010110226 9 8UR 247159164717399999999999999 946 33222310099999999999999
114132153168172163141109 74 45 28 27 43 72107142167179176159134108 90 8326 9 9UR 3511721716180999999999999991033 252258 8399999999999999
 91110137163180183170141104 67 38 24 30 53 87126160180184171145114 86 7026 910UR 4421841743185999999999999991113 242331 6899999999999999
 70 86113145173189188169136 96 60 35 29 43 72110148176188181157125 91 6626 911UR 52719118 8188999999999999991149 29999999999999999999999
 56 64 87120154181192185161126 87 56 40 43 64 98135167186187169138101 7026 912UR 6 9192183218999999999999999 0 4 561221 3999999999999999
 51 49 65 94129161183189176149114 81 59 53 65 91125157180188177150115 8026 913UR 648189185418899999999999999 036 471250 5399999999999999
 54 43 50 71103137165180179163135105 81 69 72 90118148172184180160129 9426 914UR 727181191518599999999999999 1 8 431317 6899999999999999
 64 46 44 57 82112142163171166148124101 86 83 9411414016317817916614110926 915UR 8 5171193518099999999999999 139 431343 8399999999999999
 79 56 47 51 67 92119142157159151135117103 9710111413315416917416714812326 916UR 845160195617499999999999999 212 4614 7 9799999999999999
 95 71 57 53 61 78 9912113814714714012811711011011713014515816516315213326 917UR 930148201716599999999999999 248 53143210999999999999999
110 89 72 63 63 71 8510211813013613613312712212012212913814715415514913826 918UR1036137204115599999999999999 331 62145912099999999999999
123106 90 78 72 71 77 87 9911012012713113213113013013113413814114314313826 919UR1258132211314499999999999999 433 71154913099999999999999
131120108 97 86 79 76 77 82 9110211312413213714013913713413113113113213326 920UR1515140232913399999999999999 613 75201313099999999999999
133130125116105 92 81 74 71 74 83 9611112713914714914513812912211811912326 921UR1547149999999999999999999999 759 71212311899999999999999
129135137134125111 94 78 66 61 65 77 9611713715115715514513111710810511026 922UR 159137161115799999999999999 9 3 61215210599999999999999
120133144149145132112 89 69 55 52 60 79104130151164164154136116 99 91 9326 923UR 3 5149163416699999999999999 947 522217 9199999999999999
105124143157161153134108 80 57 45 47 63 89120148167173165145120 95 80 7626 924UR 3521611655173999999999999991022 442244 7699999999999999
 87108134157171171157131 99 68 47 41 51 75107140166179176157128 97 72 6126 925UR 4321731717180999999999999991054 412311 6199999999999999
 66 86116147171183177156123 88 59 43 45 63 94130162182184169140104 71 5126 926UR 5111831739186999999999999991125 422341 4699999999999999
 47 62 91127160183189177149114 79 55 47 58 83118153179189180154117 78 4826 927UR 55018918 2189999999999999991155 47999999999999999999999
 35 41 64100139171189189171140105 75 59 60 78108142172189188168133 93 5626 928UR 630192182619199999999999999 012 341226 5799999999999999
 32 26 41 71109147176188183161131100 78 70 79101132161183189177149111 7226 929UR 711189185218999999999999999 046 261258 7099999999999999
 40 24 26 46 79117151173181172151124101 87 87100124150172184181162131 9426 930UR 756181191818599999999999999 123 231330 8599999999999999
 59 35 25 32 54 861191471651681591421221071011061201401601741771671461162610 1UR 846169194617799999999999999 2 4 2514 410199999999999999
 84 56 38 33 42 62 881151381511551491371261181161221341481601671651531342610 2UR 948155201816799999999999999 252 33144211699999999999999
109 84 62 48 44 50 65 851071251381431431381331291291321381461521541511432610 3UR112314421 215499999999999999 354 44154012999999999999999
129111 92 74 61 54 55 64 78 961131281381431451421391351331331351371401412610 4UR1347145225714199999999999999 521 54183313399999999999999
139133121106 88 72 60 56 59 69 861051251401501531501431331241191181221292610 5UR15 0153999999999999999999999 7 6 56204111899999999999999
137143143135120100 79 62 52 52 63 821061301491601611531391221081001001092610 6UR 129144153716299999999999999 829 512127 9999999999999999
124140152156149131107 81 59 47 48 62 86115142162169165149126104 87 80 862610 7UR 25215616 717099999999999999 926 4622 3 8099999999999999
102125148164169159137108 78 55 45 50 70 99131158174175161136107 81 65 642610 8UR 3501691633176999999999999991010 452235 6299999999999999
 77102132159176178163137104 73 53 48 60 85118150173181172148116 83 58 482610 9UR 4371791658181999999999999991047 4823 7 4899999999999999
 54 76108142170184181161131 97 70 55 58 77107140168183181161129 92 60 40261010UR 5201851722184999999999999991121 542338 3699999999999999
 38 53 82119153178186177153122 91 70 64 74 99130160180185171143105 69 41261011UR 5591861745185999999999999991152 64999999999999999999999
 30 36 60 94131162181183168142113 88 75 77 94121151174184178155120 82 50261012UR 63718418 818499999999999999 0 8 291221 7499999999999999
 30 28 43 71107141167178174156131106 89 85 94115141165179179163134 98 64261013UR 714179183018199999999999999 038 271248 8599999999999999
 39 28 34 55 85119147166170162143122104 95 98112133155171176167145114 81261014UR 750171185217699999999999999 1 8 281316 9499999999999999
 53 37 34 46 69 98126148160159149133116106103111126144160169166151127 98261015UR 828161191616999999999999999 140 33134310399999999999999
 71 51 42 45 59 81106128144150148138126116111113122135148158159152135113261016UR 911151194116099999999999999 214 41141311199999999999999
 89 69 55 51 57 70 89109125137141139133125120118121128137145149147138124261017UR10 8141201014999999999999999 255 51145111899999999999999
106 88 73 64 62 66 77 91106119129134135132129126124125128133136137135128261018UR1142135205013799999999999999 349 6116 612499999999999999
118106 93 81 73 69 71 78 89101114124132137137135131126123122122124126127261019UR1341137225012799999999999999 5 9 6919 812299999999999999
125120112101 90 79 73 71 75 84 97112126137144144140131122114109109113119261020UR1438145999999999999999999999 649 71203410999999999999999
125129128121110 96 82 71 67 70 80 97116134147153150140125110 98 93 95105261021UR 121129151015399999999999999 8 6 672110 9399999999999999
118130139140132117 98 79 66 61 67 82103127147159161151132110 90 78 76 85261022UR 237140153716199999999999999 858 612140 7599999999999999
102123142153153141120 96 74 60 58 69 90117143162170163143116 88 66 57 62261023UR 32915416 117099999999999999 940 5722 9 5799999999999999
 80107135157167163146120 92 69 58 61 78105135161175174157127 93 62 42 39261024UR 4141681626177999999999999991017 572240 3899999999999999
 54 81116148171179170147117 87 66 60 70 93124155176182171143105 66 36 22261025UR 4571791651183999999999999991053 602313 2299999999999999
 28 52 88127162182185171144112 84 69 69 85113145171186182160123 80 41 16261026UR 5401861719186999999999999991129 672348  999999999999999
 10 24 55 97138171187186167138108 85 76 83104133162182187174143102 58 23261027UR 62418917471879999999999999912 4 76999999999999999999999
  4  5 27 63105145174185180160133107 90 88 99122149172185181160126 83 43261028UR 710186181818599999999999999 026  21241 8799999999999999
 14  2  9 34 71111146170177170151128109 99101115136158175180170145110 72261029UR 759177185118099999999999999 1 7  21319 9899999999999999
 38 15  8 19 44 77113142161166159144127114109113126143160169169156132101261030UR 853166192817099999999999999 153  814 110999999999999999
 69 41 24 20 31 52 81110134149154150139128120117121131142153158155144124261031UR 958154201215899999999999999 246 20145411799999999999999
 99 74 52 38 34 42 59 811051251391461451391321251221221271331401431431362611 1UR1121146212114499999999999999 349 34162112199999999999999
122105 85 67 53 47 51 62 801001191341431451421351271201161151181241291332611 2UR1253145232513499999999999999 5 8 47183711599999999999999
133127115 98 81 66 57 57 64 79 98118135146149146136123111102 981011081192611 3UR1358149999999999999999999999 636 5620 6 9899999999999999
129136135127112 93 76 64 60 66 81101123142153155147132113 95 83 79 84 972611 4UR 125136144115599999999999999 752 602057 7999999999999999
114132143146138122101 81 67 63 70 87110134152161158144122 97 75 63 61 722611 5UR 245146151516199999999999999 851 632136 6099999999999999
 92116139153156147128104 83 69 68 78 99124147163166156134105 76 54 44 492611 6UR 344156154416799999999999999 939 672211 4499999999999999
 67 94124149163164151128103 83 72 75 90114140161171166147118 84 54 35 322611 7UR 4321651612171999999999999991019 712244 3199999999999999
 44 70102135159171167150125100 83 77 85105130155171173159132 97 62 35 222611 8UR 5151711638174999999999999991055 772315 2199999999999999
 26 47 79115147168174165145119 97 84 85 98121146166175168146112 75 42 212611 9UR 55417417 5175999999999999991128 832346 1699999999999999
 16 29 56 92128156172172158136112 95 88 95112136158172172157128 92 55 28261110UR 63117417311749999999999999912 0 88999999999999999999999
 15 19 39 70106139162171165148126106 95 94106126148165171163141109 73 41261111UR 7 6171175717199999999999999 016 141230 9399999999999999
 21 16 27 52 85118146162165155137118103 97102117137155166164150124 91 59261112UR 742165182516799999999999999 048 1613 1 9799999999999999
 34 21 24 40 67 98127148158156144127112102102111126143156160153135108 78261113UR 818158185416099999999999999 121 21133210199999999999999
 51 33 28 35 54 80107130146151146134120109104107117131144151151140121 96261114UR 859151192615299999999999999 156 2814 810499999999999999
 71 50 38 37 47 66 89112130141143138128118110108111120130139143139128110261115UR 94514320 314399999999999999 235 36145310899999999999999
 89 69 54 46 48 58 75 95113128137138134126118112110112117124130132128119261116UR1044139205313299999999999999 320 4616 111099999999999999
105 89 73 61 56 57 66 80 97114127135137134128120112107107109114119122121261117UR1154137222012299999999999999 417 55174410699999999999999
116106 94 81 70 64 64 71 83 99115129138141138130119108 99 95 96102109116261118UR13 0141999999999999999999999 528 631917 9599999999999999
120119113103 90 78 70 68 74 85102119134144146141129113 96 84 79 81 90103261119UR 022120134814699999999999999 645 682013 7999999999999999
116125129124114 99 84 74 70 76 89107127143152152141122 99 78 64 59 66 81261120UR 157129142715399999999999999 753 702055 5999999999999999
101121136142137124106 88 76 72 79 95117138154161154136109 80 55 41 40 53261121UR 3 414215 116199999999999999 850 722133 3999999999999999
 77105131150156149133111 91 78 76 86105129151165166152125 91 57 31 19 25261122UR 359156153416799999999999999 940 752211 1999999999999999
 46 78113144163168158138113 92 80 81 95118143164173167144110 69 33  8  2261123UR 44916816 7173999999999999991025 792250  299999999999999
 15 44 83122155173175162139113 93 84 89106131156173177163133 92 49 13 -8261124UR 53717716431789999999999999911 9 842332-1099999999999999
 -8 11 46 89131162178177161137112 94 89 98118143166178176155120 76 33  0261125UR 6251801720179999999999999991152 89999999999999999999999
-15-10 14 52 96136165178173156132110 96 95107128152170178170145108 64 24261126UR 71417818 017899999999999999 016-161235 9499999999999999
 -4-15 -6 21 60102138163172166148127109 99101114134155169172161135 98 58261127UR 8 4172184417399999999999999 1 2-151319 9999999999999999
 23  0 -7  5 32 68105137158164156141122108101105117135151162162150125 92261128UR 855164193216499999999999999 151 -714 910199999999999999
 58 29 11  7 19 44 76108135151155148134119107102105115129142150150139118261129UR 949155202715199999999999999 243  615 710299999999999999
 91 63 40 26 24 35 56 83111132145148142130116106100101108118129136137130261130UR1046148213813899999999999999 338 23162010099999999999999
115 95 73 54 43 42 51 68 91113132142144138127114102 94 92 961041141231272612 1UR1144145231312799999999999999 437 411750 9299999999999999
125116102 85 70 60 58 65 79 98117133142144137125109 95 84 79 81 881001122612 2UR1239144999999999999999999999 543 571914 7999999999999999
121125121111 98 84 74 71 76 88105122137145145136121102 84 70 63 65 74 902612 3UR 1 0125132914699999999999999 653 712017 6399999999999999
106121129129122109 96 85 81 85 96112129143149146134114 91 69 54 47 51 652612 4UR 231130141315099999999999999 8 1 8121 6 4799999999999999
 85107126137138131118103 92 87 91103120137149153146128104 76 53 37 34 432612 5UR 340139145215399999999999999 9 1 872147 3399999999999999
 62 88114135146147137122106 94 91 97110128145155155142119 89 59 36 23 252612 6UR 432148152815699999999999999 953 912224 2299999999999999
 40 65 96124145155152139122105 94 93102118137152159153134105 72 42 21 142612 7UR 51615516 2159999999999999991037 922258 1499999999999999
 22 44 75108136155160153137117101 93 96108127146158159147122 89 55 27 112612 8UR 5541601636160999999999999991115 932331  899999999999999
 10 26 53 88121147161161148129110 96 92100116136153161156137107 72 39 152612 9UR 62916217 8161999999999999991150 92999999999999999999999
  6 13 35 67102133154162156140119102 92 94106124144157159148124 91 56 26261210UR 7 2162174116099999999999999 0 4  61222 9299999999999999
  9  7 21 48 81115142157158147129109 95 91 97113132149158154137109 75 43261211UR 735159181415899999999999999 037  61254 9199999999999999
 19  9 14 33 63 96126147155150136117101 91 92102119137150154145124 94 62261212UR 8 8155184815499999999999999 110  81326 9099999999999999
 35 17 14 25 48 78108133148150142126108 95 90 94107123139147146133110 82261213UR 842151192314899999999999999 144 1314 2 9099999999999999
 54 32 21 24 39 63 92118138147144133117102 92 90 96109123135140136121 99261214UR 91714720 314099999999999999 218 201444 9099999999999999
 73 50 35 30 37 54 78104126140144139126111 98 90 89 96107119128131125112261215UR 955144205113199999999999999 255 301535 8999999999999999
 92 71 53 42 41 51 68 90113130141142134122107 94 86 85 91100111119122118261216UR1037142215412299999999999999 335 401639 8599999999999999
107 91 74 61 54 55 64 81100119134141140132118103 89 80 77 81 90101111116261217UR1123142232211699999999999999 422 531753 7799999999999999
115108 97 84 73 67 68 76 91108124137142140130114 96 80 68 64 67 77 90104261218UR1213143999999999999999999999 521 6619 4 6499999999999999
114118116108 97 86 79 79 85 98113129140145141129110 87 67 52 46 50 63 82261219UR 1 811813 414599999999999999 634 7820 4 4699999999999999
101117126128122111 99 90 87 92103118133145149143127103 75 50 33 27 33 51261220UR 240128135514999999999999999 754 872058 2799999999999999
 76102124138142136123109 97 92 95107123140152154145124 94 61 31 12  8 18261221UR 351142144415599999999999999 9 6 922148  799999999999999
 42 74107134151155147132114100 94 97110129147159160146119 83 45 13 -6 -8261222UR 44915515331619999999999999910 8 942237 -999999999999999
  8 38 76113144162164154135115 99 93 99114135155166164146114 73 31 -2-20261223UR 54116516211679999999999999911 1 932325-2299999999999999
-18  3 38 81121152168168155133111 96 92100119142162171166143107 63 20-12261224UR 6291701710171999999999999991149 91999999999999999999999
-27-21  5 44 88129158171167150126104 91 90102123147165173164138100 55 14261225UR 715171175917399999999999999 013-271234 8899999999999999
-15-26-15 13 54 98136160169160140116 96 86 88103125148165170158131 92 50261226UR 758169184917099999999999999 1 0-261319 8599999999999999
 13-11-16 -2 28 68108141160162150129106 88 81 86102124145159162149122 86261227UR 839163193916299999999999999 146-1714 5 8199999999999999
 48 18  0  0 17 47 84119144157154139118 97 82 77 84 99119137149149137112261228UR 918157203215199999999999999 230 -21455 7799999999999999
 82 52 29 18 22 40 68100127146152145128108 89 77 73 80 93110126135135125261229UR 956152213013699999999999999 313 181550 7399999999999999
105 82 60 44 39 46 64 88113133145146136119100 83 72 69 73 85 99112121122261230UR1033147224112299999999999999 355 391654 6999999999999999
115102 86 72 63 62 70 86105124138144141129113 94 78 66 62 64 73 85 98108261231UR11 9144999999999999999999999 436 6118 6 6199999999999999
