 36 34 63118185250300325321293250204165144148175217258287294273226164 9826 1 1WH 722327184629499999999999999 034 31132114299999999999999
 44 11 11 4711219026432034734130625520115613313917322126729830427822315326 1 2WH 818349194130599999999999999 130  6141713299999999999999
 81 22-11 -5 4111620328234036334930524718714012013517723228231231327921726 1 3WH 9 7363203231799999999999999 222-1415 512099999999999999
140 64  4-24 -9 4713122230235536934529222816712311213618824629632331627426 1 4WH 951370212032499999999999999 311-25154911199999999999999
204124 49 -6-25  1 6815624632036236432826920314510910914420126030632531026 1 5WH103236822 632699999999999999 356-25163010499999999999999
260188109 40 -5-11 2710018827033236034730224017612510111315621426930831926 1 6WH1111361225031999999999999999 438-14171010199999999999999
295241169 98 39  8 17 6614022129133734732127020915211210112316922327230226 1 7WH1146348233430799999999999999 518  6175010099999999999999
304273219154 94 50 35 5711018024930333032528923618113410610613417822726626 1 8WH1220332999999999999999999999 555 35183010299999999999999
287282250201147101 73 7310215421326730331429625620716012310611414218222326 1 9WH 019289125231499999999999999 631 69191210699999999999999
25426826023119115112010611414418823427229229026622918614812111112014517926 110WH 1 7268132529499999999999999 7 810520 111199999999999999
21223824924322219416714714115117520824026427426524221017514312111312014126 111WH 2 724914 227499999999999999 75314121 211399999999999999
16919922323623622620919017617017619121323425025524722820117114312111111426 112WH 331238145325599999999999999 9 1170221711099999999999999
13015618621423324224123021519918818519220622223624223822420017114011510126 113WH 52024316 92429999999999999910481852330 9999999999999999
10111614417921424225926225223221019118118219421223024124122820216813210226 114WH 6422621731242999999999999991222180999999999999999999999
 84 8410313918222626128128226623820718016716918621023425025123420215911626 115WH 733284183325299999999999999 030 82132116599999999999999
 81 63 68 9714319724828630229526923019116115016018622025026626223719414226 116WH 812303192026799999999999999 118 6214 215099999999999999
 93 57 44 5910015822127631031729725821016614013715919823927128327023217726 117WH 845318195928399999999999999 159 44143613599999999999999
117 65 33 30 6011618525230432832128723618214012213317021926429329626921726 118WH 917330203629899999999999999 235 2715 712199999999999999
151 87 37 14 27 7414421928532833831426520615211611113918924528931030025826 119WH 947339211231199999999999999 310 14153910999999999999999
193121 58 15  7 38101180257315344335294235173123 9911015421327030831829426 120WH1016345214831999999999999999 343  51611 9899999999999999
238165 92 34  5 14 64139221291337347320265200140 99 9011817323729032031726 121WH1046348222632399999999999999 416  31645 8999999999999999
278212137 70 23 10 38102182259318346337293230165112 83 9013219325530132126 122WH111534823 532199999999999999 450  91719 8199999999999999
306257187117 59 27 32 75145222288331341313259194134 91 76 9714620826530326 123WH1145342234831399999999999999 524 241756 7699999999999999
313288235170109 65 49 67117185252303329321282223163111 80 7710615721426426 124WH1216330999999999999999999999 6 0 491835 7499999999999999
295297270220165117 87 83108157216268303312293249194141 99 77 8111115921026 125WH 035300125031399999999999999 639 811921 7599999999999999
254279280256217175141121123147186230268289288264224177132 97 79 8411015026 126WH 131283132829199999999999999 7261192018 7899999999999999
196235260266253228199174159158173199229254267264245212173134101 82 81 9826 127WH 246266142026899999999999999 8321572134 7999999999999999
132173213244261262251231210191181183195214234247250239216182144107 80 6926 128WH 435263154325099999999999999102318123 5 6999999999999999
 77105147193236267282280264238210188176178193215237250249232198154108 7026 129WH 6222831728252999999999999991220175999999999999999999999
 48 51 7812618324028430930928825321217715615617520724026427025321416010226 130WH 731312184727099999999999999 025 46133115399999999999999
 53 23 24 5711618725630933533029825019815413113516621125528729427122215626 131WH 820337194629599999999999999 129 20142012999999999999999
 87 31  0  6 5012220528133435433729123117112510712416922627831131328021826 2 1WH 9 1354203431799999999999999 221 -315 010799999999999999
142 67 10-16  3 62146234309355361327268200138 97 9212518424830233032227626 2 2WH 938363211833299999999999999 3 6-161537 8999999999999999
203121 47 -4-16 19 92182269335364351301233162105 77 9013820527132033831626 2 3WH1011365215833899999999999999 345-171612 7699999999999999
258180 99 33 -4  3 55136224301350359325264192126 80 70 9915922828932833226 2 4WH1042361223633599999999999999 421 -71646 6899999999999999
296231154 83 31 14 40104185264324351337287220152 96 67 7511818224729932426 2 5WH1110351231332599999999999999 454 131718 6599999999999999
313268203134 77 44 48 90157230293331335302244178119 79 68 9114120225829726 2 6WH1135338235030899999999999999 525 411749 6799999999999999
308286238180125 86 73 93141203262305321304260202145100 76 8011216121425926 2 7WH1159321999999999999999999999 554 731821 7499999999999999
285284258215169131109112140186235276298295267221170126 95 85 9813117421626 2 8WH 029288122330099999999999999 6241071856 8599999999999999
24926425923520417315014215217921424827127726323219315412210210011514217626 2 9WH 113265124827799999999999999 6561421938 9999999999999999
20823224323922520718917717518420222424225224923420918015212911611412314226 210WH 214243131825399999999999999 741175204011399999999999999
16719221322623123022321420520020120721622422922621720218316214212611912026 211WH 413232141122999999999999999 921200222111899999999999999
13115017419922123824724623822521120019519720321121621721119717615112811126 212WH 6272471637217999999999999991215195235910599999999999999
10511213216219723125727026925323020418417417618920722323222921318515011626 213WH 7232721818233999999999999991319173999999999999999999999
 91 82 9112016221025428429428325521818315815016218821924425725022418313526 214WH 759294191125799999999999999 1 1 82135315099999999999999
 92 64 57 7812117823728431131028424019215213013316120224427428326522316726 215WH 828314195128399999999999999 145 57142212899999999999999
109 61 36 41 7813920927231633131226821115711810712817422927730430226821026 216WH 856331202730799999999999999 221 34145010799999999999999
141 77 31 16 39 96172249310342337298238173118 88 9513719926230932731025826 217WH 92334521 232799999999999999 254 161520 8699999999999999
185110 46  9 12 57131215290341354327269197130 82 68 9615722929333433930426 218WH 949355213834299999999999999 327  51550 6899999999999999
237156 81 25  4 28 92177261326358348299227152 90 55 6110918325931934833826 219WH1016360221535099999999999999 359  41622 5299999999999999
286210129 61 20 18 63139225299347357324258181110 58 41 6813120928233334926 220WH1044359225434999999999999999 432 131654 4199999999999999
323262185112 57 34 52110188265323350336285212138 77 41 42 8415423029433326 221WH1111350233434099999999999999 5 5 341729 3699999999999999
336300238169110 71 66 98159229290328333301242172107 59 39 5510417123929226 222WH1139335999999999999999999999 540 6318 5 3999999999999999
319313275221167124102108145199253295313302262205145 93 59 51 7311917823426 223WH 01932112 831399999999999999 6171001847 5099999999999999
276295287257218180152141152182221257281285267230183136 98 73 69 8812517126 224WH 111296124228699999999999999 7 11411941 6899999999999999
216250268267251229206188180185201223243255254240214181147116 94 85 9311726 225WH 226269132825699999999999999 8 718021 1 8599999999999999
150187221246259260252238222208200199206216225231229218198171141112 92 8626 226WH 43826115172319999999999999910331992253 8699999999999999
 96122158199237266281282268244217194179177186204223237240227199161121 8626 227WH 6312831742240999999999999991240176999999999999999999999
 67 69 9413819124428630930828524920717014714616519823326127125722117011626 228WH 728311185727199999999999999 025 65133314499999999999999
 69 42 44 7713420226631433432228523317813511412415920925829330127922916526 3 1WH 8 8334194830299999999999999 126 39141111499999999999999
 99 46 19 31 79151229297340348319265201140 98 8911617023328932332228522126 3 2WH 841350203032799999999999999 213 191445 8899999999999999
146 76 25  9 37102184266328357345297229158 99 69 7912619426431934332827526 3 3WH 91235821 834499999999999999 252  91516 6799999999999999
200122 54 15 18 65143228303351358323258183114 65 54 8514922529434034931626 3 4WH 940360214335199999999999999 326 101546 5299999999999999
251173 98 42 21 46110192272332357339284210136 76 45 5610718025631734833926 3 5WH10 5357221735099999999999999 358 211616 4499999999999999
291220146 82 45 47 91163241307345344303236162 96 51 42 7413721228032834126 3 6WH1029350225134299999999999999 427 401644 4199999999999999
315259191127 80 64 87143213279324338313257187120 69 44 5610216923829432526 3 7WH1052338232432899999999999999 455 641711 4499999999999999
321285229170121 93 97134191251299322312271211147 93 59 55 8213419625329426 3 8WH1113323235830999999999999999 523 911739 5399999999999999
309293254206161129120138178227271299301275228173122 84 68 7711216121225626 3 9WH1135304999999999999999999999 55111918 8 6799999999999999
282284265232196167150153176210245272281269237194151115 92 8810413617621526 310WH 036286115728199999999999999 6211491842 8799999999999999
24526025824422220118417818520222424425525323620917714812411111112514917726 311WH 123261122125699999999999999 7 0178192810999999999999999
20422523724023622821720820320521222022723022621419817916014313212813314626 312WH 250240125523099999999999999 815203205412899999999999999
16318420522223624424524023021820920320120320721021020619618116314513212526 313WH 5412451534210999999999999991156201231112599999999999999
12914216419322224826426925924021719517917418019421122422922220317514511926 314WH 6482691756229999999999999991256174999999999999999999999
10410412115419623927329128926823419716614814916919923025326024721517312926 315WH 724293185126099999999999999 030102132614699999999999999
 94 75 8111116021726930431529826021116312911813517322126328929026321415726 316WH 753315193229399999999999999 117 74135311899999999999999
102 63 50 70119185251305333327290233172120 91 9713519325430232331126520026 317WH 82033520 932499999999999999 155 501422 8999999999999999
131 72 37 37 77145223292338349321263192125 77 62 9015022529233834831725426 318WH 846350204534999999999999999 229 321451 6299999999999999
177103 47 24 44104185266329359347295221143 78 41 47 9817726032736435831026 319WH 913360212336799999999999999 3 3 241522 3899999999999999
234152 81 35 30 71146231306354362325254171 95 39 20 4911920829135237535326 320WH 94136422 137599999999999999 337 261555 2099999999999999
291211133 71 41 56113193273333360344287206124 56 15 16 6514623631336237026 321WH10 9361224137399999999999999 412 401628  999999999999999
334267192124 77 65 96160236301342347310242162 88 33 10 29 9017225532035626 322WH1037350232335999999999999999 447 6417 4  999999999999999
351309246182128 98102141202264311332317269201130 69 30 22 5311519026031226 323WH11 7332999999999999999999999 524 951742 2099999999999999
335323284233184146130143180229273302305281233174117 71 45 47 7913319425126 324WH 0 9336113930799999999999999 6 51301826 4299999999999999
291306296268232199174166178205237263277272248210166124 91 72 75 9913918526 325WH 1 5306121627799999999999999 6551661923 7099999999999999
229261277277264244222204195197209224238245242229206178148121102 9610713126 326WH 227279131524599999999999999 8171952050 9699999999999999
16520123425827127326424722821019819419720621722522822220518015112410510126 327WH 4382741550228999999999999991059194224610199999999999999
11314017721825428129228626623620517816416417920222724525023821017213210126 328WH 6 92921749251999999999999991228162999999999999999999999
 85 9212116621826730131330126922618114612913616420424527428326722917812726 329WH 7 0313185128399999999999999 013 85131212999999999999999
 86 67 77116173236291324328302255198145108 9912116722327530731128323217026 330WH 737330193731399999999999999 110 661347 9899999999999999
111 67 54 77130199267319341328284223158103 74 8212418725430833532628322026 331WH 8 8342201633699999999999999 153 541418 7399999999999999
151 91 54 55 95161235301341345311250179112 66 54 8314421828833735132526826 4 1WH 836348205135199999999999999 229 491448 5399999999999999
198128 75 53 73129203275329350330276204131 72 41 5110117625431935535130926 4 2WH 9 2350212535899999999999999 3 2 531516 3999999999999999
243172109 69 68107174247309344341299231155 88 42 33 6613221228634035933726 4 3WH 926348215835999999999999999 332 631544 3199999999999999
283215148 98 78 97151219284329341314256182112 57 30 44 9516924631134834826 4 4WH 949342223035399999999999999 4 1 781611 3099999999999999
312253189134100100136195257307331320275209139 80 42 37 6913120427232234126 4 5WH101233223 234199999999999999 430 951638 3499999999999999
325282225171130115132176232282313316287233169109 64 45 5910316623128732026 4 6WH1036319233632599999999999999 45911517 6 4599999999999999
323297254206164139140166210255289302288249195140 94 66 64 8913619324628726 4 7WH11 0302999999999999999999999 5291361736 6199999999999999
304297270234197169158168195230262280278255216170128 97 82 9011916120724726 4 8WH 012305112628299999999999999 6 315818 9 8299999999999999
27428327325222620118418019121223525325925022719616213311210611614017320726 4 9WH 056283115725999999999999999 645180185310699999999999999
23625626325924723121520219820321322423323522821319317014913312713214716926 410WH 2 6263124523599999999999999 75719820 312799999999999999
19421923925225825524523121620419819820321021722021720719117215313913413926 411WH 41125815 022099999999999999103119722 013499999999999999
15417720523325627127326224121619317717217819321322923723321719116213712226 412WH 5392731712237999999999999991158172233611999999999999999
12013516420324227529329227223820016614414215919022525526926524020215912326 413WH 6272951816270999999999999991238140999999999999999999999
100 9912116321626530231630326721716712610711615220225329130629325420114626 414WH 7 231619 230699999999999999 034 97131110799999999999999
101 78 84121179242297329330299244181122 83 7510316022828932933831125618926 415WH 733334194433999999999999999 119 771344 7399999999999999
127 80 63 84137208277328348330278207134 75 44 5310418126132736235931624726 416WH 8 3348202536699999999999999 158 631417 4299999999999999
173109 67 63100168245310350352312242160 86 33 17 4811920929435738436530826 417WH 83335621 538499999999999999 237 591451 1699999999999999
233158 97 66 78130206280335359339280199115 45  4  7 5714323732137638935726 418WH 9 4359214739099999999999999 315 651527 -199999999999999
293218148 97 80106168241306347351313241158 79 19 -7 13 7816826033537938026 419WH 936354223138599999999999999 354 8016 5 -799999999999999
340276206146107105141203268318342329279205127 58 11  0 3310318927233636726 420WH1010342231736999999999999999 4341011646 -199999999999999
359318260201153128136174229280315323299246179111 55 21 22 6012620227332426 421WH1046324999999999999999999999 5171261730 1799999999999999
345334298251205168153164197239276298296270223167113 69 46 51 8614220526226 422WH 0 8345112730099999999999999 6 51521820 4499999999999999
303319311285250214187175183206234258272269248214172130 96 77 8010714919826 423WH 1 9319122027399999999999999 7 51751921 7599999999999999
24427929629628125622820418918819821523224524823921919015712710710311714626 424WH 228298134824899999999999999 835187204310299999999999999
18522526028429228526624021218917717718820622524024523721718715512911511826 425WH 4 32921555245999999999999991030176222011499999999999999
13817221325228329829527524320717415314816118721824726426324421217413911626 426WH 5192991728266999999999999991146148234111199999999999999
11213016621225829330930327523318714612212014218122626628928926622618013726 427WH 6123101830292999999999999991234118999999999999999999999
109105128171225275309320302262209155112 9110113819124829331631027722817426 428WH 652320191731799999999999999 0391041312 9199999999999999
128101105137190248297324322289235174117 78 69 9514921527732233731927421726 429WH 725327195733799999999999999 124 991345 6899999999999999
160116 98114159218276318332311262198132 79 52 6110617424730834534731526026 430WH 754332203335199999999999999 2 2 981416 5199999999999999
199143107104135190251303331326287225155 93 50 40 7013120728033535834429926 5 1WH 82233321 735899999999999999 2361011445 3999999999999999
239178129107120165224282321331307252183115 61 34 44 9216524231035235832926 5 2WH 848332214036099999999999999 3 81071514 3399999999999999
276215159122117146198257304328318276213143 82 42 34 6412520127433035534626 5 3WH 914329221335699999999999999 3391151543 3299999999999999
306250193147125136176230281315320294241175112 62 38 49 9316023329733834726 5 4WH 941322224634899999999999999 4101241613 3799999999999999
324279226176143137161205255294312302263206145 91 56 49 7412719325830833426 5 5WH10 9313232133599999999999999 4421361644 4799999999999999
329299255208169149156186228268295299276233179126 84 63 7010415821827130826 5 6WH1039300235832199999999999999 5151481716 6299999999999999
321308277237198170161175205241270284278251209162119 89 80 9513218123227426 5 7WH1113285999999999999999999999 5531611753 7999999999999999
29930428926222919817817518921424126126725723119615812410310111815219323526 5 8WH 043305115526799999999999999 6391741838 9999999999999999
26828729027825622920318718419321123024525124322419616613912111913316019526 5 9WH 139291125725199999999999999 744183193811899999999999999
23025927828427625823420919018118419621323024124223121018315713813013815826 510WH 254284143524399999999999999 91518121 013099999999999999
18822225427728728326523720718016416217419622224325525123320517414713213326 511WH 4112881616255999999999999991040161222913199999999999999
15018021925728629929326923219215713513315118522526028028026022518514912626 512WH 5122991731283999999999999991137131234112199999999999999
123141178225270302313300264215164122 9910313518524128731331228423918814426 513WH 5583131828316999999999999991221 97999999999999999999999
116113138185240289321325299248185125 81 63 8012919726631934633930124518526 514WH 639327191834799999999999999 03711113 2 6399999999999999
136107109144201262311336328286220148 84 42 34 6713421629435037235630724326 515WH 71633820 537299999999999999 1261041342 3299999999999999
179128104115161225286330344321263187110 47 11 17 6714823931937238836130526 516WH 753345205138899999999999999 2121031423  899999999999999
237172124108130184249307342343305236155 78 20 -6 14 7716625933738439035626 517WH 832347213839399999999999999 25610715 5 -699999999999999
296229167126119150207270320344332283210129 57  6 -8 23 9418427434638438226 518WH 912344222638899999999999999 3411171550 -999999999999999
343284221166133135171227282322336315261189114 49  8  3 4211420028234537426 519WH 954336231637599999999999999 4271291636  099999999999999
366327272215168144152188238285315321295243177111 54 22 25 6613421228433626 520WH1041322999999999999999999999 5151421725 1999999999999999
357346310261212172155165198239277301302277232175118 71 47 54 9315221928026 521WH 0 8358113330499999999999999 6 71551817 4599999999999999
322338327296254211177163172197231262282284265228182134 96 77 8411616622226 522WH 1 4338123628599999999999999 7 71631914 7699999999999999
27230832131228524921118016516918821524226327025923319615712410711013517526 523WH 2 5321135527099999999999999 818164202010599999999999999
22126429630930227924520917815915717119522425026426324521618115113213014826 524WH 3 9309152526699999999999999 937156213512999999999999999
18022025928930329727524020216714413815117821224526827426323720317114814226 525WH 4123031650275999999999999991049138225114299999999999999
15418322126028930229526923118714812211713316821125228229228225421818215526 526WH 5 93021759292999999999999991145116235814699999999999999
146157187227266295304292259213165123 98 9812416922126930231229726522318326 527WH 5563041853312999999999999991230 94999999999999999999999
154146161196239278303306284241188136 95 76 8712518124229332432830526521826 528WH 637308193833099999999999999 05114613 9 7699999999999999
176149146170210256293311302268216158105 70 62 8713920426931834233630325526 529WH 712311201734399999999999999 1351441344 6199999999999999
205164143151184230275306313292246186126 77 52 59 9916223329733935233329126 530WH 745314205335299999999999999 2141431418 5099999999999999
238188152142162204253294315309273218154 97 56 45 6812219226332135235132026 531WH 817316212735699999999999999 2491421450 4499999999999999
271217170145148180227274308317296249188125 74 45 49 8815122429133835534026 6 1WH 84931722 135599999999999999 3231421523 4399999999999999
300248196157144161201250292314310277222160102 60 45 6511518325331134534926 6 2WH 921316223635199999999999999 3561441556 4599999999999999
322277225178150150178223268302313296254196136 85 55 55 8814521327732434426 6 3WH 954313231134599999999999999 4301471630 5199999999999999
335301254205167151162196240279303303277230174119 78 60 7411517523929432926 6 4WH1030307234733799999999999999 5 515017 5 6099999999999999
337318280234191162156175210250283297289258211158111 80 74 9714320125830326 6 5WH1110298999999999999999999999 5441551743 7399999999999999
327325301263220183161162184218253278287275243198151112 91 9312116722026926 6 6WH 027329115628799999999999999 6281591824 8899999999999999
30532131328724921017816116518621724827027826523619615512310711414118423126 6 7WH 110321125327899999999999999 720160191310799999999999999
27430331430327624020217215715917920823826227226424020516914012613115619326 6 8WH 2 031414 427299999999999999 821156201412599999999999999
23527430030829726923219416214414516319422925927627425522318915914314416326 6 9WH 255308152427799999999999999 928142212714199999999999999
19623627329930629426422418114412312214317922326328829327824721017615414926 610WH 3533071645294999999999999991033120224514999999999999999
164196236275301309294259211161119 95 9512116822427430831930527122918916026 611WH 4503091755319999999999999991130 92235715099999999999999
150162196239281308314294251194137 90 64 6810416323029133234532929124219526 612WH 5443151857345999999999999991223 62999999999999999999999
160147161198247290318320292239174110 60 36 46 9316424231035536834730224726 613WH 634322195236899999999999999 0591471313 3599999999999999
194156144162205258303328324288226154 86 35 14 32 8917025532837338235630526 614WH 723330204438499999999999999 15414414 3 1399999999999999
245189151142167215270315336326281213136 66 16  1 28 9418127034238438735526 615WH 811337213539199999999999999 2461411453  099999999999999
299237181145143174227282324341323273201123 54  8 -1 3410719628435238838326 616WH 9 1341222339199999999999999 3341391542 -399999999999999
345287225171141146183237291329340317263190114 49  9  9 5212621429635738326 617WH 951340231138499999999999999 4221391631  499999999999999
371329271210162139151191244294327333307252182112 54 23 30 7815123330635626 618WH1042335235737299999999999999 5101391719 2099999999999999
372353308251196154139156197246291319321294242178116 67 46 6211017925131226 619WH1135324999999999999999999999 55813918 6 4699999999999999
350356331286232183149141160198243282306306280234179127 90 78 9814420426426 620WH 041357123031099999999999999 6471401852 7899999999999999
31233833530826421617314614216019523427029129126923118714611911413417422426 621WH 124340133029499999999999999 740140194211399999999999999
27130732331528624620316614314015618622325627728026523620217115014716419626 622WH 2 9323144028199999999999999 839138203814699999999999999
23527229830729627023319416013813314717621124526927726924922219617717218326 623WH 25730716 027799999999999999 944133214917299999999999999
20723826828929428425822318515112812313616520324026928428226624221619518626 624WH 351295172328599999999999999104812223 818699999999999999
19121023726328228727725021417413811511012515920224528029929928325622620126 625WH 4502881832301999999999999991145109999999999999999999999
187190208235263282286273244203159121 98 9711815921025929831731529426122526 626WH 547287192431999999999999999 0201871234 9499999999999999
196181186208238268287289271235188140102 82 8711816822728031933432529525526 627WH 63629120 633499999999999999 1151811318 8199999999999999
214183172184212249280297293266221168118 82 69 8512718725030433834532428526 628WH 719298204434699999999999999 1591721358 6999999999999999
238196169166187225265295306292255202145 95 65 62 9114521227732735134631426 629WH 758306211835399999999999999 2371641435 5999999999999999
266216176157166199243284310312286239179120 75 53 6410717124230434535633726 630WH 834314215235799999999999999 3111571511 5399999999999999
295242192159152174216264302320311274217154 97 59 51 7713220327232735635326 7 1WH 910320222435999999999999999 3441511545 5099999999999999
321270216170147153188236283316323302255192129 79 52 58 9916423630134535926 7 2WH 947324225635999999999999999 4171461619 5099999999999999
341298243191153142162205255298322319287232168109 68 55 7713019926832435426 7 3WH1024325232835899999999999999 4521421653 5599999999999999
353322272217169142143173220269307322309268210149 98 68 7010516423329533826 7 4WH11 4322999999999999999999999 5281381728 6599999999999999
354339298245193153136147184232277308316296251194139 98 81 9413719826031226 7 5WH 0 0354114731799999999999999 6 613518 5 8199999999999999
34334531827322017314113315219123727930530728323918814111010312416922527826 7 6WH 034348123630999999999999999 648132184610399999999999999
31933732929624920015813213015219123527429829927623819415613313215419424226 7 7WH 111338133230299999999999999 735128193412999999999999999
28631632531027623018414612412414618422726629129527924821218016115917620926 7 8WH 153325144129799999999999999 830121203515799999999999999
24828330731129526221817413711411313216921525728829929226923820818718018926 7 9WH 24331216 529999999999999999 935111215718099999999999999
213245276296301287256213167127101 9511315120025028931131329526623420619026 710WH 3453021734315999999999999991045 94232918899999999999999
190208236267291299288258213162115 83 73 8913118824729833033832229025121426 711WH 4582991849338999999999999991154 73999999999999999999999
189183198228264293306298265214156102 62 49 6611418125131235136134330425626 712WH 6 8307195036299999999999999 0471821257 4999999999999999
210179170187224268303320311273215148 86 41 27 4910518226333037137935430626 713WH 710321204338099999999999999 1501691355 2799999999999999
250197163156181227278318336323279212138 70 24 12 4210819428034938738735226 714WH 8 7336213039299999999999999 2421551448 1199999999999999
296233178145146181236292334349331278205126 57 13  8 4912521530136639538426 715WH 859349221339699999999999999 3281411536  599999999999999
338275209156130142187248305345356330270193114 49 13 20 7215324332337739326 716WH 948357225239399999999999999 4121301621 1099999999999999
368314247183136122145197260315350353319256180107 51 28 4810819027334138026 717WH1035356232938499999999999999 45312117 3 2899999999999999
379342282217159122120153209268318346341301239169107 65 57 8915222729835026 718WH1121348999999999999999999999 5341171742 5599999999999999
371354309249189140117126164218272314333321280224166117 91 9713619525931426 719WH 0 337112 733399999999999999 6141161819 8999999999999999
34735032327421916713111913517422226930331429926321717213912714218023027926 720WH 035353125531499999999999999 655119185812799999999999999
31733332329024519715612912514417922126028729428125422018916816518121225026 721WH 1 7333135129499999999999999 740124194016499999999999999
28430731129426322418515213313214917821424727127927325623421319919720822926 722WH 14131215 327999999999999999 834130203919699999999999999
25527728928827224621418215413713514717220323526027427726925523822421722026 723WH 224290164427799999999999999 941134221321799999999999999
23124726327227226124121318315613713013916119322725828129128827525623622126 724WH 3302731817292999999999999991057130235921699999999999999
21622123425026226726224421718415212911912615118722926829731130728826123326 725WH 45926719173119999999999999912 5119999999999999999999999
21220320822424626527527025121817914111310311414519124228731932931829025326 726WH 613275195932999999999999999 1 820213 010399999999999999
218193186198224254279290282254212165121 93 8710714920626531234034131827826 727WH 7 6290203334499999999999999 1511861345 8699999999999999
233194173175198235273299306289250197142 97 73 7611016623229433835534330626 728WH 74830621 535599999999999999 2261711423 7099999999999999
255205169156172210256297320318288236174115 73 58 7712619526632535936133226 729WH 825322213436499999999999999 2571561458 5899999999999999
282225175147148180230282321336321276213145 89 55 55 9115623230235237135526 730WH 9 133622 237199999999999999 3271431531 5099999999999999
310250191147131150197255307340343313255184118 68 48 6612119627233537137126 731WH 936346223037699999999999999 35813116 2 4899999999999999
336278214159125125161219279327350340295228157 96 58 56 9316123930935937726 8 1WH1013351225837799999999999999 4301211634 5299999999999999
357306241179131112129178241299340351327272203137 87 65 8013220527833737026 8 2WH1050351232637399999999999999 5 311217 7 6499999999999999
367329269204148112108140196259312343343309250185129 92 8611617524530735126 8 3WH1130347235436599999999999999 5371061740 8499999999999999
36434429523217212610311215321026931533732829023518013611312015821427332226 8 4WH1214338999999999999999999999 613102181711299999999999999
34834531326020215011410212016221726930832431227723218915814615919424128726 8 5WH 02535013 432499999999999999 65410219 014699999999999999
32033231828223318314011210612516421225929330830027524321218918119221825226 8 6WH 05933214 930899999999999999 744105195618199999999999999
28430530929426222117814111610912315519724027529529828626624222221121322626 8 7WH 143310154129999999999999999 849109212521099999999999999
24626828428928025722418614912010611113517321725929030730829527424922821626 8 8WH 2512891734309999999999999991015106232821599999999999999
217229248267280281268239200158120 95 9010814719825129732633532429726222826 8 9WH 4352821855335999999999999991143 89999999999999999999999
204196207231261285297289260215161111 76 64 8212718925631435136134430625826 810WH 6 8297195136299999999999999 0551961255 6499999999999999
212180171188224267303322314279222157 96 53 40 6312019627433837637934929826 811WH 715322203538299999999999999 1511711352 4099999999999999
238185152149179229284327347334288220144 77 33 25 6113121830136439438333826 812WH 8 8348211439599999999999999 2351461441 2399999999999999
274208153126136181244306351366343285207127 60 22 28 7816025033138539937026 813WH 855367214939999999999999999 3141251523 1999999999999999
311240172123108135194265327368374338270189111 51 27 4911420028735739438826 814WH 938376222139799999999999999 35110816 2 2799999999999999
342273201138101103146214285343374366320248170101 56 50 8916124532137338826 815WH1019376225138999999999999999 427 971638 4799999999999999
361303231163112 92111165234300349367347294225156102 76 8914021128434337326 816WH1059367231937599999999999999 5 1 921711 7599999999999999
366323259192135 99 9612918625130734434932026720715311711013719025431134826 817WH1138351234435799999999999999 535 92174310899999999999999
356331280220162119 9911115020426030532932329224720116314415218423228131926 818WH1219330999999999999999999999 6 9 99181514499999999999999
33632629224219114711811213116921626029430729827223920818517919222125728926 819WH 0 933713 530799999999999999 644111185017899999999999999
31031129225821617714512812914818021725127628527926424422521321222224126326 820WH 03531314 628599999999999999 726126193621199999999999999
28028828226323620617815514314415818120823625726927326926024923923423624326 821WH 1 5288155727399999999999999 826142211423499999999999999
25226026325924823221118916915515015517019321924526628028528127025524223226 822WH 15726318 32859999999999999910 0150235822999999999999999
22923223924725125024122520317815714414215317720924427629830730028225723226 823WH 42125119 3307999999999999991139141999999999999999999999
21420721222624425926626024121117714612612213616921225929832232631027924226 824WH 6 4266194132799999999999999 1 4207124412199999999999999
20918818620122825828128927824920716212410110212817423128532634533630526026 825WH 657289201134599999999999999 1381851329 9999999999999999
214178163173204245284309312289245190136 95 78 9213419626231935435833228426 826WH 737314203836099999999999999 2 716314 5 7899999999999999
228178147145173221274316336326287228162106 69 65 9715823230135237335731126 827WH 81233721 437399999999999999 2341421437 6299999999999999
250188141122139187249306345355328272201131 78 54 6812119627534037737733926 828WH 846356213038299999999999999 3 212215 9 5399999999999999
277208147110109147211281337367361317247171104 61 54 9116024331737038736326 829WH 920369215538799999999999999 3321041540 5299999999999999
305233163110 89109166241311360377354295218145 87 60 7412920828835138437826 830WH 956377222138799999999999999 4 2 891611 5999999999999999
332262187124 84 82122192269333372374335268194129 86 7811117725432336838026 831WH1033378224738199999999999999 433 781643 7699999999999999
351290216147 95 72 8914321728934537135931124518012910211115622329034236726 9 1WH1112371231436899999999999999 5 6 72171710199999999999999
357313246177118 81 7410516423529834235733628923218114513315319925730934226 9 2WH1154357234335099999999999999 541 72175313399999999999999
348324273211152107 82 8712317924129332733431327523219617317119323127430826 9 3WH1244335999999999999999999999 621 81183516999999999999999
325319289243192146112 9610413618223227530331029827424722320820722124527126 9 4WH 015325135031199999999999999 710 96193420599999999999999
29029728926523119315812911411713717121124927829329628727225523923023023826 9 5WH 059297154129699999999999999 822113212922999999999999999
25126327027025923921218115012811812514818222226029030731130128225723521926 9 6WH 22527117463129999999999999910 5118235321599999999999999
21522223625326727226324020616713110710211915620425630133033932529525722026 9 7WH 4532721852339999999999999991144102999999999999999999999
193183193219253282299295269225172122 87 76 9514120426932435736133629123826 9 8WH 621300193736399999999999999 0591831252 7699999999999999
189157152175218268310332325288230164104 64 56 8514522129635337936932726726 9 9WH 717333201338099999999999999 1411501343 5499999999999999
203150123131172232294341361343293222147 83 47 50 9517025432937838936030026 910WH 8 3361204639099999999999999 2171211426 4399999999999999
229161112 98125184257324368378346281203126 68 43 6412620929335939238133126 911WH 844379211639399999999999999 251 9715 3 4399999999999999
260184120 84 88135208286349384379332259180109 64 58 9817125532937838835526 912WH 922387214339099999999999999 324 801538 5599999999999999
289212141 88 70 96158237311366386364307233160102 75 9014522129735538136626 913WH 95938622 938199999999999999 355 701610 7599999999999999
314241167106 70 7411718826433037037333827720914910910213519626632636236426 914WH1035377223336899999999999999 426 67164010099999999999999
329267196132 86 70 9214721728533736134930725119415012914018224029733735126 915WH1111361225735199999999999999 456 70171012899999999999999
333285223161111 83 8612017623929533134032028023319116315918122327030933026 916WH1147341231933199999999999999 526 81174015799999999999999
325293244190142108 9711214920025129231531429326122720018619221624928130326 917WH1228317234330899999999999999 557 97181318699999999999999
30729125721517314012011913817221125027829229027525523421921322023725727426 918WH1319293999999999999999999999 632117185621399999999999999
28227825923220217415214114315818120923725827127427126225124123523524124826 919WH 0 9283145627499999999999999 721140202423499999999999999
25425625224122520818917316115816417719621824025927328027927125824423422726 920WH 051256172328199999999999999 852158234422699999999999999
22622923423924023622621019117215915416017620223226228629929928526323721526 921WH 3492401828301999999999999991059154999999999999999999999
20220020922624425726025022819916914513413916119724028031032231328725021326 922WH 54626019 532299999999999999 039199121413399999999999999
18517217920223526528628827023619315112110912215820926331033833931427122126 923WH 638289193334299999999999999 1 917213 010999999999999999
177149147170213260299318312279229173124 93 9011917223729934335934229823926 924WH 716319195935999999999999999 1361441336 8899999999999999
180135117133178238295335347325274209145 96 73 8613420427733636936632626326 925WH 751347202537299999999999999 2 311714 9 7299999999999999
194133 97 96135201273333366364323257183117 74 6710016724631836738135329226 926WH 826370205038299999999999999 231 911442 6499999999999999
217144 90 69 91152232309365387366308232157 97 67 7913321129035338437332226 927WH 9 1387211638599999999999999 3 0 691514 6699999999999999
246166 99 57 56102180266340386392354286208138 90 7810917625632737238134726 928WH 938395214338399999999999999 331 511548 7799999999999999
279197121 64 40 61124210294359392382333262190131 9910515122129334837336026 929WH1017394221137499999999999999 4 4 401622 9699999999999999
308233154 89 47 41 7915123531136438336130824318313912314219425831535135626 930WH1057383224035899999999999999 438 38165912399999999999999
326266194126 74 47 571031742493143543613352882351891601561812282783173362610 1WH1142363231233699999999999999 516 46173915499999999999999
327289232171117 78 64 801261872503013313343122772392071881892112452793022610 2WH1236336234930999999999999999 559 64182718699999999999999
308294260215168127 98 891041401872372783033102992792552322172152252432622610 3WH1350310999999999999999999999 654 89194021499999999999999
2752782682462171831511261141191411742132502792963002922762562372232192232610 4WH 045278154930099999999999999 81311322 021999999999999999
2322442532572522362121821521301221291531882282672973133122972712402131952610 5WH 25625717293159999999999999910 2122234819199999999999999
1912002202442642732672442091691341121111311702202713113333323082702251852610 6WH 5 82731826335999999999999991135109999999999999999999999
160156175210251286305300271225173126 96 921181682302903343533413032501932610 7WH 61830619 735399999999999999 0391551237 9099999999999999
146122129164217273317337325285226164110 80 831221842553183573643352802142610 8WH 7 9337194036699999999999999 1181211325 7799999999999999
151106 92117171239303348361337283215147 94 72 901432162893463723583102412610 9WH 751362201037299999999999999 152 9214 4 7299999999999999
169108 73 77122193270335373372332267195129 85 79114180255323365370335271261010WH 829377203837399999999999999 224 691440 7699999999999999
194123 71 54 81144224302360384367314244173116 88101151223294347370352297261011WH 9 538421 437099999999999999 254 541512 8799999999999999
223148 85 49 54101175257329374381348288219156113104135195264323358357318261012WH 940383212936299999999999999 324 46154410399999999999999
251176109 61 45 71132210287346374364320259197147122132175236295337351328261013WH1014375215335199999999999999 353 45161412199999999999999
275206138 83 54 59100167241307350361338291235184150142166213267312335328261014WH1048362221833699999999999999 422 51164414199999999999999
291233169113 75 63 85135199264315341338309265219182162169199242284311317261015WH1124344224331899999999999999 451 63171616199999999999999
296253199147105 82 86116166222273309323312284249214190182195224257284297261016WH12 2323231129799999999999999 522 80175118299999999999999
290263223179140112102114145188232270294300290269243220205203215235256270261017WH1249301234327499999999999999 558102183720299999999999999
273262238207175148130126139164196229258276282277265249232220217221231241261018WH14 2282999999999999999999999 643126195421799999999999999
248249241227207186166151147153169192217242261274278274262245230218212212261019WH 03625016 027899999999999999 754147222721199999999999999
218226232235232222206187169157154161178203231258279290288274251225202188261020WH 3 1235172129199999999999999 948154234418599999999999999
185194211231246253247229203175153141144163194233270298310302277242204172261021WH 5 325318 8310999999999999991119141999999999999999999999
156158179212246272283274247209169138122127155199249293322327306266215167261022WH 6 3283184232899999999999999 023154121612199999999999999
133122139178228276307315295254202153116103118161219277323344334294236174261023WH 647315191134499999999999999 054122125910399999999999999
122 92 96133193258313343341306249186131 96 93124182250311349355324265193261024WH 726346194035799999999999999 124 891337 9099999999999999
126 76 59 83143220295350372355304235167112 85 97145216287341365351298223261025WH 8 437220 836699999999999999 156 591413 8499999999999999
144 78 39 40 86165253329378388355291217149102 88116178253319361366330260261026WH 843390203836999999999999999 228 341450 8799999999999999
176 98 40 15 37103193283355394389343274201139103104147215286340365351297261027WH 92339721 936699999999999999 3 3 151528 9899999999999999
218134 63 17 10 49127220306368394377324256190139116131181247308347355324261028WH10 5394214235699999999999999 340  716 711599999999999999
260181105 44 12 20 71152240316367381356304243188148137161211268315339332261029WH1050381221834099999999999999 419  9164913799999999999999
292228157 91 43 23 41 96171249313353358333288238194165162187230274306318261030WH1140360225931899999999999999 5 3 23173616099999999999999
304264208148 95 58 47 68118182247300330334314279241206185184203233264286261031WH1238336235029299999999999999 551 46183318199999999999999
292278246203156114 84 76 931321832362803073143032792492202001942032212412611 1WH1351314999999999999999999999 650 75195319499999999999999
2582662612422121771421141021101371762202602903043022852602312061901871962611 2WH 1 8266152130599999999999999 8 6102214318799999999999999
2132322492572522342051721411221191341652062482833043082942672321971711602611 3WH 3 9257164230999999999999999 939118231016099999999999999
1651862152442662732612341971591301181281572002472883143182992642191741412611 4WH 45227317403199999999999999911 5118999999999999999999999
1271371682112542872992882562111661301131221562052583023263242952471921402611 5WH 6 1299182432999999999999999 0 412712 911399999999999999
105 971191652222763133243072662141621231081241662232793203363202772171552611 6WH 65332519 033699999999999999 046 96125910899999999999999
102 73 771161772453033393433142642051511151091361882493033353363042461782611 7WH 736345193234099999999999999 122 70134010799999999999999
114 67 51 731292022753313583493092511891381111191592182783233413242742072611 8WH 81536020 134199999999999999 155 51141710999999999999999
136 76 42 44 851552343053533663432922301711281161391892503033353342982372611 9WH 851367202933999999999999999 227 38145111599999999999999
165 98 49 31 53111188266330364362325269207155126129166222278320334315265261110WH 926368205733499999999999999 258 31152412399999999999999
196127 69 35 37 76144222294345363345300243187146132151196251298325321286261111WH10 0363212432799999999999999 328 31155613299999999999999
228160 98 53 36 56108179252313348350322274220173146147176223271306317299261112WH1034353215331799999999999999 359 36162814299999999999999
254194132 81 51 51 84142210274320340330296249203167153166200243281302300261113WH11 9340222430499999999999999 430 4717 215399999999999999
271223167115 77 61 75115172233284317324307273232194170166185217252279288261114WH1146325225828899999999999999 5 3 61173916599999999999999
276244199152111 84 81102144195245285306306287257223194178179197224249266261115WH1229308233927099999999999999 539 79182417699999999999999
269254224187149117101104127164207248278293291275250222198186186199218236261116WH1322294999999999999999999999 621 99192618499999999999999
249250239216187157132120124143174209243269283284271250225202187182188202261117WH 037251143128599999999999999 716120205318299999999999999
218233239236221199173151137137150174205237264281285275254226198176165167261118WH 210240154628599999999999999 832135222116499999999999999
181202225241247239219193167147140147168200235267288293281254218181151136261119WH 35524716482949999999999999910 1140232013599999999999999
140161194229257270265243210176148134138162199242279302304284245197151116261120WH 5132701736306999999999999991117133999999999999999999999
102113148197246284301293263221177141124130161207257297317310277224165111261121WH 611301181631899999999999999 0 4102121512399999999999999
 76 69 95148213273317332317276223170131114128169224279317329309259192124261122WH 7 0332185332999999999999999 043 6813 411499999999999999
 69 38 44 88158236304348357331279218161121110134186248302333333297232155261123WH 745358193033899999999999999 121 36134911099999999999999
 83 30  9 31 92176262332372372334274208151115114149209272321342328276201261124WH 83037720 734399999999999999 2 1  9143211099999999999999
120 49  2 -7 30105197285352384374328264198144116126170232292332342314252261125WH 915385204634399999999999999 242 -9151611599999999999999
172 92 26-12 -9 41123217302362384365315251189142123142191251303334333295261126WH10 2384212833899999999999999 326-1716 012399999999999999
229150 74 16-12  2 59143232310361374349299240183144134158207261305326317261127WH1050374221332799999999999999 411-13164713399999999999999
275210137 70 20  1 23 81161242310351357331284230181149146171215261296311261128WH114035923 431199999999999999 459  1173714399999999999999
298258199135 77 36 25 50105176246303336338312270223181155154176213250279261129WH1233341999999999999999999999 549 24183315199999999999999
291280246197143 94 62 55 79127187246293319319297260219182159156172200232261130WH 0 2291133032399999999999999 643 54193915499999999999999
258271266241203160120 92 871051441932422823043052862542161811561481581812612 1WH 114272143130799999999999999 744 86205514899999999999999
2102382562592452181831481231141261561962382732942962792492111741461331382612 2WH 241260153529899999999999999 855114221313299999999999999
1581902232502622582382071751481341391611962352692902922752432021601271102612 3WH 4142631637293999999999999991015134231810999999999999999
1151391772182542752762592291941631441441641982372712912912702321851391022612 4WH 5342781731294999999999999991130142999999999999999999999
 86 951271742262692942962772432031671451451662032442782952902612151611112612 5WH 636298181629699999999999999 0 9 86123114299999999999999
 75 65 831271852432903153132872462001621411451732142572893002842451901322612 6WH 725318185630099999999999999 052 64132013999999999999999
 82 51 51 831392062683143323212862371881511361491852312732993002722221602612 7WH 8 6333193130399999999999999 130 4714 113699999999999999
101 55 35 49 951622342953343413182732201711391351602042522903062932531932612 8WH 84334220 530699999999999999 2 6 35143813399999999999999
129 72 35 29 591181912633183453393042521971531321411772262723023052792272612 9WH 918347203730899999999999999 240 27151213199999999999999
163 99 49 25 35 80148223290334346326282227175140132155199249289307297258261210WH 95234721 930899999999999999 313 24154513199999999999999
199133 75 35 26 53109181253310340337305255201156133140173221267298304281261211WH1025343214230599999999999999 346 25161713299999999999999
232170108 58 32 39 79142213278322336320281229179144134153192239278298292261212WH1058336221729999999999999999 418 30165113499999999999999
259206145 89 51 40 61110175241294324325299256206164140141167208250280290261213WH1132329225429099999999999999 452 39172713799999999999999
275236182127 81 55 57 89142204261302319310278234189155140150179217252274261214WH12 8320233627899999999999999 526 5218 714099999999999999
277256216166118 83 68 81118171226273303309292258217178151143155183217246261215WH1246310999999999999999999999 6 3 68185314299999999999999
263262240203160121 95 89107144192239277297297277243205170147141153179209261216WH 026265132930099999999999999 645 88194914199999999999999
236252252233202166134114112129163203244274290286265232196162140133142166261217WH 129254141829199999999999999 737111205413299999999999999
196225245250238213183155136132145172207242270283279258225187151125115123261218WH 247251151528499999999999999 84413122 311599999999999999
148183219247259255235206177155145151173205240268282277255218174133102 89261219WH 41326016172829999999999999910 714523 6 8999999999999999
 98128172219257279280261231196167150150169203240270286280253209157108 73261220WH 5332821716286999999999999991129147999999999999999999999
 59 72112168227275304308287250208170147144165203245279295286251197136 80261221WH 638309181029599999999999999 0 1 59123614299999999999999
 41 28 50101170241298331333306262211166139137163208255292306291247183113261222WH 73433619 130699999999999999 053 28133313499999999999999
 51 11  3 34 98179258321353351316263206157129132166218270307317294240167261223WH 825357195031799999999999999 143  1142412699999999999999
 91 26-13-14 28103192277340369358316256194144120131174231285319324293230261224WH 914370203832699999999999999 232-19151112099999999999999
151 72  8-27-20 32116210294353374355306242179132114135184244297327325287261225WH10 1374212733199999999999999 320-30155811499999999999999
219137 59 -2-29-12 49136229308359371343288222162121112141194254302328319261226WH1046372221732999999999999999 4 8-30164311199999999999999
276206126 53  0-18  9 75162248318357357322264201146113114148202257301320261227WH113036223 732099999999999999 454-18172910999999999999999
307261194121 56 14  8 43109189265322347337296240182134110118154204254291261228WH1212348235930599999999999999 539  5181610999999999999999
305289245185123 71 41 45 83144213275317330311269217166127110122155200243261229WH1253330999999999999999999999 624 3819 511099999999999999
275285270232183134 95 77 87123175230277305307284245198155123111122151189261230WH 055285133431099999999999999 710 7620 111199999999999999
227256266255227190154126116127158199241274290285261225184146119108117141261231WH 158266141629199999999999999 75911621 310899999999999999
