 27 26 24 20 14  9  5  2  0 -1 -2 -1  2  6 10 14 18 21 24 27 30 31 31 3126 1 1WN2141 3199999999999999999999910 7 -2999999999999999999999
 30 30 29 26 21 15  9  4  1 -1 -3 -3 -2  2  7 12 16 20 23 26 29 31 33 3326 1 2WN99999999999999999999999999991050 -3999999999999999999999
 32 32 32 31 28 22 15  9  4  0 -2 -3 -3 -2  2  8 13 17 20 23 25 28 31 3226 1 3WN 0 8 339999999999999999999991139 -4999999999999999999999
 33 33 33 33 32 28 22 15  8  3  0 -2 -3 -3 -1  4  9 14 17 19 21 23 26 2926 1 4WN 248 339999999999999999999991229 -3999999999999999999999
 31 31 32 33 33 32 27 21 14  7  3  0 -1 -2 -2  1  5 10 13 16 17 18 20 2426 1 5WN 351 339999999999999999999991317 -2999999999999999999999
 26 28 29 30 31 31 29 25 18 11  6  2  1  0 -1  0  3  6 10 13 14 14 15 1826 1 6WN 447 319999999999999999999991359 -1999999999999999999999
 21 24 25 26 27 27 27 25 21 14  8  4  2  2  1  1  3  5  8 11 12 12 12 1326 1 7WN 534 289999999999999999999991421  1999999999999999999999
 16 19 21 22 22 22 23 22 20 15 10  6  4  3  3  4  4  6  8 10 11 12 11 1126 1 8WN 611 2399999999999999999999913 6  3999999999999999999999
 12 15 17 17 18 18 17 17 16 14 10  6  4  4  5  6  7  8 10 11 12 12 12 1126 1 9WN 349 182047 12999999999999991242  42320 1199999999999999
 11 12 13 14 14 14 13 12 12 10  8  6  5  5  6  8 10 12 13 14 14 14 13 1326 110WN 325 142033 14999999999999991229  4999999999999999999999
 12 12 12 12 11 11 10  8  7  7  6  5  5  5  7  9 12 15 17 17 17 17 16 1526 111WN1924 1899999999999999999999912 6  5999999999999999999999
 14 13 12 11 10  9  7  6  5  4  3  4  4  5  7 10 13 17 19 21 21 21 20 1826 112WN1944 2199999999999999999999910 4  3999999999999999999999
 17 15 14 12 10  8  6  5  3  2  2  2  4  6  8 11 14 17 21 24 25 25 23 2226 113WN2019 25999999999999999999999 951  2999999999999999999999
 20 19 16 14 11  8  6  4  2  1  1  2  3  6  8 11 14 18 21 24 26 27 27 2526 114WN21 4 27999999999999999999999 951  1999999999999999999999
 24 22 20 17 13 10  7  4  2  1  1  1  3  6  9 11 14 17 20 23 26 28 28 2826 115WN22 1 28999999999999999999999 949  1999999999999999999999
 27 25 23 21 17 13  9  5  2  1  0  1  2  5  8 11 14 16 19 22 24 26 28 2826 116WN2312 2899999999999999999999910 2  0999999999999999999999
 28 27 26 24 20 16 12  7  4  1 -1 -1  1  3  7 10 13 15 17 19 21 24 26 2726 117WN99999999999999999999999999991032 -1999999999999999999999
 28 28 28 26 23 20 15 10  6  2 -1 -2 -1  1  4  8 11 14 15 16 18 20 23 2526 118WN 035 289999999999999999999991111 -2999999999999999999999
 26 27 27 27 25 22 18 13  8  3  0 -2 -3 -2  1  5  9 11 13 14 15 16 19 2226 119WN 153 279999999999999999999991154 -3999999999999999999999
 24 25 26 26 26 24 20 15  9  5  1 -2 -3 -3 -2  2  6  9 11 12 12 12 14 1726 120WN 254 269999999999999999999991236 -3999999999999999999999
 20 22 24 24 24 23 21 16 11  6  2 -1 -3 -3 -3 -1  3  7  9 10 10  9 10 1326 121WN 343 249999999999999999999991313 -3999999999999999999999
 16 19 20 21 22 22 20 17 12  7  2  0 -2 -2 -2 -1  1  5  8 10  9  8  8  926 122WN 425 221916 10999999999999991339 -22147  899999999999999
 12 15 17 18 18 19 18 16 13  8  4  1  0  0  0  1  2  5  8 10 10  9  7  726 123WN 5 4 191935 10999999999999991235  02242  699999999999999
  8 11 13 14 14 15 15 14 12  9  5  2  2  2  3  4  5  7  9 11 12 11  9  726 124WN 539 151955 12999999999999991159  22346  699999999999999
  6  7  9 10 10 11 11 10 10  8  6  4  4  5  7  8 10 11 13 14 15 14 12 1026 125WN 548 112012 15999999999999991151  4999999999999999999999
  7  6  6  7  7  7  6  6  6  6  6  5  6  7  9 12 15 16 18 18 18 18 17 1426 126WN1958 189999999999999999999991125  5999999999999999999999
 11  8  6  5  5  4  3  2  2  2  3  5  6  8 11 15 18 21 22 23 22 22 21 1926 127WN1854 23999999999999999999999 8 1  2999999999999999999999
 17 13 10  7  4  3  1  0 -1 -1  0  2  5  8 12 15 19 23 25 27 26 25 24 2326 128WN1916 27999999999999999999999 841 -1999999999999999999999
 22 19 15 11  7  4  1 -1 -3 -4 -4 -1  2  7 11 15 19 22 26 28 28 28 27 2626 129WN1958 28999999999999999999999 925 -4999999999999999999999
 26 24 21 17 12  7  3  0 -2 -4 -5 -4 -1  3  8 12 16 20 23 26 28 28 28 2726 130WN21 2 289999999999999999999991010 -5999999999999999999999
 27 27 26 23 18 13  7  3 -1 -3 -5 -6 -4 -1  4  9 13 16 19 22 24 26 27 2726 131WN99999999999999999999999999991055 -6999999999999999999999
 27 28 28 28 24 19 12  6  2 -1 -4 -5 -5 -3  1  6 10 13 15 16 18 21 23 2426 2 1WN 2 5 289999999999999999999991139 -6999999999999999999999
 25 26 27 28 27 24 18 11  5  0 -2 -4 -5 -4 -2  2  7 10 12 12 13 15 17 2026 2 2WN 3 7 289999999999999999999991218 -5999999999999999999999
 22 23 24 26 27 26 21 15  8  3 -1 -2 -3 -4 -2  1  5  8 10 10 10 10 12 1426 2 3WN 4 0 279999999999999999999991247 -4999999999999999999999
 17 19 20 22 24 24 22 17 11  5  1 -1 -2 -2 -1  1  4  7  9  9  8  7  8 1026 2 4WN 446 241839 10999999999999991241 -22119  799999999999999
 12 14 16 17 19 20 20 17 12  7  2  0  0  0  1  2  4  7  9 10  9  7  6  726 2 5WN 526 201855 10999999999999991142  022 7  699999999999999
  8 10 12 13 14 15 15 14 12  7  3  1  1  2  4  5  7  9 10 11 10  8  6  626 2 6WN 559 1519 4 11999999999999991129  12254  699999999999999
  6  8  9 10 10 10 11 10  9  7  4  2  2  4  6  9 11 12 13 13 12 11  8  726 2 7WN 6 5 111835 13999999999999991122  22350  699999999999999
  6  7  7  7  7  7  7  6  6  5  3  2  3  5  8 11 14 16 17 16 15 13 11  926 2 8WN 344  71759 17999999999999991110  2999999999999999999999
  8  7  7  6  6  5  5  4  3  3  3  3  4  6  9 13 17 19 21 20 19 17 14 1226 2 9WN1815 219999999999999999999991028  3999999999999999999999
 10  9  7  6  5  4  3  2  2  1  2  3  4  7 10 14 18 21 23 24 22 20 18 1626 210WN1843 24999999999999999999999 854  1999999999999999999999
 13 11  9  7  6  4  3  2  1  0  1  2  4  7 10 14 17 21 24 25 25 23 21 1926 211WN1919 25999999999999999999999 852  0999999999999999999999
 17 15 12 10  7  5  3  1  0  0  0  2  4  7 10 13 16 20 22 24 25 25 23 2226 212WN20 3 25999999999999999999999 855  0999999999999999999999
 20 18 16 13 10  7  4  1 -1 -1 -1  1  3  6  9 12 15 17 20 22 23 24 24 2326 213WN21 8 24999999999999999999999 910 -1999999999999999999999
 22 21 19 16 13  9  5  2 -1 -2 -2 -1  1  4  7 10 13 15 17 19 20 22 22 2326 214WN23 1 23999999999999999999999 939 -2999999999999999999999
 22 22 21 19 16 12  8  3  0 -3 -4 -3 -1  2  5  8 11 12 14 15 17 18 20 2126 215WN99999999999999999999999999991016 -4999999999999999999999
 22 22 22 21 18 14 10  5  1 -2 -4 -5 -4 -1  2  6  9 10 11 11 12 14 16 1826 216WN 123 229999999999999999999991055 -5999999999999999999999
 19 20 21 21 20 16 12  7  2 -2 -4 -5 -5 -4  0  4  7  8  9  8  8 10 12 1426 217WN 228 219999999999999999999991131 -6999999999999999999999
 16 18 19 20 20 18 14  8  3 -1 -3 -5 -5 -5 -2  2  6  8  8  7  5  6  7 1026 218WN 319 201734  89999999999999912 2 -52026  599999999999999
 13 14 16 18 19 18 15 10  5  1 -2 -3 -4 -3 -2  1  5  8  8  7  5  3  3  626 219WN 4 5 191747  9999999999999991219 -42119  399999999999999
  8 10 12 14 16 16 15 12  7  3  0 -1 -1  0  1  3  6  9 10  9  6  3  1  226 220WN 453 1618 5 10999999999999991113 -12211  199999999999999
  4  6  8 10 11 13 13 12  9  5  2  1  2  4  5  6  8 11 13 12 10  6  2  126 221WN 544 131824 13999999999999991051  123 9  199999999999999
  1  3  4  5  7  8  9 10  9  6  4  4  5  8 10 11 13 14 15 16 14 10  6  226 222WN 648 101835 16999999999999991045  4999999999999999999999
  1  1  2  2  3  4  5  6  6  6  6  6  8 11 14 16 18 19 19 19 18 15 11  726 223WN 826  618 3 1999999999999999 021  11027  699999999999999
  3  2  1  1  1  1  1  1  2  4  5  6  9 12 16 19 22 23 23 22 21 19 16 1326 224WN1727 23999999999999999999999 522  1999999999999999999999
  9  5  3  2  1  0 -1 -2 -2  0  2  5  8 12 16 20 23 26 26 25 23 22 20 1826 225WN1747 26999999999999999999999 714 -2999999999999999999999
 15 11  7  4  2  0 -1 -3 -4 -3 -1  2  6 10 14 18 22 25 27 26 25 23 22 2126 226WN1824 27999999999999999999999 815 -4999999999999999999999
 20 17 13  9  6  3  0 -2 -4 -5 -4 -1  3  7 11 15 18 22 24 25 25 24 23 2226 227WN1916 25999999999999999999999 9 8 -5999999999999999999999
 22 21 19 14 10  6  3  0 -3 -4 -5 -4 -1  4  8 11 14 17 19 20 21 22 21 2226 228WN9999999999999999999999999999 956 -5999999999999999999999
 22 23 22 20 15 10  5  2 -1 -3 -4 -5 -3  1  5  8 11 12 13 15 16 17 18 1926 3 1WN 1 8 239999999999999999999991039 -5999999999999999999999
 20 22 23 22 19 14  9  4  0 -2 -3 -4 -4 -1  3  6  9  9  9  9 10 12 14 1526 3 2WN 213 239999999999999999999991115 -4999999999999999999999
 17 19 21 22 21 17 12  6  2 -1 -2 -2 -3 -1  1  5  8  9  8  6  6  7  8 1126 3 3WN 3 7 221655  9999999999999991136 -31958  699999999999999
 12 14 17 19 20 19 14  9  3  0 -1 -1 -1  0  2  5  8  9  8  6  4  3  4  626 3 4WN 356 2017 8  9999999999999991035 -12052  399999999999999
  8 10 12 15 17 17 15 10  5  2  0  0  1  3  4  6  8 10 10  7  4  2  2  326 3 5WN 440 171724 10999999999999991016  02140  199999999999999
  5  6  8 10 12 13 13 11  7  3  2  2  4  5  7  9 10 11 11 10  6  3  1  126 3 6WN 523 141729 12999999999999991014  12228  199999999999999
  2  4  5  7  8 10 10 10  7  4  3  3  6  8 11 13 14 14 14 12  9  6  3  126 3 7WN 6 5 101659 14999999999999991014  32320  199999999999999
  1  2  3  4  5  6  7  7  7  5  4  5  7 10 13 16 18 18 17 15 12  9  5  326 3 8WN 651  71640 18999999999999991011  4999999999999999999999
  2  2  2  3  4  4  5  5  6  5  5  6  8 12 15 19 21 22 21 18 16 12  9  626 3 9WN1654 22999999999999999999999 033  2999999999999999999999
  4  3  3  2  3  3  3  4  4  5  5  6  9 12 16 20 22 24 24 22 19 15 12  926 310WN1718 24999999999999999999999 239  2999999999999999999999
  7  5  4  3  3  2  2  3  3  4  5  7  9 12 15 19 22 24 25 23 21 18 15 1326 311WN1745 25999999999999999999999 512  2999999999999999999999
 10  8  6  4  3  2  2  1  2  3  4  6  8 11 14 17 20 23 24 24 22 20 18 1526 312WN1816 24999999999999999999999 658  1999999999999999999999
 13 11  9  7  5  3  1  0  0  1  3  5  7 10 12 15 18 20 21 22 21 20 19 1726 313WN1852 22999999999999999999999 740  0999999999999999999999
 16 14 12  9  7  4  2  0 -1 -1  0  2  5  8 10 13 15 17 18 19 19 19 18 1826 314WN1954 19999999999999999999999 820 -1999999999999999999999
 17 16 14 12  9  6  2  0 -2 -3 -2  0  3  6  8 10 12 13 14 15 16 16 17 1726 315WN9999999999999999999999999999 9 1 -3999999999999999999999
 17 17 16 14 11  7  4  0 -2 -4 -4 -3  0  3  6  8  9 10 10 11 12 13 14 1526 316WN 014 17999999999999999999999 939 -4999999999999999999999
 16 16 17 15 13  9  5  1 -1 -3 -4 -4 -2  1  5  7  8  8  7  6  7  9 10 1226 317WN 138 1716 5  8999999999999991014 -41855  699999999999999
 13 15 16 16 14 11  7  3  0 -2 -3 -3 -2  1  4  7  8  8  6  4  3  4  6  826 318WN 235 1616 5  8999999999999991041 -31954  399999999999999
  9 11 14 15 15 13  9  5  2  0 -1 -1  0  1  5  8 10  9  7  3  1  0  1  326 319WN 328 151619 10999999999999991040 -12046  099999999999999
  5  7 10 13 14 14 12  8  4  2  2  3  3  4  7 10 12 12 10  6  1 -2 -2 -126 320WN 423 141639 1399999999999999 946  22139 -299999999999999
  1  3  5  8 11 13 12 10  7  5  5  6  8  9 10 13 15 16 14 10  5  0 -3 -326 321WN 522 131658 1699999999999999 937  52236 -399999999999999
 -2 -1  1  3  6  9 11 11 10  8  8 10 12 14 15 17 18 19 18 16 10  4 -1 -326 322WN 632 111710 1999999999999999 934  82343 -399999999999999
 -3 -3 -2  0  2  4  7  9 10 10 10 12 15 18 20 22 22 22 22 20 16 10  5  026 323WN1638 229999999999999999999999999999999999999999999999999
 -2 -3 -2 -2 -1  0  2  5  7  9 10 12 16 20 23 25 26 25 24 23 20 16 11  626 324WN16 6 26999999999999999999999 117 -3999999999999999999999
  2  0 -1 -1 -2 -2 -1  1  3  6  9 11 14 19 23 26 27 27 26 24 22 20 17 1226 325WN1626 28999999999999999999999 431 -2999999999999999999999
  8  5  2  1  0 -1 -2 -2 -1  2  5  8 12 16 20 24 26 27 26 24 23 21 20 1726 326WN1659 27999999999999999999999 635 -2999999999999999999999
 14 10  7  4  3  1 -1 -2 -2 -1  2  5  9 12 16 19 22 24 24 23 22 21 20 2026 327WN1741 24999999999999999999999 744 -2999999999999999999999
 18 15 12  8  6  3  1 -1 -2 -2 -1  2  6  9 12 14 17 18 19 20 19 18 18 1926 328WN1835 202352 1999999999999999 839 -22129 1899999999999999
 19 18 16 12  9  6  3  1  0 -1 -1  0  3  7  9 11 12 13 14 14 15 15 15 1626 329WN9999999999999999999999999999 927 -1999999999999999999999
 18 19 18 15 12  8  5  2  1  0  0  0  2  5  8  9 10  9  9  9  9 10 11 1226 330WN 110 191537 109999999999999910 3  01823  999999999999999
 14 16 18 17 14 10  6  3  2  2  2  2  3  5  8 10 10  8  6  5  5  6  7  826 331WN 210 181526 1099999999999999 957  21934  599999999999999
 10 12 15 16 15 12  8  5  3  3  3  4  5  6  9 11 11  9  6  3  2  2  3  426 4 1WN 3 4 161540 1199999999999999 833  32026  299999999999999
  6  8 11 13 14 13 10  6  4  4  5  6  8  9 11 12 13 12  8  4  1  0  0  126 4 2WN 354 141554 1399999999999999 837  42114  099999999999999
  3  5  7 10 12 13 11  8  6  5  7  9 11 12 14 15 15 14 11  7  3  0 -1 -126 4 3WN 444 131556 1599999999999999 846  522 3 -199999999999999
  1  2  4  7  9 11 11 10  8  7  8 11 13 16 17 18 18 17 15 10  6  2 -1 -126 4 4WN 536 111528 1899999999999999 855  72253 -199999999999999
  0  1  3  5  7  9 10 10  9  9 10 12 15 18 20 22 22 20 18 14  9  5  1  026 4 5WN 632 111522 2299999999999999 9 1  92346  099999999999999
  0  0  2  4  6  7  9 10 10 10 11 13 16 20 23 24 25 23 21 17 13  8  4  226 4 6WN1539 259999999999999999999999999999999999999999999999999
  1  1  1  3  4  6  8  9 10 11 12 13 16 20 23 26 27 26 23 20 16 12  8  526 4 7WN16 3 27999999999999999999999 042  1999999999999999999999
  3  2  2  2  4  5  6  8  9 11 12 13 16 19 22 25 27 26 25 22 19 15 12  826 4 8WN1627 27999999999999999999999 148  2999999999999999999999
  6  4  3  3  3  4  4  6  7  9 11 12 14 17 20 23 25 25 25 22 20 17 14 1126 4 9WN1650 25999999999999999999999 318  3999999999999999999999
  9  7  5  4  3  3  3  4  5  7  9 11 13 15 18 20 22 23 23 21 20 18 16 1426 410WN1713 23999999999999999999999 524  3999999999999999999999
 11  9  7  6  4  3  2  2  2  4  6  9 11 13 15 17 19 20 20 19 18 17 16 1526 411WN1740 20999999999999999999999 638  1999999999999999999999
 13 11  9  7  5  3  1  0  0  2  4  6  8 10 12 14 15 16 16 16 16 15 15 1526 412WN1823 16999999999999999999999 728  0999999999999999999999
 14 13 11  9  6  4  2  0  0  0  2  4  7  9 10 11 11 12 12 12 13 13 13 1326 413WN9999999999999999999999999999 8 8  0999999999999999999999
 14 13 12 10  8  5  3  1  0  0  1  3  6  8 10 10  9  8  8  8  8  9 10 1126 414WN 014 141440 1099999999999999 839  01824  899999999999999
 12 13 13 12 10  7  5  3  2  2  2  4  6  9 11 11 10  7  5  4  4  5  6  726 415WN 137 131438 1199999999999999 851  21920  499999999999999
  9 11 13 13 12 10  7  5  5  5  5  6  8 10 13 14 12  9  5  1  0  1  2  326 416WN 243 141454 1499999999999999 815  52012  099999999999999
  5  8 11 13 14 13 10  9  8  8  9 10 11 13 16 17 16 13  8  2 -1 -3 -2 -126 417WN 348 141515 1799999999999999 8 1  821 6 -399999999999999
  1  3  7 11 13 14 13 12 11 12 13 15 16 17 19 21 21 18 13  7  1 -3 -4 -426 418WN 457 141536 2199999999999999 8 3 1122 6 -499999999999999
 -3 -1  2  6 10 13 15 15 14 15 17 19 21 22 23 24 24 23 19 13  6  0 -3 -426 419WN1550 249999999999999999999992315 -4999999999999999999999
 -4 -3 -1  2  6 10 13 15 16 16 19 21 24 26 27 28 27 27 24 20 13  6  1 -226 420WN1519 289999999999999999999999999999999999999999999999999
 -3 -3 -3 -1  1  5  9 12 15 16 18 22 25 28 30 30 30 29 27 24 19 13  7  226 421WN1452 30999999999999999999999 031 -3999999999999999999999
  0 -1 -2 -1 -1  1  4  8 12 14 16 19 23 27 30 31 31 29 28 26 23 19 14  926 422WN1516 31999999999999999999999 2 3 -2999999999999999999999
  5  2  1  1  0  0  1  4  7 11 13 16 19 23 27 29 30 29 27 26 24 22 19 1426 423WN1549 30999999999999999999999 434  0999999999999999999999
 10  7  5  4  3  1  1  2  4  7 10 12 15 18 22 25 26 26 25 23 23 22 21 1826 424WN1626 26999999999999999999999 6 3  1999999999999999999999
 15 11  9  7  5  4  3  2  2  4  7 10 12 14 17 19 21 22 21 20 19 19 19 1926 425WN17 3 22999999999999999999999 7 7  2999999999999999999999
 17 15 12  9  7  6  5  4  3  4  6  8 10 12 13 15 15 16 16 16 15 15 16 1726 426WN1734 162344 1799999999999999 758  32033 1599999999999999
 17 16 14 11  9  7  6  6  5  5  6  8 10 12 12 12 12 11 11 11 11 11 12 1326 427WN1426 12999999999999999999999 831  520 1 1199999999999999
 15 15 15 13 10  8  7  7  7  8  8  9 11 12 13 13 11  9  8  7  7  7  8  926 428WN 1 3 1514 5 1399999999999999 634  71935  799999999999999
 11 13 14 13 11  9  8  8  9 10 11 12 13 14 15 15 13  9  6  4  4  4  4  526 429WN 211 141415 1599999999999999 630  82014  499999999999999
  7  9 12 13 12 11  9  9 10 12 14 15 16 17 18 17 16 12  8  4  2  2  2  326 430WN 311 131426 1899999999999999 641  92059  299999999999999
  4  7  9 12 13 12 11 11 12 14 16 18 19 20 21 20 19 15 11  6  3  1  1  126 5 1WN 411 131417 2199999999999999 656 112143  199999999999999
  3  5  7 10 12 14 13 13 13 15 18 21 23 24 24 24 22 19 14  9  5  2  1  126 5 2WN 512 141350 2499999999999999 7 9 132226  099999999999999
  2  4  6  9 12 14 15 15 15 16 19 22 25 27 27 27 25 22 18 13  8  4  2  126 5 3WN14 4 2799999999999999999999923 8  1999999999999999999999
  1  3  5  8 11 13 15 16 16 17 19 22 25 28 30 30 28 25 22 17 12  7  4  226 5 4WN1429 309999999999999999999992351  2999999999999999999999
  2  3  5  7 10 12 15 16 17 18 19 22 25 28 30 31 30 28 24 20 16 11  7  526 5 5WN1457 319999999999999999999999999999999999999999999999999
  4  3  4  6  8 11 13 15 17 17 18 21 23 26 29 30 30 29 26 23 19 15 11  826 5 6WN1523 31999999999999999999999 040  3999999999999999999999
  6  5  5  5  7  8 11 13 15 16 17 19 21 24 27 29 29 28 26 23 21 17 13 1026 5 7WN1547 29999999999999999999999 141  5999999999999999999999
  8  6  6  5  5  6  8 10 12 14 15 17 19 21 24 26 27 26 25 23 21 18 15 1226 5 8WN16 7 27999999999999999999999 312  5999999999999999999999
 10  8  7  6  5  5  5  7  9 11 13 14 16 18 20 23 24 24 23 21 20 18 16 1426 5 9WN1629 24999999999999999999999 446  5999999999999999999999
 11  9  8  7  5  4  4  5  7  9 11 13 14 15 17 19 20 20 20 19 18 17 16 1426 510WN1654 20999999999999999999999 547  4999999999999999999999
 12 11  9  8  6  5  4  4  5  7 10 12 13 14 14 15 16 16 16 16 15 15 15 1426 511WN1723 16999999999999999999999 628  4999999999999999999999
 13 12 10  9  7  6  6  6  6  7  9 12 13 14 14 13 13 12 12 12 12 12 12 1326 512WN1315 14999999999999999999999 648  52028 1299999999999999
 13 13 12 11  9  8  8  8  8  9 11 13 15 16 15 13 11  9  8  8  8  8  9 1026 513WN 0 5 131310 1699999999999999 620  81855  899999999999999
 12 13 14 13 12 11 11 11 12 13 14 15 17 19 19 16 13  9  6  4  4  4  5  726 514WN 154 141327 1999999999999999 548 111942  499999999999999
  9 12 14 15 15 14 14 15 16 18 19 19 21 22 23 21 17 12  6  3  1  1  2  326 515WN 322 151350 2399999999999999 545 142040  199999999999999
  5  8 12 15 17 17 17 18 20 22 23 24 25 26 27 26 23 18 11  5  1 -1 -1  026 516WN1413 279999999999999999999992146 -1999999999999999999999
  1  4  8 13 16 19 20 21 22 25 27 29 30 30 31 31 29 24 18 10  4  0 -1 -226 517WN1432 319999999999999999999992255 -2999999999999999999999
 -1  0  4  8 13 17 20 22 23 26 29 31 33 34 34 33 33 30 25 18 11  5  1 -126 518WN1340 349999999999999999999999999999999999999999999999999
 -1 -1  1  4  8 13 18 21 23 25 28 31 34 35 36 35 34 33 30 25 18 11  6  326 519WN1344 36999999999999999999999 0 4 -1999999999999999999999
  1  1  1  2  4  9 13 17 20 22 25 28 32 34 36 35 34 34 32 30 25 18 12  826 520WN1418 36999999999999999999999 121  0999999999999999999999
  5  3  3  2  3  5  9 13 16 19 21 24 27 31 33 34 33 32 31 30 28 24 18 1326 521WN1456 34999999999999999999999 259  2999999999999999999999
  9  7  6  5  4  4  6  9 13 15 17 19 22 25 28 30 30 29 28 28 27 25 22 1726 522WN1532 30999999999999999999999 424  4999999999999999999999
 13 10  9  8  7  6  6  8 10 13 15 16 18 20 23 25 25 25 24 24 24 23 22 1926 523WN16 4 25999999999999999999999 528  6999999999999999999999
 16 13 11 10  9  9  8  8 10 12 13 15 16 17 18 20 21 20 20 19 19 19 19 1926 524WN1623 21999999999999999999999 616  8999999999999999999999
 17 14 13 11 11 11 11 11 11 12 14 15 16 16 16 17 17 16 16 15 14 14 15 1626 525WN1528 172326 1699999999999999 5 3 112024 1499999999999999
 16 15 13 12 12 12 13 14 14 15 16 17 17 18 17 16 14 13 12 11 11 10 11 1226 526WN1241 18999999999999999999999 4 0 1221 2 1099999999999999
 13 14 14 13 13 13 14 16 18 19 19 19 20 20 19 17 15 12 10  9  8  8  8  926 527WN 115 141247 2099999999999999 357 132129  899999999999999
 10 12 13 14 14 14 16 18 20 22 23 23 23 23 22 20 17 13 10  8  7  6  6  726 528WN1243 239999999999999999999992136  6999999999999999999999
  8 10 13 14 15 16 17 19 22 25 26 27 27 27 26 24 21 16 12  9  6  5  5  626 529WN1122 279999999999999999999992142  5999999999999999999999
  7  9 12 15 16 17 18 20 23 26 28 30 30 30 29 27 24 20 15 11  8  6  5  626 530WN1159 3099999999999999999999922 4  5999999999999999999999
  7  9 12 15 17 19 20 21 23 26 29 32 33 33 32 31 28 24 19 14 10  7  6  626 531WN1240 339999999999999999999992236  5999999999999999999999
  7  9 11 14 17 20 21 22 24 26 29 32 34 35 35 33 31 28 23 18 13 10  7  626 6 1WN1320 359999999999999999999992315  6999999999999999999999
  6  8 10 13 16 19 21 22 23 25 27 30 33 35 35 35 33 30 27 22 17 13 10  826 6 2WN1359 359999999999999999999999999999999999999999999999999
  7  8  9 12 15 18 20 22 23 24 25 28 31 33 35 35 34 32 29 25 21 16 12 1026 6 3WN1434 35999999999999999999999 0 0  7999999999999999999999
  8  8  8 10 12 15 18 20 21 22 23 25 28 31 33 33 33 31 29 27 23 19 15 1226 6 4WN15 3 33999999999999999999999 054  8999999999999999999999
 10  8  8  8 10 12 15 17 19 20 20 22 25 28 30 31 31 30 29 27 24 20 16 1326 6 5WN1526 31999999999999999999999 2 2  8999999999999999999999
 11  9  8  8  8 10 12 14 16 18 18 19 21 24 27 28 28 28 27 25 23 21 17 1426 6 6WN1546 28999999999999999999999 314  8999999999999999999999
 12 10  9  8  8  8 10 12 14 16 17 17 18 21 23 25 25 25 24 23 22 20 18 1526 6 7WN16 8 25999999999999999999999 4 9  8999999999999999999999
 12 11 10 10  9  9 10 11 13 15 16 17 17 18 19 21 22 22 21 21 20 19 17 1526 6 8WN1632 22999999999999999999999 444  9999999999999999999999
 13 12 11 11 11 11 11 12 14 16 17 18 18 17 17 18 18 18 18 17 17 17 16 1626 6 9WN11 7 181643 1899999999999999 430 111330 1799999999999999
 15 14 13 13 13 14 15 15 17 18 19 20 20 19 17 16 15 14 14 14 13 13 14 1526 610WN1124 20999999999999999999999 231 132032 1399999999999999
 15 15 15 16 16 17 19 20 21 22 23 24 24 23 20 17 14 12 11 10 10 10 10 1226 611WN1148 249999999999999999999992023 10999999999999999999999
 14 16 17 18 19 21 22 24 26 27 27 28 28 28 26 22 17 12  9  8  7  7  7  826 612WN1214 289999999999999999999992055  7999999999999999999999
 11 15 18 20 22 23 25 28 30 31 32 32 32 32 31 28 22 16 11  7  5  5  4  526 613WN1240 329999999999999999999992147  4999999999999999999999
  7 11 16 20 23 25 27 30 32 35 36 36 36 36 36 34 30 23 16 11  7  5  3  326 614WN1154 369999999999999999999992243  3999999999999999999999
  4  7 11 17 21 25 27 30 33 35 38 39 39 39 39 38 36 31 24 17 11  7  5  326 615WN1141 399999999999999999999992344  3999999999999999999999
  3  4  7 12 18 22 26 28 30 33 36 39 40 40 40 40 39 37 31 24 17 12  8  626 616WN1242 409999999999999999999999999999999999999999999999999
  4  4  5  8 13 18 22 25 27 29 32 35 38 39 39 39 39 39 36 31 24 18 12  926 617WN1451 39999999999999999999999 050  4999999999999999999999
  7  6  5  6  9 14 18 21 23 25 27 30 33 36 37 37 37 37 37 35 30 23 17 1326 618WN1554 37999999999999999999999 158  5999999999999999999999
 10  9  8  7  8 11 14 18 20 21 22 25 28 31 33 34 34 34 34 34 31 27 21 1626 619WN1818 34999999999999999999999 3 0  7999999999999999999999
 13 12 11 10 10 10 13 16 18 19 20 21 23 26 28 29 29 29 29 30 29 27 23 1926 620WN1723 30999999999999999999999 352 10999999999999999999999
 15 14 13 13 12 13 13 15 17 19 19 19 20 22 24 25 25 25 24 24 24 24 22 1926 621WN1544 25999999999999999999999 425 12999999999999999999999
 17 15 15 15 15 16 16 17 18 19 20 20 19 20 21 21 21 21 20 19 19 19 19 1826 622WN1529 21999999999999999999999 152 15999999999999999999999
 17 16 16 16 18 19 20 21 21 21 22 22 21 21 20 20 19 18 17 16 15 15 15 1626 623WN1022 22999999999999999999999 130 152049 1599999999999999
 16 16 16 17 19 21 23 25 25 25 25 25 24 23 22 20 18 17 15 14 13 12 12 1326 624WN 813 259999999999999999999992126 12999999999999999999999
 14 15 17 18 20 23 25 28 29 29 29 28 28 26 25 22 19 17 14 13 12 11 11 1126 625WN 839 299999999999999999999992148 11999999999999999999999
 13 15 17 19 21 23 27 30 32 33 33 32 31 30 28 25 22 18 15 13 11 11 10 1126 626WN 920 339999999999999999999992155 10999999999999999999999
 12 15 18 20 22 24 27 30 33 35 36 36 35 34 32 29 25 21 17 14 12 11 10 1126 627WN1010 369999999999999999999992152 10999999999999999999999
 12 15 18 21 23 25 27 30 33 35 37 38 38 37 35 33 29 25 20 16 13 11 11 1126 628WN11 7 3899999999999999999999922 9 11999999999999999999999
 12 15 18 21 23 25 27 29 31 34 37 38 39 39 37 36 33 29 24 20 16 13 11 1126 629WN12 7 399999999999999999999992243 11999999999999999999999
 12 14 17 20 23 25 27 28 29 32 34 37 38 39 39 37 35 32 28 23 19 15 12 1126 630WN13 6 399999999999999999999992326 11999999999999999999999
 11 12 15 18 21 24 25 26 27 29 31 34 36 38 38 38 37 34 31 27 22 17 14 1226 7 1WN14 0 389999999999999999999999999999999999999999999999999
 11 11 13 15 18 22 24 25 25 26 28 31 33 35 37 37 36 35 32 29 24 19 16 1326 7 2WN1447 37999999999999999999999 016 11999999999999999999999
 11 11 11 13 16 19 21 23 23 23 24 27 30 33 34 35 35 34 32 29 25 21 17 1426 7 3WN1525 35999999999999999999999 110 11999999999999999999999
 12 11 11 11 13 16 19 21 21 21 22 23 26 29 31 32 32 32 31 29 26 22 18 1526 7 4WN1551 32999999999999999999999 2 0 11999999999999999999999
 13 12 11 11 12 14 17 19 20 20 20 21 23 26 28 29 29 29 29 28 25 22 18 1526 7 5WN16 4 29999999999999999999999 240 11999999999999999999999
 14 13 13 13 13 15 17 19 21 21 20 19 20 22 24 26 26 26 26 25 24 22 19 1626 7 6WN 836 211615 2699999999999999 254 1311 1 1999999999999999
 15 15 15 16 16 17 18 20 22 22 22 20 20 20 21 22 23 23 22 22 21 21 19 1826 7 7WN 858 221626 2399999999999999 040 141214 2099999999999999
 16 16 17 19 20 21 22 23 24 25 25 23 22 20 19 19 19 19 19 18 18 18 18 1826 7 8WN 919 25999999999999999999999 034 1622 7 1899999999999999
 18 19 20 22 24 25 27 28 28 29 29 28 26 23 21 19 17 16 16 15 15 15 16 1726 7 9WN 934 299999999999999999999992015 15999999999999999999999
 19 20 22 24 27 29 31 33 33 33 33 32 31 28 25 21 18 15 14 13 12 12 13 1526 710WN 8 2 339999999999999999999992047 12999999999999999999999
 18 21 23 26 29 32 35 37 37 37 37 36 36 34 31 26 21 17 14 12 11 10 10 1126 711WN 816 389999999999999999999992130 10999999999999999999999
 14 19 23 26 29 32 36 38 40 41 40 40 39 39 37 33 27 22 17 13 11  9  8  926 712WN 859 419999999999999999999992218  8999999999999999999999
 11 15 20 25 28 31 34 37 40 42 42 42 41 41 41 39 35 29 22 17 13 10  9  826 713WN10 4 429999999999999999999992311  8999999999999999999999
  8 11 16 21 26 29 31 34 37 39 41 42 42 42 43 43 40 36 29 23 17 13 10  926 714WN1429 439999999999999999999999999999999999999999999999999
  8  9 12 17 22 26 28 30 32 34 37 39 41 41 42 43 43 41 36 29 22 17 13 1126 715WN1536 43999999999999999999999 0 6  8999999999999999999999
  9  9 10 13 18 22 25 26 27 29 31 34 37 38 39 40 42 42 39 34 27 21 16 1326 716WN1636 42999999999999999999999 059  9999999999999999999999
 12 11 10 12 15 19 22 24 24 24 26 28 32 34 35 36 37 39 39 36 31 24 19 1626 717WN1729 39999999999999999999999 147 10999999999999999999999
 14 13 13 13 14 17 20 22 23 22 22 24 26 29 31 32 32 34 35 34 31 26 21 1826 718WN 738 231817 3599999999999999 224 13 932 2299999999999999
 16 16 16 16 17 18 20 22 23 22 21 21 23 25 27 27 28 28 29 29 29 26 22 1926 719WN 754 2319 0 2999999999999999 127 161026 2199999999999999
 18 18 19 19 20 21 22 23 24 24 22 21 21 23 24 24 24 24 24 24 24 23 21 1926 720WN 8 8 241730 2499999999999999 019 171121 2199999999999999
 18 19 21 22 24 25 26 26 26 26 25 23 22 22 22 22 22 21 20 20 19 19 19 1926 721WN 746 26999999999999999999999 0 3 182337 1899999999999999
 19 20 22 24 27 29 30 30 30 29 28 26 25 24 23 22 21 20 18 17 17 16 17 1826 722WN 635 319999999999999999999992042 16999999999999999999999
 18 20 22 25 29 32 34 35 34 33 31 30 28 26 25 23 21 19 18 17 15 15 15 1626 723WN 7 1 3599999999999999999999921 7 15999999999999999999999
 18 20 23 26 29 33 36 38 38 37 35 34 32 30 28 25 22 20 18 16 15 15 15 1626 724WN 738 389999999999999999999992122 15999999999999999999999
 18 21 23 26 29 33 36 39 40 40 39 37 35 34 31 28 25 22 19 17 15 15 15 1626 725WN 824 409999999999999999999992126 15999999999999999999999
 18 21 24 26 29 32 35 38 40 41 41 40 38 37 35 32 28 25 21 18 16 15 15 1626 726WN 923 419999999999999999999992136 15999999999999999999999
 18 20 23 26 28 31 33 35 37 39 40 40 40 39 38 35 32 28 24 20 17 15 14 1526 727WN1040 4199999999999999999999922 4 14999999999999999999999
 16 19 22 25 28 29 31 32 34 36 38 40 40 40 39 38 35 32 27 23 19 16 14 1426 728WN1214 409999999999999999999992243 14999999999999999999999
 15 17 20 23 26 28 29 29 31 33 35 37 39 39 39 39 37 34 30 25 21 17 14 1326 729WN1346 399999999999999999999992327 13999999999999999999999
 13 15 17 21 24 26 27 27 27 29 31 34 36 37 38 38 38 35 32 27 22 18 15 1326 730WN1449 389999999999999999999999999999999999999999999999999
 13 13 15 18 21 24 25 25 25 25 27 30 33 35 36 37 37 36 33 29 24 19 16 1426 731WN1536 37999999999999999999999 010 13999999999999999999999
 13 13 14 16 19 22 24 24 23 22 24 26 29 31 33 34 35 34 33 29 25 20 17 1526 8 1WN 626 241617 3599999999999999 048 13 851 2299999999999999
 14 14 14 16 18 21 23 24 23 21 21 23 25 28 30 31 32 32 31 29 26 21 18 1626 8 2WN 640 241657 3299999999999999 113 14 939 212349 169999999
 16 16 16 17 19 22 24 25 24 22 20 20 22 24 26 27 28 29 29 28 26 23 19 1826 8 3WN 658 251739 29999999999999991029 202327 1799999999999999
 18 19 20 21 22 24 26 27 26 24 22 20 20 21 23 24 25 25 25 25 25 23 21 2026 8 4WN 716 271834 25999999999999991127 202323 1999999999999999
 20 21 23 25 26 27 29 30 29 28 25 22 20 20 20 21 21 21 22 22 22 22 22 2126 8 5WN 729 302038 22999999999999991247 2023 5 2199999999999999
 22 24 27 29 31 32 33 33 33 32 30 27 24 21 20 19 19 19 18 18 19 20 21 2226 8 6WN 7 0 339999999999999999999991854 18999999999999999999999
 23 26 29 32 35 37 38 37 37 36 34 32 29 25 22 20 18 17 16 16 15 16 18 2126 8 7WN 616 389999999999999999999991952 15999999999999999999999
 23 26 30 33 37 39 41 41 40 39 38 37 34 31 27 23 20 18 16 15 14 13 15 1726 8 8WN 637 419999999999999999999992042 13999999999999999999999
 21 25 29 32 36 39 42 43 43 42 41 40 39 37 33 29 24 20 17 15 13 12 12 1426 8 9WN 719 439999999999999999999992132 12999999999999999999999
 18 22 26 30 34 37 40 42 43 43 42 41 41 41 39 36 30 25 21 17 14 12 11 1126 810WN 822 439999999999999999999992222 11999999999999999999999
 14 18 23 27 30 33 35 38 39 41 41 41 42 43 43 41 37 31 25 20 16 14 12 1126 811WN1342 439999999999999999999992311 11999999999999999999999
 12 15 19 24 27 29 31 32 34 36 38 39 40 41 43 43 41 37 30 24 19 16 14 1226 812WN1447 439999999999999999999992356 12999999999999999999999
 12 13 16 20 24 26 27 27 28 30 33 35 36 38 40 42 43 40 35 28 22 18 15 1426 813WN1543 439999999999999999999999999999999999999999999999999
 13 13 15 18 22 25 25 25 24 25 27 29 32 34 35 38 40 40 37 32 26 20 17 1626 814WN 552 251634 4099999999999999 034 13 8 8 2499999999999999
 16 15 16 18 21 24 25 24 23 21 22 24 27 29 31 33 35 36 36 33 28 22 19 1826 815WN 6 3 251722 3799999999999999 054 15 9 7 212319 189999999
 18 18 19 20 22 24 26 25 23 21 20 21 23 25 26 28 29 31 32 31 28 24 21 1926 816WN 621 2618 7 3299999999999999 958 2023 4 1999999999999999
 20 21 23 24 25 26 27 27 26 23 21 20 21 22 23 24 25 26 27 27 26 24 21 2126 817WN 631 271852 27999999999999991048 202256 2199999999999999
 22 24 26 28 29 30 30 30 28 26 23 21 21 21 22 22 22 22 23 23 23 23 22 2126 818WN 551 301950 23999999999999991147 212243 2199999999999999
 23 25 28 31 33 34 34 33 31 29 27 24 23 22 22 21 21 21 20 20 20 21 21 2226 819WN 515 3499999999999999999999919 1 20999999999999999999999
 23 26 30 33 36 38 38 37 35 33 30 27 25 24 23 22 21 20 19 19 19 19 20 2226 820WN 535 389999999999999999999991946 19999999999999999999999
 23 26 30 34 37 40 41 40 38 36 33 31 29 27 25 23 22 20 19 18 18 18 19 2126 821WN 6 6 419999999999999999999992010 18999999999999999999999
 24 26 29 33 36 40 41 42 41 39 37 34 32 30 28 25 23 21 19 18 18 18 19 2126 822WN 644 429999999999999999999992023 18999999999999999999999
 23 26 29 32 35 38 40 41 41 40 39 37 35 34 31 29 26 23 20 18 17 17 18 2026 823WN 732 419999999999999999999992040 17999999999999999999999
 22 25 28 30 33 35 37 39 40 40 39 38 37 36 34 32 28 25 22 19 17 16 17 1826 824WN 843 4099999999999999999999921 8 16999999999999999999999
 21 23 26 29 30 32 33 35 36 37 38 38 38 38 37 34 31 28 24 20 17 16 15 1626 825WN1057 389999999999999999999992144 15999999999999999999999
 18 21 24 27 28 29 30 31 32 34 35 36 37 38 37 36 34 30 26 21 18 15 14 1526 826WN1316 389999999999999999999992222 14999999999999999999999
 16 19 22 25 26 27 27 27 28 30 32 34 35 36 37 37 35 32 27 23 19 16 14 1426 827WN1416 379999999999999999999992259 14999999999999999999999
 14 17 20 23 25 25 25 24 24 26 28 30 32 34 35 36 35 33 29 24 20 17 15 1426 828WN 453 2515 3 3699999999999999 727 242328 1499999999999999
 14 16 18 22 24 25 24 23 21 22 24 26 29 30 32 34 34 33 30 26 21 18 16 1626 829WN 458 251547 3499999999999999 818 212334 1699999999999999
 16 16 18 22 25 26 25 23 20 19 20 22 25 27 29 31 32 32 30 27 23 20 18 1826 830WN 512 261634 3299999999999999 9 6 192232 1899999999999999
 18 19 20 23 26 28 28 25 22 19 18 19 21 23 25 27 29 30 30 28 25 22 20 2026 831WN 530 281725 3099999999999999 955 182220 2099999999999999
 22 23 24 26 28 30 30 29 25 21 18 17 18 20 21 23 25 26 27 27 26 24 22 2326 9 1WN 548 301829 27999999999999991048 172219 2299999999999999
 25 27 29 30 31 33 33 32 30 25 21 18 17 18 19 20 21 22 23 25 25 25 24 2526 9 2WN 559 3320 4 25999999999999991153 1722 7 2499999999999999
 27 30 33 35 36 36 36 36 34 30 26 22 19 18 18 18 18 19 19 21 22 24 25 2626 9 3WN 528 369999999999999999999991347 18999999999999999999999
 28 32 35 38 40 40 40 39 37 35 31 27 23 21 19 18 18 17 17 17 18 21 23 2526 9 4WN 453 409999999999999999999991814 17999999999999999999999
 28 32 36 39 42 43 42 41 39 38 36 33 29 26 23 20 19 17 16 15 15 17 19 2326 9 5WN 512 439999999999999999999991930 15999999999999999999999
 26 30 34 38 41 43 43 42 41 39 39 37 35 31 28 24 21 19 17 15 14 14 16 1926 9 6WN 548 439999999999999999999992028 14999999999999999999999
 23 27 30 34 37 40 41 41 41 40 39 39 39 37 33 29 25 21 19 16 14 13 13 1626 9 7WN 639 419999999999999999999992120 13999999999999999999999
 19 23 27 30 32 35 36 38 38 38 38 38 39 40 38 34 30 25 21 18 15 14 13 1426 9 8WN1242 4099999999999999999999922 8 13999999999999999999999
 16 20 24 27 28 29 31 32 33 34 35 36 38 39 40 38 34 29 24 20 17 15 14 1426 9 9WN1349 409999999999999999999992250 14999999999999999999999
 15 18 22 25 26 26 26 26 27 29 31 32 34 36 39 39 37 33 27 22 18 17 16 1526 910WN1446 399999999999999999999992320 15999999999999999999999
 16 17 20 24 25 25 24 22 22 23 25 27 29 32 34 37 37 35 30 24 20 18 17 1826 911WN 421 251538 3799999999999999 739 222212 1799999999999999
 18 19 21 23 26 26 24 21 19 19 21 23 25 27 29 32 34 34 31 27 22 20 19 2026 912WN 435 261628 3599999999999999 835 192148 1999999999999999
 21 22 23 25 27 27 26 23 19 18 18 19 21 23 25 27 30 31 31 28 24 21 21 2226 913WN 453 271717 3199999999999999 925 172147 2199999999999999
 23 25 26 28 29 30 29 26 22 19 17 17 19 20 21 23 25 27 28 27 25 23 22 2326 914WN 5 1 3018 8 28999999999999991016 172148 2299999999999999
 26 28 30 32 32 32 31 29 25 21 19 18 18 19 20 21 22 23 25 25 25 24 23 2526 915WN 425 3219 7 25999999999999991110 182146 2399999999999999
 27 31 34 36 36 36 34 32 29 25 21 19 19 19 19 20 20 21 22 23 24 24 24 2526 916WN 4 3 369999999999999999999991225 18999999999999999999999
 28 32 35 38 40 39 38 35 32 29 25 22 20 20 19 19 20 20 21 21 22 23 24 2626 917WN 421 409999999999999999999991416 19999999999999999999999
 28 32 35 39 41 42 40 38 35 32 29 26 23 22 21 20 20 20 20 20 21 22 24 2526 918WN 447 429999999999999999999991629 20999999999999999999999
 28 31 34 38 40 42 42 40 37 34 32 29 27 25 23 21 20 19 19 19 20 21 23 2526 919WN 519 429999999999999999999991835 19999999999999999999999
 27 29 32 35 38 40 41 40 38 36 34 32 30 28 26 23 21 20 18 18 18 19 21 2326 920WN 553 419999999999999999999991916 18999999999999999999999
 25 28 30 33 35 37 38 38 37 36 35 33 32 30 28 26 23 20 18 17 17 17 19 2126 921WN 636 389999999999999999999991954 17999999999999999999999
 23 26 28 30 31 33 34 34 35 35 34 34 33 32 30 28 25 22 19 17 15 15 16 1926 922WN 758 359999999999999999999992031 15999999999999999999999
 21 24 26 27 28 29 30 30 31 32 32 33 33 33 32 30 27 23 20 17 15 14 15 1626 923WN12 6 3399999999999999999999921 7 14999999999999999999999
 19 22 24 25 26 26 26 26 27 28 29 30 31 32 32 31 28 24 21 18 15 14 14 1526 924WN1321 329999999999999999999992138 14999999999999999999999
 17 20 23 24 24 24 22 22 23 24 26 27 29 30 31 31 29 26 22 19 16 15 15 1526 925WN 331 251414 3199999999999999 651 222158 1599999999999999
 17 20 23 25 25 23 21 19 19 20 22 24 26 28 30 31 30 27 24 20 18 17 17 1726 926WN 333 2515 5 3199999999999999 742 192137 1799999999999999
 18 21 24 26 27 25 22 18 16 16 18 20 22 24 27 29 30 29 26 23 20 19 20 2026 927WN 348 271558 3099999999999999 830 1621 8 1999999999999999
 21 23 25 28 29 28 25 20 16 14 14 16 18 20 22 25 28 29 28 25 23 22 22 2426 928WN 4 7 291657 2999999999999999 919 1421 6 2299999999999999
 25 27 28 31 32 32 29 25 19 15 13 13 15 16 18 21 24 26 27 27 25 24 25 2726 929WN 427 3218 7 27999999999999991013 1321 8 2499999999999999
 29 31 33 34 35 35 34 30 24 18 14 13 13 14 15 17 20 22 25 26 26 26 27 2926 930WN 441 359999999999999999999991115 13999999999999999999999
 32 35 37 38 38 38 37 34 30 24 19 15 14 14 14 15 16 18 21 23 25 26 27 302610 1WN 421 389999999999999999999991238 14999999999999999999999
 33 37 39 41 41 40 39 37 35 30 25 20 17 15 15 15 15 15 16 19 22 24 26 292610 2WN 342 419999999999999999999991513 15999999999999999999999
 32 36 40 42 43 42 40 39 37 34 31 26 22 19 17 16 15 15 14 15 17 20 23 262610 3WN 359 439999999999999999999991754 14999999999999999999999
 29 33 37 40 42 42 41 39 38 36 35 31 28 24 21 19 17 16 14 13 14 16 19 222610 4WN 432 4299999999999999999999919 8 13999999999999999999999
 25 29 32 36 38 39 39 38 36 36 36 35 32 29 25 22 20 17 15 14 13 14 16 192610 5WN 514 3999999999999999999999920 6 13999999999999999999999
 22 25 28 30 32 34 35 34 34 34 34 35 35 33 30 26 22 19 17 15 14 13 14 162610 6WN 6 8 351122 3599999999999999 846 342057 1399999999999999
 20 22 24 26 27 28 29 29 30 30 31 32 34 34 32 29 25 21 19 17 16 15 15 162610 7WN1242 349999999999999999999992138 15999999999999999999999
 18 21 23 24 24 23 23 24 24 25 26 28 30 32 33 31 28 24 20 18 17 17 17 172610 8WN 315 241346 3399999999999999 547 232159 1799999999999999
 18 21 23 24 23 21 20 19 19 20 22 23 25 28 31 31 29 26 22 19 18 18 19 202610 9WN 259 241443 3199999999999999 7 9 192011 1899999999999999
 20 22 24 25 25 22 19 17 16 16 17 19 21 23 26 29 29 27 24 21 20 20 21 23261010WN 312 251537 2999999999999999 8 4 162011 1999999999999999
 23 25 26 27 27 25 21 17 14 14 14 16 17 19 22 25 27 27 25 23 21 21 23 25261011WN 328 281631 2799999999999999 855 142019 2199999999999999
 27 28 29 30 30 28 25 20 16 13 13 14 15 17 19 22 24 26 26 24 23 23 25 27261012WN 334 301727 2699999999999999 947 132029 2399999999999999
 30 32 33 33 33 31 28 24 19 15 13 13 14 15 17 19 21 24 25 25 24 24 26 29261013WN 3 0 331828 25999999999999991040 132037 2499999999999999
 32 34 36 37 36 34 31 28 23 18 15 14 14 15 16 18 20 22 24 25 25 25 26 29261014WN 251 379999999999999999999991134 14999999999999999999999
 32 36 38 39 39 37 34 31 27 22 18 16 15 15 16 17 19 20 22 24 25 25 26 29261015WN 312 399999999999999999999991231 15999999999999999999999
 32 35 38 40 41 39 36 33 30 26 22 19 17 16 16 17 18 19 20 22 24 25 26 28261016WN 339 419999999999999999999991336 16999999999999999999999
 30 33 37 39 40 40 38 35 32 29 25 22 20 18 17 17 17 18 18 20 22 23 25 26261017WN 4 8 4099999999999999999999915 7 17999999999999999999999
 28 31 34 37 38 38 37 35 33 30 28 25 22 20 19 18 17 16 17 17 19 21 23 24261018WN 437 399999999999999999999991712 16999999999999999999999
 26 28 31 33 35 36 35 34 32 31 29 27 25 23 21 19 17 16 15 15 16 18 20 22261019WN 5 6 369999999999999999999991821 15999999999999999999999
 24 25 27 29 31 32 32 31 31 30 29 27 26 24 22 20 18 16 14 14 14 16 18 20261020WN 536 3299999999999999999999919 6 14999999999999999999999
 21 23 25 26 27 28 28 28 28 28 27 27 26 25 23 21 19 16 14 13 13 14 16 18261021WN 621 289999999999999999999991942 13999999999999999999999
 20 22 23 23 23 24 24 24 24 25 25 25 25 25 24 22 20 17 15 14 13 14 15 17261022WN1143 2599999999999999999999920 8 13999999999999999999999
 19 21 22 22 21 20 20 20 21 21 22 23 24 25 24 23 21 18 16 15 15 15 16 18261023WN 216 221311 2599999999999999 617 202011 1599999999999999
 20 22 23 23 21 19 17 16 16 17 18 20 21 23 24 24 22 20 18 17 17 18 18 20261024WN 212 231419 2499999999999999 7 8 161936 1799999999999999
 22 24 26 25 23 20 16 13 13 13 14 16 18 20 23 24 24 23 21 20 20 21 22 23261025WN 226 261523 2499999999999999 756 131925 2099999999999999
 25 27 28 29 27 23 18 13 11 10 11 12 14 17 20 23 25 25 24 23 23 24 26 27261026WN 246 291632 2599999999999999 847 101929 2399999999999999
 28 30 32 33 32 28 23 16 11  9  8  9 10 13 16 20 23 25 26 25 25 27 29 31261027WN 3 8 33999999999999999999999 945  8999999999999999999999
 33 34 35 36 36 33 29 22 15 11  8  8  8 10 12 15 19 23 25 26 27 28 30 33261028WN 327 369999999999999999999991051  8999999999999999999999
 36 37 38 38 38 37 34 28 22 15 11  9  8  9  9 11 14 18 22 25 26 28 30 33261029WN 321 3899999999999999999999912 8  8999999999999999999999
 37 39 40 40 40 39 37 34 28 22 16 12 10 10  9 10 11 14 17 21 24 26 28 31261030WN 239 409999999999999999999991343  9999999999999999999999
 35 38 40 41 40 39 38 36 33 28 22 17 14 12 11 11 10 11 13 16 19 22 24 27261031WN 258 4199999999999999999999916 2 10999999999999999999999
 30 34 38 39 39 38 37 36 35 32 28 23 19 16 14 13 12 11 11 12 15 18 21 232611 1WN 331 409999999999999999999991733 10999999999999999999999
 26 29 33 35 36 36 34 34 33 33 31 27 23 20 17 15 14 12 11 11 12 15 17 202611 2WN 4 9 369999999999999999999991838 11999999999999999999999
 22 24 27 29 31 31 31 30 30 30 30 29 26 23 20 18 16 14 13 12 12 13 15 182611 3WN 448 319999999999999999999991932 12999999999999999999999
 19 21 22 24 25 26 26 25 25 26 27 27 27 25 22 20 17 16 15 14 14 14 15 172611 4WN 525 261111 2799999999999999 754 252015 1499999999999999
 19 20 21 21 21 21 20 20 20 21 22 23 25 25 23 21 19 17 16 16 16 17 17 182611 5WN 249 211234 2599999999999999 743 201831 1699999999999999
 20 21 21 21 19 17 16 16 16 16 17 18 21 22 23 22 20 18 17 18 19 20 20 212611 6WN 141 221348 2399999999999999 723 1618 6 1799999999999999
 22 23 24 23 20 17 14 13 12 13 13 14 16 19 21 22 21 19 18 19 20 22 24 242611 7WN 152 241455 2299999999999999 8 4 121811 1899999999999999
 25 26 26 26 23 19 15 12 11 10 11 11 13 15 18 21 21 21 20 20 22 24 26 282611 8WN 2 5 261559 2199999999999999 852 101824 2099999999999999
 29 29 29 29 27 23 18 13 11  9  9 10 11 13 16 19 21 22 22 22 23 25 28 302611 9WN 2 4 29999999999999999999999 938  9999999999999999999999
 32 33 32 32 30 27 22 17 12 10  9  9 10 12 14 17 20 22 23 23 24 26 29 32261110WN 117 339999999999999999999991020  9999999999999999999999
 34 35 35 35 33 30 26 21 16 12 10  9 10 11 13 16 19 21 23 24 24 26 28 31261111WN 135 3699999999999999999999911 1  9999999999999999999999
 34 37 38 37 35 33 29 25 19 15 12 10 10 11 13 15 17 20 22 24 25 25 27 30261112WN 2 5 389999999999999999999991143 10999999999999999999999
 33 36 38 38 37 34 31 28 23 19 15 12 11 11 12 14 16 18 20 23 24 24 26 28261113WN 238 389999999999999999999991231 11999999999999999999999
 31 34 36 38 37 35 33 30 26 22 18 15 13 12 12 12 14 16 18 20 22 23 24 25261114WN 311 389999999999999999999991332 12999999999999999999999
 28 31 34 35 36 34 33 30 27 24 20 17 15 13 12 12 12 13 15 17 19 20 21 23261115WN 341 369999999999999999999991458 12999999999999999999999
 25 27 30 32 33 32 31 29 27 25 22 19 16 14 13 12 11 11 12 14 16 18 19 20261116WN 4 7 339999999999999999999991626 11999999999999999999999
 22 24 26 28 29 29 29 27 26 24 22 19 17 15 14 12 11 10 11 12 13 15 17 18261117WN 429 299999999999999999999991723 10999999999999999999999
 19 21 23 24 26 26 25 25 24 22 21 19 17 15 14 13 12 11 10 11 12 14 16 17261118WN 448 2699999999999999999999918 0 10999999999999999999999
 18 19 20 21 22 22 22 21 21 20 19 19 17 16 15 13 13 12 11 12 12 14 16 18261119WN 5 5 229999999999999999999991816 11999999999999999999999
 19 19 19 18 18 18 18 18 17 17 17 17 17 16 15 14 14 13 13 14 14 16 17 19261120WN 1 0 199999999999999999999991731 13999999999999999999999
 20 21 20 18 16 15 14 14 14 14 14 15 16 17 17 16 16 15 16 17 18 19 20 21261121WN 043 211330 1799999999999999 727 141650 1599999999999999
 23 24 23 20 17 13 11 10 10 10 11 12 14 16 17 18 18 18 19 20 21 23 24 25261122WN 059 24999999999999999999999 749 10999999999999999999999
 26 27 27 25 20 15 11  8  7  7  7  8 10 13 17 19 20 21 21 23 25 27 28 29261123WN 122 27999999999999999999999 841  7999999999999999999999
 30 31 31 30 26 20 14  9  6  4  4  5  6  9 13 18 21 22 23 25 27 29 32 33261124WN 147 31999999999999999999999 943  4999999999999999999999
 33 34 34 34 31 26 19 13  8  5  3  3  4  6  9 14 18 22 24 25 27 30 33 35261125WN 212 349999999999999999999991048  3999999999999999999999
 36 37 37 37 36 32 27 19 12  7  4  3  3  3  5  9 14 18 22 24 26 29 32 35261126WN 225 379999999999999999999991154  3999999999999999999999
 37 38 38 38 38 36 32 27 19 13  8  5  4  3  4  5  9 13 18 21 24 26 28 32261127WN 141 3899999999999999999999913 9  3999999999999999999999
 35 37 38 38 37 37 35 32 26 19 13  9  6  5  4  4  6  9 13 17 20 22 24 27261128WN 210 389999999999999999999991435  4999999999999999999999
 30 34 36 36 36 35 35 33 30 25 19 13 10  8  7  6  5  6  9 12 16 18 19 21261129WN 247 369999999999999999999991553  5999999999999999999999
 25 28 31 32 32 32 31 31 30 27 23 18 13 11  9  8  7  7  7 10 13 15 16 18261130WN 323 329999999999999999999991657  7999999999999999999999
 20 22 25 27 28 27 27 27 27 26 24 20 16 13 12 10 10  9  9  9 11 13 15 162612 1WN 355 289999999999999999999991747  9999999999999999999999
 17 18 20 22 23 22 22 21 22 22 22 20 17 15 13 12 12 12 12 12 12 14 15 162612 2WN 415 2399999999999999999999918 5 12999999999999999999999
 17 17 17 18 18 18 17 16 16 16 17 17 16 15 14 13 13 14 15 15 16 16 17 182612 3WN 357 181045 1799999999999999 8 2 161522 1399999999999999
 18 18 17 16 15 14 13 13 12 11 12 13 14 14 14 14 14 15 17 18 19 20 20 202612 4WN 010 18999999999999999999999 854 11999999999999999999999
 21 21 20 18 15 13 11 10  9  8  8  9 11 13 14 14 15 16 18 20 23 24 24 242612 5WN 021 2123 8 2499999999999999 936  8999999999999999999999
 24 24 23 20 17 14 11  9  7  6  6  6  8 11 13 15 16 17 19 21 24 27 28 282612 6WN2231 2899999999999999999999910 5  6999999999999999999999
 27 27 26 24 20 16 12  9  7  6  5  5  7  9 12 15 16 18 19 22 25 28 30 312612 7WN2318 319999999999999999999991018  5999999999999999999999
 31 30 29 28 24 20 15 11  8  6  5  5  6  8 11 14 17 19 20 22 25 28 31 332612 8WN99999999999999999999999999991022  5999999999999999999999
 33 33 32 30 28 24 19 14 10  7  5  5  6  8 10 14 17 19 21 22 24 26 29 322612 9WN 0 9 339999999999999999999991041  5999999999999999999999
 34 35 34 33 30 27 23 18 13  9  6  5  6  7  9 12 16 19 21 22 23 24 27 30261210WN 057 359999999999999999999991113  5999999999999999999999
 33 34 35 34 32 30 26 21 16 12  8  6  6  6  8 10 13 17 19 21 21 22 24 27261211WN 143 359999999999999999999991154  6999999999999999999999
 30 32 34 34 32 31 28 24 19 14 10  7  6  6  7  8 11 14 17 18 19 20 21 23261212WN 225 349999999999999999999991243  6999999999999999999999
 26 29 31 32 31 30 28 25 21 17 12  9  7  6  6  6  8 11 13 16 17 18 18 20261213WN 3 2 329999999999999999999991342  5999999999999999999999
 23 26 28 29 29 28 27 25 22 18 13 10  8  6  5  5  6  8 10 13 15 15 16 17261214WN 331 299999999999999999999991442  5999999999999999999999
 19 22 24 26 26 26 25 23 21 17 14 10  8  7  6  5  5  6  8 11 13 14 14 15261215WN 351 269999999999999999999991529  5999999999999999999999
 16 18 21 22 23 23 22 21 19 16 13 10  8  7  7  6  6  7  8 10 12 13 14 14261216WN 4 5 239999999999999999999991552  6999999999999999999999
 14 15 17 19 19 19 19 18 17 15 13 10  8  7  7  8  8  8  9 11 12 14 15 15261217WN 418 192226 15999999999999991342  7999999999999999999999
 14 14 15 15 16 16 15 14 14 13 12 10  9  8  8  9 10 11 12 13 15 16 17 17261218WN 418 162245 1799999999999999 045 141326  899999999999999
 17 15 14 13 13 12 12 11 10 10 10 10 10 10 10 11 12 14 16 17 18 19 20 21261219WN2310 219999999999999999999991136 10999999999999999999999
 20 19 16 13 11  9  8  7  7  7  7  8  9 11 12 13 15 17 19 21 23 23 24 24261220WN2337 24999999999999999999999 9 7  7999999999999999999999
 24 23 21 17 12  9  6  5  4  3  4  5  7 10 13 15 17 19 22 25 27 28 28 28261221WN9999999999999999999999999999 922  3999999999999999999999
 28 28 26 22 17 11  7  4  2  1  1  1  4  7 11 15 18 20 23 26 29 31 31 31261222WN 0 5 282334 3299999999999999 956  1999999999999999999999
 31 31 31 28 23 17 11  6  2  0 -1 -1  0  3  8 13 17 20 23 26 29 31 33 34261223WN99999999999999999999999999991042 -1999999999999999999999
 34 34 34 33 30 24 17 10  5  1 -1 -2 -2 -1  3  8 14 18 21 23 26 29 32 34261224WN 030 349999999999999999999991135 -2999999999999999999999
 35 35 35 35 34 30 24 17 10  5  1 -1 -2 -3 -1  3  9 14 17 20 22 25 28 31261225WN 244 359999999999999999999991233 -3999999999999999999999
 33 34 34 34 35 34 30 24 16  9  4  1 -1 -2 -2  0  4  9 13 16 18 19 22 25261226WN 354 359999999999999999999991333 -2999999999999999999999
 29 31 32 32 33 33 32 28 22 15  8  4  2  0 -1 -1  1  5  9 13 14 15 17 19261227WN 458 339999999999999999999991429 -1999999999999999999999
 23 26 27 28 28 29 30 28 25 19 12  7  4  3  2  1  2  3  7 10 12 13 13 14261228WN 556 309999999999999999999991516  1999999999999999999999
 17 20 22 23 23 24 24 25 23 20 15 10  7  5  5  4  4  5  7  9 11 12 12 12261229WN 648 259999999999999999999991542  4999999999999999999999
 13 15 17 18 19 18 18 19 19 17 14 11  8  7  7  7  8  8  9 10 12 13 13 12261230WN 538 192129 13999999999999991326  72344 1299999999999999
 12 13 14 15 14 14 13 12 12 12 11 10  8  7  8 10 11 13 14 15 15 16 16 15261231WN 317 152135 16999999999999991255  7999999999999999999999
