 17 17 39 78126173209228228208176142117107114136168201223228212174121 6426 1 1X2 728230184522999999999999999 030 1413 710799999999999999
 19 -5 -3 24 71128183225246244219180139110 9810713417321023523921817311226 1 2X2 824248193924099999999999999 126 -714 5 9899999999999999
 49  1-22-16 18 73138198240259251219173127 96 8810213718222324724722016826 1 3X2 913259203025099999999999999 218-241453 8799999999999999
101 34-13-33-20 22 85154213252264249209157111 83 8010214419323425424821526 1 4X2 957264211725599999999999999 3 6-331536 7899999999999999
157 87 22-21-32-11 38105173226257261236190136 94 73 7910815420323925324126 1 5X2103826322 325399999999999999 351-321617 7299999999999999
202141 73 15-18-19 10 65130191235254247215165115 81 70 8311816520823724326 1 6X21115255224624499999999999999 432-221656 7099999999999999
225183124 62 16 -4  6 42 97156206236243226189141 99 74 72 9212917120622626 1 7X21148244232822899999999999999 511 -41735 7099999999999999
225203162109 60 28 21 39 78129177213229225201163121 89 74 8010213617119726 1 8X21218230999999999999999999999 546 201813 7499999999999999
208203180143101 66 49 52 75113154190212216204177142108 85 78 8811013816426 1 9X2 011209124721799999999999999 620 471854 7899999999999999
182188181161133104 82 75 85108140170193204201185159129103 86 84 9311113226 110X2 058188131620499999999999999 654 751942 8399999999999999
152165170165152133115103102113132155176190193187171148123102 89 86 9210626 111X2 2 0170135219499999999999999 7341012046 8699999999999999
122138151158159153142131124124131144159173182185179165145122102 88 83 8526 112X2 337159144618599999999999999 8301232210 8299999999999999
 95109126143155162163157148140136138144155167177181178166146122100 82 7326 113X2 53316416 61819999999999999910141362330 7199999999999999
 73 82 99121143162175178172161148138134138148163177185183171148120 92 7026 114X2 64917817231859999999999999912 1134999999999999999999999
 58 58 71 94123153177191193183165145130124129144164184195192175147112 7826 115X2 737194182119599999999999999 029 5613 312499999999999999
 52 40 45 65 97134170196208204186160134116112123146173197208201177140 9726 116X2 81420819 820899999999999999 114 40134611199999999999999
 58 32 25 37 6710915319121422020717914511610010312315518921322020517212526 117X2 847220194922099999999999999 152 251422 9999999999999999
 76 36 14 15 38 79129177212229225200163124 96 8810013117120722822720315926 118X2 917230202823199999999999999 228 111455 8899999999999999
104 51 14  1 13 48100155202230237220184140101 80 8110514519022523922819326 119X2 94723821 423999999999999999 3 1  11526 7799999999999999
139 79 28 -2 -3 22 69128183223242236206161113 80 68 8211616420923724222126 120X21016243214124399999999999999 334 -61558 6899999999999999
176116 55 11 -7  5 42 98158208238244224184133 89 64 64 8913218122224223726 121X21044245221824399999999999999 4 6 -71630 6199999999999999
206154 93 37  4  0 24 72131186226243235205157107 70 55 6610014719422723826 122X21112243225723899999999999999 438 -217 3 5599999999999999
224187134 76 31 11 20 54105161207234237218180131 85 58 53 7311115719822226 123X21140239233922799999999999999 512 111740 5299999999999999
226207169119 70 38 31 49 87136183216230223197155110 72 53 56 8011815919226 124X21210231999999999999999999999 547 301821 5299999999999999
210209190155114 78 58 59 82118159194215219205176137 97 67 54 61 8411715126 125X2 028212124322099999999999999 625 5619 9 5499999999999999
178193192177151121 96 85 91112141171194206205189162128 94 68 57 62 8010726 126X2 128195132320799999999999999 7 9 852011 5799999999999999
135160175180173158138121114118132150170186194193181159130 98 72 58 57 6826 127X2 253180142119599999999999999 8 81142135 5699999999999999
 88114140162175179174162148138134138147160174184188182166139107 76 54 4426 128X2 455179155618899999999999999 9561342311 4499999999999999
 48 66 93125156180194195185168150137131134146164181193194180152114 74 4226 129X2 63619617341959999999999999912 9131999999999999999999999
 25 25 44 77119161195215217204178149126115117133160188208212198164117 6626 130X2 739218184521399999999999999 029 23132011499999999999999
 25  3  4 28 71124176215236234212174135106 9310112716520222723121216911126 131X2 826238194223299999999999999 127  014 7 9399999999999999
 51  5-16-10 23 78141197236252241206157111 81 74 9112917722024524521816526 2 1X2 9 6252203024899999999999999 216-181448 7499999999999999
 97 32-12-27-11 34 99166221253259235186130 84 60 62 9114019423625624921226 2 2X2 941260211425799999999999999 259-271524 5799999999999999
150 78 16-21-25  4 59129194240261252214157100 60 46 6110115621024625724126 2 3X21013262215525899999999999999 337-271559 4699999999999999
195129 59  6-17 -7 33 95163218251256232184124 73 44 44 7011817322024624726 2 4X21041257223325099999999999999 412-181632 4099999999999999
221170106 46  9  1 25 73135193233249238202149 94 55 40 52 8713618522123626 2 5X211 624923 823699999999999999 444  017 3 4099999999999999
227194144 88 44 24 32 65116170213235235210168117 73 48 47 6810615118921226 2 6X21128238234221799999999999999 513 241733 4499999999999999
216201167123 81 55 51 70107153193219226211179137 94 64 52 61 8612215718426 2 7X21148226999999999999999999999 540 5018 4 5299999999999999
196193175146113 87 76 83108142177202213207185153116 84 65 63 7610112915426 2 8X2 01819712 821399999999999999 6 6 761838 6299999999999999
171177171156135115103102115137163185198198186164136107 85 74 76 8810612626 2 9X2 1 0177123220099999999999999 6321011922 7399999999999999
143154158156148138129124128139154169180185182170152131110 93 85 85 9110226 210X2 2 615813 518599999999999999 7 31242031 8499999999999999
115127138146151152150147145146150155162168171170163152136119103 91 85 8426 211X2 450152141617199999999999999 8121452238 8499999999999999
 89 99113129144158166168166160153147145148154161167168162148129108 89 7526 212X2 6551681640168999999999999991156145999999999999999999999
 69 72 85105129154174185186177163146133128133145161175181176159134104 7726 213X2 73618618 418199999999999999 0 9 6913 112899999999999999
 57 50 57 77107141173195203197179153128113111123146172192199190166130 9026 214X2 8 5203185719999999999999999 1 0 50133711099999999999999
 55 34 32 47 79121164198216216198167131104 92 9912315719121321619916311526 215X2 831219193921899999999999999 139 3114 8 9299999999999999
 67 30 14 21 50 95146192223232219186143103 78 76 9513317721523322819915126 216X2 856232201823499999999999999 212 141437 7499999999999999
 92 40  8  1 22 65122179221242239210162111 72 57 6710115120223724823219026 217X2 921244205524899999999999999 244  015 6 5799999999999999
129 65 16 -6  1 36 93157211245252232186128 76 46 43 6811617422525325422626 218X2 947253213225799999999999999 315 -71536 4199999999999999
173104 42  2 -7 15 65129192237257248212154 92 47 28 39 7913619624125925026 219X21012258221026099999999999999 347 -816 7 2899999999999999
211150 82 28  2  8 44102166220252255231181118 61 26 21 46 9515621124625426 220X21038257224925599999999999999 419  01640 2099999999999999
235190129 69 28 17 37 81140197236251240203148 87 40 18 26 6011216821423926 221X211 4252233024299999999999999 451 171714 1899999999999999
239215169115 69 44 46 74120171214237238215173119 68 33 23 38 7512317120526 222X21131241999999999999999999999 525 411753 2299999999999999
222217193154113 82 71 82111151189216226216189148102 62 38 35 53 8612516126 223X2 01722212 022699999999999999 6 0 711838 3499999999999999
187198194176150123106103117140168191205206194169136101 70 52 50 63 8711526 224X2 114199123420899999999999999 6391021937 4999999999999999
142163175177170158143134133141154168180187186178162139112 87 68 61 64 7626 225X2 244178132618899999999999999 7341332111 6199999999999999
 96118140159171177175167159153150151155161168174175169154131105 80 62 5426 226X2 51117715431759999999999999910171502311 5499999999999999
 58 73 97126155179193196189174157142133132141156172185187176152118 82 5226 227X2 6471971741188999999999999991233132999999999999999999999
 36 36 53 84124165197215216201174144119107109126154183205211198166121 7226 228X2 735218185021199999999999999 029 34132110699999999999999
 34 15 18 43 86138186220235228199158117 90 80 9212216420322823221317011226 3 1X2 811236194223399999999999999 122 141357 8099999999999999
 55 15 -1 11 48104163213242248226182129 85 60 60 8513018222524824621616026 3 2X2 843249202525099999999999999 2 5 -11431 5799999999999999
 94 35  0 -6 19 69134194238257247209152 94 54 39 52 9114820324325924720526 3 3X2 91125721 525999999999999999 242 -715 2 3999999999999999
141 72 20 -4  4 43103170223254258231178115 61 31 30 5810917022225425923526 3 4X2 937260214126099999999999999 315 -51532 2799999999999999
183116 54 15  7 29 79144203244258243201140 79 36 21 35 7613319123425324726 3 5X210 0258221525499999999999999 346  616 1 2199999999999999
212156 94 45 23 31 67122182228250246215163102 51 24 25 5210115720523524226 3 6X21021252224724399999999999999 415 221628 2199999999999999
224183130 80 49 44 65109162209238242222179125 72 37 26 41 7712617421022626 3 7X21040243231722799999999999999 441 421655 2699999999999999
222197156112 78 64 74104148191222233222190144 96 57 37 39 6410214518120326 3 8X21059233234920999999999999999 5 6 641722 3599999999999999
209197171137107 89 89107139175205220217195160118 80 55 48 60 8612015217626 3 9X21120221999999999999999999999 530 861752 4899999999999999
188187174153130113108116136163187203206194170138106 80 65 66 8010212714826 310X2 024189114220799999999999999 5541081828 6499999999999999
163169167159147135129131140155171184190186174154130107 90 81 83 9210612126 311X2 11416912 919099999999999999 6201291921 8199999999999999
135146152155155153150149150154160166170172169162150135119105 96 92 93 9826 312X2 325155125317299999999999999 6591492118 9299999999999999
107118131143155163168168165160155151150152156160162158149135119103 90 8326 313X2 63416815541629999999999999911451502331 8299999999999999
 82 90105124147167181186183172156141131130136149163174176167149125 98 7626 314X2 7 71871741176999999999999991241129999999999999999999999
 64 64 77100131163188202203189165138117107112128154179195197183156119 8226 315X2 732204183819899999999999999 030 62131210799999999999999
 55 43 49 73109151189213221210181144109 88 8510113217020221921619315210326 316X2 755221192122199999999999999 1 9 431340 8499999999999999
 59 32 27 45 82132181218236231203158111 75 60 6910014719522924223019313926 317X2 81823720 124299999999999999 143 2614 7 6099999999999999
 80 36 15 21 53105164214245250228182124 72 41 38 6311117022225425823418426 318X2 843251204026099999999999999 216 141437 3699999999999999
118 58 19  9 29 76138200243261251210149 83 35 16 27 6913019624627026422826 319X2 9 8262211927199999999999999 249  815 7 1699999999999999
167 98 41 13 17 51109175231262264236180110 46  8  2 29 8415321726027525926 320X2 935267215927599999999999999 323 111540  099999999999999
213148 82 37 22 39 84146207250266252209144 74 19 -6  3 4210317222926226726 321X210 3266224126999999999999999 357 221615 -799999999999999
243193131 77 46 45 72122179228255255228177111 49  8 -4 15 6112218222725126 322X21031258232525399999999999999 432 421652 -499999999999999
248221174123 84 68 77109155201233245233199148 90 40 12 11 35 7913218021426 323X211 0245999999999999999999999 5 8 671733  899999999999999
229223199162126102 96111140176206224225207174129 83 47 29 33 55 9113116726 324X2 014230113122799999999999999 545 961820 2899999999999999
192203200184161139126126139159181198205201185159126 92 66 52 54 68 9212026 325X2 11620412 920599999999999999 6291241924 5199999999999999
147168181184180169157149148152161170178182181173158137112 89 73 67 71 8426 326X2 256185131718399999999999999 74214721 7 6799999999999999
103126149168182187185176165156149147149155164172175171158136110 86 70 6326 327X2 5 918716 11759999999999999911 114723 2 6399999999999999
 69 86111141170191203201188168147131122124136155175189192181156122 88 6226 328X2 6232041743193999999999999991220122999999999999999999999
 50 55 75109148184210220212189156124102 94103126158189210215200166122 7826 329X2 7 5220184521599999999999999 013 5013 0 9499999999999999
 48 37 47 77121168207230232213175130 93 72 71 9112817221023223220916511126 330X2 737234193223599999999999999 1 2 371333 6999999999999999
 63 35 31 51 93146196231245234199147 96 60 47 58 9214219323124924120715226 331X2 8 5245201324999999999999999 141 2914 4 4799999999999999
 94 49 29 35 68120177223249249222171112 62 34 32 5810616421524825723819226 4 1X2 831252205025799999999999999 216 281433 3099999999999999
132 76 41 33 53 97155209244255239195135 75 34 19 32 7213018823425725422326 4 2X2 854255212425999999999999999 248 3215 1 1999999999999999
171111 65 42 48 81134190233254248215160 97 45 17 18 46 9715620924425524026 4 3X2 917255215625599999999999999 318 411529 1499999999999999
201147 95 62 54 74117170217246249227181121 65 26 14 30 7012518022224524326 4 4X2 938251222724799999999999999 346 541555 1499999999999999
218175126 87 69 76106152199233245233197145 89 44 21 25 53 9815019522523526 4 5X210 0245225823599999999999999 414 691622 2099999999999999
224193153114 90 86104139181216235232207165114 68 38 30 45 7912416720021826 4 6X21022236232922099999999999999 441 851650 2999999999999999
218200171138113102109132165197219224211180138 95 61 44 47 6910214017219426 4 7X21046225999999999999999999999 5 81021721 4399999999999999
202197180157135121120132154180200210206187157122 90 67 60 68 8911714516726 4 8X2 0 5203111321199999999999999 5361191758 6099999999999999
181185179167153141135138149165181192194186169145119 96 81 78 8510112013926 4 9X2 054185114519499999999999999 6101351848 7899999999999999
155166171170166160154151152156163171176176171160145127110 97 92 9410111326 410X2 226171123917799999999999999 7161512015 9299999999999999
127142155166173175173167160154150150153158164166164156142125109 97 91 9226 411X2 45617515 51669999999999999910331492219 9199999999999999
101116135155173186190186174158142131129134146161174179174159137113 92 7926 412X2 55919017 11799999999999999911491292334 7799999999999999
 78 89110138167191205206193169141118105106120144171192201194174142107 7826 413X2 63320718 5201999999999999991226104999999999999999999999
 63 65 84115154190215224215188150112 85 76 87114153191217225213182138 9326 414X2 7 0224185422599999999999999 023 621257 7699999999999999
 61 49 59 88132179218239238213170118 74 51 51 7512017221724424722618212726 415X2 728241193824999999999999999 1 3 491329 4899999999999999
 77 47 42 62104158209244255240199139 79 36 21 34 7513419624326626223017526 416X2 756255202126899999999999999 142 4114 2 2199999999999999
113 64 40 45 76129188237263261230172102 41  5  1 29 8415321826328026722526 417X2 82626621 528099999999999999 220 391437 -199999999999999
163101 58 44 59100159217257270254208140 67 12-14 -6 3510017223427328226226 418X2 858270215028399999999999999 259 441515-1599999999999999
213151 95 62 58 82130187237265265237181109 41 -5-18  1 5011718624027027326 419X2 931269223627599999999999999 339 561555-1999999999999999
247198142 97 75 80110158208245260249212154 87 29 -5 -9 17 6813119023525726 420X210 5260232425999999999999999 419 731637-1199999999999999
255228185139106 95106137178216241245227188134 77 32  8 11 39 8413718522026 421X21042246999999999999999999999 5 0 951723  699999999999999
236232210176143122117130155186212226224205171126 81 47 30 35 58 9513617326 422X2 018237112322799999999999999 5451161816 2999999999999999
201214213198176153138136145162181197205203188163131 96 69 55 57 72 9812926 423X2 124215121720699999999999999 6421351924 5499999999999999
158182197202195181164151145147154165177185187182167144117 93 76 71 78 9526 424X2 253202135018799999999999999 8171452055 7199999999999999
119146171190200200189173156142136136144156170182186180163138111 89 77 7826 425X2 42620215571869999999999999910251352227 7699999999999999
 90113142171195208208195173148127114113123142165186198197181153120 92 7626 426X2 53121017251999999999999999911371122336 7399999999999999
 74 88114148182208220215195163129102 89 91108138171199214213193159121 8926 427X2 6152201826216999999999999991222 88999999999999999999999
 72 73 92125165200224230216184141101 74 65 7510414418521623122519815611326 428X2 649230191423199999999999999 027 701258 6599999999999999
 82 69 77104144188221237233207162112 71 49 49 7111216020423324322919314626 429X2 718238195524399999999999999 1 8 691331 4699999999999999
103 76 71 87124170212238244226186132 81 45 32 44 7912918222424724822418126 430X2 745245203225199999999999999 145 7014 1 3299999999999999
132 93 74 79106150197232248240208157100 52 26 26 52 9715320423925424421126 5 1X2 81124821 725499999999999999 219 731430 2399999999999999
164118 87 79 94131177220245248226181124 70 32 19 32 6912217722224825223226 5 2X2 836250214025399999999999999 251 781459 1999999999999999
193146108 87 90116158202236248237203151 94 47 22 23 49 9414819823324824126 5 3X2 9 2248221224999999999999999 323 861529 1999999999999999
214173132103 94108141183220242242218175121 71 36 24 37 7112017021023524026 5 4X2 930245224424199999999999999 354 941559 2499999999999999
224193155123106108129164201228238226195148 99 58 35 35 57 9614118321422826 5 5X2 958238231822999999999999999 4241041630 3299999999999999
225205175145122115125149181210227226207171128 86 56 44 53 7911615518820926 5 6X21028229235721699999999999999 45611517 5 4499999999999999
216208189164141128128141164189209216209187153116 83 63 59 71 9712916118626 5 7X211 2216999999999999999999999 5311261744 5899999999999999
200203195179160145137140152170187200202192172144114 89 75 74 8710913516026 5 8X2 044203114320299999999999999 6151371833 7399999999999999
179191194189177164151145146153165177186188181166145121101 88 87 9611213426 5 9X2 150194124518899999999999999 7241441939 8699999999999999
155174187193191182169156145141143151163173180180171154133113 98 92 9711126 510X2 315193142718199999999999999 9 814121 3 9299999999999999
130153174191200200190172152135125125133149167182188184170148123102 92 9326 511X2 42720116 91889999999999999910321242222 9199999999999999
106128156183203213210194168138113100101116140169193206204188160128101 8626 512X2 5162141723207999999999999991125 992325 8599999999999999
 88104131166198221228218191152112 82 70 77102139180212228226205169128 9626 513X2 55622818222309999999999999912 8 70999999999999999999999
 80 84105141183219240241220179128 80 49 41 58 9614619723425124521717212526 514X2 632243191525299999999999999 018 791248 4199999999999999
 90 76 85113157204240255247213159 98 46 18 19 46 9715921625527025922317126 515X2 7 925620 527099999999999999 1 7 761329 1599999999999999
120 87 76 91127177225257264245199135 67 17 -5  5 4410517323227028126422226 516X2 747265205428199999999999999 154 761412 -599999999999999
166117 87 82103145197242267266236181110 43 -2-17  2 4911618624327728326126 517X2 827270214428499999999999999 241 811456-1799999999999999
215161115 91 92119164214252269259222162 91 29-10-16  9 6112819424627427626 518X2 9 9269223427999999999999999 327 881543-1899999999999999
251205155117 99106136179223254263247206146 80 25 -5 -5 23 7513819724126426 519X2 952263232526699999999999999 413 991631 -999999999999999
262237195152121110121150188224247250231191136 78 33 10 14 43 9014519523226 520X21038251999999999999999999999 5 01101721  899999999999999
249245222187151127121132158189217233233215180133 85 48 31 37 6310314919026 521X2 019250112923599999999999999 5511211815 3199999999999999
220233230210181153134129138157181203216216202174137 98 69 55 60 8111415126 522X2 117234123121899999999999999 6501281914 5599999999999999
185209221219203179154137130135148167186199203195176147115 90 77 79 9512226 523X2 220222135320399999999999999 8 41302021 7699999999999999
152181203215214200177153134124124134150169186196195182159132108 94 9410626 524X2 325216152719799999999999999 9291222133 9299999999999999
12815518220421521319917414712411010811713515918119720119317214512110510326 525X2 4232161651201999999999999991041107224110299999999999999
113134162189210219215196166134107 92 9010212615618420421120318215312711126 526X2 5112201759211999999999999991136 89234010799999999999999
108119143172200220225214188152115 86 73 75 9412616219521622321218615412726 527X2 5512251853223999999999999991219 72999999999999999999999
111111126154186214230229210175132 92 65 57 67 9513517621023023221618515026 528X2 627231193723499999999999999 0311091257 5799999999999999
123110115136169203228237227198155108 69 48 47 6810515119422624223721317826 529X2 7 0237201724399999999999999 1141101331 4599999999999999
142117110121149186219239240220181131 84 50 36 46 7712217121324024823520526 530X2 732242205324999999999999999 15410914 5 3699999999999999
166132112112131166204233246236206159107 62 36 33 53 9314319122924924822726 531X2 8 5246212725199999999999999 2311091438 3199999999999999
191152123110119146184220243246226187135 84 47 30 38 6811416420924025024026 6 1X2 83824722 125099999999999999 3 61101511 3099999999999999
212175139117113130163201232247239211165113 67 38 32 50 8713618422224324526 6 2X2 911247223524799999999999999 3401121545 3199999999999999
227196160130116121145180214238243227191144 95 56 37 42 6710915619822824026 6 3X2 945244231024199999999999999 4141151619 3699999999999999
234212180148126120133160193221237233211172126 83 53 44 57 8712917220722826 6 4X21020238234723399999999999999 4481201655 4499999999999999
233221197167141126127144171199221229220194156114 78 57 56 7410714618321026 6 5X21058229999999999999999999999 5261251734 5499999999999999
225224210186159138129134151175199215218206180146110 81 67 71 9212315818926 6 6X2 027226114221999999999999999 6 91291816 6799999999999999
211220217202179155137130135151172192205207196174144113 90 80 8610613516626 6 7X2 113221123920899999999999999 7 313019 6 8099999999999999
193211218213198175151133126129143163182196201194176150123102 93 9911714326 6 8X2 2 5218135420199999999999999 8 912520 6 9399999999999999
17119621321921319717214512411311612915017319220220018516313611510410812326 6 9X2 3 1219152020299999999999999 919113211510499999999999999
147175200218224217197167134108 94 9611113616619321021320217915112611211326 610X2 3572241642213999999999999991023 93222711199999999999999
127150180208227232222196158117 85 70 72 9212616520022423122119616413411626 611X2 4502321755231999999999999991120 68233611399999999999999
115128154187218238242226192145 97 60 44 50 7711916821224025023921117313826 612X2 5412431858250999999999999991214 43999999999999999999999
117114129159196230250250228186130 75 35 20 31 6611817522525726725422017726 613X2 631253195626799999999999999 04011313 5 2099999999999999
139116113131165207243262257229178114 55 15  2 18 6112118423727027926222326 614X2 720263205027999999999999999 1381121356  299999999999999
176135113113135174218254270261226168100 39  1 -8 14 6212819424727928426226 615X2 8 9270214128599999999999999 2311101447 -999999999999999
219170130110113140183228262274260220158 89 30 -5 -9 18 7113820425428128126 616X2 859274223128499999999999999 3201081537-1199999999999999
255210161123108117147191235264272254211149 82 27 -2  0 32 8715221225627626 617X2 948272231827899999999999999 4 81081626 -599999999999999
271242196150118108122154197236260264243200140 79 33 12 19 5310716621825326 618X21038265999999999999999999999 4551081714 1199999999999999
267256225181141115111127159197231250250229188135 83 46 33 45 8012817922126 619X2 0 4267113025299999999999999 54311018 1 3399999999999999
247253239207168134115114131159192220234233214179134 93 66 60 7510714919026 620X2 048254122523699999999999999 6321121847 5999999999999999
221239239222192158130115116131155182205217217202174139108 90 8810313116526 621X2 131241132821999999999999999 7271131935 8799999999999999
19621923022620918115112711411412614616918920220519517514912611311312614926 622X2 216230144320599999999999999 828112202811199999999999999
17519921622321720017414512211010811813515717819320019618216214313213214226 623X2 3 322316 820099999999999999 936107213213199999999999999
160181201215219212194168139115101 9910712514917319220320319217415714514226 624X2 3542201730204999999999999991043 98224614299999999999999
149164184204217220211190161130104 89 87 9811914717619921221320218316314926 625X2 4472201835215999999999999991140 87235614499999999999999
144151167188209222224211186152118 90 76 76 9211915318621222522420918616326 626X2 5372251925226999999999999991228 74999999999999999999999
146141150169194217230228210178139102 74 63 69 9212616620222723723121018226 627X2 62423120 623899999999999999 05214113 9 6399999999999999
155139137150175204228238231206167123 84 59 53 67 9813918321924224623220426 628X2 7 6239204324699999999999999 1381351348 5299999999999999
171144130134154185218240245230197151104 66 46 48 7111115820323625224822626 629X2 745246211825399999999999999 2171291425 4499999999999999
192157131124135164200232250248224182132 84 51 39 50 8312917922224925624326 630X2 823252215125699999999999999 25412415 0 3999999999999999
213175141122122143177215245256244212164111 66 40 38 6010115220123725625326 7 1X2 9 0256222325799999999999999 3281191534 3699999999999999
231195157127116126154193229252255235195143 92 53 37 46 7812417622024825726 7 2X2 936256225425799999999999999 4 211616 8 3799999999999999
244215176140118116134168207239254247220176123 77 48 43 6210115019823425326 7 3X21013254232625499999999999999 4351141642 4299999999999999
251231196157127114120144180216241248235203157108 70 51 57 8412617421524226 7 4X21051249235825199999999999999 5101131716 5099999999999999
251241214178142118112125153187219238239221188144102 72 64 7710915119322726 7 5X21134240999999999999999999999 5491121753 6399999999999999
244245228198162131113112128156188215229228209177139104 84 8210013317120726 7 6X2 031247122323199999999999999 6321101834 8099999999999999
23224223621618515112210811012715418320722021820317614411610210412315218426 7 7X2 1 8242132422199999999999999 722107192110099999999999999
21323223722820617614211510110311914417219721221420418315713412212514016426 7 8X2 152237144021599999999999999 822100202012199999999999999
190214229233224202171137108 92 9210513015918720721621219717615414114015026 7 9X2 247233161221699999999999999 931 90213613999999999999999
168190213228233225203170132 99 79 75 8711214618020822522821719617215514726 710X2 3532331741228999999999999991044 7423 814799999999999999
151166187211230238231208171127 88 61 54 66 9413517821523924623721318516026 711X2 5 32381855246999999999999991153 54999999999999999999999
146146159184213238249242216173121 74 42 32 46 8112918222725626525322418826 712X2 6 9249195626599999999999999 0301441255 3299999999999999
156137136152183219249262254223173113 59 23 14 32 7313119124127228026322626 713X2 7 9263204828099999999999999 1341341351 1499999999999999
182144124125148186229262276264228170103 44  8  2 26 7614120625728528726226 714X2 8 3276213529099999999999999 2261221442  199999999999999
218167128111117147193240274285269226162 91 33  1  1 32 8915922327029228526 715X2 855285221729399999999999999 3131101530 -399999999999999
252200148112100115152202250280287266218150 80 28  4 13 5211318124027829026 716X2 944287225629099999999999999 3571001614  399999999999999
274232178129100 96118160211254279279253203137 75 32 19 37 8214320425227826 717X21031282233228199999999999999 438 941655 1999999999999999
278253207155113 93 98125169215251269264235185127 76 48 46 7111717222225626 718X21117269999999999999999999999 519 921733 4399999999999999
269259227182136105 94105135175213241251242214170124 88 72 8010915219723326 719X2 0 426912 325199999999999999 559 941810 7299999999999999
25325423620316112510310011414217520522523022119616212910710211614417921126 720X2 034256125223199999999999999 640 99184510199999999999999
23424323621518314912110610712114417019320721120418616314213013214616919426 721X2 1 3243135121199999999999999 727105192312999999999999999
21622923022019917114412211111212314116117919219819618717316015315616618226 722X2 137231151519899999999999999 824110201415399999999999999
19921322021920919116814312411311211913215016818319419819518717717016917326 723X2 22422117 319899999999999999 939111214316999999999999999
18319520621421420719116914512411010510912214116318420020920820118917817126 724X2 33621518272109999999999999911 3105233517099999999999999
170177188202213217211195171144118100 93 9711313716619321322322221019317526 725X2 45721719212249999999999999912 7 93999999999999999999999
163161169185204219226219199170137106 85 79 8711014117720923023823121218626 726X2 6 122620 023899999999999999 0431601256 7999999999999999
163150150164187213232238227200163123 89 68 66 8211415419622924724823220326 727X2 651238203324999999999999999 1291481337 6599999999999999
171146136143165197228247248230195149104 69 53 59 8612717521824825925022326 728X2 73425021 325999999999999999 2 61361413 5399999999999999
186151129125142174213245260254226181129 81 51 44 61 9914920124126326424326 729X2 812261213226699999999999999 2391241447 4399999999999999
206163129114122149190232261268252214161105 60 39 44 7412217822726027226026 730X2 849269215927299999999999999 3111141518 3899999999999999
227181138111106125163209249271269243196137 82 46 37 55 9715220825127227126 731X2 925273222627599999999999999 3421051550 3799999999999999
246203154115 98105134179226261274262227174115 67 43 47 7812818523526627526 8 1X210 2274225327599999999999999 413 971621 4199999999999999
260224175128 99 92110148196239265269249207153 99 63 52 6910816121425327126 8 2X21039270231927399999999999999 445 921653 5299999999999999
267241198149109 89 93119161207243261257232189138 95 71 73 9814119123426026 8 3X21120262234726799999999999999 520 881726 6999999999999999
266252218173129 97 87 98129170210238250242216176135103 9110113017121224326 8 4X212 5250999999999999999999999 558 8718 2 9199999999999999
257254233197155117 93 8910413417020422723522720517414212111713115819122126 8 5X2 01825813 023599999999999999 642 88184311799999999999999
241247239216183146114 94 9210613116119021122021720318116014614515617619926 8 6X2 055248141422099999999999999 738 91193614499999999999999
219232235227208179147117 97 9210011914517219521021521119818317116617018126 8 7X2 14623616 221599999999999999 853 9221 016699999999999999
195210222227224210186155123 98 86 8610012415318320722322722020518917717126 8 8X2 3 82271750227999999999999991027 84231417199999999999999
173183198214227231222199165128 94 72 66 7710414018021523924724122119617326 8 9X2 45023119 3247999999999999991150 66999999999999999999999
159157167188214236247240215175127 83 53 44 57 9013718723125926725622719026 810X2 6 8247195526899999999999999 0401561254 4499999999999999
158139137154185222253266259228178119 66 32 25 44 8714520525227928226021926 811X2 7 9267203728499999999999999 1341361347 2499999999999999
172134116120147190237271285272234173105 48 17 15 44 9816522827329428625226 812X2 8 2285211529499999999999999 2181151432 1299999999999999
198145108 96110149202253287296277229160 89 35 11 20 6012319325228929827826 813X2 850296214929999999999999999 258 961514 1099999999999999
230170117 87 84110158216266295297269214142 75 31 19 40 8915722227129529026 814X2 934299222129699999999999999 335 821552 1999999999999999
256200139 94 74 83119173229272292286251193125 70 40 41 7312819224728028826 815X21016293224828999999999999999 411 741627 3799999999999999
269225167113 80 73 92134188237269279265227171115 75 61 7611516822126027726 816X21056280231327899999999999999 446 721659 6199999999999999
270240192139 97 77 82109151198236257258239202156115 92 9211515520123926126 817X21135260233526599999999999999 519 761729 8999999999999999
263245209163121 93 85 9712716420022623823421418315012511712715318722124426 818X21215239235725199999999999999 552 84175811799999999999999
251242218183145115 98 9811414016919421121721219717615614414515818120522626 819X213 1217999999999999999999999 629 96182714399999999999999
23623422119716814011910911212614516518219419919819018017016616918019420826 820X2 022237141420099999999999999 71410919 416699999999999999
21922221820518716514412812012112814015416818018919419519218818418418719326 821X2 058222163919599999999999999 825120203318499999999999999
20020620920720118817215413812612012112814015617318920220820820319518718226 822X2 2142091828209999999999999991025120233618199999999999999
18118619320220720719818316214112211010611312815117620021722522221019417726 823X2 4282081913225999999999999991151106999999999999999999999
167165173187204217220212192165135109 93 9010112515619121923623922920718026 824X2 547221194324099999999999999 0391651242 8999999999999999
158147151167191217234236223195158120 89 74 77 9713217421324125324722419126 825X2 639237201025399999999999999 1161471320 7399999999999999
158135130143170205236253249227188141 97 67 58 7210515120023926226324420826 826X2 721254203526599999999999999 1471301353 5899999999999999
165130114119144184226258268256222172117 72 50 52 7912518023026427626322826 827X2 758268205927699999999999999 2171131424 4799999999999999
180134104 98116155205250276278254208148 91 53 42 58 9915621525928227925026 828X2 835280212428499999999999999 245 971454 4199999999999999
201146103 83 90123174228270288279244187123 71 44 46 7713019224628028826926 829X2 911288214828899999999999999 314 821524 4199999999999999
225167112 78 71 92137195248282290271225164103 61 48 6510816722627028928126 830X2 947291221328999999999999999 344 701555 4899999999999999
247193132 85 63 69103156214261285283255204144 93 65 66 9514520225128028426 831X21025287223928599999999999999 416 621627 6299999999999999
262218160105 68 59 77119173225262277267234185134 96 83 9513117922826327626 9 1X211 627723 527799999999999999 450 5917 0 8399999999999999
267236188134 89 64 66 9113318322525226024721617413611211013016420524026026 9 2X21151260233526499999999999999 527 62173510899999999999999
262244211166121 86 71 7810414118121423423822720417414913714116018821723826 9 3X21246239999999999999999999999 611 71181413799999999999999
247242223193157121 95 84 9011013916919521221921520218617116416818019721326 9 4X2 0 924714 721999999999999999 7 7 8419 816499999999999999
225229225211189162133110 97 9610712514817219320721421220419418718318519026 9 5X2 1 0229161921499999999999999 833 9521 918399999999999999
198206213216212199178151124103 92 9310512615318220722423022521319718217326 9 6X2 25621618 3230999999999999991028 91234517199999999999999
171177190206219225219199168132100 78 72 8310914518521924325124222019216626 9 7X2 5 12251858251999999999999991152 72999999999999999999999
149146157180209234247242218178130 87 59 52 6710215020024126526724921317226 9 8X2 614247193826999999999999999 0431461249 5299999999999999
138121123144181223255270262230178119 69 41 39 6411117022526528327524119126 9 9X2 7 9270201228399999999999999 1241191334 3699999999999999
141106 94107142192242277288273230167102 52 30 38 7513419925328529126821926 910X2 756288204329299999999999999 2 0 941414 2999999999999999
159107 78 76102151210262292297271218149 84 43 32 5310216723127629528624726 911X2 839298211129699999999999999 234 731451 3299999999999999
186124 78 59 71110168229276298293258198129 74 45 48 8213920425828829226626 912X2 919300213729499999999999999 3 7 591524 4299999999999999
214149 92 58 54 78128189244281293278235174114 73 60 7712017923527428727426 913X2 95729322 128799999999999999 339 521556 6099999999999999
235177116 71 52 62 97150207252276277254209154108 84 8611416121325527627326 914X21033280222227799999999999999 4 9 521625 8299999999999999
245198142 93 64 60 8112217221825026225422618514311410511915219523526026526 915X211 7262224326699999999999999 439 58165310599999999999999
248213166119 84 69 7710414418521923824222920217014312913215218421724225226 916X2114224223 425299999999999999 5 9 69171912899999999999999
244220184144109 88 84 9912615818921022121920718816715314915917820222323526 917X21222222232823799999999999999 541 83174714999999999999999
23522119716613611210110311713916218119520220119418417516917017919220621626 918X21322203235822099999999999999 620100182016999999999999999
22021520218316114012511711912714015416817918719219319218918618618819119626 919X21554193999999999999999999999 721117194318699999999999999
20020220019418316915314013012512513014015316718219520320620419819018317826 920X2 1 120218 320699999999999999 927124232917899999999999999
17918318919419719318316815113312011311512514316518920822022221419918116626 921X2 3571971842222999999999999991118113999999999999999999999
158160170185201211210199178152126105 9610011714417620622823723221318716026 922X2 52821219 823799999999999999 0191581212 9699999999999999
141136146167194218230228210179142108 85 79 9111915719823124925023119916126 923X2 621231193125299999999999999 0511361250 7999999999999999
130115119141175212240251241213170123 86 67 70 9413518322725626525121717126 924X2 7 2251195426599999999999999 1181141322 6599999999999999
127 99 93110147194237264268248206152100 65 55 7110916221625727627124018926 925X2 740269201727799999999999999 145 921353 5599999999999999
134 91 71 79112164219263283277245191129 79 53 55 8513719724928028526321426 926X2 817284204128799999999999999 213 711424 5099999999999999
152 94 59 53 76124187245283294277233170108 66 52 6811117123127529228124126 927X2 85429421 729299999999999999 243 511457 5299999999999999
180113 61 37 46 84143210264294295268215151 95 65 65 9314520625828728926326 928X2 933298213429299999999999999 314 371530 6199999999999999
211143 80 39 29 51100164227272292285250196137 94 77 8912617923327228627426 929X2101429322 228699999999999999 348 2916 5 7799999999999999
236178113 59 32 34 6611818023426928026623018113410510012015920624727127226 930X21057280223227499999999999999 425 291640 9999999999999999
250207151 95 54 39 50 841331862282542592442131741411251291511852212472582610 1X2114626023 525899999999999999 5 5 39171812499999999999999
250224184137 93 64 55 69 991401802122312352252031781581501561741972202342610 2X21247236234423799999999999999 552 5518 315099999999999999
237227205173137105 82 76 851061351651902082162152041901781721741821942052610 3X21418217999999999999999999999 654 76191317299999999999999
213216211198177151125104 92 921031221451701922082162152071951841771751772610 4X2 050216162321699999999999999 830 9122 217599999999999999
183192201206204193173147121100 90 911051281571872122272302212031821641532610 5X2 3182061744231999999999999991022 89234015199999999999999
151160176196213221215195163128 97 79 77 911201581962272452452271981651382610 6X2 5 62211830247999999999999991138 76999999999999999999999
124125142171204230243237211170124 86 66 66 871251722172482612522211781352610 7X2 61224319 526199999999999999 0251221230 6399999999999999
106 95105134177220251263252217166113 73 56 63 951441972422682702462011472610 8X2 7 2263193527299999999999999 1 2 951312 5599999999999999
101 74 72 95139192240271277257212153 98 63 54 731151722272652792672281702610 9X2 74627820 327999999999999999 135 701349 5499999999999999
111 68 51 62 99154213259283281251197136 86 61 64 94146205253279278250197261010X2 826286202928299999999999999 2 7 511424 5899999999999999
133 77 45 41 66115176233272287274235177120 81 68 84125181234270280264221261011X2 9 4287205428199999999999999 238 391456 6899999999999999
160 98 52 34 44 82138199248276280257212157110 84 86113160213254275269238261012X2 939282211727699999999999999 3 8 341527 8299999999999999
186124 71 40 37 61107164217254271264234189142108 97111145192235262266247261013X21013271214126899999999999999 337 351557 9799999999999999
205151 97 57 41 52 85133184226251257242209170135115117139175215245257248261014X2104625722 425799999999999999 4 6 41162611399999999999999
218174124 81 57 54 74111155196226240237218189159137130140165197226243242261015X21120241222924599999999999999 436 52165513099999999999999
224191149109 80 67 74 98132167197216223216199178158147148161183206224230261016X21158223225723099999999999999 5 8 67172614699999999999999
222201170137107 89 84 95116143169189202205200189176166161164175189203211261017X21252205233221299999999999999 547 8418 716199999999999999
211202184161136116104102110125144162177188193193190183177173173177183189261018X21433194999999999999999999999 641101193117399999999999999
194194189178163146130119114116124136151166180191197199195187178171167167261019X2 035194164319999999999999999 812114222816699999999999999
171177183186183174160144128117112115125141162182199210211204189171155146261020X2 3 418617392129999999999999910 8112233414599999999999999
146153167183194198191175152129110101103117140168196217226222205179151130261021X2 4501981812226999999999999991118100999999999999999999999
121126143168194212217207184152120 96 87 94116149186218237240224193154120261022X2 550217183824199999999999999 0 912112 4 8799999999999999
 99 96112143181215235237220186143105 81 77 93126170213243255246214168119261023X2 63623919 425599999999999999 039 951242 7699999999999999
 83 68 77108154203240258253225180129 89 69 74101146198241265265240192133261024X2 717259193026899999999999999 1 8 681318 6899999999999999
 80 49 44 67114173228265277263223168113 76 65 81120174228265278264222160261025X2 758277195927899999999999999 139 431355 6599999999999999
 94 44 22 30 69128195250282287263214153101 72 71 97145203253280280251195261026X2 840289202928499999999999999 213 211432 6899999999999999
125 59 17  6 28 79147215265290287255201141 96 77 86121173228268283270229261027X2 92329321 228399999999999999 249  61511 7799999999999999
165 94 35  3  4 37 95164227270287277240187135100 91108147198244272275251261028X210 8287213727799999999999999 328  01551 9199999999999999
203138 73 24  4 14 53111175229263274260224177135112111132170213247263257261029X21056274221426499999999999999 410  4163210899999999999999
229180121 66 29 17 32 71123177221247254240210173143128132153184216239246261030X21149254225524699999999999999 456 17171712799999999999999
236208165117 73 44 37 53 85128171206228234224202176155145149164186207222261031X21253234234822699999999999999 548 37181314499999999999999
225216194162124 89 66 60 70 941261601892092192162021841661561551621751892611 1X21415219999999999999999999999 653 59193615599999999999999
200206203191169140111 88 78 81 961201481761992132162081921731581491481542611 2X2 112206154621699999999999999 817 77213914899999999999999
166180193200197183159131105 89 85 931141411721992172232151951711471311252611 3X2 316200165522399999999999999 949 8423 212599999999999999
130145167190206211201177146114 92 83 901121431782082282322181911571251052611 4X2 45121117442329999999999999911 3 832353 9899999999999999
 99108132164196219227217190152115 90 81 91117154193224241237214176132 972611 5X2 5572271821242999999999999991158 81999999999999999999999
 77 76 94129171210235242227193149110 85 81 971301732142412502362001511022611 6X2 650242185325099999999999999 033 741243 8099999999999999
 67 53 61 91137186227250252229188141102 83 851101511972352542512241761202611 7X2 734254192225699999999999999 1 8 531323 8199999999999999
 71 43 38 59100154206243261254223176129 96 84 961301762212512582422021452611 8X2 814261195025999999999999999 141 371359 8499999999999999
 88 46 27 35 68119176224255264247209161118 93 921141542012392582532231732611 9X2 851264201725999999999999999 212 271434 8999999999999999
113 61 29 23 44 87143197239260258233191145110 96105136179222250256238197261110X2 926262204525799999999999999 243 2215 7 9699999999999999
142 85 42 23 30 62111166214246257245214172133108105123159201235251245215261111X2 959257211325299999999999999 314 22153910399999999999999
168113 65 34 28 46 86136185223245245226193156126112119144180216239244227261112X21032248214324599999999999999 345 27161111299999999999999
190142 93 55 36 41 68109155196224236229206176146126122135162194221234229261113X211 7236221323599999999999999 417 36164412199999999999999
205166122 82 55 47 60 90129168199218222211190165143132134150175200217221261114X21145222224722299999999999999 452 47171913199999999999999
210184149111 81 63 63 80108141172196208208197180161146140145159178195205261115X21230209232720799999999999999 530 6118 314099999999999999
205192169139110 88 77 80 96120147171189198198190177163151146149159171183261116X21330199999999999999999999999 616 7619 814699999999999999
190190180162140117 99 90 93105124146167184193196191180167154146144148157261117X2 025191145019699999999999999 716 90204714399999999999999
168177180177165148128111101100108124144165184196201197185167148134128130261118X2 2 118016 220199999999999999 835 99221412799999999999999
140155170181184177161140120105100106122144169191207211204185159132112104261119X2 347184165321199999999999999 95610023 910499999999999999
108124148173191199194176150123104 96103121149179206221222207177140105 83261120X2 5 519917332249999999999999911 1 962350 7799999999999999
 77 88114150185210219212189155121 98 91100125160196225237230203161113 73261121X2 6 421918 9237999999999999991155 91999999999999999999999
 51 51 73112160203232241228197155116 92 87102134177217243249231191136 80261122X2 655241184525099999999999999 029 481244 8699999999999999
 39 22 31 66118176224253258239199151109 87 87109149196237258255225173108261123X2 743259192226099999999999999 1 8 221330 8499999999999999
 48 10  0 20 66129193242269269243196144104 85 91120166216253266253213151261124X2 83127220 226699999999999999 149 -11416 8499999999999999
 81 22-11-12 18 73142207254277272239189138101 88100135184231262267246197261125X2 919278204326899999999999999 232-1615 1 8899999999999999
130 60  6-20-14 24 84154216258276265230180132101 95112151198239262261233261126X210 8276212626599999999999999 318-221546 9499999999999999
180113 48  1-18 -5 36 97163219255267253217171129105104125163205239255248261127X21058267221225699999999999999 4 5-18163310299999999999999
217166103 46  6 -5 11 53109167215245252237204163129111114135169204231241261128X2114925323 224199999999999999 454 -6172211099999999999999
231202156102 53 22 15 33 70119169208232236222193159131118121139166194215261129X21244237999999999999999999999 546 14181711799999999999999
223215190152107 68 43 39 55 87127168200219223210186157133121122135156178261130X2 0 0223134322399999999999999 642 38192412099999999999999
196205201184155119 87 66 62 751001331661932102142031811551321181151231392612 1X2 113205144521499999999999999 744 62204411599999999999999
159178190193184163134107 88 82 911101371661912062102001791511261081011062612 2X2 245193154721099999999999999 854 8222 510199999999999999
121142164183192190174150124105 97101118142169193208211199175143113 92 832612 3X2 41819316412119999999999999910 7 962310 8399999999999999
 88104130159183198200187163135114104108123148176200214213197166129 95 722612 4X2 5362011728216999999999999991115104999999999999999999999
 64 72 95127162192209211197170140117107111129157187211221214190152110 742612 5X2 63721218 822199999999999999 0 1 64121310699999999999999
 52 48 63 94134174205222221201170138114106114137169201222226211178133 872612 6X2 726224184422799999999999999 042 4713 110699999999999999
 52 35 39 631021481902202332251991631301081041191481842152312272021611102612 7X2 8 7233191923299999999999999 119 34134310499999999999999
 64 33 24 37 711181672082342392231901511191021061281632002272362221881382612 8X2 844240195323699999999999999 154 24142110199999999999999
 86 43 20 21 45 871391882242412372131761371091001111411802152362342101682612 9X2 919243202723899999999999999 228 171456 9999999999999999
114 64 28 14 26 60108161205234242228197158122102102122158197227238226193261210X2 95224221 023899999999999999 3 2 141530 9999999999999999
145 91 46 19 17 39 80131181218237235213179141111100109137174210232233212261211X21024239213423599999999999999 335 1516 310099999999999999
172122 72 34 18 27 58103153196224233222195160127106104121152188216229221261212X2105723322 822999999999999999 4 8 18163610299999999999999
193150102 58 31 26 45 81126170205223223206177144118106112133164195215220261213X21130225224322099999999999999 442 25171110699999999999999
205173131 88 53 36 41 65103145183208217211191162134114109120142170194208261214X212 5217232320999999999999999 517 35175010999999999999999
206188156118 82 56 48 60 87123160189206210199178152128113112124144168187261215X21243210999999999999999999999 554 48183611199999999999999
196191174146113 84 66 65 79106138168191203203190170145124111111121139159261216X2 011196132720499999999999999 636 63193310999999999999999
176184181167144117 94 80 81 96119147173192201199186165140118104102110127261217X2 115184141920199999999999999 727 79204210299999999999999
147165176178169151128108 95 95107127151175193201199185162134108 91 86 93261218X2 239178151720299999999999999 830 942153 8699999999999999
111134158175183179165144123108105113130153177196206203187159125 93 71 64261219X2 411183161720799999999999999 9461052256 6499999999999999
 72 94124156182196197184161136116109114130154182204215210189154111 72 46261220X2 53319817142159999999999999911 61092353 3999999999999999
 39 50 79119160194214217203175144119108111128157189215226218191147 95 49261221X2 64021818 7226999999999999991217107999999999999999999999
 20 14 31 68118169210233236218184146116102106128162200228238226190137 76261222X2 738238185823899999999999999 046 13131710199999999999999
 25 -5 -8 16 63123181226251251227186143109 95102130171212241249231187125261223X2 830254194824999999999999999 137-101410 9599999999999999
 59  5-24-22 10 65132195241263258228181133 99 88100134181225252255231181261224X2 920265203725799999999999999 226-271459 8899999999999999
113 43-10-35-27 12 74144207251268257220169121 90 83102141191234258256226261225X210 7268212626099999999999999 315-361545 8299999999999999
171101 32-17-35-21 24 89159218255265247206153108 82 82106149198237256249261226X21052266221525799999999999999 4 3-351630 7999999999999999
216159 90 27-14-24 -3 45109173224252254231186136 97 78 84112155199233246261227X2113525723 524699999999999999 449-251715 7799999999999999
236201147 85 31  0 -2 24 72131185225243238210166122 90 78 89117156194220261228X21217244235622999999999999999 534 -418 1 7899999999999999
229217185137 85 44 24 29 57101150192220229218189149112 87 81 93119151182261229X21257229999999999999999999999 618 231850 8199999999999999
202208197171133 93 64 53 62 89125163194212213199172137107 88 83 94115141261230X2 053208133721599999999999999 7 2 531946 8399999999999999
165182188181162135108 89 84 95117145173193203200185159129103 86 82 89105261231X2 2 0188141720499999999999999 747 842051 8299999999999999
