 11 35 66 97123141148145134119104 95 97107122136146145132107 74 38  6-1426 1 1X5 6101481629147999999999999991122 952336-1899999999999999
-16  0 30 66102132152159154140121103 93 96108125141151150134105 67 27 -726 1 2X5 7 41591724152999999999999991219 93999999999999999999999
-27-26 -4 30 71110141160164156139116 97 88 94110130148157154134101 60 1826 1 3X5 749164181615899999999999999 026-2913 6 8899999999999999
-17-34-27 -1 38 80119148164164152131107 88 83 93112134152161154131 95 5226 1 4X5 83016619 616199999999999999 114-341349 8399999999999999
 11-20-32-20 11 50 92128153163158142119 95 80 79 93115137154159149123 8726 1 5X5 9 8163195416099999999999999 159-321431 7799999999999999
 46  8-17-22 -4 28 67105136155158148129106 84 73 77 9411613615015314011326 1 6X5 944158204015499999999999999 241-231513 7299999999999999
 79 42 11 -7 -4 18 50 85117141152150136116 93 74 68 76 9311313114214112726 1 7X51016153212714399999999999999 322 -81555 6899999999999999
102 72 42 19 10 19 43 72102127143147139123102 81 67 65 75 9110812213012726 1 8X51047147221513099999999999999 359 101639 6499999999999999
114 93 70 47 33 32 45 67 92116133142139128110 91 73 63 63 72 8510011111726 1 9X51115142231011799999999999999 435 311728 6199999999999999
114104 89 72 58 51 55 69 88107124135137130117100 81 66 59 59 67 78 9010026 110X51144137999999999999999999999 5 8 511824 5899999999999999
105104 99 90 80 72 71 76 88102116127132130122108 91 75 61 54 54 60 69 8026 111X5 024105121413299999999999999 544 701932 5399999999999999
 90 97100100 96 91 88 88 92100110119125127124115102 86 69 56 48 46 51 6026 112X5 219101125412799999999999999 630 872046 4699999999999999
 72 84 95103107107104102100101105111117122124120112 98 81 64 49 39 36 4126 113X5 430107135212499999999999999 8 61002151 3699999999999999
 52 67 84 99111117118116111106104104109114120123120111 96 77 56 39 28 2626 114X5 54611815 41239999999999999910151032244 2599999999999999
 33 48 68 89108122128128122113105100100106114121125123112 93 70 46 26 1626 115X5 62612916 91269999999999999911281002327 1499999999999999
 16 28 49 74 99120133137133122110 99 94 96105117127131126111 88 60 33 1326 116X5 65713717 1131999999999999991210 94999999999999999999999
  4 10 28 55 85112132142142132117101 90 88 96109124135138129108 79 47 1826 117X5 725143174413899999999999999 0 6  41242 8899999999999999
  0 -3 10 35 67 99126143147140125106 90 82 85 99117134144142127100 67 3226 118X5 752147182414599999999999999 041 -41311 8299999999999999
  4-10 -5 16 48 83115139149147134114 93 78 76 87106126143150143121 89 5226 119X5 81815019 215099999999999999 115-101341 7599999999999999
 18 -6-13  1 29 65101130148151142123100 79 69 74 91113135149151138111 7626 120X5 844152194015299999999999999 149-131412 6999999999999999
 39  7-10 -8 14 48 84118142152148132109 85 67 62 74 96120140150148129 9926 121X5 911153201915199999999999999 222-121445 6299999999999999
 64 29  3 -6  6 34 69103132149151140119 94 70 56 59 76 9912314014714011926 122X5 93815221 114799999999999999 256 -61521 5599999999999999
 89 56 26  8  8 26 57 90120142151145128104 78 57 49 56 7610012113614013026 123X510 6151214714099999999999999 331  516 1 4999999999999999
109 82 54 32 21 28 50 79108131146147135114 89 64 47 43 54 74 9611512712926 124X51035148224113099999999999999 4 7 211645 4399999999999999
120102 81 60 45 42 52 73 98120137143138123101 76 54 40 39 49 67 8710511626 125X511 5143234811999999999999999 444 411736 3899999999999999
119113101 87 73 64 65 76 93111126136137129112 91 68 48 35 33 42 57 75 9226 126X51138138999999999999999999999 526 631839 3399999999999999
105111111106 98 91 86 87 94105117126132130122106 86 64 44 30 26 31 43 6026 127X5 129112122013299999999999999 622 851959 2699999999999999
 79 95107114116114109105103104109116123127126120106 87 65 42 25 15 17 2826 128X5 353116132712799999999999999 8 81032123 1599999999999999
 46 68 90109122129129125117110106106111118124127124112 92 67 40 17  3  126 129X5 53413015 11279999999999999910241052236  099999999999999
 13 35 62 91116133142142134121108 99 98105116127134132120 97 68 35  7-1126 130X5 6271431622134999999999999991137 982335-1399999999999999
-12  3 31 64 98126145152148135116 98 88 89101117133144143128101 65 28 -426 131X5 7 61521726145999999999999991222 87999999999999999999999
-22-20  1 35 73110139155157146127103 83 75 83101123142153150131 99 60 1926 2 1X5 738157181915499999999999999 024-2313 0 7599999999999999
-13-27-18  9 47 88124149159154137112 86 68 66 80104129150160153129 93 5226 2 2X5 8 815919 716099999999999999 1 7-271336 6499999999999999
 11-17-24 -7 26 66106138156158145122 94 68 55 61 82109135154160148121 8426 2 3X5 836159195116099999999999999 146-241411 5599999999999999
 43  7-13-10 14 50 89123148157150131104 75 53 48 61 8511313715215313710926 2 4X5 9 2157203315599999999999999 222-151446 4799999999999999
 74 38 10  0 12 41 76110137152152137113 85 58 43 46 64 8911413514514112426 2 5X5 926154211514699999999999999 256  01521 4299999999999999
 96 66 37 20 21 40 69100127145150140120 94 68 47 40 48 68 9111312913412726 2 6X5 949150215713499999999999999 327 181557 4099999999999999
110 87 63 44 38 47 68 94118137145141126103 78 55 42 41 52 70 9010811912126 2 7X51010146224212199999999999999 355 371633 3999999999999999
114 99 82 66 57 59 72 91112129139139129111 89 67 49 41 44 55 70 8710010826 2 8X51030140233811099999999999999 421 561714 4199999999999999
109104 95 84 76 74 80 92108121131134129116 98 79 61 48 43 46 55 67 80 9126 2 9X51051134999999999999999999999 446 7418 4 4399999999999999
 98101100 96 92 89 91 97106115123126125118106 91 75 60 50 45 46 52 61 7226 210X5 110101111512799999999999999 5 9 891917 4599999999999999
 83 92 98102103103103105107111115117118117111102 90 76 62 51 44 42 45 5326 211X511531189999999999999999999992055 42999999999999999999999
 64 77 90102110114115114112110108108110112112110104 93 79 64 49 38 33 3526 212X5 55211513481129999999999999910281082215 3399999999999999
 44 59 77 95110121125124119112105100100104109114115110 99 81 62 42 28 2126 213X5 616126154311599999999999999113310023 9 2199999999999999
 25 39 59 83105123132134128117104 94 90 94103113122124118102 80 54 31 1426 214X5 63913416481259999999999999912 2 902350 1099999999999999
 10 19 39 67 95119136141137124107 91 82 82 92108123134135124102 73 42 1626 215X5 7 21411736135999999999999991227 81999999999999999999999
  1  2 20 48 81111135146145133113 92 75 70 79 96118136145142125 96 62 2826 216X5 723147181714699999999999999 025  01252 7099999999999999
  2 -7  3 30 64100129148152142121 96 72 59 63 80105129148154145121 86 4826 217X5 745152185615499999999999999 058 -71319 5999999999999999
 14 -7 -7 14 48 85120145156150131104 75 53 47 60 86115140156158142112 7526 218X5 8 7156193515999999999999999 130-101348 4799999999999999
 36  6 -7  4 33 71108138156156141114 83 53 37 40 62 9212314715915513410226 219X5 831158201616099999999999999 2 2 -71420 3599999999999999
 65 30  7  5 25 58 95128151159149125 94 61 35 26 38 66 9812714815714812426 220X5 856159205915799999999999999 235  31455 2699999999999999
 93 60 31 18 25 51 84116142156153135106 73 42 22 21 40 6910012614414813726 221X5 922157214514999999999999999 3 9 181532 1999999999999999
115 88 61 42 38 52 78106131148152141118 88 56 30 17 22 42 70 9712013413626 222X5 948153223813799999999999999 343 371613 1699999999999999
126109 89 70 60 62 78100121138146143127102 74 46 26 18 25 43 66 9010912126 223X51014146234612499999999999999 419 5917 1 1899999999999999
124118107 95 85 81 86 99114128137138131114 92 68 45 28 22 27 41 59 78 9526 224X51042139999999999999999999999 457 8118 2 2299999999999999
108114115112107103101105111119126129128121107 90 70 50 35 26 26 34 48 6426 225X5 140115111712999999999999999 5481011929 2599999999999999
 82 97109117121121119116114113115117119120117109 96 78 59 41 28 21 24 3426 226X5 431121123912099999999999999 8381132114 2199999999999999
 51 72 93111125132133129121112106104106111117120117107 90 68 45 25 13 1226 227X5 54113415 41209999999999999910571042233 1199999999999999
 23 44 70 97120136143141131117102 92 90 97109121130130120100 73 43 18  226 228X5 6161431633131999999999999991139 902329  099999999999999
  3 18 45 76107132147150141124103 84 75 79 93112130142143129104 72 37  826 3 1X5 6431501732144999999999999991212 74999999999999999999999
 -6  0 23 55 91123145154150133109 83 64 60 72 94119141154151133103 66 2926 3 2X5 7 7155182115599999999999999 013 -61243 5999999999999999
  1 -7  7 37 73110139155155142118 88 60 46 51 72100129151160153130 96 5726 3 3X5 73015719 416199999999999999 051 -71314 4699999999999999
 21  0  2 25 59 96129152158149126 96 64 41 35 50 77109137157161148121 8526 3 4X5 753159194416199999999999999 125 -21345 3599999999999999
 49 19  9 21 50 85119145158154135106 73 43 28 32 55 8511614215615513710926 3 5X5 815158202315899999999999999 157  91416 2799999999999999
 76 44 25 26 46 77109137154155141115 83 52 29 23 37 63 9312214315114412426 3 6X5 83615721 215199999999999999 227 231447 2299999999999999
 97 69 47 39 49 73102128147154145123 94 63 36 22 26 45 7210012313814113126 3 7X5 856154214114199999999999999 255 391517 2199999999999999
112 89 68 56 58 74 97121140149146129104 75 48 29 24 34 55 7910312113012926 3 8X5 915150222113199999999999999 322 551548 2399999999999999
119103 86 74 70 79 95115131142143132112 87 61 40 29 31 44 63 8310211512026 3 9X5 935144231012199999999999999 347 701622 2899999999999999
118110 99 89 84 87 97110124133137131118 98 76 56 41 35 40 51 66 82 9710726 310X5 954137999999999999999999999 411 8417 2 3599999999999999
111110107101 97 97101109117124128127119106 90 72 57 47 43 47 54 65 77 8926 311X5 022111101512899999999999999 436 961759 4399999999999999
 98105108109108108108111114117119119116110100 89 76 63 54 49 49 52 59 7026 312X5 259109103611999999999999999 5 91071938 4899999999999999
 81 93104112116118117115113111109109109109107102 94 83 71 59 50 44 44 5026 313X5 5 61189999999999999999999992132 44999999999999999999999
 62 77 94109120126127123116108101 98 99103108111110104 92 76 59 44 35 3426 314X5 5351271519112999999999999991114 982237 3399999999999999
 42 59 80102120132136132122108 96 87 87 93104115122122114 98 76 53 34 2326 315X5 5581361633123999999999999991135 862321 2299999999999999
 25 40 63 90115134143141130112 93 78 72 79 93111127136135122 99 71 43 2126 316X5 6181441722137999999999999991157 722357 1499999999999999
 14 23 46 76107132148150139119 94 71 58 60 76100124142150144124 95 62 3126 317X5 63815118 5150999999999999991222 57999999999999999999999
 11 11 30 60 95126149157149128100 70 47 41 53 80110137156161149123 88 5226 318X5 659157184616199999999999999 031  91249 4099999999999999
 22  9 19 46 82117145160158139110 75 43 25 29 53 87121150166165148117 8126 319X5 722162192816899999999999999 1 4  91320 2499999999999999
 45 20 17 36 69105137159164150122 86 49 19 10 25 57 9513015717016414211126 320X5 747164201117099999999999999 138 151353 1099999999999999
 75 44 28 35 61 94126152164159136101 62 26  3  4 27 6310113415816615713526 321X5 813165205716699999999999999 212 281428  099999999999999
105 75 51 45 59 86116141158161146117 80 42 11 -3  6 33 6810313315315714726 322X5 840162214615899999999999999 248 4515 7 -399999999999999
127103 80 65 67 84108131148156151130 99 64 30  7  0 13 40 7110112614214526 323X5 9 7157224314599999999999999 324 641549  099999999999999
137122105 90 84 89104122137147148137115 86 56 29 12 10 22 44 69 9411512826 324X5 935149999999999999999999999 4 3 841638  999999999999999
132129121112104101106116126135138135123105 82 58 37 24 22 30 45 64 8410226 325X5 0 013210 513899999999999999 4491011742 2199999999999999
115123126125121117114115118122125126123115102 86 67 50 37 32 33 42 56 7426 326X5 2 8126104812699999999999999 6111141915 3199999999999999
 91108120128131130125120115111111112115116114108 97 81 64 49 37 33 37 4826 327X5 41013113 011699999999999999 94311121 2 3399999999999999
 66 87107124135139136127116104 97 96100107115120119110 95 75 55 37 28 3126 328X5 5 41391521121999999999999991044 952218 2899999999999999
 44 65 90114133143144136121103 87 79 81 91106121131132123105 81 55 34 2426 329X5 5361451638133999999999999991117 792310 2499999999999999
 29 47 72101126144150144129107 83 66 62 71 89111131144144132109 81 51 2926 330X5 6 01501732145999999999999991148 612351 2399999999999999
 23 34 58 87117141153151137114 86 60 46 50 68 93120143154151134108 76 4626 331X5 6221541818155999999999999991218 45999999999999999999999
 27 28 47 76107135153157145123 93 61 38 32 45 71102131153161152131102 6926 4 1X5 644157185916199999999999999 027 251247 3299999999999999
 42 32 42 67 98127150159152132102 68 38 22 27 49 80113142159161148124 9326 4 2X5 7 5159193716299999999999999 1 0 321316 2199999999999999
 63 44 44 62 90119144158157140112 78 44 20 15 30 58 9212414916015714011426 4 3X5 727160201516199999999999999 131 421345 1499999999999999
 86 62 53 62 84112136154158147122 90 55 26 12 17 40 7110313215115614812926 4 4X5 748159205215699999999999999 2 0 531414 1199999999999999
105 82 67 67 82105129147156151131102 68 37 16 12 26 53 8311213614914813726 4 5X5 8 9156212915099999999999999 229 651442 1299999999999999
119 99 82 76 84101121139150150137113 83 52 28 16 21 39 65 9311713514213826 4 6X5 83115222 814299999999999999 256 761513 1699999999999999
127112 97 87 88 99115130142146139121 96 69 44 27 23 33 52 75 9811813013326 4 7X5 854146225413399999999999999 324 871546 2399999999999999
129120109 99 96101111122133138137126107 85 62 43 33 34 45 61 80 9911412326 4 8X5 918139235712599999999999999 355 961624 3299999999999999
125123117110106105110116123129130125114 98 80 62 49 43 45 53 66 80 9510826 4 9X5 944130999999999999999999999 4331051716 4399999999999999
116120121119116113112113116119120120115107 95 82 69 58 52 52 56 65 77 9026 410X5 143121101912199999999999999 5471121835 5199999999999999
103113121125125122118114111109109110111110106100 90 78 67 58 53 54 60 7226 411X5 33012512 511199999999999999 9251092025 5399999999999999
 87102116127132131126117108101 97 98102108112113109100 87 73 59 50 48 5526 412X5 4221321445113999999999999991020 972145 4899999999999999
 69 88108125137140135124109 95 84 82 87 98111121125122111 94 74 56 44 4226 413X5 45314016 7126999999999999991048 812238 4199999999999999
 53 72 96120138147145133114 92 74 64 67 81100120135141135120 98 72 50 3726 414X5 51814717 3141999999999999991116 642320 3799999999999999
 40 57 83111135151154143122 95 68 48 44 57 80108133150155146125 98 68 4526 415X5 5421551750155999999999999991145 442359 3699999999999999
 36 45 69100129151161155134104 70 40 24 29 52 85119147165166152127 96 6526 416X5 6 71611836168999999999999991216 23999999999999999999999
 43 41 58 87119146163164147117 80 42 13  5 20 53 92130159174172154126 9426 417X5 633166192217599999999999999 037 391251  599999999999999
 64 49 54 77108137159169160134 97 55 17 -6 -5 20 5810013816517717215212426 418X5 7 216920 917899999999999999 114 481327 -999999999999999
 93 68 61 73 98126151166167149116 76 34  0-16 -6 25 6510514116517416614726 419X5 732169205917499999999999999 153 6014 6-1699999999999999
121 95 78 77 93116139157166158135100 59 21 -7-14  2 33 7010713915916515826 420X5 8 5166215316599999999999999 232 751448-1499999999999999
141121101 90 94109128145157158146121 87 51 18 -2 -4 13 41 7410513214915426 421X5 839159225615499999999999999 315 901535 -599999999999999
149137122109103107119132143150147133110 81 51 25 11 11 25 48 7410112313826 422X5 916150999999999999999999999 4 31031629  999999999999999
144142135126116112114121128135138135123105 83 59 39 27 26 35 52 73 9511526 423X5 01614410 313899999999999999 5 91121735 2599999999999999
129137139136129121115113115118123126125118106 90 72 55 43 39 43 55 71 9126 424X5 152140111812699999999999999 7 211319 0 3999999999999999
110125136140138131121112105102104109115119119113102 87 70 56 48 48 56 7126 425X5 312140132812099999999999999 9 11022031 4799999999999999
 90110127139143140130115101 90 86 89 98109119124123114100 82 65 53 51 5926 426X5 4 214315191259999999999999910 2 862143 5099999999999999
 75 95117134145146138122103 84 72 69 77 91109124134134125109 89 69 56 5426 427X5 4371471632135999999999999991043 692238 5399999999999999
 64 83106128144150145131109 85 64 53 56 70 91114133144143132114 91 69 5726 428X5 5 41501727145999999999999991117 522321 5699999999999999
 59 74 96120140152152140118 90 63 43 38 48 70 97123144153150136114 89 6926 429X5 5291531813153999999999999991148 372359 6199999999999999
 61 69 88112135151156148128 99 68 41 26 29 49 77107135154159152134110 8626 430X5 5531561855159999999999999991218 25999999999999999999999
 70 69 82104128147158155138110 77 45 22 16 29 56 8812014616116115013010526 5 1X5 617158193316399999999999999 034 671248 1699999999999999
 84 74 80 98120141156158146122 90 55 26 11 16 37 6810113215416315914412226 5 2X5 641159201016399999999999999 1 7 741317 1099999999999999
100 84 82 93113134151158153133103 69 37 14  9 23 49 8211414115816115313626 5 3X5 7 6158204616199999999999999 138 811346  999999999999999
115 96 88 92107126143155155142117 85 52 25 11 15 35 63 9512414615615514426 5 4X5 733156212215799999999999999 2 9 881416 1099999999999999
127109 96 94103118135148153147128101 70 41 21 16 26 48 7610513014615114726 5 5X5 8 015322 115199999999999999 241 941449 1599999999999999
135120106 99102112126139147147136115 88 60 37 24 25 39 61 8711113114314526 5 6X5 830148224514599999999999999 314 991525 2399999999999999
139129117107104109118129138142137124103 79 56 39 32 37 51 71 9311413013826 5 7X5 9 2142233813999999999999999 35310416 5 3299999999999999
139134126117110109112119127133134127114 96 76 58 46 42 47 60 77 9611412726 5 8X5 939134999999999999999999999 4441081654 4299999999999999
135136133126118112110111116121125125120109 95 79 65 54 51 55 65 80 9711426 5 9X5 046136103312599999999999999 6 21101757 5199999999999999
127134137134127119111106105107112116118116110 99 86 73 63 58 60 68 82 9826 510X5 15713712 411899999999999999 7481051916 5899999999999999
115129138140137127115104 95 92 95102110117119117109 97 83 71 63 62 69 8326 511X5 25314014 311999999999999999 9 2 922037 6199999999999999
102120135144145137123106 90 78 75 81 93108121128129122108 92 76 65 63 7126 512X5 334146153413099999999999999 950 752144 6399999999999999
 88109129144151147133113 89 68 56 56 69 89111130142143135119100 80 67 6526 513X5 4 81511641144999999999999991029 542238 6499999999999999
 76 97120141154157146124 96 67 43 32 39 60 89118142156158147128105 83 6926 514X5 44015717371599999999999999911 6 322326 6799999999999999
 70 85109133153163158139110 75 41 17 11 27 57 93127155169169156134108 8526 515X5 5131631829171999999999999991145 11999999999999999999999
 73 79 98123146163167155129 92 52 16 -5 -3 21 58 9913616417817616013711026 516X5 547168192017999999999999999 011 731225 -799999999999999
 88 81 90112136157170168149115 74 32 -2-18 -8 22 6310514317018117716013726 517X5 623171201218199999999999999 055 8013 7-1899999999999999
111 93 90103124147164172164139102 60 18-12-20 -5 28 6810914516917817315726 518X5 7 217221 517899999999999999 139 891352-2199999999999999
135112 99100114133152166169156129 92 51 14-11-14  4 36 7411214416517216626 519X5 74316922 117299999999999999 226 971439-1699999999999999
152132114104107120137152162161147120 86 49 17 -1 -1 16 45 7911214015816426 520X5 82916323 016499999999999999 3151041530 -499999999999999
159147130115108111121135147154152138114 85 54 28 13 15 31 55 8411313615126 521X5 919154999999999999999999999 4121081625 1299999999999999
156152142128115108110117127137143141130112 88 63 42 31 32 45 65 8911313326 522X5 0 2156102014399999999999999 5191081724 3099999999999999
146151148138125112104103108116125131132126113 95 76 59 49 49 58 75 9511626 523X5 1 4151113713399999999999999 6391031829 4799999999999999
133144148144134120106 96 93 95103112121126124117104 89 74 65 63 70 8410226 524X5 159148131712699999999999999 8 2 931940 6399999999999999
120135145147142129113 96 84 79 81 90102115124127124114101 87 77 75 80 9326 525X5 246147145812799999999999999 9 9 792050 7499999999999999
109126140147147138122102 83 69 64 68 81 97114127134132124111 97 86 83 8826 526X5 32514816191349999999999999910 0 642153 8399999999999999
101117133145150145131111 88 66 52 50 59 76 98118134142141132119103 92 8926 527X5 3591501722143999999999999991041 502247 8999999999999999
 96110126141151151140121 97 70 49 37 40 56 78104127144151148138122105 9426 528X5 4311521812151999999999999991117 372333 9399999999999999
 94103119135149154149133108 79 52 32 27 37 58 8611413915415815213912110426 529X5 5 21541854158999999999999991151 27999999999999999999999
 96 99111128144154155143121 92 61 35 20 22 39 66 9712715016216215213511626 530X5 534156193116399999999999999 013 961223 1999999999999999
102 98105120137151157152135107 75 44 22 14 24 48 7811113915816516114712926 531X5 6 515720 616599999999999999 050 981255 1499999999999999
111101102113129145156157146123 92 59 31 14 15 32 60 9212314816216415614026 6 1X5 637158204016599999999999999 1251001327 1399999999999999
121107101107121137151158154137110 77 46 23 14 22 44 7310513315316216014826 6 2X5 710158211516299999999999999 15810114 1 1499999999999999
131115104104113128143154156147126 97 65 38 20 19 32 57 8711614015515915326 6 3X5 744157215115999999999999999 2321031437 1799999999999999
140124110104107118132145153151138114 86 57 34 24 28 45 70 9812514415515526 6 4X5 820154222915699999999999999 3 91041514 2399999999999999
146133118108105110121134145149143128104 78 54 36 31 39 58 8210813114715326 6 5X5 858149231015399999999999999 3501041554 3199999999999999
150141128115106104111121132140142135119 98 75 55 42 41 51 70 9311613614826 6 6X5 942142235415199999999999999 4381041637 4099999999999999
151147137123111103102108117127134135128114 96 77 61 51 52 63 8110212313926 6 7X51037135999999999999999999999 5351011725 5099999999999999
149150144133118105 96 95100109119127129125114100 84 70 63 64 74 9011012826 6 8X5 040150115112999999999999999 641 951822 6299999999999999
143150149141128111 96 86 83 88 99111122128127120109 95 83 75 75 84 9811626 6 9X5 126151132512899999999999999 748 831930 7499999999999999
133146152149138121101 82 70 67 73 87104119130134131122109 96 87 85 9110526 610X5 21115215 213499999999999999 849 672045 8599999999999999
123139151155149134112 87 65 50 47 57 76 99121137146145136123108 96 92 9826 611X5 255155162314699999999999999 942 472156 9299999999999999
112129146156158148128100 71 44 28 28 43 69 98126147159159150135118103 9826 612X5 3391591731160999999999999991032 262259 9899999999999999
104119137153162161147121 88 53 24  8 11 32 6410013315717017116014312310726 613X5 4241631830172999999999999991120  7235410199999999999999
101109125144160168164144113 75 37  6 -8  0 27 6410414016617917816614612426 614X5 51016819241809999999999999912 8 -8999999999999999999999
108104114132151167173165141106 64 24 -6-16 -3 27 6710914617118318016614426 615X5 558173201618399999999999999 0451041256-1699999999999999
122107106118137157171175164137 99 56 16-11-17  0 33 7411515017318217716126 616X5 64717621 518299999999999999 1341051345-1899999999999999
139118105107121141160173174160132 94 52 15 -8-10 10 43 8212115317217817026 617X5 738175215217899999999999999 2221041434-1299999999999999
154132113103107122141158170169154126 90 52 20  2  4 25 57 9312715416917126 618X5 830171223817299999999999999 3111031523  099999999999999
162145124107100105120137153163161146121 89 57 30 18 24 44 7310413315516526 619X5 923164232116699999999999999 4 21001611 1899999999999999
164153136116101 96102114130144152150138116 90 64 45 38 45 64 9011613915526 620X51021153999999999999999999999 455 951658 3799999999999999
160156144126108 94 90 95106120133140140131115 95 76 62 59 67 8410512614326 621X5 0 2160112714199999999999999 554 901745 5899999999999999
154156149135118100 87 83 87 96109121129131127116103 89 80 79 8710011713326 622X5 040156124713299999999999999 659 831836 7899999999999999
146152151142127109 92 79 74 77 86 98112122128127122113103 97 9610211212526 623X5 119153142712899999999999999 8 7 741938 9699999999999999
138147151147136120101 83 70 64 67 77 9110612012913313012411611010811112026 624X5 2 015116 413399999999999999 9 9 64205410899999999999999
130140148149143131112 92 73 59 53 58 70 8710612313614114013412611811411626 625X5 24414917201419999999999999910 2 53221111499999999999999
123133142149149141125104 81 61 47 44 51 68 8911213214515114914113012011526 626X5 3311501813151999999999999991047 43231411599999999999999
117125135145151149138119 94 69 48 36 36 49 70 9612214215515915414312911826 627X5 4171511853159999999999999991128 34999999999999999999999
114117127139150154149134111 83 56 35 27 33 51 7810713315316316315413912426 628X5 5 1154192716499999999999999 0 311412 5 2799999999999999
113111118131145155157148128101 70 43 25 22 34 59 8911914516216716214913226 629X5 543158195916799999999999999 0421111242 2199999999999999
117109111122138152161159145120 89 57 31 19 22 41 7010213215516716715714026 630X5 622161202916899999999999999 1171081317 1899999999999999
122109106113128145159164157138109 76 45 23 17 28 53 8411714416216816314926 7 1X5 659164205916899999999999999 1491051351 1799999999999999
130113103105117135151163164152129 97 64 36 20 21 39 6810013015416616615626 7 2X5 737165212916899999999999999 2211031426 1999999999999999
139120105100107122140155163160144117 86 55 32 23 31 54 8411514316116716226 7 3X5 81516422 016799999999999999 25510015 1 2399999999999999
148129110 98 98108125143156160153134107 77 51 34 32 46 7210113015216516526 7 4X5 855160223116699999999999999 332 961537 3099999999999999
155138118101 92 96109126142152154144125 99 74 52 41 46 64 9011714115916526 7 5X5 93915523 216599999999999999 413 921614 4199999999999999
160146128108 92 87 93107123138147147137119 97 76 60 55 63 8210613015016126 7 6X51031148233616399999999999999 458 871653 5599999999999999
162153137117 98 84 80 87101117131140140132118101 85 74 72 82 9912013915426 7 7X51134141999999999999999999999 549 801738 7299999999999999
161158146128107 87 74 71 77 91107123133137133123111 99 91 91 9811312914526 7 8X5 012161125713799999999999999 649 701833 9099999999999999
155159153140120 98 77 63 58 64 78 9611412913713813412511610910711112213526 7 9X5 053159144113999999999999999 755 58194910699999999999999
147155157151136114 90 67 50 44 49 64 8510812814214814714113212311811912626 710X5 144157162214899999999999999 9 3 44212311799999999999999
137148156158151135111 83 57 36 27 33 51 7610413014916016115514513212312026 711X5 24515817401629999999999999910 7 27224712099999999999999
126137150159162155137110 77 46 22 12 18 40 7110413515917117316515113412226 712X5 35016218391739999999999999911 6 11235111899999999999999
118124138153165169161140108 72 36  9 -1  8 35 7010814316818018016815013026 713X5 45316919261819999999999999912 1 -1999999999999999999999
115113122140158172177167142106 66 27 -1 -9  5 36 7611615217618518116514326 714X5 55117720 818599999999999999 0431121252 -999999999999999
121107107121142163179182170142103 60 21 -5 -8 11 46 8712716018118517615726 715X5 645183204718599999999999999 1281051339-1099999999999999
132109 98103121145167182183168138 98 56 20 -1  2 25 6210213916818218016626 716X5 737185212318399999999999999 210 981423 -399999999999999
144118 97 91101122145167180179161131 93 55 24 11 20 47 8211815017217917126 717X5 827181215717999999999999999 253 9015 5 1199999999999999
154129104 87 86 99120143162173169151123 90 58 35 30 44 7110313415917317226 718X5 916173222717499999999999999 335 841545 2999999999999999
160140115 93 80 83 97117138154162157140117 90 66 52 54 71 9612314716416926 719X510 7162225616999999999999999 419 801622 5199999999999999
163147126103 84 76 81 95112130143149144131113 94 78 73 80 9611713815516426 720X511 3149232416499999999999999 5 6 761657 7399999999999999
162152135114 94 79 74 79 91106120132137135127115103 95 9410211613214615626 721X51211137235215999999999999999 557 741733 9399999999999999
159154142125105 88 76 72 75 85 9811112212913012712111511211311912913914826 722X51348130999999999999999999999 658 72181511199999999999999
153153146134118100 84 73 68 70 78 9010411612613213313112812612612913414026 723X5 025154155213399999999999999 8 9 68193212599999999999999
146149148141130114 97 80 68 62 63 71 8410011612913814214213913513213113326 724X5 115149172414399999999999999 920 62214813199999999999999
137142146146140129112 94 75 61 54 55 65 8110112113714815215114513713012726 725X5 2301461812153999999999999991021 54231412799999999999999
128134141146148142130111 89 68 52 45 48 62 8310713014815816015514513312426 726X5 3441481844161999999999999991111 45999999999999999999999
121124133143151153146130107 81 57 41 36 44 64 9011814215916616415313912526 727X5 444153191216699999999999999 0 01211153 3699999999999999
116115123136150159159148127 99 70 45 30 30 45 7110213215516817016214612826 728X5 532160193917199999999999999 0331141230 2899999999999999
113107113127144159167163147120 88 57 33 23 31 53 8511814716617416915413426 729X5 61316720 417499999999999999 1 210713 4 2399999999999999
115102102115134153168172163141110 75 44 24 22 39 6810213516117417416214226 730X5 651172202917699999999999999 1301011336 2199999999999999
120101 94101120142162174173158131 97 62 34 22 29 54 8712215217217716915126 731X5 729175205417899999999999999 159 9414 8 2299999999999999
127104 89 89103126149167176170150119 85 53 32 28 45 7410814116517817516026 8 1X5 8 7176211917899999999999999 230 871440 2799999999999999
137111 89 80 87107131153169173162139109 77 50 37 43 66 9712915617417816726 8 2X5 847173214517899999999999999 3 4 801512 3799999999999999
146121 95 77 74 87109133153166166153130102 75 56 51 64 8911814616617617226 8 3X5 931168221117699999999999999 341 731546 5199999999999999
155131105 81 68 70 86109131149159157144124101 81 69 71 8711113615717017226 8 4X51021160223917399999999999999 421 671622 6899999999999999
162142117 91 71 62 68 84105125142150149139124107 94 88 9410912914716216826 8 5X51121151231016899999999999999 5 7 6217 1 8899999999999999
164151130106 82 65 58 63 78 9711613214114313812911911110911412513915216026 8 6X51243143234616399999999999999 6 3 58174910999999999999999
163156143123100 78 62 54 57 68 8510412113414114214013512912712913514315126 8 7X51448143999999999999999999999 713 5419 712799999999999999
156157152140122100 78 59 48 47 55 71 9111213114415115315014413913513513926 8 8X5 042157164815399999999999999 838 46212513599999999999999
146152155153144127104 79 56 40 34 41 58 8210813315216316616215314213312926 8 9X5 211155175416699999999999999 958 3423 012999999999999999
132141151159160153135109 79 51 29 20 27 48 7811014016217417616815313612326 810X5 34316118371769999999999999911 3 20235311899999999999999
118125138154167171163143113 77 43 18  9 20 46 8211915117418317916514512326 811X5 4551711911183999999999999991157  9999999999999999999999
108107119139160176182172147112 72 35  9  4 21 54 9313216418318617615512926 812X5 553182194318799999999999999 0341061243  399999999999999
105 93 98118143168185189175147108 66 29  7  9 33 7011114817618718316614026 813X5 644189201218899999999999999 112 931325  599999999999999
110 88 82 94119148173189190172141101 61 28 14 25 55 9313116318318617315026 814X5 732192204018799999999999999 149 8114 3 1499999999999999
120 91 74 75 94122151174187184163132 95 59 34 31 49 8111715017418417815926 815X5 81818821 618499999999999999 225 721439 2999999999999999
131101 76 65 74 97124151171179172151122 90 63 49 55 7810813816417917916526 816X5 9 3179213018199999999999999 3 2 651512 4899999999999999
141113 85 66 63 77100125148163168159140116 91 73 70 8210513115417117616826 817X5 948168215317699999999999999 339 621543 6999999999999999
149124 97 74 63 66 81101123141153154146131113 97 89 9310712714716217016726 818X51037155221517099999999999999 418 621612 8999999999999999
154134110 87 70 64 70 8410111913314214313712711710910711412714115416216326 819X51137143223616499999999999999 459 64164010799999999999999
156141122101 83 71 68 74 85 9811312413213513412912512212413013814715415626 820X513 813523 015699999999999999 549 6817 812299999999999999
153145131115 98 84 74 71 74 82 9310511712613313613613513513613814114514726 821X51539136233914899999999999999 658 71175713599999999999999
148145138128115100 87 77 71 71 76 86 9911312613614314614514314113813713826 822X51720146999999999999999999999 832 71221013799999999999999
140141141138130118104 89 76 67 64 68 79 9511413114515315515214613813212826 823X5 129141175415599999999999999 955 64231612899999999999999
129134139143143136123106 87 70 58 54 61 76 9712014115616216115314213012126 824X5 3261441819163999999999999991052 54234711999999999999999
119124134144151152143126104 80 59 46 45 57 7910613315416716916114713111626 825X5 4341521842169999999999999991135 44999999999999999999999
109112124139153162160147125 97 69 46 36 41 61 9012114816717416915513511526 826X5 52216219 417499999999999999 0121091210 3699999999999999
101 99110129149165172166147118 85 55 35 31 46 7410713916517817716314211726 827X5 6 3172192517999999999999999 037 981242 3099999999999999
 96 87 95114139161176179166141107 72 43 29 35 59 9312815817818217215012326 828X5 640179194618399999999999999 1 3 871312 2899999999999999
 96 78 78 95122149172183180161131 95 61 37 32 49 8011614917418517916013126 829X5 71818420 918599999999999999 130 761343 3199999999999999
101 75 65 75100130158178186176153120 86 55 40 46 7110513916718418516914226 830X5 757186203218799999999999999 2 1 651414 3999999999999999
110 79 58 57 76105136163180182169143112 81 58 52 67 9612815717818517615326 831X5 839183205718699999999999999 233 551446 5299999999999999
122 89 61 48 55 79110139163176174159135108 84 70 73 9212014716918117916226 9 1X5 924177212318299999999999999 3 9 481520 6999999999999999
135103 73 51 45 57 83111138158167164150131110 94 88 9711613915917317716726 9 2X51014168214917799999999999999 348 441555 8899999999999999
147119 90 64 47 46 60 8310813114815615414513211911010911913415016316916726 9 3X51116156221717099999999999999 433 45163310899999999999999
155134109 84 62 50 50 62 8010012013514414714413813112712813414415215916126 9 4X51252147225216199999999999999 529 48172112799999999999999
157145128108 86 67 55 53 59 72 8910712313614414814814514214014114414715026 9 5X51528149999999999999999999999 647 53191514099999999999999
152150143130114 94 75 60 52 52 60 76 9511513414815716015715114413813513726 9 6X5 0 0152165916099999999999999 829 51221013599999999999999
141146149148140125105 82 61 47 42 48 65 8811413915716716916315113712612126 9 7X5 216149174217099999999999999 956 4223 512199999999999999
124134145155159153137113 86 58 38 31 40 61 9012114916917717416114212210826 9 8X5 3561591812177999999999999991058 31234210599999999999999
106115131150166172166146118 84 52 30 25 39 6610113516317918117115012510126 9 9X5 5 21721838182999999999999991145 24999999999999999999999
 89 93110134159177183174150116 79 45 25 26 48 8111915217618517916013210226 910X5 55418319 318699999999999999 016 881226 2399999999999999
 79 73 85111141168186189175147111 72 41 28 38 6710313916918518516914211026 911X5 641190192718799999999999999 049 7213 3 2899999999999999
 79 61 64 85116148175190189170140103 67 43 40 60 9212715918118717615212026 912X5 725192195118799999999999999 122 591337 3999999999999999
 86 59 50 62 90122154177188181160130 97 68 54 61 8611814917318518016113126 913X5 8 7188201418599999999999999 155 5014 9 5399999999999999
 98 66 47 48 67 97128156175180170149122 94 75 72 8711314016417918116714126 914X5 849180203618299999999999999 228 451439 7099999999999999
110 78 54 44 53 76104132155169169158138116 97 87 9311113415617117716915026 915X5 931171205617799999999999999 3 0 4415 8 8799999999999999
122 92 66 50 49 62 8511013315115915714613111610510411413114816317016815426 916X51016160211717199999999999999 333 47153510399999999999999
132106 81 62 53 58 72 9211213114414914613912912011612013014215416116215526 917X511 9149213716399999999999999 4 9 5316 211699999999999999
139119 97 78 65 61 67 79 9511112513514014013713212812813213914615215415126 918X5123114022 015499999999999999 451 61163212899999999999999
142129112 96 81 72 70 73 82 9310611812813513813913913713713914014214414426 919X51454139222714499999999999999 550 70173113799999999999999
140134125113100 88 80 75 75 79 88 9911212413514314614714514113813513313326 920X51634147999999999999999999999 731 75222313399999999999999
134134132127119108 95 84 75 71 72 80 9411012714115115515314713913012412226 921X5 03313417 915599999999999999 916 71225512299999999999999
124129135137136128115 99 83 70 63 64 75 9311413515216116115414312911611026 922X5 3 91371734162999999999999991020 62231811099999999999999
112120131142148146136119 98 76 60 53 59 76100126149164169163149130112 9926 923X5 42014817561699999999999999911 4 532341 9699999999999999
 97106121139153160156141118 91 66 50 47 60 85114143164174171157135110 9026 924X5 5 81601816175999999999999991139 46999999999999999999999
 82 88106129151167171162141112 81 55 43 48 70101134161177179166143114 8626 925X5 549172183618099999999999999 0 5 811211 4299999999999999
 68 68 85112141165179179163136103 71 48 43 59 89123154177185175152121 8726 926X5 628181185818599999999999999 031 661243 4399999999999999
 60 50 61 88121153177188181160129 95 65 49 54 78112145172186184164132 9626 927X5 7 8188192118799999999999999 059 501315 4899999999999999
 61 39 39 60 95131163184190178154122 90 65 58 7310213516318318817414610926 928X5 749190194618899999999999999 131 361348 5899999999999999
 71 39 26 36 65102138168185186171147117 90 73 76 9612515317518618015912526 929X5 833188201218699999999999999 2 5 261423 7299999999999999
 87 51 26 22 40 72108141166180177163141117 97 89 9811914316417818016714126 930X5 921180204018199999999999999 242 211458 8999999999999999
107 72 41 24 26 47 771091381591691661551381211091071181361541671741691522610 1X5101517021 917499999999999999 323 22153710699999999999999
126 95 65 41 30 35 54 791061301481571561501401291231241331451551621641562610 2X51126157214016499999999999999 410 30162212299999999999999
140117 92 68 49 41 45 58 77 991191351461501491451401361361391441491521522610 3X51321150222415299999999999999 510 40173413599999999999999
146134117 98 78 62 52 51 58 72 891081251391491531531491431381361351371392610 4X51525154999999999999999999999 636 51204013599999999999999
141140135124109 92 74 61 54 55 65 811011211401531601601531431321241201222610 5X5 013141162716199999999999999 821 5322 712099999999999999
128136142142136123105 84 65 52 50 59 771001251471611671631511341171051022610 6X5 23914317 316799999999999999 943 50224710299999999999999
109121136149154150136114 88 65 49 46 58 81108136158170170159140116 95 842610 7X5 4 51541730172999999999999991040 462320 8399999999999999
 86100120142159167161144118 88 61 46 48 65 93123151170176168148122 93 722610 8X5 5 41671754176999999999999991124 452352 6599999999999999
 65 75 98125152170176167146117 85 58 48 56 80111142166178175158131 98 682610 9X5 55317618171799999999999999912 3 48999999999999999999999
 51 53 72102134162179181168143112 80 59 56 72101132159177180167141108 73261010X5 638182184018199999999999999 024 491238 5599999999999999
 46 37 49 76110143170183180163137106 78 65 71 94123151172181173151119 83261011X5 71918419 318199999999999999 055 371311 6599999999999999
 50 31 32 53 86120152174182174155129101 81 77 91116142165178177160131 96261012X5 8 0182192617999999999999999 126 291342 7699999999999999
 61 35 26 37 64 97130157173176165145121100 89 93111135156171175165142110261013X5 839177194817699999999999999 156 261413 8899999999999999
 76 46 29 30 48 76108136158168166154136117103100110128148163170166149123261014X5 919169201117199999999999999 227 27144210099999999999999
 92 62 40 32 40 61 88115139155160156145130117110113124139153162163153133261015X510 1160203516499999999999999 258 32151211099999999999999
107 79 56 42 41 53 73 97119138149151147138128120118124133144152156152139261016X5105015121 015699999999999999 332 40154411899999999999999
119 97 75 58 50 53 65 82101119133141144141136130126126130136142146146139261017X51158144212814799999999999999 412 50162712599999999999999
127111 93 77 65 60 63 72 85100115127135140140138134131130131133135136135261018X5134114122 613699999999999999 5 5 6018 613099999999999999
130121109 96 84 74 69 70 75 84 97111123134141144143139134129125123124125261019X51512144999999999999999999999 624 69211912399999999999999
126125121114104 93 82 75 71 73 81 94109124138147150147140130121113110112261020X5 0 112616 115099999999999999 8 9 7122 711099999999999999
117123127127123113100 87 75 68 69 78 93112131146155155148135119105 97 96261021X5 236128163215699999999999999 926 682235 9599999999999999
103114126135138134122105 87 72 63 65 78 99122143158162157142122101 84 78261022X5 3551381657162999999999999991018 6323 1 7899999999999999
 84 99117135148151144128106 84 66 59 66 85111137157168166151128100 76 61261023X5 44915117201699999999999999911 0 592328 5999999999999999
 61 76101127149162163152131104 79 61 59 74 99128153170174162137106 73 48261024X5 5341641743174999999999999991137 582357 3999999999999999
 39 50 76108139163175172155130101 75 61 66 88117146168179172150117 80 45261025X5 61717618 8179999999999999991214 61999999999999999999999
 23 24 45 80118151175184176155127 97 74 67 80106136162179180164133 93 53261026X5 7 1184183618299999999999999 029 201250 6799999999999999
 20  6 17 48 87127161182186175152124 96 79 80 98126152173182175150113 71261027X5 74618719 518299999999999999 1 4  61327 7799999999999999
 31  4 -1 18 54 95133164182183170148122 99 89 96116141163177179164134 95261028X5 833185193718099999999999999 142 -214 6 8999999999999999
 54 18 -2  1 25 61100135162176175163144123106102112131150166174169150119261029X5 925177201117499999999999999 223 -3144710199999999999999
 82 45 16  3 11 35 67101132155166165156142126115114124138152162165157137261030X51025167204916699999999999999 3 8  3153411399999999999999
109 77 46 24 15 23 44 71 99125145155157151142131123123129138147153153145261031X51139157213415499999999999999 4 0 15163412299999999999999
128105 80 56 38 30 36 51 72 951181361471511501441351281241261301351401412611 1X51312151224314199999999999999 5 3 30181012499999999999999
136125109 89 69 54 45 46 56 72 921121301431501511461361261191151161201262611 2X51435151999999999999999999999 622 44201611599999999999999
131131127117102 85 68 57 54 60 73 91111131145153153146133118106 99 991052611 3X5 041132153015499999999999999 752 542129 9899999999999999
115125132134128115 98 80 66 59 63 75 94116136151157153141123103 87 79 822611 4X5 24213416 715799999999999999 9 9 592215 7999999999999999
 92108125138143139127108 88 71 63 67 82103126146158159150131107 83 65 602611 5X5 4 414316371609999999999999910 9 632253 6099999999999999
 68 86108130147153149134114 91 73 67 74 92116139156163158141115 86 60 452611 6X5 5 515317 4163999999999999991057 672327 4399999999999999
 45 61 85113139156162155138115 91 75 73 85106130151164164150126 95 63 382611 7X5 5551621730166999999999999991138 722359 2999999999999999
 29 38 61 92123149165167157137113 90 78 82 99122145161167159137106 72 402611 8X5 6391681755167999999999999991215 78999999999999999999999
 21 21 39 69102134158170168154132108 90 84 94114136156167164148119 85 502611 9X5 719171182116899999999999999 031 191250 8499999999999999
 23 13 22 47 80115145165171164148126104 92 93107128148162166156132100 64261110X5 757171184716699999999999999 1 1 131323 9099999999999999
 33 13 13 30 60 94126152166167157139119102 96104120139155164160143115 81261111X5 834168191416499999999999999 132 111356 9699999999999999
 48 23 13 21 43 74106135155163160147130113103103114130146157159150128 98261112X5 911163194316099999999999999 2 3 13142810299999999999999
 66 38 21 19 33 57 87115139153157151138124111106110122136148154151137113261113X5 950157201315499999999999999 236 1815 210699999999999999
 85 57 35 26 30 46 70 96121139149149143132120112110116126137145147140124261114X51033150204514799999999999999 312 25154111099999999999999
101 77 54 39 35 42 59 80103123137144143137128119114113118126133138137128261115X51125144212213899999999999999 351 35163211399999999999999
113 94 74 57 47 45 53 68 87106123135140140135128120114113116120125128126261116X51227141221212899999999999999 437 45174811399999999999999
119107 92 77 64 56 55 62 75 91108123134139140135128119112108108111115118261117X51335140233711999999999999999 534 55193110799999999999999
119115107 96 84 72 65 63 68 78 93109124136142142136126114103 97 95 98104261118X51430143999999999999999999999 646 632049 9599999999999999
111116117113105 93 82 72 68 71 81 96113129141146144134119103 88 79 79 85261119X5 141117151214799999999999999 8 7 682136 7899999999999999
 97109119125123116104 90 78 71 73 84101120137148151144128107 85 67 58 62261120X5 319125154615199999999999999 917 712213 5899999999999999
 75 93113128137136128113 96 81 73 76 90109130147156153139116 88 61 42 36261121X5 4271381618156999999999999991014 732249 3699999999999999
 47 69 95121141151150138120100 82 75 81 98121142157161152129 98 64 34 17261122X5 52115216491629999999999999911 3 752326 1599999999999999
 18 37 68102132155164161146124101 83 79 89110133154166164146115 78 39  9261123X5 6111651723167999999999999991148 78999999999999999999999
 -4  6 34 71110143166174167149125101 85 85100123146164170162137100 57 17261124X5 7 0174175917099999999999999 0 4 -41231 8399999999999999
-11-17  1 35 77118151172177168149124101 89 94111134155169171156125 84 41261125X5 749178183717299999999999999 045-181315 8999999999999999
  2-21-20  3 41 83123155173176165145122102 95103121142160170167147114 72261126X5 839176191817199999999999999 129-241359 9599999999999999
 30 -4-22-16 10 48 88126154169170159141120104100110127145160166160138104261127X5 93117120 216699999999999999 215-22144710099999999999999
 66 28 -2-14 -5 21 56 92125150162162152136118106104113127143154158150129261128X51027163205115899999999999999 3 4-14153910399999999999999
 99 65 32  9  1 10 34 64 96124145155154145132116106104111122134144146139261129X51125155214814799999999999999 356  1164010399999999999999
121 97 69 43 24 18 27 47 72 99123140148148140127113103 99104112122130134261130X51225149225913499999999999999 452 181753 9999999999999999
129117 99 78 57 42 37 44 60 80103123138145144136123108 96 90 91 981071162612 1X51322145999999999999999999999 553 371918 9099999999999999
123123117105 89 72 60 55 59 72 89108125138143141132117100 85 77 76 82 932612 2X5 033124141314399999999999999 7 1 552036 7699999999999999
105115121120113101 87 76 70 72 82 96113129140143139126108 88 71 61 60 682612 3X5 223121145614399999999999999 814 702135 5999999999999999
 81 97113123127123113100 88 81 81 90104120134143143135118 96 73 54 44 452612 4X5 358127153414499999999999999 925 802222 4399999999999999
 57 75 96116130135133123109 96 87 88 97111127140146142129107 81 55 36 292612 5X5 5 91361610146999999999999991026 8623 2 2999999999999999
 35 52 76101124139145141129113 99 91 93103119134145147139120 93 64 37 202612 6X5 6 31451644148999999999999991117 902338 1799999999999999
 18 31 54 83111135149152145130113 98 92 97110126141149147132108 77 46 202612 7X5 64615217181509999999999999912 1 92999999999999999999999
  9 14 33 62 94123145156155144127108 95 93102118134147151143122 93 59 292612 8X5 723157175115199999999999999 012  81240 9399999999999999
  8  3 16 42 74107135153159153138119102 93 96109126141151150136110 77 432612 9X5 758159182515299999999999999 045  31316 9399999999999999
 15  1  5 25 55 88120144157157146129111 97 93101116133147152145125 95 61261210X5 830158185815299999999999999 118  11349 9399999999999999
 30  8  1 12 37 69102130149156151137120103 94 95106123139149149137113 81261211X5 9 3156193215199999999999999 152  11422 9399999999999999
 48 21  6  7 24 52 83113137150151143128111 98 93 99112128141147142126 99261212X5 93615220 614799999999999999 226  41457 9399999999999999
 69 39 18 10 18 38 67 96122141148145134119104 94 94102115129139141132113261213X51011148204314299999999999999 3 1 101534 9399999999999999
 87 60 35 20 19 31 54 81107129142145139126112 99 92 94103115127133132121261214X51047145212313499999999999999 337 181617 9299999999999999
102 79 56 37 28 31 46 68 93116133141141133120106 94 89 92100111120125122261215X51125142221112599999999999999 415 2717 8 8999999999999999
112 95 76 57 43 38 45 60 81103122135140137128114100 89 84 86 94103112116261216X512 6140231511699999999999999 456 3818 9 8499999999999999
115106 93 78 64 54 52 59 73 91110126136139134123108 92 80 74 76 83 93103261217X51250139999999999999999999999 544 511918 7499999999999999
109111107 98 86 75 67 65 71 83 99116129137138131118100 82 67 60 61 69 82261218X5 045111133613899999999999999 644 652024 5999999999999999
 95106113113108 99 89 81 77 81 91105120132139138128111 90 68 50 41 43 54261219X5 234113142313999999999999999 8 1 772121 4099999999999999
 72 91108120124122114103 93 86 87 96110124136142139126104 78 51 30 20 24261220X5 4 7124151114299999999999999 923 862212 2099999999999999
 41 65 91114131138136128115101 91 91100114129142147141123 95 63 32  8 -1261221X5 5171391559147999999999999991034 9023 1 -199999999999999
  8 31 62 94123143152149138122104 93 93103119136149152143119 86 49 13-12261222X5 6151521648152999999999999991132 912348-1899999999999999
-18 -4 25 62100132154162157143123104 92 93106125144156158144115 77 35 -3261223X5 7 61621736159999999999999991224 91999999999999999999999
-27-29 -9 25 67107141162167160143120100 90 94110131151162161143110 68 24261224X5 754168182516499999999999999 036-311311 8999999999999999
-14-35-32 -8 31 74115147165168157137114 94 87 95114136155165161140104 61261225X5 839168191516699999999999999 124-371357 8799999999999999
 18-18-34-27  1 40 83121150164163150129105 88 84 95116137155163156133 98261226X5 92416520 516399999999999999 211-351443 8399999999999999
 56 16-14-25-13 16 54 93127151160155140118 96 81 81 94114134150156148125261227X510 6160205715699999999999999 258-251531 7999999999999999
 92 55 20 -3 -8  7 35 69104132150153145129107 87 76 78 91109127140145136261228X51047154215214599999999999999 344 -91620 7599999999999999
116 88 58 30 14 14 30 56 85113135146145135118 97 79 70 73 84100115127131261229X51126147225213199999999999999 429 121715 7099999999999999
124109 87 64 45 35 39 54 76 99121136141137125108 88 72 64 66 75 88102113261230X512 3141999999999999999999999 514 351817 6499999999999999
117114104 90 75 63 58 64 77 94112127136137130117 99 80 64 56 57 64 75 88261231X5 0 0117123713899999999999999 558 581927 5599999999999999
