 27 23 18 12  7  2 -2 -3 -3  1  6 11 16 19 21 22 22 21 22 22 23 25 28 3026 1 1XO2343 31999999999999999999999 712 -3999999999999999999999
 31 29 25 19 12  6  0 -4 -6 -5 -1  5 11 16 20 22 23 23 22 22 23 24 26 3026 1 2XO16 7 23999999999999999999999 8 9 -61834 2299999999999999
 32 32 30 26 20 12  4 -2 -6 -8 -7 -2  5 11 17 20 22 22 22 21 21 22 23 2626 1 3XO 041 331638 2299999999999999 9 5 -81930 2199999999999999
 30 33 33 31 26 19 11  3 -3 -8 -9 -7 -2  5 12 17 20 21 21 19 19 19 20 2226 1 4XO 139 3317 9 2199999999999999 957 -92020 1999999999999999
 25 29 32 33 30 25 18  9  1 -4 -8 -9 -6 -1  6 12 17 19 19 18 17 16 16 1726 1 5XO 235 331741 19999999999999991047 -92114 1699999999999999
 19 23 28 30 30 28 22 15  7  0 -5 -8 -8 -4  2  8 13 16 18 17 15 14 13 1326 1 6XO 328 311812 18999999999999991133 -82227 1399999999999999
 14 17 21 25 27 27 24 19 12  5  0 -4 -6 -5 -1  5 10 14 16 16 15 13 11 1126 1 7XO 419 271844 16999999999999991215 -62353 1199999999999999
 11 11 14 18 21 23 22 19 15  9  4  0 -2 -3 -1  3  8 12 14 16 15 13 11 1026 1 8XO 510 231914 16999999999999991252 -3999999999999999999999
  9  8  9 11 15 17 18 17 15 11  7  4  2  1  1  4  7 11 14 15 16 14 12 1026 1 9XO 6 6 181941 1699999999999999 1 2  81321  199999999999999
  8  7  6  7  9 11 13 13 13 12  9  7  6  5  5  6  9 12 14 16 16 16 14 1226 110XO 717 1320 5 1699999999999999 2 7  61336  599999999999999
  9  7  6  5  5  6  8  9 10 10 10  9  9  8  9  9 11 13 15 17 18 17 16 1426 111XO 856 102026 1899999999999999 315  51250  899999999999999
 12  9  7  5  4  4  4  6  7  8  9 10 10 11 12 12 13 15 17 18 19 19 19 1726 112XO2049 19999999999999999999999 430  3999999999999999999999
 14 11  9  6  4  2  2  3  4  6  8 10 11 13 14 15 16 17 18 19 20 21 21 2026 113XO2121 21999999999999999999999 542  2999999999999999999999
 17 14 11  8  5  3  1  1  2  4  7  9 12 13 15 16 17 18 19 20 21 22 22 2226 114XO22 8 22999999999999999999999 634  1999999999999999999999
 20 18 14 11  7  4  1  0  0  2  5  8 11 14 15 17 17 18 18 19 20 22 23 2326 115XO23 5 23999999999999999999999 716  0999999999999999999999
 23 21 18 14 10  5  2 -1 -2 -1  2  6  9 13 15 17 17 18 18 18 19 21 22 2326 116XO9999999999999999999999999999 756 -2999999999999999999999
 24 23 21 17 13  8  3 -1 -3 -3 -1  2  7 11 14 16 17 17 17 16 17 18 20 2226 117XO 0 2 24999999999999999999999 835 -3999999999999999999999
 24 25 23 21 16 11  5  0 -4 -5 -5 -2  3  7 12 14 16 16 15 15 15 15 17 1926 118XO 053 251641 1699999999999999 914 -51931 1499999999999999
 22 24 24 23 19 14  8  2 -3 -6 -7 -6 -2  4  8 12 14 15 14 13 12 12 14 1626 119XO 139 251658 1599999999999999 953 -72013 1299999999999999
 19 22 24 23 21 17 11  4 -2 -6 -8 -8 -6 -1  5  9 12 13 13 12 10 10 10 1226 120XO 222 241719 13999999999999991030 -92056 1099999999999999
 14 18 21 23 22 18 13  7  1 -5 -8 -9 -8 -4  2  7 10 12 12 11  9  8  7  826 121XO 3 3 231741 129999999999999911 5 -92145  799999999999999
 10 13 17 20 21 19 15 10  4 -2 -6 -8 -8 -6 -1  5  9 11 12 11  9  7  5  526 122XO 345 2118 1 12999999999999991137 -82248  599999999999999
  6  8 11 16 18 18 16 12  7  2 -3 -5 -6 -5 -2  3  8 11 12 12 10  7  5  326 123XO 431 181819 129999999999999912 6 -6999999999999999999999
  3  4  6 10 14 15 15 13 10  6  2 -1 -2 -2  0  4  8 12 13 14 12  9  6  326 124XO 524 161837 1499999999999999 0 2  31230 -299999999999999
  2  1  2  4  8 11 13 13 11  9  6  3  2  2  3  5  9 13 15 16 15 12  9  526 125XO 637 131859 1699999999999999 1 8  11242  299999999999999
  2  0 -1  0  2  5  8 10 11 10  9  8  7  7  7  9 11 14 17 18 18 16 13  926 126XO 816 111929 1899999999999999 213 -11232  799999999999999
  5  2 -1 -2 -2  0  2  5  8  9 10 10 10 11 11 12 13 15 18 19 20 20 18 1426 127XO2011 20999999999999999999999 325 -2999999999999999999999
 10  6  2 -1 -3 -4 -3  0  3  6  9 11 12 13 14 15 16 17 18 20 21 22 22 2026 128XO21 9 22999999999999999999999 447 -4999999999999999999999
 16 11  7  2 -2 -5 -6 -5 -3  1  5  9 12 14 15 16 17 18 18 19 21 23 24 2326 129XO2222 24999999999999999999999 6 6 -6999999999999999999999
 21 18 13  7  2 -3 -7 -8 -8 -5  0  5 10 13 15 17 17 17 17 18 19 21 23 2526 130XO2336 25999999999999999999999 713 -8999999999999999999999
 25 23 19 14  7  1 -5 -9-11-10 -6  0  5 10 14 16 16 16 15 15 16 17 20 2326 131XO16 6 16999999999999999999999 811-111839 1599999999999999
 25 26 24 20 14  7 -1 -7-11-12-11 -6  0  6 11 14 15 15 13 12 12 13 15 1826 2 1XO 042 261614 1599999999999999 9 3-121939 1299999999999999
 22 25 26 24 19 13  5 -3 -8-12-13-10 -5  2  8 11 13 13 12 10  9  9 10 1226 2 2XO 141 261632 1499999999999999 949-132037  999999999999999
 16 21 24 24 22 17 10  2 -4 -9-12-12 -8 -2  4  9 12 13 11  9  7  6  5  626 2 3XO 234 251654 13999999999999991031-122141  599999999999999
  9 14 19 22 22 19 14  7  0 -5 -9-11 -9 -5  2  7 10 12 11  9  6  4  3  226 2 4XO 325 221718 129999999999999911 8-112245  299999999999999
  4  7 12 17 18 18 15 10  4 -1 -5 -7 -8 -5  0  6  9 11 12 10  7  3  1  026 2 5XO 415 181740 12999999999999991140 -82341  099999999999999
  0  2  6 10 13 15 14 11  7  2 -1 -3 -4 -3  0  5  9 11 12 11  9  5  2  026 2 6XO 5 8 1518 0 129999999999999912 4 -4999999999999999999999
 -1 -1  1  4  8 10 11 10  8  5  2  1  0  0  2  6 10 12 13 13 11  7  4  126 2 7XO 6 6 111815 1399999999999999 032 -11214  099999999999999
 -1 -2 -2  0  3  6  7  8  8  6  4  4  3  4  5  8 11 13 14 14 13 10  7  326 2 8XO 714  81827 1499999999999999 122 -21135  399999999999999
  1 -1 -2 -2  0  2  4  5  6  6  6  6  6  7  8 10 12 14 15 15 15 13 10  726 2 9XO1839 15999999999999999999999 216 -2999999999999999999999
  4  1 -1 -2 -1  0  1  2  4  5  6  7  8  9 10 12 13 15 16 16 16 15 13 1026 210XO1859 16999999999999999999999 319 -2999999999999999999999
  7  4  2  0 -2 -2 -1  0  2  4  5  7  8 10 11 13 14 15 16 17 17 16 15 1326 211XO1938 17999999999999999999999 441 -2999999999999999999999
 10  7  4  2 -1 -2 -3 -2 -1  1  4  6  8 10 12 13 14 15 16 16 17 17 17 1626 212XO2054 17999999999999999999999 559 -3999999999999999999999
 14 11  8  4  1 -2 -4 -4 -3 -1  1  5  7 10 11 12 13 13 14 15 16 16 17 1726 213XO2233 17999999999999999999999 654 -4999999999999999999999
 16 14 11  7  3 -1 -4 -6 -6 -5 -2  2  5  8 10 12 12 12 12 12 13 14 16 1726 214XO2347 17999999999999999999999 739 -6999999999999999999999
 17 16 14 10  6  1 -4 -7 -8 -8 -6 -2  3  6  9 10 11 10 10  9 10 11 13 1526 215XO1555 11999999999999999999999 818 -81849  999999999999999
 17 18 16 13  9  3 -2 -7-10-10 -9 -6 -1  4  7  9 10  9  8  7  7  7  9 1226 216XO 043 181557 1099999999999999 856-111937  799999999999999
 15 17 17 15 12  6  0 -5-10-12-12 -9 -4  1  5  8  9  8  6  4  3  4  5  726 217XO 131 1816 8  999999999999999 931-122023  399999999999999
 11 15 17 17 14 10  3 -3 -8-11-12-11 -7 -1  4  7  8  8  6  3  1  0  1  226 218XO 216 171621  89999999999999910 4-122113  099999999999999
  6 11 15 16 15 12  7  1 -5 -9-11-11 -9 -3  3  7  9  9  7  4  0 -2 -3 -226 219XO 3 1 161634  9999999999999991036-1122 6 -399999999999999
  0  5 11 14 15 14 10  5 -1 -5 -8 -9 -8 -4  2  7  9 10  9  5  1 -3 -5 -526 220XO 350 151647 109999999999999911 5 -923 2 -599999999999999
 -5 -1  4 10 13 13 12  9  4 -1 -4 -5 -5 -3  2  7 11 12 11  8  4 -1 -5 -726 221XO 447 1317 3 12999999999999991131 -52358 -799999999999999
 -7 -6 -2  3  8 11 11 10  7  4  1  0  0  1  3  8 12 14 14 12  8  3 -2 -526 222XO 556 111725 14999999999999991145  0999999999999999999999
 -8 -8 -7 -3  2  6  8  9  9  7  5  4  4  5  6  9 13 15 16 15 12  8  3 -226 223XO 716  91753 1699999999999999 054 -81125  499999999999999
 -5 -8 -8 -7 -4  0  3  6  7  8  7  7  8  8  9 11 14 16 17 17 16 13  8  426 224XO 850  81830 1799999999999999 156 -81056  799999999999999
 -1 -4 -7 -8 -8 -5 -2  1  4  6  8  8  9 11 12 13 14 16 17 18 18 17 14 1026 225XO1925 18999999999999999999999 3 9 -8999999999999999999999
  5  1 -3 -6 -8 -8 -7 -5 -1  2  5  8 10 11 12 13 14 15 16 17 18 18 17 1526 226XO2048 18999999999999999999999 438 -9999999999999999999999
 11  7  2 -2 -6 -9-10 -9 -6 -3  2  5  8 10 12 13 13 13 14 14 16 17 18 1826 227XO2222 18999999999999999999999 6 5-10999999999999999999999
 16 13  8  3 -2 -6-10-11-10 -8 -3  2  6  9 11 11 11 11 11 11 12 14 16 1826 228XO1525 122343 1999999999999999 711-1118 6 1199999999999999
 19 17 14  9  3 -3 -8-11-12-11 -7 -2  3  7  9 10 10  9  8  7  7  9 12 1526 3 1XO1515 10999999999999999999999 8 4-121912  799999999999999
 18 19 17 14  8  2 -4 -9-12-13-11 -6  0  5  8  9  9  7  5  4  3  4  6 1026 3 2XO 048 191522  999999999999999 849-1320 7  399999999999999
 14 17 18 16 12  7  0 -6-10-12-12 -9 -3  3  7  9  9  7  4  1  0 -1  0  326 3 3XO 144 181536  999999999999999 928-132059 -199999999999999
  8 13 16 16 14 10  4 -2 -7-10-11-10 -5  1  6  8  9  8  5  1 -2 -4 -4 -226 3 4XO 237 161553  99999999999999910 3-112149 -499999999999999
  2  7 12 14 14 12  8  2 -3 -6 -8 -8 -5  0  5  8 10  9  6  2 -2 -5 -6 -626 3 5XO 330 141610 10999999999999991033 -82234 -699999999999999
 -4  1  6 10 12 12  9  5  1 -3 -4 -5 -4  0  5  9 10 10  8  4  0 -4 -6 -826 3 6XO 423 121625 11999999999999991056 -52316 -899999999999999
 -7 -4  1  6  9 10  9  7  4  1 -1 -1 -1  2  6  9 11 12 10  7  2 -2 -5 -726 3 7XO 518 101638 129999999999999911 8 -12357 -899999999999999
 -8 -7 -3  1  5  7  8  8  6  3  2  2  2  4  7 10 13 13 12 10  6  1 -3 -526 3 8XO 614  81649 13999999999999991044  2999999999999999999999
 -7 -7 -5 -2  1  4  6  7  6  5  4  5  5  6  9 11 13 14 14 12  9  5  0 -326 3 9XO 714  717 2 1499999999999999 037 -71016  499999999999999
 -5 -6 -6 -4 -1  1  3  5  6  6  6  6  7  8 10 12 14 15 15 13 11  8  4  126 310XO1718 15999999999999999999999 122 -6999999999999999999999
 -2 -4 -5 -5 -3 -2  0  2  4  5  6  7  8  9 11 12 14 15 15 14 13 10  7  426 311XO1741 15999999999999999999999 216 -5999999999999999999999
  1 -1 -3 -4 -4 -3 -2 -1  1  3  5  6  8  9 10 12 13 14 14 14 13 12 10  726 312XO1820 14999999999999999999999 331 -4999999999999999999999
  5  2 -1 -3 -4 -5 -5 -3 -2  1  3  5  7  9 10 11 11 12 12 13 13 12 12 1026 313XO1951 13999999999999999999999 5 7 -5999999999999999999999
  8  5  2 -1 -4 -6 -6 -6 -5 -2  1  3  6  8  9  9  9  9 10 10 11 11 12 1126 314XO22 4 12999999999999999999999 617 -6999999999999999999999
 10  8  5  1 -2 -5 -8 -8 -8 -6 -2  1  4  6  8  8  8  7  7  7  8  9 11 1226 315XO1459  82329 1299999999999999 7 5 -818 8  799999999999999
 12 10  8  4  0 -4 -8-10-10 -9 -5 -1  2  5  7  7  6  5  4  3  4  5  8 1026 316XO1447  7999999999999999999999 744-101858  399999999999999
 12 12 10  7  3 -2 -6 -9-11-11 -8 -4  1  4  6  7  6  3  1  0  0  1  3  726 317XO 030 121447  799999999999999 820-111942  099999999999999
 11 13 12 10  7  2 -4 -8-10-11-10 -6 -1  4  6  7  6  3  0 -3 -4 -4 -2  226 318XO 123 131453  799999999999999 854-112027 -499999999999999
  7 11 13 13 10  6  1 -4 -8-10 -9 -7 -1  4  7  8  7  5  0 -4 -7 -8 -7 -426 319XO 215 1315 2  899999999999999 927-102114 -899999999999999
  1  7 12 13 13 10  5  0 -4 -6 -7 -6 -2  4  8 10 10  7  3 -3 -7-10-11-1026 320XO 311 131516 1099999999999999 959 -722 3-1199999999999999
 -6  1  8 12 13 12 10  5  1 -2 -3 -3 -1  4  9 12 13 11  7  1 -5-10-12-1326 321XO 414 131536 13999999999999991029 -32253-1399999999999999
-11 -6  1  7 11 12 12  9  6  3  2  1  2  5 10 14 15 14 12  6  0 -6-11-1326 322XO 520 1216 2 15999999999999991052  12346-1499999999999999
-14-11 -6  1  6  9 11 11  9  7  6  5  6  7 11 15 17 17 15 12  6 -1 -6-1026 323XO 628 111633 17999999999999991043  5999999999999999999999
-13-13-11 -6  0  4  7  9 10  9  8  8  9 10 12 14 17 18 18 16 12  6  0 -526 324XO 742 101710 1899999999999999 041-131015  899999999999999
 -9-11-12-10 -6 -2  2  5  8  9  9 10 11 11 12 14 16 18 18 17 15 12  7  226 325XO1759 18999999999999999999999 144-12999999999999999999999
 -3 -7 -9-10 -9 -7 -4  0  3  6  8  9 11 12 12 13 14 15 16 17 17 15 12  826 326XO1915 17999999999999999999999 258-10999999999999999999999
  4 -1 -5 -8 -9 -9 -8 -5 -1  2  5  8  9 11 11 12 12 12 13 14 15 15 15 1226 327XO2053 15999999999999999999999 429-10999999999999999999999
  9  5  1 -3 -7 -9-10 -8 -6 -2  2  5  8  9 10 10  9  9  9 10 11 13 14 1426 328XO1419 102231 1499999999999999 550-101729  999999999999999
 13 10  6  2 -3 -7 -9-10 -8 -5 -1  3  6  8  9  8  7  6  5  5  6  8 11 1326 329XO14 4  92351 1499999999999999 651-101836  599999999999999
 14 13 10  6  1 -3 -7 -9 -9 -7 -3  1  5  7  8  8  6  4  2  1  1  3  6 1026 330XO14 5  8999999999999999999999 739 -91928  199999999999999
 13 13 12 10  6  1 -3 -7 -8 -8 -5  0  4  7  8  8  6  3  0 -2 -3 -2  0  526 331XO 057 131414  999999999999999 819 -82014 -399999999999999
  9 12 13 12  9  4  0 -3 -6 -6 -5 -1  4  8  9  9  7  4  0 -3 -5 -6 -5 -126 4 1XO 155 131427  999999999999999 853 -62056 -699999999999999
  4  9 12 12 11  8  4  0 -2 -4 -3 -1  4  8 10 11  9  6  1 -3 -6 -8 -8 -626 4 2XO 251 121441 1199999999999999 923 -42135 -899999999999999
 -1  5  9 11 12 10  7  3  1  0 -1  1  4  9 12 12 11  9  4 -1 -6 -8 -9 -926 4 3XO 345 121456 1299999999999999 946 -12211 -999999999999999
 -5  0  6  9 11 11  9  7  4  3  2  3  5  9 13 14 14 11  7  2 -3 -7 -9-1026 4 4XO 436 111512 1499999999999999 957  22247-1099999999999999
 -8 -3  2  6  9 11 11  9  7  6  5  6  7 10 13 15 15 14 10  6  0 -4 -7 -926 4 5XO 526 111529 1699999999999999 946  52322 -999999999999999
 -9 -6 -1  3  7  9 10 10  9  7  7  8  9 11 14 16 17 16 13  9  4 -1 -5 -726 4 6XO 615 101547 1799999999999999 934  7999999999999999999999
 -8 -7 -4  0  4  7  9 10  9  9  9  9 10 12 14 16 17 17 15 12  7  3 -1 -426 4 7XO 7 8 1016 7 1799999999999999 0 0 -8 926  899999999999999
 -6 -6 -5 -2  1  4  6  8  9  9  9 10 11 12 14 15 17 17 16 14 10  6  2 -126 4 8XO1630 17999999999999999999999 043 -7999999999999999999999
 -3 -5 -5 -4 -2  1  3  5  7  8  9 10 11 12 13 14 15 16 15 14 12  9  5  226 4 9XO1659 16999999999999999999999 134 -5999999999999999999999
 -1 -3 -4 -4 -3 -2  0  2  4  6  7  9 10 11 12 12 13 14 14 13 12 10  8  526 410XO1740 14999999999999999999999 239 -4999999999999999999999
  2  0 -2 -4 -4 -4 -3 -1  2  4  6  8  9 10 10 11 11 11 11 12 12 11 10  726 411XO1924 12999999999999999999999 4 0 -4999999999999999999999
  5  2  0 -3 -4 -5 -5 -4 -1  1  4  6  8  9  9  9  8  8  8  9 10 10 10  926 412XO1354  92134 1099999999999999 514 -517 9  899999999999999
  8  5  2 -1 -3 -5 -6 -5 -4 -1  3  5  7  8  8  7  6  5  5  5  6  8 10 1026 413XO1327  823 7 1099999999999999 6 7 -618 6  599999999999999
 10  8  6  2 -1 -4 -5 -6 -5 -2  1  5  7  8  8  7  5  3  1  1  2  4  7 1026 414XO1317  8999999999999999999999 649 -61848  199999999999999
 11 11  9  6  3 -1 -3 -5 -5 -3  1  5  8  9  9  7  4  1 -1 -3 -3 -1  3  726 415XO 018 111318 1099999999999999 727 -51930 -399999999999999
 11 13 12 11  7  4  0 -2 -3 -2  1  5  9 12 12 10  6  2 -3 -6 -7 -6 -3  226 416XO 122 131329 1299999999999999 8 4 -32014 -799999999999999
  8 12 14 14 12  9  5  2  1  0  2  6 11 14 15 13 10  5 -1 -6 -9-10 -9 -526 417XO 227 141348 1599999999999999 839  021 1-1099999999999999
  2  9 13 16 16 14 10  7  5  4  4  7 11 16 18 17 15 10  3 -4 -9-12-13-1126 418XO 334 161414 1899999999999999 913  42150-1399999999999999
 -5  3  9 14 16 16 15 12  9  8  8  9 12 17 20 21 19 15  9  2 -5-10-13-1426 419XO 438 171446 2199999999999999 942  82242-1499999999999999
-11 -4  3  9 14 16 16 15 13 11 11 12 13 17 21 23 23 20 16  9  1 -6-10-1326 420XO 540 171523 2399999999999999 954 112336-1499999999999999
-13-10 -4  3  8 13 15 16 15 14 13 14 14 16 20 23 24 23 20 15  9  1 -4 -926 421XO 644 1616 6 2499999999999999 939 13999999999999999999999
-12-12 -9 -3  2  7 11 13 14 14 14 15 15 16 18 20 23 23 22 20 15  9  3 -326 422XO1657 23999999999999999999999 033-12999999999999999999999
 -7 -9-10 -7 -3  1  6  9 12 13 13 14 15 15 16 17 19 21 21 21 18 14  9  426 423XO18 3 21999999999999999999999 137-10999999999999999999999
  0 -4 -7 -8 -6 -3  1  5  8 10 12 13 14 14 14 14 15 16 18 19 18 17 14 1026 424XO1924 19999999999999999999999 248 -8999999999999999999999
  6  2 -2 -5 -6 -5 -3  1  4  8 10 12 13 13 12 12 11 12 13 14 15 16 15 1326 425XO1250 132059 1699999999999999 4 5 -616 9 1199999999999999
 10  7  3  0 -3 -4 -4 -2  2  5  8 11 12 12 11 10  9  8  8  9 11 13 14 1426 426XO1237 122238 1499999999999999 514 -41733  899999999999999
 13 11  8  4  1 -1 -2 -2  0  4  7 10 12 12 11  9  7  5  4  4  5  8 11 1326 427XO1239 12999999999999999999999 610 -21832  499999999999999
 14 13 11  8  5  2  0  0  1  4  7 10 12 13 12 10  7  4  2  0  1  3  6 1026 428XO 0 2 141249 1399999999999999 654  01921  099999999999999
 12 13 13 11  9  6  4  3  3  4  7 11 14 15 14 11  8  4  1 -1 -2 -1  2  626 429XO 113 1313 1 1599999999999999 731  220 2 -299999999999999
 10 13 14 13 12  9  7  6  5  6  8 12 15 16 16 14 10  6  1 -2 -4 -4 -2  226 430XO 215 141316 1799999999999999 8 0  52039 -499999999999999
  7 11 14 15 14 12 10  9  8  9 10 13 16 18 18 17 13  9  4 -1 -4 -5 -4 -126 5 1XO 310 151334 1999999999999999 819  82113 -599999999999999
  4  9 13 15 16 15 13 12 11 11 12 14 17 20 21 20 17 12  7  2 -2 -5 -5 -326 5 2XO 359 161354 2199999999999999 827 112146 -599999999999999
  1  6 11 14 16 17 16 14 13 13 14 15 18 21 22 22 20 16 11  5  0 -3 -5 -426 5 3XO 443 171417 2299999999999999 831 132220 -599999999999999
 -1  3  8 12 15 17 17 16 15 15 15 16 18 21 23 23 22 19 15  9  4 -1 -3 -426 5 4XO 526 171443 2499999999999999 839 152256 -499999999999999
 -3  1  5 10 13 16 17 16 16 15 16 17 18 21 23 24 23 21 18 13  7  3 -1 -326 5 5XO 611 171510 2499999999999999 849 152336 -399999999999999
 -3 -1  3  7 10 13 15 16 16 15 16 17 18 20 22 23 23 22 20 16 11  6  2 -126 5 6XO1541 239999999999999999999999999999999999999999999999999
 -2 -2  0  4  7 10 13 14 15 15 15 16 17 18 20 21 22 22 20 18 14  9  5  226 5 7XO1614 22999999999999999999999 020 -2999999999999999999999
  0 -1 -1  1  4  7 10 12 13 14 15 15 16 17 18 19 20 20 20 18 15 12  8  526 5 8XO1654 20999999999999999999999 1 9 -1999999999999999999999
  2  0 -1  0  2  4  7  9 11 13 14 14 15 15 16 16 17 18 18 17 16 14 10  726 5 9XO1749 18999999999999999999999 2 3 -1999999999999999999999
  4  2  0  0  0  2  4  7 10 12 13 14 14 14 14 14 14 15 15 16 15 14 12 1026 510XO1918 16999999999999999999999 3 0  0999999999999999999999
  7  5  3  1  1  1  3  6  8 11 13 14 14 13 13 12 11 11 12 13 14 14 14 1326 511XO1150 1421 8 1499999999999999 356  11638 1199999999999999
 11  8  6  4  2  2  3  5  8 11 13 14 15 14 12 10  9  8  8  9 11 13 14 1526 512XO1138 152251 1599999999999999 446  21735  899999999999999
 14 12 10  8  6  5  5  6  8 11 14 16 17 15 13 10  7  5  4  4  6  9 13 1526 513XO1142 17999999999999999999999 532  41822  499999999999999
 16 16 15 12 10  8  8  8  9 12 16 19 20 19 16 12  8  4  1  0  1  4  8 1326 514XO 017 161158 2099999999999999 614  819 8  099999999999999
 17 19 19 18 15 13 12 11 12 14 17 21 23 23 20 16 11  5  0 -2 -3 -2  2  826 515XO 134 191223 2399999999999999 655 111956 -399999999999999
 14 19 21 21 20 18 16 15 15 16 19 22 26 27 26 22 16 10  3 -2 -5 -6 -4  226 516XO 247 221255 2799999999999999 733 152047 -699999999999999
  9 16 20 23 24 22 20 19 18 19 20 23 27 30 30 28 23 16  9  1 -4 -7 -8 -526 517XO 353 241334 3099999999999999 8 7 182140 -899999999999999
  2  9 16 21 24 24 23 22 21 21 21 23 27 30 33 32 29 24 16  8  1 -5 -8 -826 518XO 453 241418 3399999999999999 833 212235 -899999999999999
 -4  2 10 16 21 23 24 23 22 22 22 23 25 29 32 34 33 30 24 16  8  1 -4 -726 519XO 551 2415 7 3499999999999999 853 222331 -799999999999999
 -7 -3  3 10 15 20 22 23 22 22 22 23 24 26 29 32 33 32 29 23 16  9  2 -226 520XO 652 2316 2 3399999999999999 912 22999999999999999999999
 -5 -5 -2  4 10 15 19 21 21 21 21 21 22 23 25 28 30 31 30 27 22 16  9  426 521XO17 3 31999999999999999999999 028 -5999999999999999999999
  0 -3 -3  0  5 10 14 17 19 20 20 20 20 20 21 22 25 27 28 27 25 21 16 1026 522XO18 9 28999999999999999999999 128 -3999999999999999999999
  6  2  0  0  3  6 10 14 17 19 19 19 19 18 18 18 19 21 23 24 24 22 19 1526 523XO1021 191925 2499999999999999 228  01427 1899999999999999
 11  8  5  3  3  5  9 12 15 18 19 19 19 18 16 15 15 15 17 19 20 21 20 1826 524XO1041 192059 2199999999999999 326  31556 1599999999999999
 16 13 10  8  6  7  9 11 15 17 19 20 19 18 16 14 12 11 12 13 15 17 18 1926 525XO11 1 202242 1999999999999999 420  61713 1199999999999999
 18 16 14 12 11 10 10 12 15 18 20 21 21 19 17 14 12  9  8  9 10 13 16 1826 526XO1119 21999999999999999999999 5 6 101815  899999999999999
 18 18 17 16 15 14 14 14 16 19 21 23 23 22 19 16 12  9  7  6  7  9 13 1626 527XO 018 191137 2399999999999999 544 1419 4  699999999999999
 18 19 20 19 18 17 17 17 18 20 23 25 26 25 22 19 15 11  7  5  5  7 10 1426 528XO 141 201156 2699999999999999 6 9 171943  599999999999999
 17 20 21 21 21 20 20 20 21 22 24 27 28 28 26 22 18 13  9  6  4  5  7 1126 529XO 246 211217 2899999999999999 623 202018  499999999999999
 16 19 22 23 23 23 22 22 23 24 26 28 30 30 29 26 21 16 11  7  5  4  6  926 530XO 335 231242 3099999999999999 637 222051  499999999999999
 14 18 22 24 25 25 24 24 24 25 26 29 31 32 32 29 25 20 15 10  6  4  5  726 531XO 414 251312 3299999999999999 7 2 242125  499999999999999
 11 16 21 24 25 26 25 25 25 25 27 29 31 33 33 32 29 24 19 13  8  5  4  526 6 1XO 449 261346 3399999999999999 732 2522 2  499999999999999
  9 13 18 22 25 26 26 25 25 25 26 28 30 32 34 33 31 28 23 17 11  7  5  526 6 2XO 525 261422 3499999999999999 8 1 252241  499999999999999
  6 10 15 19 22 25 25 25 24 25 25 26 28 31 33 33 33 30 26 20 15 10  7  526 6 3XO 6 5 2515 0 3399999999999999 826 242323  599999999999999
  5  7 11 16 19 22 24 24 24 24 24 25 26 28 30 32 32 31 28 23 18 13  9  626 6 4XO1538 329999999999999999999999999999999999999999999999999
  5  6  8 12 16 19 22 23 23 23 23 24 24 26 28 29 30 30 28 25 21 16 11  826 6 5XO1617 30999999999999999999999 0 6  5999999999999999999999
  6  5  7 10 13 17 20 21 22 22 22 23 23 24 25 26 28 28 28 26 22 18 14 1126 6 6XO17 1 28999999999999999999999 049  5999999999999999999999
  8  7  7  8 11 15 18 20 22 22 22 22 22 22 22 23 24 25 26 25 23 20 17 1426 6 7XO1755 26999999999999999999999 130  6999999999999999999999
 11  9  8  9 11 14 17 20 21 22 22 22 21 20 20 20 20 22 23 24 23 22 20 1726 6 8XO 932 231912 2499999999999999 2 8  81439 2099999999999999
 14 12 11 11 12 14 17 20 22 24 24 23 22 20 19 17 17 18 19 21 22 23 22 2126 6 9XO 945 242058 2399999999999999 245 111553 1799999999999999
 19 17 15 14 15 16 18 21 24 26 26 26 24 21 18 16 15 14 15 17 19 22 23 2426 610XO10 0 262250 2499999999999999 322 141656 1499999999999999
 23 22 20 19 19 19 20 23 25 28 29 29 27 24 20 17 13 11 11 12 15 18 22 2526 611XO1024 30999999999999999999999 4 1 191754 1199999999999999
 26 26 25 24 23 23 23 25 27 30 33 33 32 29 25 20 15 11  8  8  9 13 18 2326 612XO 032 261056 3399999999999999 445 231849  899999999999999
 26 28 29 29 28 27 27 28 29 32 35 37 37 35 31 25 19 13  8  5  5  7 12 1826 613XO 2 0 291136 3799999999999999 534 271944  599999999999999
 24 28 31 32 31 30 30 30 31 32 35 38 41 40 37 32 26 18 12  6  3  3  6 1126 614XO 311 321223 4199999999999999 622 302039  399999999999999
 18 25 29 32 33 33 32 31 32 33 35 38 41 43 42 39 34 26 18 11  5  2  2  526 615XO 410 331315 4399999999999999 7 7 312135  299999999999999
 11 19 25 30 32 33 33 32 32 32 33 36 39 43 45 44 40 34 26 18 10  5  2  226 616XO 5 1 331410 4599999999999999 750 322231  199999999999999
  5 12 19 25 29 32 32 32 31 31 31 33 35 39 43 44 43 40 34 26 17 10  5  226 617XO 548 3215 7 4499999999999999 834 312326  299999999999999
  3  7 13 20 25 29 31 31 30 29 29 30 31 34 38 41 43 42 38 32 25 17 11  726 618XO 632 3116 4 4399999999999999 926 29999999999999999999999
  4  5  9 15 21 25 28 29 29 28 27 27 27 29 31 35 38 39 38 35 30 24 17 1226 619XO 715 2917 3 3999999999999999 019  411 4 2799999999999999
  9  7  8 12 17 22 26 28 29 28 27 26 25 25 26 28 32 34 35 34 32 28 23 1826 620XO 755 2918 6 3599999999999999 1 8  71254 2599999999999999
 14 12 11 12 16 20 24 27 28 28 27 26 25 23 23 23 25 28 30 31 31 29 26 2326 621XO 833 281921 3199999999999999 154 111412 2399999999999999
 20 17 15 15 17 20 23 26 28 29 29 27 25 24 22 20 21 22 24 26 27 27 27 2526 622XO 9 7 292055 2799999999999999 236 151527 2099999999999999
 23 22 20 20 20 22 24 27 29 31 31 30 27 25 23 20 19 18 19 21 23 25 26 2626 623XO 936 312250 2699999999999999 311 201642 1899999999999999
 26 25 25 24 24 25 26 29 31 32 33 32 30 28 25 22 19 17 17 18 19 22 24 2626 624XO10 2 33999999999999999999999 334 241749 1799999999999999
 27 28 28 28 28 28 29 31 32 34 35 35 34 31 28 24 21 18 16 16 17 19 22 2526 625XO1028 359999999999999999999991840 16999999999999999999999
 28 29 30 30 31 31 31 33 34 36 37 38 37 35 31 27 23 20 17 15 16 18 21 2426 626XO1056 389999999999999999999991921 15999999999999999999999
 27 30 31 32 33 33 33 34 35 37 38 40 40 38 35 31 27 22 18 16 15 16 19 2326 627XO1129 409999999999999999999991957 15999999999999999999999
 27 30 32 33 34 34 34 35 36 37 39 41 41 41 39 35 30 26 21 17 15 15 17 2026 628XO12 9 419999999999999999999992033 15999999999999999999999
 25 29 32 34 34 35 34 35 35 37 38 40 42 43 42 39 34 29 24 19 16 14 15 1826 629XO1251 439999999999999999999992111 14999999999999999999999
 22 26 30 33 34 35 34 34 34 35 37 39 41 43 43 41 38 33 27 22 17 14 14 1526 630XO 449 351335 4399999999999999 7 8 342151 1499999999999999
 19 23 28 31 33 34 34 33 33 34 35 37 39 42 43 43 40 36 31 25 19 15 13 1326 7 1XO 513 341417 4399999999999999 749 332231 1399999999999999
 15 19 24 28 31 33 33 32 32 32 33 34 36 39 41 42 41 38 34 28 22 17 14 1226 7 2XO 543 331456 4299999999999999 827 322311 1299999999999999
 13 16 21 25 29 31 32 32 31 30 31 32 33 36 38 40 41 39 35 30 25 19 16 1326 7 3XO 615 321535 4199999999999999 9 7 302348 1399999999999999
 13 14 18 23 27 29 31 31 31 30 29 30 30 32 35 37 39 38 36 32 27 22 18 1526 7 4XO 646 311615 3999999999999999 955 29999999999999999999999
 14 14 17 21 25 28 30 31 31 30 29 28 28 29 31 33 36 37 36 33 30 25 21 1826 7 5XO 713 3117 0 3799999999999999 022 141111 2899999999999999
 16 16 17 20 24 28 30 31 32 31 29 28 27 27 27 29 32 34 34 34 32 29 25 2226 7 6XO 736 321757 3499999999999999 053 161258 2799999999999999
 20 19 19 21 25 28 31 33 33 32 31 29 27 26 25 25 27 30 31 32 32 31 29 2626 7 7XO 755 331920 3299999999999999 120 191410 2599999999999999
 24 23 23 24 26 29 32 35 36 35 34 31 28 26 24 23 23 25 27 30 31 32 32 3026 7 8XO 816 362111 3299999999999999 141 231517 2399999999999999
 29 28 28 28 29 32 34 37 38 39 38 35 31 28 25 22 21 21 23 25 28 31 33 3326 7 9XO 844 392316 3399999999999999 157 281625 2199999999999999
 33 33 32 32 33 34 36 39 41 42 42 40 36 32 28 24 20 19 18 20 23 27 31 3426 710XO 923 42999999999999999999999 212 321734 1899999999999999
 35 36 36 36 36 37 38 40 42 44 45 45 42 38 33 28 23 19 16 16 18 22 27 3126 711XO1012 459999999999999999999991838 16999999999999999999999
 35 37 39 39 39 39 40 41 43 45 47 48 48 45 40 34 28 22 17 14 14 16 21 2726 712XO1110 489999999999999999999991939 14999999999999999999999
 32 36 39 40 40 40 40 41 42 44 47 49 51 50 47 41 35 27 21 15 12 12 15 2026 713XO1212 519999999999999999999992036 12999999999999999999999
 27 33 37 39 40 40 40 39 40 41 44 47 51 52 52 48 42 35 27 19 14 11 11 1426 714XO 415 401312 5299999999999999 647 392132 1199999999999999
 20 27 33 37 39 40 39 38 37 38 40 42 47 51 53 52 48 42 34 26 19 13 11 1126 715XO 445 401410 5399999999999999 743 372224 1099999999999999
 15 22 28 34 37 38 38 36 35 35 36 37 41 45 50 51 50 47 40 33 25 18 14 1226 716XO 515 3815 6 5199999999999999 839 352313 1299999999999999
 13 17 24 30 34 37 37 36 34 33 32 33 34 38 43 47 49 48 44 38 31 24 19 1526 717XO 547 3716 2 4999999999999999 951 322357 1499999999999999
 14 16 21 27 32 35 37 36 34 32 31 30 30 32 36 40 44 45 44 40 35 29 24 2126 718XO 618 3717 0 45999999999999991128 30999999999999999999999
 18 18 21 26 30 34 36 37 35 33 31 29 28 28 30 33 37 39 40 40 37 33 29 2626 719XO 648 3718 4 4099999999999999 037 181240 2899999999999999
 23 22 23 26 30 34 36 37 37 35 32 30 28 27 26 28 31 34 35 36 36 35 32 3026 720XO 718 371921 3699999999999999 112 221344 2699999999999999
 28 27 27 29 31 35 37 38 39 38 35 32 30 28 26 25 27 29 31 32 34 34 34 3326 721XO 745 392053 3499999999999999 138 271448 2599999999999999
 32 32 32 32 34 36 38 40 40 40 38 36 33 30 28 26 25 26 27 29 31 32 34 3426 722XO 811 40999999999999999999999 140 321559 2599999999999999
 34 35 35 36 37 38 40 41 42 42 41 39 36 33 30 28 26 25 25 26 28 31 33 3526 723XO 839 429999999999999999999991713 25999999999999999999999
 36 37 38 38 39 40 41 43 44 44 44 42 40 37 34 30 27 25 24 25 26 29 32 3426 724XO 913 449999999999999999999991812 24999999999999999999999
 36 38 39 40 41 41 42 43 44 45 46 45 44 41 37 34 30 27 25 24 25 27 30 3326 725XO10 1 469999999999999999999991859 24999999999999999999999
 36 38 40 41 41 42 42 43 44 46 47 47 46 44 41 37 33 29 26 24 23 25 27 3126 726XO1057 479999999999999999999991940 23999999999999999999999
 35 38 40 41 41 41 41 42 43 45 46 48 48 47 45 41 36 31 27 24 22 23 25 2826 727XO1152 489999999999999999999992019 22999999999999999999999
 32 36 39 40 41 40 40 40 41 43 45 47 48 49 47 44 40 34 29 25 22 21 22 2526 728XO1243 499999999999999999999992059 21999999999999999999999
 29 34 37 39 40 40 39 38 39 40 42 44 47 49 49 46 43 38 32 26 22 20 20 2226 729XO 417 401328 4999999999999999 7 8 382137 1999999999999999
 26 30 35 37 39 39 38 37 36 37 39 41 44 47 48 48 45 40 35 29 23 20 19 1926 730XO 435 3914 9 4899999999999999 751 362213 1999999999999999
 22 27 32 35 37 38 37 36 35 34 35 37 40 44 46 47 46 42 37 31 26 21 19 1826 731XO 456 381449 4799999999999999 835 342247 1899999999999999
 20 24 30 34 36 37 37 35 34 33 33 34 36 39 43 45 45 43 40 34 29 24 21 2026 8 1XO 518 371529 4699999999999999 923 332319 1999999999999999
 20 23 28 33 36 37 37 36 34 32 31 31 32 34 38 42 44 43 41 37 32 27 24 2226 8 2XO 537 381613 44999999999999991023 312348 2299999999999999
 22 23 27 32 36 38 38 37 35 32 30 29 29 30 33 37 41 42 41 39 36 31 28 2626 8 3XO 554 3817 5 42999999999999991138 29999999999999999999999
 25 26 28 32 36 39 40 39 37 34 31 29 28 28 29 32 36 39 40 40 38 35 32 3026 8 4XO 610 401816 4099999999999999 012 251244 2899999999999999
 30 30 31 34 38 41 42 42 41 38 34 31 28 27 27 28 31 34 37 38 39 38 36 3526 8 5XO 630 421951 3999999999999999 024 301345 2799999999999999
 34 34 35 36 39 42 44 45 44 42 38 34 31 28 26 26 27 29 32 35 37 38 38 3826 8 6XO 659 45999999999999999999999 014 341451 2699999999999999
 38 38 39 40 41 44 46 47 47 46 43 39 35 31 28 25 24 25 27 30 33 36 38 4026 8 7XO 741 4799999999999999999999916 6 24999999999999999999999
 40 41 42 42 43 45 46 48 49 49 48 45 41 36 32 28 25 23 23 25 28 32 36 3926 8 8XO 839 499999999999999999999991726 23999999999999999999999
 41 42 43 44 44 45 46 48 49 51 51 50 47 43 38 32 27 23 21 21 23 27 31 3626 8 9XO 951 519999999999999999999991836 21999999999999999999999
 40 42 43 44 44 44 45 46 48 50 52 53 52 49 45 39 33 27 22 19 19 21 26 3126 810XO11 6 539999999999999999999991938 19999999999999999999999
 36 40 42 44 44 43 43 43 44 47 50 53 54 54 51 45 39 32 25 20 18 18 20 2626 811XO 331 441214 5499999999999999 556 432032 1799999999999999
 32 37 41 42 43 42 40 40 41 42 45 49 53 55 54 51 45 38 31 24 19 17 17 2126 812XO 340 431315 5599999999999999 658 402122 1799999999999999
 27 34 38 41 42 41 39 37 37 37 39 42 47 52 54 53 50 44 36 29 23 19 17 1926 813XO 359 421410 5499999999999999 755 3722 7 1799999999999999
 23 30 36 39 41 40 38 36 34 33 34 36 40 46 50 52 51 48 42 34 28 23 20 1926 814XO 422 4115 5 5299999999999999 859 332248 1999999999999999
 22 27 33 38 40 41 39 36 33 31 30 31 33 38 44 48 49 48 45 39 33 28 25 2326 815XO 446 4116 1 49999999999999991014 302324 2299999999999999
 23 26 32 37 40 41 40 38 34 31 29 28 29 32 37 41 44 45 44 41 37 32 29 2726 816XO 511 4117 2 45999999999999991118 282356 2799999999999999
 27 28 32 37 40 42 42 40 37 33 30 28 27 28 31 35 39 41 42 41 39 36 33 3226 817XO 534 4218 9 42999999999999991214 27999999999999999999999
 31 32 34 37 41 43 43 42 40 36 32 30 28 27 27 30 34 36 38 39 39 38 36 3626 818XO 554 431921 3999999999999999 019 3113 7 2799999999999999
 35 36 37 39 42 44 44 44 42 39 36 33 30 28 27 28 30 32 35 36 38 38 38 3826 819XO 611 44999999999999999999999 0 7 3514 2 2799999999999999
 38 39 40 41 43 45 46 46 45 43 39 36 33 31 29 28 29 30 32 34 36 37 38 3926 820XO 629 4699999999999999999999915 5 28999999999999999999999
 40 41 42 43 44 46 46 47 46 45 43 40 37 34 32 30 29 29 30 31 33 36 38 3926 821XO 655 479999999999999999999991624 28999999999999999999999
 41 42 43 44 45 46 47 47 47 47 45 43 41 38 35 32 30 28 28 29 31 33 36 3926 822XO 748 479999999999999999999991740 28999999999999999999999
 40 42 43 44 44 45 46 46 47 47 47 46 44 41 38 35 31 29 27 27 28 31 34 3726 823XO 912 479999999999999999999991835 27999999999999999999999
 39 41 43 43 43 44 44 45 46 47 47 47 46 44 41 37 33 30 27 26 26 28 31 3526 824XO1035 489999999999999999999991920 26999999999999999999999
 38 40 42 42 42 42 42 42 43 45 46 48 48 47 44 40 36 31 27 25 24 25 28 3126 825XO1140 489999999999999999999991959 24999999999999999999999
 35 38 40 41 41 40 39 39 40 42 44 46 48 48 46 43 39 33 29 25 23 23 25 2826 826XO 315 411232 4899999999999999 630 392035 2299999999999999
 33 37 39 40 40 39 37 37 37 38 40 43 46 48 47 45 41 36 30 26 23 21 22 2526 827XO 322 401317 4899999999999999 715 3721 9 2199999999999999
 30 35 38 39 39 38 36 34 34 34 36 39 43 46 48 46 44 39 33 28 24 22 21 2326 828XO 334 3914 0 4899999999999999 758 342141 2199999999999999
 28 33 37 39 39 38 36 33 31 31 32 34 38 43 46 47 45 42 37 31 26 24 22 2326 829XO 348 391443 4799999999999999 845 312212 2299999999999999
 26 32 36 39 40 39 37 33 30 29 28 30 33 38 43 45 45 44 40 35 30 27 25 2526 830XO 4 0 401530 4699999999999999 937 282241 2599999999999999
 27 31 36 40 41 41 38 35 31 28 26 26 28 32 38 42 44 44 42 39 34 31 29 2826 831XO 411 411625 44999999999999991033 2623 6 2899999999999999
 29 32 36 41 43 43 41 38 33 29 26 25 25 27 32 37 41 43 43 41 38 35 33 3226 9 1XO 427 431734 43999999999999991130 252318 3299999999999999
 32 34 37 42 44 45 44 41 37 32 28 25 24 24 27 32 36 39 41 41 40 38 37 3626 9 2XO 449 451853 41999999999999991226 242259 3699999999999999
 37 37 39 42 45 47 47 45 42 37 32 28 26 24 24 27 30 34 37 39 40 40 39 3926 9 3XO 518 472020 40999999999999991327 242242 3999999999999999
 40 40 42 43 46 48 49 48 46 42 37 33 29 26 24 24 26 29 32 35 38 39 40 4126 9 4XO 557 499999999999999999999991435 24999999999999999999999
 42 43 43 44 46 48 49 49 49 47 43 39 34 30 27 24 24 24 27 30 33 36 39 4126 9 5XO 656 499999999999999999999991558 24999999999999999999999
 42 43 44 45 45 46 48 49 50 49 48 45 41 36 32 27 24 23 23 25 28 32 36 3926 9 6XO 821 509999999999999999999991724 22999999999999999999999
 41 43 43 44 44 44 45 46 48 49 50 49 46 42 37 32 27 23 21 21 23 27 32 3626 9 7XO 953 509999999999999999999991834 21999999999999999999999
 39 41 42 42 42 42 42 42 44 47 49 50 50 47 43 38 32 26 22 20 20 22 27 3226 9 8XO 241 421113 5099999999999999 523 421929 2099999999999999
 37 39 41 41 40 39 38 38 39 41 45 48 50 50 47 43 37 31 25 21 19 20 23 2926 9 9XO 234 411220 5199999999999999 626 382017 1999999999999999
 34 38 40 40 39 37 35 34 34 35 39 43 48 50 49 47 42 36 29 24 21 20 21 2626 910XO 242 401318 5099999999999999 722 3421 0 2099999999999999
 32 36 39 40 39 36 33 31 30 30 32 37 42 47 49 48 45 40 34 28 24 22 22 2426 911XO 257 401414 4999999999999999 818 302138 2299999999999999
 30 35 39 40 40 37 34 30 27 27 27 30 35 41 45 47 46 43 38 33 28 26 24 2526 912XO 315 401511 4799999999999999 915 272212 2499999999999999
 29 34 39 41 41 39 36 31 27 25 24 25 28 34 40 43 44 44 41 37 32 30 28 2826 913XO 334 411610 459999999999999910 8 242241 2899999999999999
 30 34 39 42 42 41 38 34 29 25 24 23 24 28 34 38 41 42 42 39 36 33 32 3226 914XO 352 421711 42999999999999991057 2323 1 3299999999999999
 33 35 39 42 44 43 41 37 32 28 25 23 23 25 29 34 37 39 40 40 38 36 35 3526 915XO 4 9 441812 41999999999999991142 232239 3599999999999999
 36 37 40 43 45 45 43 40 36 31 28 25 24 24 26 30 33 36 38 39 39 38 38 3826 916XO 425 451916 39999999999999991227 232154 3899999999999999
 38 39 41 44 45 45 45 43 39 35 31 28 26 25 25 27 30 33 35 37 38 38 38 3926 917XO 441 469999999999999999999991315 25999999999999999999999
 40 41 42 44 45 46 45 44 42 38 35 32 29 27 26 26 28 30 32 34 36 37 38 3926 918XO 458 469999999999999999999991411 26999999999999999999999
 40 42 42 44 45 45 45 45 43 41 38 35 32 30 28 27 27 28 29 31 33 35 37 3926 919XO 523 459999999999999999999991527 27999999999999999999999
 40 41 42 43 43 44 44 44 44 43 41 38 35 33 30 28 27 26 27 28 30 33 35 3726 920XO 615 449999999999999999999991657 26999999999999999999999
 39 40 41 41 41 42 42 42 43 43 42 40 38 35 32 29 27 25 25 25 27 30 33 3526 921XO 827 4399999999999999999999918 0 25999999999999999999999
 37 39 39 39 39 39 39 40 41 41 42 42 40 38 35 31 28 25 23 23 24 27 30 3326 922XO10 9 429999999999999999999991845 23999999999999999999999
 36 37 38 38 37 36 36 36 37 39 41 42 41 40 37 34 30 26 23 22 22 24 27 3126 923XO 212 381122 4299999999999999 557 361922 2299999999999999
 34 36 37 37 35 34 33 33 34 35 38 40 42 41 39 36 32 28 24 22 21 22 25 2926 924XO 2 9 371218 4299999999999999 640 331955 2199999999999999
 33 36 37 36 35 32 30 29 29 31 34 38 41 42 41 39 35 30 26 23 21 21 24 2826 925XO 212 3713 7 4299999999999999 720 292027 2199999999999999
 32 36 37 37 35 32 29 26 26 26 29 33 38 41 42 41 38 34 29 25 23 22 23 2726 926XO 218 371355 4299999999999999 8 2 262058 2299999999999999
 32 36 38 38 36 33 29 25 23 23 24 27 33 38 42 42 41 38 33 29 26 25 25 2726 927XO 227 381448 4299999999999999 846 222127 2599999999999999
 32 37 40 40 39 35 31 25 22 20 20 22 27 33 39 41 42 41 38 33 30 28 28 2926 928XO 241 401548 4299999999999999 934 202154 2899999999999999
 32 37 41 42 41 39 34 28 23 19 18 18 21 27 34 38 41 41 40 37 34 32 32 3226 929XO 3 2 421654 41999999999999991024 182210 3299999999999999
 34 37 42 44 44 42 39 33 27 21 18 17 17 21 27 33 37 40 41 40 37 36 35 3526 930XO 328 4518 2 41999999999999991117 1722 0 3599999999999999
 36 38 42 45 46 45 43 38 32 26 21 18 17 18 21 27 32 35 38 39 39 38 37 382610 1XO 4 0 461914 39999999999999991214 172152 3799999999999999
 38 39 42 45 47 47 46 43 38 32 26 22 19 18 18 21 25 30 33 36 37 38 38 392610 2XO 438 479999999999999999999991316 17999999999999999999999
 40 40 41 43 45 47 47 45 42 38 33 28 24 20 18 19 21 24 27 31 34 36 37 382610 3XO 529 479999999999999999999991427 18999999999999999999999
 39 40 41 42 43 44 45 45 45 42 38 34 30 25 22 19 19 20 22 25 29 32 35 372610 4XO 647 459999999999999999999991552 19999999999999999999999
 38 39 39 39 40 41 42 43 44 44 42 39 35 31 26 22 19 18 19 21 24 28 32 352610 5XO 824 449999999999999999999991713 18999999999999999999999
 36 37 37 37 37 36 37 38 40 42 43 42 40 36 32 27 23 19 18 18 21 25 29 332610 6XO 140 37 959 4399999999999999 442 361816 1899999999999999
 35 36 36 35 34 33 32 33 35 38 40 42 42 40 36 32 27 22 19 18 19 22 27 312610 7XO 125 361121 4299999999999999 553 3219 6 1899999999999999
 34 35 35 34 32 30 28 28 29 32 36 39 41 41 39 36 31 26 22 20 19 21 25 302610 8XO 126 351229 4199999999999999 648 281948 1999999999999999
 33 35 36 34 31 28 25 24 24 25 29 34 38 40 40 38 35 30 26 23 21 22 24 292610 9XO 137 361329 4199999999999999 738 242025 2199999999999999
 33 36 37 36 33 28 25 22 20 21 23 28 33 38 40 40 38 34 30 27 25 24 25 29261010XO 151 371429 4099999999999999 825 202058 2499999999999999
 33 37 38 37 35 31 26 22 19 18 19 22 28 33 37 39 39 37 33 30 28 27 27 29261011XO 2 8 381527 3999999999999999 910 182124 2799999999999999
 33 37 40 39 37 34 28 23 19 17 16 18 23 28 33 37 38 38 36 33 31 30 30 31261012XO 226 401622 3899999999999999 951 162138 3099999999999999
 34 38 41 41 40 37 32 26 21 18 16 16 19 24 29 34 36 38 37 35 33 33 33 33261013XO 246 411715 38999999999999991030 162123 3399999999999999
 35 38 41 42 42 39 35 30 25 20 18 17 17 21 25 30 33 36 37 36 35 34 34 35261014XO 3 7 4218 7 379999999999999911 9 172111 3499999999999999
 36 38 41 43 43 41 38 34 28 24 20 18 18 19 22 26 30 33 35 35 35 35 35 36261015XO 328 439999999999999999999991150 18999999999999999999999
 37 38 40 42 43 42 40 36 32 27 23 21 19 19 21 23 26 29 32 33 34 34 35 36261016XO 351 439999999999999999999991236 19999999999999999999999
 37 38 39 41 41 41 40 38 35 31 27 24 21 20 20 21 23 26 28 30 32 33 34 35261017XO 416 429999999999999999999991329 20999999999999999999999
 36 37 38 39 40 40 39 38 36 33 30 26 24 22 20 20 21 23 25 27 29 31 32 33261018XO 447 409999999999999999999991435 20999999999999999999999
 34 35 36 36 37 37 37 37 36 34 32 29 26 24 22 20 20 20 22 24 26 29 30 32261019XO 538 379999999999999999999991553 20999999999999999999999
 33 34 34 34 34 34 34 35 35 34 33 31 28 26 23 21 19 19 19 21 23 26 29 30261020XO 737 3599999999999999999999917 0 19999999999999999999999
 32 32 32 32 31 31 31 31 32 33 33 32 30 28 25 22 20 19 18 19 21 24 27 29261021XO 112 32 929 3399999999999999 5 8 311747 1899999999999999
 31 31 31 30 28 27 27 28 29 31 32 33 32 30 28 25 22 19 18 18 20 23 26 29261022XO 056 311057 3399999999999999 555 271825 1899999999999999
 31 31 30 29 27 25 24 23 25 27 30 32 33 32 31 28 24 21 20 19 20 22 26 29261023XO 050 3112 4 3399999999999999 633 231859 1999999999999999
 32 32 31 29 26 23 20 20 20 22 26 30 33 34 33 31 28 25 22 21 21 22 26 30261024XO 052 3213 4 3499999999999999 711 191932 2199999999999999
 33 34 33 31 27 22 19 16 16 17 21 26 31 34 35 35 32 29 26 24 23 24 26 30261025XO 1 2 3414 5 3599999999999999 751 1620 3 2399999999999999
 34 37 36 34 30 24 19 15 13 13 15 20 26 32 35 36 36 33 30 28 26 26 28 31261026XO 120 3715 8 3699999999999999 836 122032 2699999999999999
 35 39 39 38 34 28 22 16 12 10 10 14 20 27 32 36 37 36 34 31 30 29 30 32261027XO 146 391611 3799999999999999 923 102054 2999999999999999
 35 40 42 41 39 34 27 20 14 10  8  9 13 20 27 32 35 37 36 34 32 32 32 33261028XO 217 421713 37999999999999991015  821 5 3299999999999999
 35 39 43 44 42 39 33 26 19 13  9  8  9 13 20 26 31 34 35 35 34 33 33 34261029XO 255 441815 369999999999999911 9  82111 3399999999999999
 35 38 41 44 44 42 38 33 25 19 13 10  8  9 14 19 25 29 32 34 34 33 33 34261030XO 338 4499999999999999999999912 7  8999999999999999999999
 35 36 39 41 43 43 41 38 32 25 19 15 11  9 10 14 18 23 27 30 31 32 32 33261031XO 429 439999999999999999999991310  9999999999999999999999
 34 34 35 37 40 41 41 40 36 31 26 21 16 13 11 11 14 17 21 25 28 30 31 312611 1XO 534 419999999999999999999991418 11999999999999999999999
 32 32 32 33 35 36 38 38 37 35 31 26 22 18 14 12 12 14 17 21 24 27 29 302611 2XO 654 389999999999999999999991532 12999999999999999999999
 30 30 30 29 30 31 32 34 35 35 33 30 27 23 19 15 13 13 15 18 21 25 27 292611 3XO 023 30 825 3599999999999999 317 291640 1399999999999999
 29 29 28 27 26 25 26 28 30 32 33 32 30 27 23 20 17 15 15 16 19 23 26 282611 4XO 0 2 2910 3 3399999999999999 448 251737 1599999999999999
 29 29 27 25 23 21 21 22 24 27 30 31 31 30 27 24 21 18 17 17 19 22 26 292611 5XO 0 6 291131 3199999999999999 555 211825 1799999999999999
 30 30 28 25 22 19 17 17 18 21 25 28 30 31 30 27 25 22 20 19 20 23 26 292611 6XO 018 301247 3199999999999999 649 1719 4 1999999999999999
 31 31 30 27 23 19 16 14 14 16 20 24 28 30 31 30 28 25 24 22 22 24 27 302611 7XO 033 311353 3199999999999999 736 141936 2299999999999999
 33 33 32 29 25 20 16 13 11 12 15 20 25 28 31 31 30 28 26 25 25 26 27 312611 8XO 051 331452 3199999999999999 818 1120 0 2599999999999999
 34 35 35 32 28 23 18 14 11 10 12 16 21 26 29 31 32 31 29 28 27 27 29 312611 9XO 112 351544 3299999999999999 856 102010 2799999999999999
 34 36 37 35 31 26 21 16 12 10 10 12 17 22 27 30 32 32 31 29 29 29 30 32261110XO 136 371631 3299999999999999 932 102012 2999999999999999
 34 37 38 37 34 30 24 19 14 11 10 11 14 19 24 28 31 32 31 30 30 30 30 32261111XO 2 2 381715 329999999999999910 8 102022 3099999999999999
 34 36 38 38 36 33 28 22 17 13 11 10 12 16 20 25 28 30 31 30 30 30 30 31261112XO 231 381759 31999999999999991045 102035 3099999999999999
 33 35 37 38 37 35 31 26 20 16 12 11 11 13 17 21 25 27 29 29 29 29 29 30261113XO 3 1 389999999999999999999991126 10999999999999999999999
 32 33 35 37 37 35 33 29 23 19 15 12 11 12 14 17 21 24 26 27 28 28 28 29261114XO 334 379999999999999999999991210 11999999999999999999999
 30 31 33 34 35 35 33 30 26 21 17 14 12 11 12 14 17 20 23 25 26 26 27 27261115XO 410 359999999999999999999991258 11999999999999999999999
 28 29 30 31 32 32 32 30 27 23 19 16 14 12 11 12 14 17 19 22 24 25 25 26261116XO 450 329999999999999999999991350 11999999999999999999999
 26 27 27 28 28 29 29 29 27 24 21 18 15 13 12 12 13 14 17 19 22 23 24 25261117XO 540 299999999999999999999991442 12999999999999999999999
 25 25 25 25 25 25 26 26 26 25 23 20 18 15 13 12 12 13 15 18 20 22 24 24261118XO 657 262324 24999999999999991533 12999999999999999999999
 24 24 23 22 21 22 22 23 24 24 23 22 20 18 16 14 13 14 15 17 20 22 24 25261119XO 842 242316 2599999999999999 427 211619 1399999999999999
 25 23 22 20 19 18 18 19 21 22 23 23 22 21 19 17 16 15 16 17 20 23 25 26261120XO1031 242319 2699999999999999 523 1817 1 1599999999999999
 26 25 22 19 17 15 14 15 16 19 22 24 25 24 23 21 19 18 18 19 21 24 27 28261121XO12 0 252333 2999999999999999 6 8 141741 1899999999999999
 29 27 24 20 16 13 11 10 11 15 19 23 25 27 26 25 23 22 21 21 22 25 28 31261122XO1317 272358 3299999999999999 651 101820 2199999999999999
 32 31 28 23 18 13  9  7  7  9 13 19 24 27 29 29 27 25 24 24 24 26 29 32261123XO1426 29999999999999999999999 736  71857 2499999999999999
 35 35 32 28 22 16 10  6  4  4  7 13 20 25 29 30 30 29 27 26 26 27 29 33261124XO 030 351530 3099999999999999 825  31931 2699999999999999
 36 38 37 34 28 21 14  7  3  1  2  6 13 20 25 29 31 31 29 28 28 28 29 32261125XO 1 9 381628 3199999999999999 916  120 0 2899999999999999
 35 39 40 38 34 28 20 12  6  1  0  1  5 12 19 25 29 30 30 29 28 28 29 30261126XO 153 401723 30999999999999991010  02027 2899999999999999
 33 37 40 40 38 34 27 19 11  5  1 -1  1  5 12 19 24 27 29 28 28 27 28 28261127XO 243 411819 299999999999999911 5 -12055 2799999999999999
 30 33 37 39 40 38 33 26 18 11  5  1  0  1  6 12 18 22 25 26 26 26 26 26261128XO 338 401917 279999999999999912 2  02129 2699999999999999
 27 29 32 35 37 37 35 31 25 18 11  6  2  1  3  7 12 17 21 23 24 24 24 24261129XO 436 3899999999999999999999913 0  1999999999999999999999
 24 25 26 29 32 34 34 32 29 23 17 12  8  4  3  5  8 13 17 20 22 23 23 22261130XO 540 342112 23999999999999991358  3999999999999999999999
 22 22 22 23 25 27 29 30 29 26 22 17 13  9  7  6  7 10 14 18 20 22 22 222612 1XO 652 302151 2299999999999999 138 211454  699999999999999
 21 20 19 18 18 20 22 24 25 25 23 21 17 14 12 10  9 10 13 16 19 22 23 232612 2XO 821 252221 2399999999999999 3 9 181547  999999999999999
 21 20 18 16 14 14 16 18 20 22 22 22 20 18 16 14 13 13 14 16 19 22 24 242612 3XO10 6 222246 2499999999999999 432 141636 1399999999999999
 23 21 18 15 13 11 11 12 14 17 19 21 21 21 20 18 17 16 16 18 20 23 25 262612 4XO1152 212310 2699999999999999 544 111719 1699999999999999
 25 23 20 17 13 10  8  8  9 12 16 19 21 22 22 21 20 20 19 20 21 24 26 272612 5XO1329 222333 2899999999999999 641  81754 1999999999999999
 28 26 23 19 15 11  8  6  6  8 12 16 19 22 23 23 23 22 22 22 23 25 27 292612 6XO1447 232359 3099999999999999 728  61816 2299999999999999
 30 29 26 22 18 13  9  6  5  6  9 13 17 21 23 25 25 24 24 24 24 26 27 302612 7XO1538 25999999999999999999999 8 7  51831 2499999999999999
 31 31 29 26 21 16 11  7  5  4  6 10 15 19 23 25 26 25 25 25 25 26 27 302612 8XO 029 311614 2699999999999999 843  41855 2599999999999999
 32 33 32 29 25 20 14  9  6  4  4  7 12 17 21 24 26 26 25 25 25 25 27 292612 9XO 1 2 331644 2699999999999999 918  41926 2599999999999999
 31 33 33 31 28 23 17 12  7  4  3  5  8 13 18 22 24 25 25 24 24 24 25 27261210XO 139 331714 2599999999999999 954  31958 2499999999999999
 29 32 33 33 30 26 21 15  9  5  3  3  5  9 14 19 22 24 24 23 23 23 24 25261211XO 217 331749 24999999999999991032  32029 2399999999999999
 27 29 31 32 31 28 24 18 12  7  4  2  3  6 10 15 18 21 22 22 22 21 22 23261212XO 256 321827 22999999999999991112  221 0 2199999999999999
 24 26 28 30 30 28 25 20 15  9  5  3  2  4  7 11 15 18 20 20 20 20 20 20261213XO 334 3019 9 20999999999999991152  22132 2099999999999999
 21 23 25 27 28 27 25 21 17 11  7  4  2  2  4  8 12 15 17 19 19 19 18 18261214XO 411 281951 19999999999999991230  22218 1899999999999999
 19 20 21 23 24 25 24 21 18 13  9  6  4  3  4  6  9 13 15 17 18 18 18 17261215XO 449 252026 189999999999999913 6  3999999999999999999999
 17 17 18 19 20 22 22 20 18 15 11  8  6  5  4  6  8 11 14 16 18 18 18 17261216XO 534 222051 1899999999999999 010 171338  499999999999999
 16 15 15 15 16 18 19 19 18 16 13 11  9  7  7  7  9 11 14 17 18 19 19 17261217XO 636 1921 9 1999999999999999 212 1514 6  799999999999999
 16 14 13 12 12 13 15 16 17 16 15 14 12 10 10 10 11 12 15 17 20 21 21 19261218XO 814 172126 2199999999999999 329 121432 1099999999999999
 17 15 12 11  9  9 10 12 14 16 16 16 15 14 13 13 13 15 16 19 21 23 23 22261219XO1019 162150 2399999999999999 436  915 0 1399999999999999
 20 17 13 10  8  6  6  7 10 13 16 17 18 18 17 17 17 17 18 20 22 25 26 26261220XO1221 182224 2699999999999999 536  61540 1799999999999999
 24 21 16 12  8  4  3  3  5  8 13 16 19 20 21 21 20 20 21 22 23 26 28 29261221XO1358 2123 7 2999999999999999 631  21637 2099999999999999
 29 26 21 16 10  5  1 -1 -1  2  7 12 17 21 23 23 23 23 22 23 24 26 29 31261222XO15 7 232356 3299999999999999 725 -11744 2299999999999999
 32 31 27 22 15  9  3 -2 -4 -3  0  6 12 18 22 24 24 24 23 23 24 25 28 31261223XO1558 24999999999999999999999 819 -41842 2399999999999999
 34 34 33 29 22 15  7  0 -4 -6 -5 -1  5 12 18 22 24 24 24 23 23 23 25 28261224XO 051 351641 2499999999999999 913 -61932 2399999999999999
 32 35 36 34 29 22 14  6 -1 -6 -8 -7 -2  5 12 18 21 23 23 22 21 21 22 24261225XO 148 361721 239999999999999910 8 -82021 2199999999999999
 27 31 35 36 33 29 21 13  4 -2 -7 -8 -7 -1  6 12 17 20 21 20 19 18 19 19261226XO 245 3618 0 219999999999999911 1 -82114 1899999999999999
 22 25 30 33 34 31 27 19 11  3 -3 -6 -8 -5  0  7 13 17 19 19 18 16 16 16261227XO 341 341837 19999999999999991152 -82228 1699999999999999
 16 19 23 27 30 30 28 24 17 10  3 -2 -5 -5 -2  3  9 13 16 18 17 16 14 13261228XO 438 301913 18999999999999991240 -5999999999999999999999
 13 13 15 19 23 25 26 24 20 14  9  4  0 -2 -1  2  7 11 15 17 17 16 14 12261229XO 539 261948 1799999999999999 013 131324 -299999999999999
 11 10 10 12 15 18 20 21 19 17 13  9  6  4  2  3  6 10 14 16 18 17 16 13261230XO 649 212022 1899999999999999 132 1014 4  299999999999999
 11  9  8  7  8 11 13 15 16 16 14 12 10  9  8  8  9 12 15 17 19 19 18 16261231XO 819 162050 1999999999999999 247  71434  799999999999999
