 30 62 97127146152146130111 94 86 87 99117138153157147123 87 47 12-11-1726 1 1Z6 4581521549158999999999999991021 852251-1899999999999999
 -6 22 60101135157163155135112 93 83 85 99120143160163150121 81 37  0-2426 1 2Z6 5531631644164999999999999991120 832343-2999999999999999
-28-12 21 65109145166169156133107 87 78 83100125150167168151118 73 27-1026 1 3Z6 64017017351709999999999999912 9 78999999999999999999999
-31-32-11 28 75120154171169151124 97 79 73 82103131157171169148111 64 1926 1 4Z6 723172182317299999999999999 031-341253 7399999999999999
-15-32-27  0 41 89131160171163140112 86 71 69 83107136160171164140101 5526 1 5Z6 8 2171191017199999999999999 116-331335 6899999999999999
 14-14-24-13 18 60105142163166151126 98 76 65 68 85110138158164154127 8926 1 6Z6 839167195516599999999999999 158-241417 6499999999999999
 48 14 -7 -9  8 41 82120149161156137111 86 67 61 68 8711113515115314011326 1 7Z6 912162203915499999999999999 236-101458 6199999999999999
 79 45 19  8 13 34 66102132151155144123 98 76 62 60 69 8710912813913812426 1 8Z6 944156212414099999999999999 312  71542 5999999999999999
100 73 47 31 27 38 60 89117139149146131110 88 70 60 60 69 8510311812512326 1 9Z61015149221512599999999999999 346 271630 5899999999999999
111 92 72 56 47 49 62 82106127140143136120100 81 66 58 58 66 79 9410611226 110Z61047143232111299999999999999 419 471726 5799999999999999
111103 91 78 69 65 70 82 98116129137136127112 94 77 63 55 55 60 71 83 9426 111Z61123137999999999999999999999 456 651836 5499999999999999
102105102 96 89 84 82 86 94106118127132130121107 91 74 60 50 48 52 61 7326 112Z6 1 1105121113299999999999999 549 821954 4899999999999999
 87 98106108107102 97 94 95100107116124128127119106 89 70 54 42 38 41 5226 113Z6 3 3108131812899999999999999 720 9421 4 3899999999999999
 67 85101113119118113106 99 96 98105114123128128120106 86 64 44 31 26 3126 114Z6 424119142912999999999999999 9 6 962158 2699999999999999
 46 66 89110124130128119107 98 93 94102114125133132123104 80 54 31 17 1526 115Z6 5111301528134999999999999991016 922242 1499999999999999
 25 45 72100123137140132118103 91 86 90102118132140138124 99 69 40 16  526 116Z6 54614016171419999999999999911 2 862321  499999999999999
  7 23 50 83114136147144130111 93 82 80 90107127143148141121 90 55 24  226 117Z6 6171471659148999999999999991137 792356 -599999999999999
 -5  4 29 63 99129148152142122 99 81 73 77 93116138153154141113 76 39  826 118Z6 6461531737156999999999999991210 73999999999999999999999
 -9 -9  9 41 80117144156152134109 85 70 67 78101127149161156135100 60 2326 119Z6 714157181416199999999999999 029-111242 6699999999999999
 -4-14 -5 21 59100134155159146121 94 71 61 65 83110137158164152124 85 4426 120Z6 742160185116499999999999999 1 2-141314 6099999999999999
 10-10-11  7 40 81120149161155134106 78 59 55 65 89118145161161143110 7026 121Z6 810161193016399999999999999 134-131348 5499999999999999
 32  4 -7  0 26 63104138158160146119 89 64 50 51 67 94124148159153130 9626 122Z6 838162201015999999999999999 2 6 -71425 4999999999999999
 59 26  7  4 19 49 87123149160153132103 74 52 44 50 69 9712414415114111826 123Z6 9 7160205515199999999999999 238  315 5 4499999999999999
 86 54 29 18 23 43 73107136153155142117 88 62 44 40 49 69 9512013614012926 124Z6 937157214514099999999999999 312 181550 3999999999999999
108 82 57 41 37 46 67 94122142151147130104 77 54 39 37 46 65 8811012412726 125Z61010151224912799999999999999 349 361642 3699999999999999
120104 85 69 59 59 69 87108128141145137119 96 71 50 36 33 41 56 76 9511026 126Z61048145999999999999999999999 431 571747 3399999999999999
116115107 96 86 79 80 87 99114128136137130115 94 70 49 34 28 31 43 60 8026 127Z6 018117113813899999999999999 527 7919 9 2799999999999999
 98110117116111104 98 95 97103113123130133129116 97 74 50 30 19 17 26 4426 128Z6 226117125613399999999999999 7 6 952037 1799999999999999
 67 90111124130128120110102 98100106117127134134124105 78 49 24  7  2 1026 129Z6 411130142813599999999999999 916 982153  299999999999999
 30 59 90117136144141130114100 91 91 99113129141144135112 81 46 14 -7-1326 130Z6 5121441545144999999999999991035 902252-1399999999999999
 -2 24 59 97129150156148130109 90 80 81 93114136152156144117 79 38  3-1926 131Z6 5561561646156999999999999991125 792341-2499999999999999
-23 -7 26 68110143162162147122 96 76 67 73 92119145163165149116 72 28 -826 2 1Z6 63216417371669999999999999912 6 67999999999999999999999
-26-24 -1 38 84127157168161138107 79 61 57 70 95127155170168146108 61 1826 2 2Z6 7 5169182317299999999999999 024-281243 5699999999999999
-13-25-15 16 59105144166168151121 89 62 48 52 71102135161172163136 95 4926 2 3Z6 73617019 517299999999999999 1 2-251318 4899999999999999
 11-12-15  4 40 85127157168160135101 70 48 41 52 77109140161166151120 8026 2 4Z6 8 4168194516799999999999999 137-161353 4199999999999999
 40 11 -2  5 31 69110144163162144115 82 54 39 40 56 8411514115615313510326 2 5Z6 829165202315799999999999999 2 8 -21427 3899999999999999
 68 37 18 16 32 61 97131154160150126 95 65 44 36 43 63 8911613714413711726 2 6Z6 85316021 114499999999999999 237 1515 2 3699999999999999
 89 62 41 33 40 60 89119143154150133107 78 54 40 38 49 69 9211412713012126 2 7Z6 916155214213099999999999999 3 3 331538 3799999999999999
103 82 63 52 53 64 85110131145147136116 92 68 50 41 43 54 71 9010611511526 2 8Z6 939148223211699999999999999 329 511619 4199999999999999
108 95 82 72 68 73 86103121134139135122103 83 64 51 45 47 57 70 84 9610326 2 9Z610 4139234910499999999999999 355 681712 4599999999999999
104101 95 89 85 85 91100112123129130124112 97 80 65 54 48 49 54 63 74 8526 210Z61036130999999999999999999999 426 841828 4899999999999999
 94100102102101 99 99102106112117121121117109 97 83 69 57 48 45 46 53 6426 211Z6 227102113412199999999999999 530 992010 4599999999999999
 77 90102110113113110107104104105109114117117112102 88 72 56 43 35 35 4326 212Z6 426114133011799999999999999 8431032132 3499999999999999
 57 75 94111122126123116106 99 95 97103112120123120109 92 70 49 32 23 2426 213Z6 5 412615 4123999999999999991012 952224 2299999999999999
 35 55 81105125135135127113 98 88 85 90102116129134129114 90 63 36 17  926 214Z6 53213616 4134999999999999991053 8523 4  999999999999999
 15 34 62 94121140146139123102 85 75 76 88107127142146136114 83 49 20  226 215Z6 5571461649146999999999999991124 742339 -199999999999999
  0 14 42 77112139153151135111 86 68 63 71 92118141155155138108 70 33  526 216Z6 6211541729157999999999999991154 63999999999999999999999
 -8 -2 22 58 98133156161148122 92 67 53 54 72100131155166159134 96 54 1726 217Z6 64616118 716699999999999999 011 -81224 5199999999999999
 -6-10  6 39 81122153166160136103 71 48 40 51 77111144166171156124 81 3926 218Z6 710167184517299999999999999 042-111255 4099999999999999
  7 -8 -2 24 64107144166168150118 81 49 32 32 51 84121153171169147110 6726 219Z6 736170192417399999999999999 113 -81328 3099999999999999
 30  6  1 16 49 91131160171161133 96 59 32 21 30 56 92129157169160134 9726 220Z6 8 117120 516999999999999999 144  014 3 2199999999999999
 59 29 14 19 42 77116148166165146112 74 41 20 17 32 61 9713115315914712126 221Z6 827168204916099999999999999 216 141441 1699999999999999
 88 57 37 32 44 69102134156163153127 93 58 30 16 18 36 65 9812614314513326 222Z6 854163213814699999999999999 248 321522 1599999999999999
111 85 64 53 55 70 93120142154153137111 79 50 28 18 23 40 65 9211512813026 223Z6 923156224013099999999999999 322 521611 1899999999999999
121106 90 78 74 79 92110128141146140124100 74 50 32 24 27 40 59 80 9911226 224Z6 957146999999999999999999999 359 741714 2499999999999999
117115109102 96 94 97105115126132134129117 99 78 58 41 30 28 34 47 64 8326 225Z6 014117104413499999999999999 452 941845 2899999999999999
 99111117119117113109107108111116121124124118106 89 69 49 33 24 24 33 4926 226Z6 253119122712599999999999999 7151072031 2399999999999999
 70 93112126132131125115106100 99103111121128128120103 79 53 30 15 11 1926 227Z6 422133143412999999999999999 944 992150 1199999999999999
 39 66 96122139146141128111 95 85 84 92107124138142134114 84 51 22  4  026 228Z6 5 41461553142999999999999991039 832245 -199999999999999
 12 38 73108137153155143121 97 78 68 71 86109134151156145119 82 44 12 -626 3 1Z6 5371561649157999999999999991117 672328 -899999999999999
 -5 14 48 88126153164157135106 77 58 52 63 87118146164166149116 74 33  326 3 2Z6 6 61641735168999999999999991151 52999999999999999999999
 -9 -1 27 67110146166167149119 84 56 41 43 62 94129158173168144105 61 2326 3 3Z6 633169181617399999999999999 0 6 -91223 3999999999999999
  0 -3 15 50 93133162172161133 96 61 37 29 41 68104140166174162131 91 5026 3 4Z6 658172185417499999999999999 039 -41254 2999999999999999
 19  6 13 39 78120153170167145110 72 41 24 26 46 78116148167167148115 7626 3 5Z6 721172193117099999999999999 1 9  51324 2299999999999999
 43 22 20 37 68107142164169154123 85 50 26 19 30 56 90125151162155131 9926 3 6Z6 74317020 616299999999999999 137 181354 1999999999999999
 66 42 33 41 64 97130155166158133 99 64 35 20 22 39 6810013014815113811526 3 7Z6 8 4166204115299999999999999 2 3 331425 1999999999999999
 87 63 50 50 65 90120145159157140112 79 49 29 22 30 51 7810612813913712326 3 8Z6 825160211914099999999999999 228 481456 2299999999999999
102 82 67 63 70 88111133149152142121 93 65 43 30 30 41 61 8510612112712226 3 9Z6 84615322 212799999999999999 253 631531 2899999999999999
111 96 84 77 79 89105123137143140126105 82 60 44 37 40 51 67 8510111111526 310Z6 91014423 311599999999999999 319 771614 3799999999999999
112105 98 92 90 94103114125132133126114 97 79 63 51 46 48 55 66 79 9110026 311Z6 937133999999999999999999999 348 901716 4699999999999999
106108107105103103105109114119122121117108 96 83 70 60 53 50 53 60 70 8126 312Z6 110108102012299999999999999 4401031857 5099999999999999
 93103111115116114111108107107109112114114110103 92 79 65 54 46 45 49 6026 313Z6 346116123011499999999999999 8211072045 4499999999999999
 76 93109121127127121112103 97 95 99105113119120114101 84 65 47 36 33 4026 314Z6 426128143812099999999999999 951 952149 3399999999999999
 55 77101122135139133120105 91 83 83 92106120131133125108 83 58 36 23 2226 315Z6 4531391545134999999999999991027 822232 2199999999999999
 35 59 88117139149147132110 88 72 67 73 90113134147147134108 77 45 22 1226 316Z6 5171501633149999999999999991057 6723 8 1299999999999999
 18 39 71107137156159146121 91 66 52 53 69 96126150162158137103 65 32 1126 317Z6 5401601715163999999999999991127 502341  699999999999999
  7 22 53 92130157169160135101 67 42 34 44 70106141166174163133 93 53 2126 318Z6 6 41691755174999999999999991157 34999999999999999999999
  6 12 37 75117152172172151116 75 41 21 21 42 77119155178180160125 82 4326 319Z6 629175183618199999999999999 014  61229 1899999999999999
 18 12 27 59101141169178165133 91 49 18  6 15 45 87130165182177152114 7326 320Z6 655179191718399999999999999 047 1113 3  699999999999999
 40 24 27 49 85126159177174150110 65 26  2 -1 17 52 9613816817816814010426 321Z6 72217920 017899999999999999 120 221340 -299999999999999
 69 45 38 49 75110145169175161130 88 46 13 -3  0 23 6010213916216715412926 322Z6 749175204616899999999999999 154 381419 -499999999999999
 98 72 58 58 73 99129154167164143110 71 35 10  0  8 32 6610213215015214026 323Z6 818168213815399999999999999 229 5615 2  099999999999999
120 98 82 75 80 95116138154158149127 96 63 35 16 10 19 39 67 9612013413626 324Z6 849158224513799999999999999 3 6 751553 1099999999999999
129117104 95 93 98109123137145144134116 91 66 43 28 23 28 42 63 8510511926 325Z6 927146999999999999999999999 350 9317 0 2399999999999999
125125121115109107108113120127131131125113 96 77 58 42 33 33 40 54 73 9226 326Z6 029126102813199999999999999 5 81071835 3299999999999999
109121128129126120114109107108112118122123119108 92 72 53 39 32 34 45 6326 327Z6 244129124512399999999999999 8 81072017 3199999999999999
 86108126137140135124111 99 92 91 97109121129131123106 83 59 38 27 26 3926 328Z6 350140144113199999999999999 936 912131 2599999999999999
 61 88116137149149137119 98 82 73 75 87106126141145137116 88 58 33 21 2326 329Z6 4281501551145999999999999991019 732222 2099999999999999
 40 68101131152159151131104 79 61 55 64 84111137154158145119 85 52 27 1826 330Z6 4581591643158999999999999991054 5523 3 1899999999999999
 26 50 84119149164163145116 83 56 41 42 59 89122150166165146114 77 44 2426 331Z6 5251661726168999999999999991126 392338 2099999999999999
 22 38 68106141164170158130 93 59 34 26 37 63 99135162173165140104 67 3926 4 1Z6 55017118 5173999999999999991156 26999999999999999999999
 27 33 57 92130159173167143107 68 36 19 20 40 73113148170173158128 92 5926 4 2Z6 613173184217499999999999999 0 9 271226 1799999999999999
 39 36 52 82118150170172155122 82 44 19 11 22 50 88126157171167146114 8126 4 3Z6 636174191717299999999999999 038 351255 1199999999999999
 56 45 52 75107139164172162135 97 58 26 10 12 32 6410313716016715613110126 4 4Z6 658172195116799999999999999 1 6 451323  899999999999999
 75 59 58 72 98128154168165145112 74 39 17 10 20 46 8011514315815714211826 4 5Z6 720169202615999999999999999 134 561353 1099999999999999
 92 74 67 73 92117142159163150124 91 57 30 16 17 33 61 9212214215014412826 4 6Z6 74416321 315099999999999999 2 1 671425 1599999999999999
107 89 78 78 89109130148156151133106 75 48 29 22 29 47 7310012213613913126 4 7Z6 8 8156214513999999999999999 230 771459 2299999999999999
118103 91 87 91103120135145146137117 93 68 47 35 33 42 59 8010111712712826 4 8Z6 835147224012999999999999999 3 1 871541 3399999999999999
123114105 98 97102112123133137134124107 87 68 53 45 44 51 64 80 9711011826 4 9Z6 9 8137999999999999999999999 340 971635 4399999999999999
122120116111107106108113119124126123116104 90 75 62 54 51 55 63 76 9010426 410Z6 0 9122 95912699999999999999 4511061756 5199999999999999
115122124123119114109106106109113117118116109 98 85 71 59 53 52 58 70 8526 411Z6 2 9124115511899999999999999 7271061936 5299999999999999
102118129134132125115104 96 94 96103112120123120109 94 76 60 49 45 51 6626 412Z6 31413414 012399999999999999 9 0 942052 4599999999999999
 86109128141145138124107 90 79 77 84 98115129136134121100 76 55 41 38 4726 413Z6 351145151513799999999999999 944 772144 3899999999999999
 68 95122144155153138115 90 69 58 61 76 99124144153148129102 72 47 33 3426 414Z6 42015616 9153999999999999991019 582227 3299999999999999
 50 78111141161166154129 96 65 44 38 48 73106138161168158133 99 66 40 3026 415Z6 4481661656168999999999999991052 3723 6 3099999999999999
 37 61 95131160174169146110 70 37 19 21 42 77118154176180163132 94 60 3826 416Z6 5151751740181999999999999991126 172343 3399999999999999
 34 48 78116152175180164129 85 43 12  0 11 41 84130167186184163127 89 5826 417Z6 54418118251889999999999999912 1  0999999999999999999999
 42 44 66100137168183177150108 60 19 -7-10  9 46 94140174189182156121 8626 418Z6 614184191018999999999999999 021 401239-1299999999999999
 60 52 61 86121155178183167132 86 39  3-16-12 13 5410214517418417314811526 419Z6 645183195718499999999999999 059 521320-1799999999999999
 86 69 66 80106137164178174151113 68 27 -3-15 -5 22 6310714416817316113926 420Z6 718179204817399999999999999 138 6514 4-1599999999999999
112 91 80 83 98121146165171161136 99 59 24  1 -5  6 33 6910613715615915026 421Z6 754171214516099999999999999 219 801452 -599999999999999
132113 99 93 97110128146158159147123 92 60 31 13  9 19 42 7110212714314726 422Z6 834160225414799999999999999 3 6 931548  999999999999999
142130117107103106114127138145145135117 93 68 45 29 24 31 47 71 9511713326 423Z6 927146999999999999999999999 4 81031656 2499999999999999
139139132123114108107110117125131133129118101 80 60 45 37 39 50 68 9011126 424Z6 022140105213499999999999999 5471071819 3699999999999999
128138141137128117106100 98102110119127129124112 94 74 57 45 43 51 67 8926 425Z6 152141125212999999999999999 746 981943 4399999999999999
112131143147141129112 97 86 82 86 97112126135135124106 84 64 49 45 52 7026 426Z6 252147142813699999999999999 858 822052 4599999999999999
 94119140152153142123101 80 67 64 73 90112132144145135114 89 66 50 47 5726 427Z6 334154153614699999999999999 945 642145 4799999999999999
 78105132152160155137111 83 60 48 50 65 90117141155154140116 88 64 51 5226 428Z6 4 71601629156999999999999991023 472228 5099999999999999
 66 91121147163165151124 92 61 40 33 42 65 96128153164160141113 84 63 5426 429Z6 4361661713165999999999999991056 3323 5 5499999999999999
 60 80109139161170162139105 69 39 23 24 41 72108141163170160136106 79 6226 430Z6 5 31701753170999999999999991127 212338 5999999999999999
 60 73 98128155170170152120 82 46 21 13 23 48 84122154171171154127 98 7526 5 1Z6 5281721829173999999999999991158 13999999999999999999999
 65 70 89117145166173162135 98 59 27 10 11 29 61100137163173166145117 9126 5 2Z6 55417319 517399999999999999 010 651228  899999999999999
 74 71 83106134158171168148115 76 40 15  6 16 41 7711514716616915613310726 5 3Z6 619172194017099999999999999 041 711258  699999999999999
 86 77 81 98122147165169157130 94 57 27 11 11 27 57 9312715316516114512226 5 4Z6 646169201516599999999999999 112 771330  899999999999999
100 86 83 92111135155165161142112 77 45 22 14 20 41 7210513415315815013326 5 5Z6 714165205215899999999999999 143 8214 4 1499999999999999
113 97 89 91104122142156159149127 97 66 40 24 22 33 56 8511313614814914026 5 6Z6 744159213415099999999999999 217 881440 2199999999999999
125109 98 94100112129143151149136114 87 61 41 31 33 46 67 9311613414214226 5 7Z6 818152222314399999999999999 254 941522 3099999999999999
133121109101100106116129139143138125106 83 62 47 40 43 56 75 9611613113826 5 8Z6 859143232613999999999999999 3421001611 4099999999999999
138131122112105103107114123131133130119104 85 68 55 49 51 62 78 9711512926 5 9Z6 958133999999999999999999999 4521031713 4999999999999999
137138134125115106101101106113121126126120108 93 76 63 55 56 64 79 9711626 510Z6 041139113012799999999999999 6291001828 5599999999999999
132142144138127113100 91 88 93102114124129127118103 85 69 59 57 64 8010026 511Z6 146144131512999999999999999 753 881943 5799999999999999
122139150151142125105 86 74 71 77 92111128138140131114 93 73 60 57 65 8326 512Z6 235152143814099999999999999 849 702047 5799999999999999
107132151160157141117 89 65 52 51 63 86113137152155144123 98 75 60 58 6926 513Z6 315161154215599999999999999 934 492141 5799999999999999
 91118145164169158134101 67 40 28 32 53 85119149167169155130100 75 61 6126 514Z6 3501691637170999999999999991014 272229 5999999999999999
 76102133160175174154120 80 42 16  7 19 48 88129162180179162132101 76 6426 515Z6 4251771728182999999999999991055  72315 6499999999999999
 68 88117148173182173144103 57 19 -5 -7 12 48 94139172188184163132101 7826 516Z6 5 11821818189999999999999991137 -92359 7099999999999999
 70 79101132162181184167131 85 38  1-17-14 11 5210114617819018316012910126 517Z6 53818519 7190999999999999991221-18999999999999999999999
 82 79 90115144171184180157117 70 25 -7-21-12 16 5910714917718617715412626 518Z6 617185195818699999999999999 044 7813 8-2199999999999999
101 88 88102125152173182172146106 61 21 -7-16 -4 25 6711114917217816814726 519Z6 7 0182205017899999999999999 130 861357-1699999999999999
123103 93 96110132154170174162136 98 58 24  1 -4  8 36 7411314516416815926 520Z6 745175214516999999999999999 219 931449 -599999999999999
141121105 98101113132150162163152128 96 62 33 14 11 23 48 8111414115716026 521Z6 837164224416099999999999999 313 981544 1099999999999999
151137120107100102111126140150152143124 98 70 46 30 28 38 59 8711513815126 522Z6 939153234515499999999999999 4181001643 2799999999999999
154147134119106 98 97104115128138142137123103 80 60 47 44 52 70 9311713726 523Z61057142999999999999999999999 535 971746 4399999999999999
149152146133117102 92 88 92102115127135135126111 92 74 61 57 64 7910012126 524Z6 046152123013699999999999999 658 881852 5799999999999999
140151152145130112 94 81 75 78 89105121132137132120102 85 72 68 73 8710726 525Z6 14115314 013799999999999999 8 9 751958 6899999999999999
128145155154144125103 81 66 60 65 79 99119135143140128111 93 80 75 81 9626 526Z6 227156151414399999999999999 9 3 602057 7599999999999999
116136152159155139116 89 66 50 47 55 74 99124142151147134115 97 84 81 8826 527Z6 3 7159161315199999999999999 947 462148 8099999999999999
105126146160162152131102 72 48 35 37 51 76106133152159153137116 97 86 8526 528Z6 34316317 1159999999999999991026 342233 8499999999999999
 96114137156165162145117 85 54 32 24 32 53 84117145162165155135113 95 8626 529Z6 41616617431669999999999999911 1 242313 8699999999999999
 90104126148164168157134101 66 37 20 19 33 61 96130156169167152130107 9226 530Z6 4481681821170999999999999991134 172349 8899999999999999
 88 96114137158169166149119 83 48 23 13 19 41 7411114316517216414512110126 531Z6 52017018561729999999999999912 8 13999999999999999999999
 90 91104125148165170160136102 65 34 15 12 25 53 8912515417017015713511226 6 1Z6 551170193117299999999999999 024 891241 1199999999999999
 96 90 97114136157169167151122 86 51 25 13 17 36 6810413716016916314612526 6 2Z6 62417020 616999999999999999 058 901316 1299999999999999
105 93 93104123145162168160139107 72 41 21 16 26 50 8311714516216515513626 6 3Z6 658168204216699999999999999 132 911351 1699999999999999
116100 93 97112131151163163150126 94 62 37 23 23 38 65 9712715016115914626 6 4Z6 733165211916299999999999999 2 7 931428 2199999999999999
128110 98 95102117136151159155140114 84 57 37 28 34 52 7910913515215815326 6 5Z6 81215922 015899999999999999 247 9515 6 2899999999999999
139122106 97 97105119136148153146130106 80 56 41 37 46 65 9111814015315526 6 6Z6 857153224415699999999999999 334 961549 3799999999999999
148134118104 96 96104117131142145139124103 80 61 49 48 58 7710112414315426 6 7Z6 952145233315599999999999999 431 951636 4799999999999999
154146131115100 91 90 97109123134139135123106 86 69 60 59 69 8610813014726 6 8Z611 5139999999999999999999999 538 901732 5899999999999999
155154145129110 93 82 79 85 98114128136137129114 96 80 70 69 77 9411413526 6 9Z6 025156123313899999999999999 648 791838 6999999999999999
151159156144124102 81 67 63 70 85105125138144139126109 92 80 77 8410012026 610Z6 11615914 114499999999999999 752 631948 7799999999999999
141157163159142118 90 65 48 44 53 73 99125145154152140121102 88 84 9010526 611Z6 2 6163151815599999999999999 848 442056 8499999999999999
126148164169160139108 75 46 28 25 38 64 96129154167166152131109 94 88 9426 612Z6 254169162416899999999999999 940 242158 8899999999999999
111134156171174161134 97 59 27  9  8 26 58 97135164178176161137113 96 9126 613Z6 3411751723179999999999999991031  62255 9199999999999999
 98117142165179178160128 86 44 10 -6 -3 19 56100142172186182164138114 9726 614Z6 4281811816187999999999999991121 -82347 9399999999999999
 93103123149172185180158121 75 32 -1-15 -9 18 5910614817819018316313611126 615Z6 51618519 7190999999999999991212-16999999999999999999999
 96 95107129156178187180154114 67 25 -6-17 -7 23 6611315418118917915713026 616Z6 6 5188195618999999999999999 037 9413 2-1799999999999999
107 95 96110134160180187176148108 63 23 -4-12  1 33 7612115818018417214926 617Z6 655187204318599999999999999 126 931352-1299999999999999
123103 93 96112136160178182169141102 61 26  4  0 16 48 8912916017717616226 618Z6 746182212817999999999999999 215 921441 -199999999999999
139116 98 91 96112134156171173160134 99 63 33 17 18 35 6610313716217216826 619Z6 839174221217299999999999999 3 6 911528 1599999999999999
152130109 94 88 94109129148161162150127 97 68 45 35 39 57 8511614316116726 620Z6 935163225416799999999999999 359 881614 3499999999999999
159143122103 89 85 90103121138148150141122 99 77 60 54 60 7710112714816026 621Z61038151233616299999999999999 458 8517 0 5499999999999999
161152136116 97 84 80 84 95111126137140135122105 88 77 74 80 9511413415026 622Z61152140999999999999999999999 6 2 801750 7399999999999999
158157146130110 92 78 72 75 85100116128135134126114101 92 90 9510712313926 623Z6 021159132113599999999999999 710 721849 9099999999999999
151157153142124104 84 70 63 66 76 9211012513513813312411310410110411412826 624Z6 1 9157145013899999999999999 814 63195810199999999999999
142152156152139119 96 75 60 53 56 69 8810912814114614213212111110610911726 625Z6 15915616 214699999999999999 910 5321 910699999999999999
131144154157150135112 87 64 48 43 49 65 8911413615015515013812311210710926 626Z6 249157165615599999999999999 958 43221010799999999999999
119134148158159149129103 75 51 37 35 45 67 9512414716016215313812110910426 627Z6 3361601739163999999999999991040 34225810499999999999999
109122139154163161146122 92 62 39 27 30 46 7410613615816916515213311510426 628Z6 4191631815169999999999999991119 26233810199999999999999
102111128147162168161141111 78 48 27 21 30 53 8512014916817316414512410726 629Z6 4581681849173999999999999991155 21999999999999999999999
 99102116136156169171158132 98 64 35 19 19 35 6410013416117417215713511426 630Z6 536172192117599999999999999 013 981231 1799999999999999
 99 96104123145165174170151120 84 50 26 16 23 46 7911614816917516614612326 7 1Z6 613175195217599999999999999 046 9513 5 1699999999999999
104 93 96110131154171175165141106 70 40 21 19 33 61 9713316017417215713526 7 2Z6 649176202317599999999999999 120 931339 1899999999999999
112 95 90 98116139161173172156128 93 59 34 22 27 48 8011514716817416614626 7 3Z6 726175205417499999999999999 155 901412 2299999999999999
123102 90 89101121144163171165145115 82 52 33 29 41 66 9913215817217115726 7 4Z6 8 6171212617399999999999999 232 881446 2999999999999999
135112 94 85 89103124146161165156135105 76 52 40 42 58 8511714516517216526 7 5Z6 849166215917299999999999999 313 851522 3999999999999999
148125102 87 81 87102123143156158147127101 76 58 52 58 7710313115416816926 7 6Z6 939158223517099999999999999 359 8116 0 5299999999999999
158138115 94 80 76 82 98118136148150141124103 83 70 67 76 9411714115916726 7 7Z61040151231516799999999999999 452 751645 6799999999999999
164151130107 86 72 68 74 89109127141145140128111 96 86 84 9210712714616026 7 8Z61158145999999999999999999999 553 681740 8499999999999999
165160146125101 78 63 57 63 77 97118134144144137125112102 9910411613114726 7 9Z6 0 3165133314599999999999999 7 0 571853 9999999999999999
159164159144122 96 71 52 44 48 62 8410913114715315014012711611011111913226 710Z6 1 016415 915399999999999999 811 44202110999999999999999
148160166161146121 92 62 40 29 32 48 7310313215316416415413912411411211826 711Z6 2 6166162716599999999999999 918 28214511199999999999999
131148163171167150122 88 54 27 14 17 35 6510213716317617616314412511210826 712Z6 3121711727178999999999999991020 13225210899999999999999
115131151169179175155123 83 45 15  1  5 27 6310514517318618316614312110626 713Z6 4131791817187999999999999991116  0234610299999999999999
102112132156177187182159122 78 36  5 -8  0 27 6811415518219218416313611126 714Z6 51018719 21929999999999999912 8 -8999999999999999999999
 97 96110134162184194185159118 72 29  0 -9  3 35 8012716618919317915312426 715Z6 6 4194194219499999999999999 033 951256 -999999999999999
100 88 92110137167189196184154111 65 26  2 -2 16 52 9714117519118816813926 716Z6 654196202019299999999999999 117 881340 -399999999999999
110 89 81 89111140169188192177145103 61 28 11 14 37 7411715518118817815426 717Z6 742193205418999999999999999 2 0 811421  999999999999999
124 97 80 77 89113141167182182165134 96 61 36 27 37 63 9913616618218116426 718Z6 829184212618399999999999999 242 771459 2799999999999999
138110 87 75 76 90113139161171168151123 93 66 50 49 63 8912115117117816926 719Z6 917172215617899999999999999 325 741535 4899999999999999
150124 99 81 72 76 90111133150158153138117 94 77 69 73 8911313815917016926 720Z610 8158222617199999999999999 411 7216 9 6999999999999999
157137114 92 77 72 76 89107125138144141131116101 91 89 9611012914716016526 721Z611 9144225916599999999999999 5 2 721645 8999999999999999
160146127107 89 76 72 75 8610011512713413412912111310710711312413714915626 722Z61233135234015899999999999999 6 3 72173110699999999999999
158152139122104 87 75 70 71 80 9210612013013413413112512112012312913814626 723Z61428135999999999999999999999 715 69184912099999999999999
151152147136121103 86 72 65 65 72 8510111813214114414113612912512412813426 724Z6 04015216 214499999999999999 831 64204112499999999999999
142148151147137121102 82 66 57 56 64 8010012213915115415014113112312012326 725Z6 158151165615499999999999999 935 5522 312099999999999999
130140150154151140121 98 75 56 46 47 59 8010613115116216315414112611611326 726Z6 3 81541733164999999999999991026 45225211399999999999999
118130144156161156141118 90 64 44 36 41 59 8611714416417116615213311710726 727Z6 4 316118 51719999999999999911 7 36232910699999999999999
107117134152165169160139110 78 50 32 29 41 66 9913215917417516314312110526 728Z6 4481691833177999999999999991144 28999999999999999999999
 99105121143163175175160132 97 63 36 23 27 47 7911615017318117415412910726 729Z6 52817719 118199999999999999 0 1 991217 2399999999999999
 94 93106129154174183176154120 82 48 26 21 33 61 9813616618318216614011326 730Z6 6 5183192718499999999999999 031 921249 2099999999999999
 93 85 92112139165183186172143105 67 37 22 26 47 8112115618018717615212326 731Z6 641187195318799999999999999 1 2 851319 2199999999999999
 97 81 80 94119149174187183162129 90 55 32 26 39 6710514317318718416513626 8 1Z6 718187201918899999999999999 135 781350 2699999999999999
105 82 72 78 98126156177185175150115 79 50 36 39 59 9112816118318717414926 8 2Z6 757185204518899999999999999 2 9 721420 3599999999999999
118 89 71 67 79102132159176178164137105 74 54 48 58 8211514817318518016126 8 3Z6 838179211318599999999999999 245 671452 4799999999999999
132102 77 64 65 80105133156169168153128101 78 65 66 8110613516117818016926 8 4Z6 925171214218199999999999999 326 621526 6499999999999999
146117 90 69 60 64 80104129149159157144125104 89 83 8710312514816617517226 8 5Z61020160221517599999999999999 412 5916 4 8399999999999999
157134108 83 65 58 62 76 9711913814814914112811510510210712013615216416826 8 6Z61135149225916899999999999999 5 8 57165210299999999999999
163149129105 82 64 56 57 68 8610612513814414413813012312012212913914915826 8 7Z61325145999999999999999999999 621 55181012099999999999999
162159148130108 84 65 52 49 56 71 9111313314615315214713913212812913414326 8 8Z6 0 4162152515399999999999999 748 49201912899999999999999
152159160153137115 88 63 45 37 40 55 7910713315416516716014713412512112526 8 9Z6 139161163916799999999999999 912 37215912199999999999999
136149162168164148122 91 59 35 23 25 43 7210714116617917916614712811410926 810Z6 3 81681727180999999999999991019 22225710999999999999999
115131152170180177159127 89 52 23 10 16 39 75116154180190184164139115 9926 811Z6 41718118 6190999999999999991113 102341 9699999999999999
 97108131158181192187165127 83 43 14  4 14 44 86131169192196181154123 9826 812Z6 51319318411969999999999999912 0  4999999999999999999999
 84 87106135167191201192164121 75 35 10  6 24 6010615118419919317013710426 813Z6 6 2201191319999999999999999 020 831241  599999999999999
 80 72 82107141174198203189155111 66 31 14 18 44 8413016919419818215211626 814Z6 648204194219999999999999999 058 721318 1399999999999999
 85 67 66 82112147179198198178143100 61 35 27 40 7111215218319618916513126 815Z6 73020020 919699999999999999 134 641352 2799999999999999
 97 71 59 65 86118152178191185162128 92 62 46 49 6810113817018919017414526 816Z6 812191203519299999999999999 210 591423 4599999999999999
111 81 62 58 69 93123152172178169146117 89 70 65 74 9712715717818617715526 817Z6 853179205818699999999999999 246 571452 6499999999999999
126 96 72 60 61 76 99125148162163153133112 93 84 8610012214616717717516126 818Z6 936164212117899999999999999 324 591519 8399999999999999
138111 87 70 63 68 8210212314014914914012711310310110712113815516616916226 819Z61027150214616999999999999999 4 5 63154710199999999999999
146125103 85 72 69 74 8510111713013713813412712111711812413414515415915826 820Z61142138221716099999999999999 455 69162111799999999999999
150136119102 88 78 74 76 84 9510811912813413513413213013013313714314715026 821Z614 3135231115099999999999999 6 6 74173113099999999999999
148143133121106 93 82 75 74 78 87 9911312613614314514314013613313313513826 822Z616 2145999999999999999999999 744 74203713399999999999999
142144143137126112 96 82 71 66 68 78 9311213114515415615114313312612312626 823Z6 110144164415699999999999999 911 6622 312399999999999999
132141147150145133116 95 76 61 55 59 73 9411914215816616315213812411411326 824Z6 25215017141669999999999999910 7 55224111299999999999999
119132146157160154138114 88 64 48 44 53 7410313215717217416414612610910226 825Z6 3531601739175999999999999991049 44231210199999999999999
105119138157169171160136106 75 50 36 38 55 84119151173182175157132108 9326 826Z6 43817218 3182999999999999991123 352340 9099999999999999
 91102124149171182179160129 92 59 36 29 40 67103140170187186169141112 8926 827Z6 5171831827189999999999999991154 29999999999999999999999
 79 85105134163184191180153116 77 45 29 31 51 86126163187193181154120 9026 828Z6 553191185019499999999999999 0 8 791224 2799999999999999
 71 69 84112147177194194175141100 63 37 29 42 71111152182197191167133 9726 829Z6 630197191319799999999999999 038 671253 2999999999999999
 69 57 64 88123159187198191165127 87 54 38 40 62 9713817319519718014710926 830Z6 7 7199193719999999999999999 1 9 571322 3699999999999999
 75 53 50 65 95132167190196181151114 79 55 48 59 8712416018719718816212526 831Z6 74619620 219799999999999999 142 491353 4899999999999999
 87 58 44 48 69103139170187187169139106 79 64 66 8411314617519119117314126 9 1Z6 827189202819399999999999999 217 431424 6399999999999999
105 71 49 41 51 75108141166178174156130105 87 81 8810813416118018617815526 9 2Z6 914178205618699999999999999 256 411457 8199999999999999
124 91 64 47 44 56 7910813615616416014612811210210111112814816617617516326 9 3Z610 9164212717799999999999999 341 44153310099999999999999
141114 87 65 52 50 60 7910212414114914914313312411912012713815116116616326 9 4Z61129150221016699999999999999 438 49162111999999999999999
153135114 92 72 59 55 59 72 9010912613814514714414013613413513914515015426 9 5Z61347147233415599999999999999 559 5518 813499999999999999
155150139122103 83 66 55 53 60 75 9411513414915715815314613813212913213826 9 6Z61541158999999999999999999999 743 5321 012999999999999999
146153155150136116 91 68 51 43 46 61 8511313915917017016214713111911411726 9 7Z6 149155163117299999999999999 912 4322 711499999999999999
128144159167165151126 95 65 42 31 35 55 85120151174183178161138115100 9626 9 8Z6 32016817 7183999999999999991013 312249 9699999999999999
105124149170182180162131 93 57 32 22 32 58 95135168188191176150120 94 8026 9 9Z6 42218317381929999999999999911 1 222325 7999999999999999
 82 99127158184196190166128 85 48 25 21 38 72115155185198190165131 97 7226 910Z6 51119618 7198999999999999991141 202359 6499999999999999
 64 73 99134169195203192161119 76 42 26 30 56 95139176198199180146107 7426 911Z6 5552041833201999999999999991216 25999999999999999999999
 54 54 72105144179201203185150107 68 42 35 49 81122162191201190161122 8326 912Z6 636205185820199999999999999 032 511249 3599999999999999
 55 43 52 78115154185200195171135 96 65 49 53 75110148181197195173137 9726 913Z6 715201192219999999999999999 1 5 431319 4899999999999999
 63 43 41 57 88126161185193181155122 90 69 64 7710313716818919418015011326 914Z6 753193194419499999999999999 137 401347 6499999999999999
 77 51 40 46 68100134163179180165140112 90 80 8410112815617818818116012826 915Z6 83118220 618899999999999999 2 8 401414 8099999999999999
 94 65 48 45 57 80110138159169164149129109 97 9510412314616617817716414026 916Z6 910169202817999999999999999 241 441440 9499999999999999
111 83 62 52 55 69 9111513715115515013812411310811112213815416616916314726 917Z6 956155205216999999999999999 317 5215 810899999999999999
125101 80 66 61 66 78 9611413014014314013412712112112513314415315815714926 918Z61059143211915899999999999999 4 1 61154112099999999999999
135117100 85 75 71 74 83 9510812113013513713613413213113313614114514614526 919Z613 713722 314699999999999999 5 3 71165113199999999999999
139130119106 93 84 78 77 80 88 9911212413414114514414113713313113113313626 920Z61522145999999999999999999999 643 76203013199999999999999
138137134126115102 89 78 72 73 79 9210812614115115515314513512612011912326 921Z6 02613816 515599999999999999 829 72214211899999999999999
130138143143137124106 88 72 63 63 72 9011213515316416415614112411110410726 922Z6 231144163316599999999999999 932 62221510499999999999999
117131146155156147128104 80 61 52 55 71 96125151169175168150128106 92 9026 923Z6 3351571657175999999999999991015 512243 8999999999999999
 99118140160170168152126 96 68 49 44 54 78111144170183180163136107 84 7326 924Z6 4201711720184999999999999991050 432311 7399999999999999
 79 98126154176184175152118 83 55 40 42 62 95132166187191176148113 81 6126 925Z6 5 01841742192999999999999991122 392339 5799999999999999
 58 74103138170191193177145107 70 46 38 51 79118157186198189162124 85 5526 926Z6 53819418 6198999999999999991153 38999999999999999999999
 42 49 75113153185201196172135 94 61 44 46 68103144179199199178140 97 5826 927Z6 616201183020199999999999999 0 9 421224 4299999999999999
 34 30 48 82125166195204192162123 86 60 51 62 91129166193202190158115 7126 928Z6 656204185520299999999999999 041 291255 5199999999999999
 37 21 27 52 92136174197199182150114 83 66 66 84115151181198195173135 9126 929Z6 737201192219999999999999999 115 211328 6499999999999999
 52 25 18 30 61101143175191188169139109 88 79 8710813716618719318115311526 930Z6 821192195019399999999999999 152 1714 2 7999999999999999
 75 42 23 22 39 69107142168179173156133112 98 971071271511721831811641362610 1Z6 910179202118499999999999999 234 201438 9699999999999999
102 68 43 30 32 48 751061351551631601481331201131141241391551671721661502610 2Z61011163205817299999999999999 322 29152011299999999999999
126 99 72 52 42 43 55 761001231401491501461381311271271321401491551571532610 3Z61141151215215799999999999999 424 41162712699999999999999
142125105 84 66 55 51 57 71 891091271411491511481431361321301311351401452610 4Z61353151235214699999999999999 551 5119 713099999999999999
146143133118100 80 64 55 54 62 78 991221411541601581501381261181151181262610 5Z61514160999999999999999999999 735 5321 011599999999999999
137147151147134114 90 68 53 47 54 72 97125149165171165150130111 98 951022610 6Z6 2 3151155717199999999999999 856 472150 9599999999999999
117137155164163148123 94 66 47 42 51 74105137163178178164140113 89 76 772610 7Z6 322165163018099999999999999 953 422228 7599999999999999
 91116143167178175156126 91 61 43 41 56 85121155179187178154121 89 66 572610 8Z6 4171791658187999999999999991037 3923 2 5799999999999999
 65 88121154179190182157121 85 56 42 47 70104142174191189169135 97 64 442610 9Z6 5 41901725193999999999999991114 422334 4199999999999999
 43 61 93131167190195181150113 77 54 48 62 91128164188195181151111 71 42261010Z6 5461961750195999999999999991148 48999999999999999999999
 30 39 65103144177195193173139103 73 58 61 82115151181195189165127 84 48261011Z6 625197181419599999999999999 0 5 301219 5799999999999999
 27 25 43 76117156184194185160127 95 73 68 79105139169189192175142101 62261012Z6 7 2194183819399999999999999 036 231249 6799999999999999
 33 21 29 54 91130164184187172145115 91 79 82100128157180189180155118 79261013Z6 73818819 118999999999999999 1 6 211317 7899999999999999
 46 27 25 40 69105141167179175157132108 92 89 99119145168181179162133 97261014Z6 814179192518299999999999999 137 231346 8899999999999999
 64 40 29 35 54 84117145164169161144123107 98101114134155170174165144114261015Z6 852169195017499999999999999 2 9 291415 9899999999999999
 84 58 41 38 48 69 96123144156157148134120110108113126142156164161149128261016Z6 934158201716499999999999999 244 38144810799999999999999
103 78 59 50 50 61 80102122138146146140131122117117122132143150153148136261017Z61030147205015399999999999999 326 49152911699999999999999
118 98 80 67 60 62 70 85101117130138140138133128124123126130136140140137261018Z61158140214014199999999999999 420 60164712399999999999999
128116102 88 77 70 69 74 84 97111124134140142140135129124122122124128131261019Z61352142234113199999999999999 539 69192612199999999999999
131128121110 97 85 75 71 72 79 92108124138147150147138127117110108111118261020Z61456150999999999999999999999 718 70205310899999999999999
127133135131120106 89 75 67 66 74 90110131149158159150135117101 92 91100261021Z6 151135153316099999999999999 834 652133 9099999999999999
114130142148143130110 88 70 60 61 73 94120145163170163146122 97 79 72 77261022Z6 3 414816 117099999999999999 926 5922 5 7299999999999999
 94117140157162155136109 83 63 54 59 78106137163177176160132100 72 55 53261023Z6 35616216271799999999999999910 8 542236 5299999999999999
 68 94126155173176162136105 75 56 52 64 91124157180187175147110 72 44 32261024Z6 4401771653187999999999999991045 5123 7 3299999999999999
 40 65101140171188185165133 97 69 54 57 77109145176192188165126 82 44 19261025Z6 5221891720193999999999999991121 532340 1499999999999999
 16 33 68112154185197188162126 91 66 58 68 95130165190196181147101 55 19261026Z6 6 41971748196999999999999991156 58999999999999999999999
  2  7 34 76124166193199185155119 87 69 68 85115150180196192167126 78 33261027Z6 647200181919799999999999999 016  11233 6699999999999999
  4 -6  8 41 86133172193194176146113 88 77 83103133164187193180149106 60261028Z6 732196185119399999999999999 055 -61310 7799999999999999
 21 -2 -4 15 50 94138170186183165138112 94 89 99120146171185184165132 91261029Z6 820187192618699999999999999 136 -51350 8999999999999999
 51 19  3  5 25 59 99136162174170154133114103102112130151168176170151120261030Z6 91317420 617699999999999999 223  2143410199999999999999
 85 52 27 15 18 37 66 99129151161158148133120112112120133147158162156140261031Z61017161205416299999999999999 316 14153111199999999999999
115 87 61 40 30 32 46 69 961211401501521461361261191161191261361441481452611 1Z6113815222 814899999999999999 420 29165811699999999999999
135118 97 75 56 45 43 52 69 911141331461511491411301201131101131191281362611 2Z61310151999999999999999999999 539 4319 111099999999999999
139136126110 90 71 57 51 55 69 89112133148155154144130114101 94 941021152611 3Z6 0 5139141915699999999999999 7 5 512027 9399999999999999
129140143137123103 81 64 55 57 70 91116139156162158143122100 83 74 76 882611 4Z6 15414315 516299999999999999 820 542120 7399999999999999
107128145153149134111 87 67 57 60 75 99126150166168157135107 80 61 54 612611 5Z6 311153154116999999999999999 918 5722 1 5499999999999999
 80107134155164159141115 88 68 60 65 84112141164174170150120 86 57 40 382611 6Z6 4 816416121759999999999999910 5 592236 3799999999999999
 52 80113144166173164141113 86 68 64 75 99129156175178164135 99 63 35 242611 7Z6 4561731641179999999999999991045 632310 2399999999999999
 30 52 87124156175177163137107 82 69 72 89116146170181174151115 75 40 192611 8Z6 53817917 8181999999999999991121 682342 1499999999999999
 15 30 60 99138167181177157129100 80 74 83105133161178180163132 92 52 222611 9Z6 6161811735181999999999999991155 74999999999999999999999
  9 15 38 74114150174181170147119 94 80 81 96121149171180171147110 69 34261110Z6 65218118 218099999999999999 013  91226 7999999999999999
 12  8 22 51 90129159176175159135109 90 84 91111136160174174158127 89 52261111Z6 728178183017699999999999999 044  71258 8499999999999999
 23 10 14 35 67105139163172165147123102 90 90103124147165172163141108 72261112Z6 8 3172185817299999999999999 116  91329 8999999999999999
 40 20 15 26 50 83117145161164153134114 99 94 99113133152164163149124 92261113Z6 839164192816599999999999999 149 1514 2 9499999999999999
 61 36 24 25 40 65 96124146156154142126110100 99107121138151157151135110261114Z6 91915620 115799999999999999 225 221439 9899999999999999
 82 57 39 32 37 53 77104127142148145134121110104104112124136145146139123261115Z610 6148204014799999999999999 3 5 32152410399999999999999
101 78 59 46 42 49 64 85107126138143140131121112107107112120129135135128261116Z611 3143213313699999999999999 350 42163010699999999999999
116 99 81 65 55 52 59 72 90108125136141139133123114106104105111118124126261117Z61214141225912699999999999999 446 5218 710499999999999999
123115102 87 73 64 60 64 75 91109126138144143136124111100 93 92 97106116261118Z61321144999999999999999999999 557 601938 9299999999999999
123125121111 97 82 70 65 67 77 93112130144150148137120101 85 76 75 83 96261119Z6 051125141315199999999999999 714 652036 7499999999999999
112126133132122106 89 74 66 68 78 97119140154158151133109 84 64 54 56 70261120Z6 221134145315899999999999999 822 662119 5399999999999999
 92115135146146134115 93 75 66 68 82104130152165164150123 91 60 39 31 40261121Z6 327147152816699999999999999 918 662158 3199999999999999
 62 93124149161159143119 94 74 66 71 89116144165174166142107 68 34 14 12261122Z6 42116216 31749999999999999910 7 662237 1099999999999999
 28 60 98136163175169149121 93 74 68 78100130158176179162129 86 43 10 -7261123Z6 5101751638180999999999999991052 682317 -799999999999999
 -2 23 62107148175184174149119 91 74 73 87113144170184179154113 66 22 -9261124Z6 5571841714184999999999999991135 722359-2099999999999999
-20 -8 24 68116157182187173146115 90 77 80 98126156179186173142 97 49  7261125Z6 6441871753186999999999999991218 77999999999999999999999
-19-24 -7 29 76124161182183167140111 90 82 89109137164181182164130 84 38261126Z6 733185183418499999999999999 043-2513 2 8299999999999999
  0-21-21  0 37 84128161177175158133108 92 88 97117142165177174154119 76261127Z6 822179191917899999999999999 131-231349 8799999999999999
 34  2-14-11 11 48 90129157169165149127107 94 92102120142160168163143111261128Z6 91417020 816899999999999999 220-151440 9299999999999999
 73 38 11 -1  4 25 58 95128151160156142123106 96 94102118135149156151134261129Z610 916021 515699999999999999 313 -11539 9499999999999999
107 76 47 25 16 21 40 68 99127146153149137121106 95 92 97109123135142140261130Z611 7153221614299999999999999 4 9 161651 9299999999999999
127107 83 59 41 34 38 54 77103126142149145134119103 91 85 87 951081201292612 1Z612 7149234613299999999999999 5 9 341816 8599999999999999
132125112 93 73 58 51 53 66 85108128142148144133116 98 83 74 73 80 921082612 2Z613 6148999999999999999999999 615 501937 7299999999999999
121128128119104 87 73 65 65 75 92113132145149144130110 88 70 58 56 64 802612 3Z6 126129135814999999999999999 724 642041 5699999999999999
 99118130134128115 98 83 74 74 83 99119137150152143125100 74 53 42 41 532612 4Z6 253134144315299999999999999 831 732131 4099999999999999
 73 98121137142137123105 89 80 80 89107127145155153139116 86 57 36 26 302612 5Z6 4 0142152315699999999999999 930 782213 2699999999999999
 47 73103129146151144127107 90 82 84 96115136152159152132102 69 39 20 152612 6Z6 45215116 0159999999999999991020 812250 1499999999999999
 25 49 80114141156157146126104 88 82 87103124145159160146120 85 50 22  72612 7Z6 53515816341619999999999999911 2 822325  699999999999999
  9 26 56 93127152163159143120 98 85 83 93112135154163157136104 67 32  92612 8Z6 61316317 8163999999999999991140 822358  199999999999999
  1 10 34 70107140160165155134111 91 82 85100123145161163150123 87 49 182612 9Z6 6481661740164999999999999991214 82999999999999999999999
  1  0 17 47 85122150164162146123101 85 82 91110133153163159139107 69 34261210Z6 721165181316499999999999999 032 -21247 8199999999999999
  9 -1  6 29 63101135156163154135111 92 82 84 98120142158162150125 91 54261211Z6 754163184616299999999999999 1 5 -11319 8199999999999999
 23  5  3 17 45 80115143157157143122101 86 82 89106128147158155138110 76261212Z6 827159191915899999999999999 138  21353 8299999999999999
 43 18  7 12 31 62 96126147155149132112 94 84 84 94112132147152145125 96261213Z6 9 2155195515299999999999999 212  71429 8299999999999999
 64 37 19 15 25 48 78109134148150140123104 90 83 86 98115132142143133112261214Z6 938150203514499999999999999 247 141511 8399999999999999
 85 58 36 25 26 40 64 92118138146144132116 99 87 83 87 98113126134133122261215Z61016147212313599999999999999 324 2416 2 8399999999999999
103 80 58 42 35 40 55 78103125139144140127111 95 84 79 83 92105117124124261216Z61059144222612599999999999999 4 5 3517 4 7999999999999999
115 99 81 63 51 48 54 68 89110129140143137124107 90 77 71 73 82 94107116261217Z61148143235111999999999999999 453 481816 7199999999999999
119114103 88 74 63 60 66 78 96115132142143136121102 82 66 58 59 67 82 98261218Z61240144999999999999999999999 553 601927 5799999999999999
112120120112100 87 76 71 74 85101119135145145136118 94 70 51 40 40 51 70261219Z6 131121133414699999999999999 7 7 712028 3999999999999999
 92112126131126114 99 86 79 79 89105123140150149136113 84 55 31 19 21 36261220Z6 259131142615199999999999999 824 782122 1899999999999999
 61 90118137144140127109 92 82 82 91108129147156153136107 72 37 11 -1  4261221Z6 4 8145151715799999999999999 933 812213 -199999999999999
 24 56 93126149158152136114 95 83 82 93113136155164157135 99 58 19 -8-19261222Z6 5 615816 6164999999999999991033 8123 2-1999999999999999
-10 17 56 98136160168160140115 93 81 82 96119145164171160132 91 45  4-23261223Z6 5581681654171999999999999991125 802352-3199999999999999
-31-17 15 60106145169174162138110 89 78 82100126153171175160127 82 34 -7261224Z6 6461741743176999999999999991214 78999999999999999999999
-32-35-17 20 67115152173174157131103 83 76 83103131158175175157121 74 26261225Z6 733176183217899999999999999 040-3713 1 7699999999999999
-12-33-32 -9 30 78124157172168149121 95 77 73 84106135160174171149112 67261226Z6 817173192117599999999999999 128-351347 7399999999999999
 23-10-26-20  5 46 91132159168159138111 87 72 71 84107134156167161139104261227Z6 9 0168201216799999999999999 215-261435 7099999999999999
 63 25 -2-11 -2 25 64104138158161148126101 80 68 69 83104128147155148128261228Z6 94116221 415599999999999999 3 0-111525 6799999999999999
 97 63 32 13  9 22 48 82116141154152137115 92 74 65 67 79 98118134140134261229Z6102115522 214099999999999999 344  81620 6499999999999999
117 93 67 45 32 33 46 70 98124142148142127107 86 70 61 63 73 88105119125261230Z611 1148231212599999999999999 428 311722 6199999999999999
122110 93 75 60 54 57 70 90111130141143135120100 80 64 55 55 63 76 91104261231Z61140144999999999999999999999 511 531833 5499999999999999
