 28 24 19 14  8  4  0 -1  0  3  8 13 17 21 22 23 24 24 24 25 26 28 31 3226 1 1Z72329 33999999999999999999999 7 5 -1999999999999999999999
 32 30 26 20 13  7  1 -3 -4 -3  1  7 13 18 21 23 24 24 24 24 25 27 29 3226 1 2Z79999999999999999999999999999 8 2 -4999999999999999999999
 34 34 31 26 20 12  5 -1 -5 -6 -4  0  7 13 18 21 23 23 23 23 23 24 26 2926 1 3Z7 027 34999999999999999999999 857 -6999999999999999999999
 32 34 34 31 26 19 11  3 -3 -6 -7 -5  0  7 13 18 20 21 21 21 20 21 22 2426 1 4Z7 127 351713 2199999999999999 948 -71958 2099999999999999
 28 31 33 33 30 24 17  9  2 -4 -7 -7 -4  1  8 13 17 19 19 18 18 17 18 1926 1 5Z7 224 341739 19999999999999991037 -821 2 1799999999999999
 21 25 29 31 31 27 22 14  7  0 -4 -7 -6 -3  3  9 13 16 17 17 16 15 14 1526 1 6Z7 318 3118 7 17999999999999991121 -72215 1499999999999999
 16 19 22 26 27 27 23 18 11  5  0 -3 -5 -3  0  6 11 14 16 16 15 14 13 1226 1 7Z7 410 271836 169999999999999912 2 -52330 1299999999999999
 12 13 16 19 22 23 22 19 14  9  4  1 -1 -2  0  4  9 13 15 16 15 14 12 1126 1 8Z7 5 1 2319 6 16999999999999991237 -2999999999999999999999
 10 10 11 13 16 18 18 17 15 11  8  5  3  2  3  5  9 12 15 16 16 15 13 1226 1 9Z7 555 181934 1699999999999999 043 1013 5  299999999999999
 10  9  8  9 10 12 14 14 14 12 10  8  7  6  6  8 10 13 15 17 18 17 15 1326 110Z7 7 0 141959 1899999999999999 156  81316  699999999999999
 11  9  8  7  7  8 10 11 11 11 11 10 10 10 10 11 13 15 17 18 19 19 18 1626 111Z7 839 122020 1999999999999999 315  71236 1099999999999999
 13 11  9  7  6  6  6  8  9 10 11 12 12 13 13 14 16 17 19 20 21 21 20 1926 112Z72041 21999999999999999999999 437  6999999999999999999999
 16 13 11  8  6  5  5  5  7  9 10 12 13 15 16 17 18 19 20 22 23 23 23 2126 113Z721 8 23999999999999999999999 543  5999999999999999999999
 19 16 13 10  7  5  4  4  5  7  9 12 14 16 17 18 19 20 21 22 24 24 25 2426 114Z72149 25999999999999999999999 631  3999999999999999999999
 22 20 16 12  9  5  3  2  3  4  7 10 13 16 17 19 20 20 21 22 23 24 25 2626 115Z72244 26999999999999999999999 711  2999999999999999999999
 25 23 19 16 11  7  3  1  1  2  4  8 11 14 17 18 19 20 20 21 22 23 25 2626 116Z72343 26999999999999999999999 750  0999999999999999999999
 26 25 22 19 14  9  4  1 -1 -1  1  4  8 12 15 17 18 18 18 18 19 21 22 2426 117Z79999999999999999999999999999 828 -1999999999999999999999
 26 26 24 21 17 11  6  1 -2 -4 -3  0  4  9 13 15 16 17 16 16 16 17 19 2126 118Z7 038 26999999999999999999999 9 6 -4999999999999999999999
 24 25 25 23 19 14  8  2 -2 -5 -6 -4  0  5  9 13 14 15 14 14 13 14 15 1726 119Z7 128 251653 1599999999999999 943 -61953 1399999999999999
 20 23 24 24 21 16 10  4 -1 -5 -7 -7 -4  1  6 10 12 13 13 12 11 11 11 1326 120Z7 212 2417 9 13999999999999991019 -72042 1199999999999999
 16 19 22 23 21 18 13  6  1 -4 -7 -8 -6 -2  3  7 10 12 12 11  9  9  8  926 121Z7 254 231728 12999999999999991052 -82135  899999999999999
 11 14 18 20 21 19 15  9  3 -2 -5 -7 -7 -4  1  5  9 11 12 11  9  7  6  626 122Z7 337 211748 12999999999999991124 -72235  699999999999999
  7 10 13 16 18 18 16 12  7  2 -2 -4 -5 -4  0  4  9 11 12 12 10  8  6  526 123Z7 424 1818 8 12999999999999991153 -52340  599999999999999
  5  6  8 12 15 16 16 14 10  6  2  0 -1 -1  1  5  9 12 14 14 12 10  7  526 124Z7 518 161829 14999999999999991220 -1999999999999999999999
  3  3  4  6 10 12 14 14 12 10  7  5  4  3  4  7 10 13 16 16 15 13 10  626 125Z7 627 141854 1699999999999999 048  31239  399999999999999
  4  2  1  2  4  7 10 11 12 12 10  9  8  8  9 10 13 15 18 19 19 17 14 1026 126Z7 8 2 121925 1999999999999999 2 1  11236  899999999999999
  7  4  1  0  0  2  4  7 10 11 12 12 12 12 13 14 15 17 19 21 22 21 19 1526 127Z720 4 22999999999999999999999 320  0999999999999999999999
 11  7  3  0 -2 -2 -1  2  5  8 11 13 14 15 16 17 18 19 20 22 23 24 23 2126 128Z72058 24999999999999999999999 444 -2999999999999999999999
 17 12  8  3 -1 -3 -4 -3 -1  3  7 11 13 16 17 18 19 19 20 22 23 25 25 2526 129Z722 7 25999999999999999999999 6 2 -4999999999999999999999
 22 18 14  8  3 -2 -5 -7 -6 -3  2  6 11 14 16 18 18 19 19 20 21 23 25 2626 130Z72322 26999999999999999999999 7 7 -7999999999999999999999
 26 24 20 14  8  1 -4 -8 -9 -8 -4  1  6 11 14 16 17 17 17 17 18 19 22 2526 131Z79999999999999999999999999999 8 4 -9999999999999999999999
 26 26 24 20 14  6  0 -6-10-11 -9 -5  1  7 11 14 15 15 14 13 13 14 16 2026 2 1Z7 031 271614 1599999999999999 854-111923 1399999999999999
 23 26 26 23 19 12  4 -3 -8-11-12 -9 -4  3  8 11 13 13 12 10 10 10 11 1426 2 2Z7 132 261624 1399999999999999 939-122027  999999999999999
 18 22 24 24 21 16  9  2 -5 -9-11-11 -7 -1  5  9 11 12 10  8  7  6  6  726 2 3Z7 227 251643 12999999999999991019-122128  699999999999999
 11 15 19 22 21 18 12  6 -1 -6 -9-10 -8 -4  2  7 10 11 10  8  6  4  3  326 2 4Z7 318 2217 5 11999999999999991054-102226  399999999999999
  5  9 13 17 18 17 14  9  3 -2 -5 -7 -7 -4  1  6  9 11 11  9  6  4  2  126 2 5Z7 4 7 181728 11999999999999991125 -72321  199999999999999
  1  3  7 11 13 14 13 10  6  2 -1 -3 -4 -2  1  5  9 11 12 11  8  5  3  126 2 6Z7 456 141750 12999999999999991148 -4999999999999999999999
  0  0  2  5  8 10 11 10  8  5  2  1  0  1  3  7 10 12 13 13 11  8  5  226 2 7Z7 550 1118 9 1399999999999999 015  01158  099999999999999
  0  0  0  2  4  6  8  8  8  6  5  4  4  5  6  9 11 13 14 14 13 10  7  526 2 8Z7 655  81824 1599999999999999 110  01133  499999999999999
  2  1  0  0  2  3  5  6  7  7  7  7  7  8 10 11 13 15 16 16 15 13 11  826 2 9Z71837 16999999999999999999999 210  0999999999999999999999
  5  3  1  0  0  1  2  4  5  6  7  8  9 11 12 13 15 16 17 18 17 16 14 1126 210Z71854 18999999999999999999999 322  0999999999999999999999
  8  5  3  1  0  0  0  1  3  5  7  9 10 12 13 15 16 17 18 18 18 18 16 1426 211Z71928 19999999999999999999999 444  0999999999999999999999
 11  8  5  3  0 -1 -1 -1  1  3  5  8 10 12 13 15 16 16 17 18 18 19 18 1726 212Z72036 19999999999999999999999 553 -1999999999999999999999
 14 12  8  5  2 -1 -3 -3 -2  0  3  6  9 11 13 14 14 15 16 16 17 18 18 1826 213Z72213 18999999999999999999999 647 -3999999999999999999999
 17 15 11  8  4  0 -3 -5 -5 -3 -1  3  6  9 11 12 13 13 13 14 14 16 17 1826 214Z72333 18999999999999999999999 731 -5999999999999999999999
 18 17 14 10  6  1 -3 -6 -7 -7 -4 -1  3  7  9 10 11 11 10 10 11 12 14 1626 215Z71556 11999999999999999999999 811 -71827 1099999999999999
 18 18 16 13  8  3 -2 -6 -9-10 -8 -5  0  4  7  9  9  9  8  7  7  8 10 1326 216Z7 034 181550  999999999999999 847-101924  799999999999999
 15 17 17 15 11  5  0 -5 -9-11-11 -8 -4  1  5  7  8  7  6  4  4  4  5  826 217Z7 125 171556  899999999999999 921-112014  499999999999999
 12 15 17 16 13  8  2 -3 -8-11-12-10 -6 -1  3  6  7  7  5  3  1  0  1  326 218Z7 211 1716 7  799999999999999 952-1221 4  099999999999999
  7 11 14 16 14 11  6  0 -5 -9-11-11 -8 -3  2  6  8  7  5  3  0 -2 -2 -126 219Z7 256 161622  8999999999999991022-112154 -299999999999999
  1  6 11 14 14 12  9  4 -2 -6 -8 -9 -7 -3  2  6  9  9  7  4  0 -3 -4 -526 220Z7 345 141639  9999999999999991051 -92245 -599999999999999
 -3  0  5 10 12 13 11  7  3 -1 -4 -5 -4 -2  2  7 10 11 10  7  3 -1 -4 -626 221Z7 439 131659 11999999999999991118 -52340 -699999999999999
 -6 -4 -1  4  8 10 11  9  7  4  1  0  0  1  4  8 12 13 13 11  7  3 -2 -526 222Z7 542 111723 13999999999999991137  0999999999999999999999
 -7 -7 -5 -1  3  6  8  9  9  7  6  5  5  5  7 10 13 15 16 15 12  7  3 -126 223Z7 7 1  91752 1699999999999999 039 -71133  599999999999999
 -5 -7 -7 -6 -3  1  4  6  8  8  8  8  9  9 10 12 14 16 18 17 16 13  8  426 224Z71827 18999999999999999999999 146 -7999999999999999999999
  0 -4 -6 -7 -7 -4 -2  2  4  7  8  9 11 12 13 14 15 17 18 19 18 17 14 1026 225Z71917 19999999999999999999999 3 6 -7999999999999999999999
  5  1 -3 -6 -8 -8 -6 -4  0  3  6  8 10 12 13 14 15 16 17 18 19 19 18 1526 226Z72033 19999999999999999999999 436 -8999999999999999999999
 11  7  2 -2 -6 -8 -9 -8 -6 -2  2  6  9 11 12 13 14 14 15 15 17 18 19 1826 227Z722 7 19999999999999999999999 559 -9999999999999999999999
 16 13  8  3 -2 -7-10-11-10 -7 -3  2  6  9 11 11 12 11 11 12 13 15 17 1826 228Z72331 19999999999999999999999 7 4-11999999999999999999999
 18 17 13  8  2 -3 -8-11-12-11 -7 -2  3  6  9  9  9  8  8  7  8  9 12 1526 3 1Z71514  9999999999999999999999 756-121859  799999999999999
 18 18 16 12  7  1 -5 -9-12-13-10 -6  0  4  7  8  8  6  5  3  3  4  6 1026 3 2Z7 039 181513  899999999999999 839-131954  399999999999999
 14 17 17 15 11  5 -1 -7-10-12-12 -8 -3  2  6  7  7  6  3  1 -1 -1  0  426 3 3Z7 138 171524  899999999999999 916-122045 -199999999999999
  8 13 15 15 13  8  2 -3 -7-10-11 -9 -5  1  5  7  8  6  3  0 -2 -4 -4 -226 3 4Z7 230 151541  899999999999999 949-112133 -499999999999999
  2  7 11 13 13 10  5  0 -4 -7 -9 -8 -5  0  4  8  9  8  5  1 -3 -5 -6 -626 3 5Z7 320 1316 0  9999999999999991017 -92218 -699999999999999
 -3  1  6  9 11 10  7  3  0 -3 -5 -5 -4  0  5  8 10  9  7  3 -1 -4 -6 -726 3 6Z7 4 9 111619 10999999999999991039 -523 1 -799999999999999
 -6 -3  1  5  8  9  8  6  3  0 -1 -2 -1  2  6  9 11 11  9  6  2 -2 -5 -726 3 7Z7 5 1  91635 11999999999999991050 -22343 -799999999999999
 -7 -6 -3  1  4  7  7  6  5  3  2  2  3  5  7 10 12 12 11  9  5  1 -3 -526 3 8Z7 557  71648 12999999999999991039  2999999999999999999999
 -7 -6 -5 -2  1  4  5  6  6  5  5  5  6  7  9 12 13 14 13 11  8  4  1 -226 3 9Z7 7 8  61659 1499999999999999 026 -710 1  599999999999999
 -5 -6 -5 -4 -1  1  3  5  5  6  6  7  8  9 11 13 14 15 15 13 11  8  4  126 310Z71712 15999999999999999999999 114 -6999999999999999999999
 -2 -4 -5 -4 -3 -1  1  2  4  5  6  8  9 10 12 13 14 15 15 14 13 10  7  426 311Z71732 15999999999999999999999 213 -5999999999999999999999
  1 -1 -3 -4 -4 -3 -2  0  2  4  6  7  9 10 11 13 13 14 15 14 14 12 10  726 312Z718 7 15999999999999999999999 331 -4999999999999999999999
  5  2 -1 -3 -4 -5 -4 -3 -1  1  4  6  8  9 10 11 12 12 13 13 13 13 12 1026 313Z71929 13999999999999999999999 459 -5999999999999999999999
  7  5  2 -1 -4 -6 -6 -6 -4 -2  1  4  6  8  9  9 10 10 10 10 11 12 12 1126 314Z72149 12999999999999999999999 6 6 -6999999999999999999999
 10  7  4  1 -3 -6 -8 -8 -8 -5 -2  1  4  6  7  8  7  7  7  7  8  9 10 1126 315Z71458  82321 1199999999999999 655 -81756  799999999999999
 11 10  7  3 -1 -5 -8-10-10 -8 -5 -1  2  4  6  6  5  4  3  3  4  5  8 1026 316Z71441  6999999999999999999999 736-101849  399999999999999
 11 11  9  6  2 -3 -7-10-11-10 -8 -4  0  3  5  5  4  2  1  0  0  1  3  726 317Z7 025 111437  599999999999999 811-111934 -199999999999999
 10 11 11  9  5  0 -5 -8-11-11 -9 -5 -1  3  5  6  4  2 -1 -3 -4 -4 -2  226 318Z7 119 121443  699999999999999 843-112018 -499999999999999
  7 10 12 11  8  4 -1 -5 -8-10 -9 -6 -2  3  6  7  6  3 -1 -4 -7 -8 -7 -426 319Z7 211 121454  799999999999999 914-1021 3 -899999999999999
  1  7 10 12 11  8  3 -1 -5 -7 -7 -5 -1  4  7  9  8  6  1 -4 -8-10-11 -926 320Z7 3 4 121512  999999999999999 944 -72150-1199999999999999
 -5  1  7 10 12 11  8  4  0 -2 -3 -3  0  4  9 11 12  9  5  0 -6-10-12-1226 321Z7 4 2 121534 12999999999999991013 -32240-1399999999999999
-10 -5  1  6 10 11 10  8  5  2  1  1  3  6 10 13 14 13 10  5 -1 -7-11-1326 322Z7 5 5 1116 1 14999999999999991037  12332-1399999999999999
-13-10 -5  1  5  9 10 10  8  6  6  5  6  8 11 14 16 16 14 10  5 -1 -7-1026 323Z7 616 101631 17999999999999991045  5999999999999999999999
-13-13-10 -6 -1  4  7  9  9  9  8  9  9 10 12 15 17 18 17 15 10  5 -1 -526 324Z717 7 18999999999999999999999 031-13999999999999999999999
 -9-11-12-10 -6 -2  2  5  7  8  9 10 11 12 13 14 16 17 18 17 15 11  6  126 325Z71752 18999999999999999999999 137-12999999999999999999999
 -3 -7-10-11 -9 -7 -4  0  3  6  8 10 11 12 13 13 14 15 16 17 16 14 11  726 326Z71859 17999999999999999999999 256-11999999999999999999999
  3 -2 -5 -8-10-10 -8 -5 -1  2  5  8  9 11 11 12 12 12 13 14 15 15 14 1226 327Z72037 15999999999999999999999 424-10999999999999999999999
  8  4  0 -4 -8-10-10 -9 -6 -2  2  5  7  9 10 10  9  9  9 10 11 13 14 1426 328Z71426 102218 1499999999999999 542-101718  999999999999999
 12  9  5  0 -4 -7-10-10 -8 -5 -1  3  6  7  8  8  7  6  5  5  6  8 11 1326 329Z714 2  82340 1399999999999999 642-101825  599999999999999
 13 12  9  5  0 -4 -7 -9 -9 -7 -3  1  4  7  7  6  5  3  2  1  1  3  6  926 330Z71356  7999999999999999999999 728-101916  199999999999999
 12 12 11  8  4 -1 -5 -7 -8 -8 -5  0  4  7  7  7  5  2 -1 -2 -3 -2  0  526 331Z7 047 1214 3  799999999999999 8 6 -920 2 -399999999999999
  8 11 11 10  7  3 -1 -4 -6 -7 -5 -1  4  7  8  8  6  3 -1 -4 -6 -6 -4 -126 4 1Z7 144 111417  999999999999999 838 -72044 -699999999999999
  4  8 10 11  9  6  2 -1 -3 -4 -3  0  4  7 10 10  8  4  0 -4 -7 -8 -8 -526 4 2Z7 237 111434 1099999999999999 9 4 -42123 -899999999999999
 -1  4  8 10 10  8  5  2  0 -1 -1  1  4  8 11 12 10  7  3 -2 -6 -8 -9 -826 4 3Z7 329 101452 1299999999999999 925 -122 0 -999999999999999
 -5  0  5  8 10  9  8  5  3  2  2  3  6  9 12 13 13 10  6  1 -4 -7 -9 -926 4 4Z7 421 1015 9 1399999999999999 936  22235 -999999999999999
 -7 -3  2  6  8  9  9  8  6  5  5  6  8 11 13 15 15 13  9  4 -1 -5 -8 -926 4 5Z7 514 101525 1599999999999999 934  52311 -999999999999999
 -8 -5 -1  3  6  8  9  9  8  8  8  8 10 12 14 16 16 15 12  8  3 -2 -5 -726 4 6Z7 612  91540 1699999999999999 918  82350 -899999999999999
 -8 -7 -4  0  3  6  8  9  9  9  9 10 11 13 15 16 17 16 14 11  6  2 -2 -526 4 7Z71557 179999999999999999999999999999999999999999999999999
 -6 -6 -5 -2  1  4  6  8  8  9 10 11 12 13 14 16 17 16 15 13  9  5  2 -226 4 8Z71618 17999999999999999999999 034 -7999999999999999999999
 -4 -5 -5 -4 -2  1  3  5  7  8  9 10 11 12 14 15 15 16 15 14 11  8  5  226 4 9Z71644 16999999999999999999999 128 -6999999999999999999999
 -1 -3 -5 -5 -4 -2  0  2  4  6  8  9 10 11 12 13 13 14 14 13 12 10  7  526 410Z71723 14999999999999999999999 235 -5999999999999999999999
  2 -1 -3 -5 -5 -4 -3 -1  2  4  6  8  9 10 10 11 11 11 11 11 11 10  9  726 411Z71857 11999999999999999999999 353 -5999999999999999999999
  4  2 -1 -3 -5 -6 -5 -4 -1  2  4  6  8  9  9  9  8  8  8  9  9 10 10  926 412Z71354  92123 1099999999999999 5 3 -617 3  899999999999999
  7  5  2 -1 -4 -6 -6 -5 -3  0  3  5  7  8  7  7  6  5  5  5  6  8  9 1026 413Z71321  823 1 1099999999999999 556 -61758  599999999999999
  9  7  5  2 -2 -4 -6 -6 -5 -2  1  5  7  8  7  6  4  2  1  1  2  4  7  926 414Z713 9  8999999999999999999999 638 -61840  199999999999999
 10 10  8  5  2 -1 -4 -5 -5 -2  1  5  8  9  8  6  4  1 -2 -3 -3 -1  3  726 415Z7 013 101311  999999999999999 716 -51921 -399999999999999
 10 12 11  9  6  3  0 -2 -3 -2  1  5  9 11 11  9  5  1 -3 -6 -7 -6 -3  226 416Z7 117 121323 1199999999999999 751 -320 5 -799999999999999
  8 11 13 13 11  7  4  2  0  1  3  6 11 13 14 12  8  3 -2 -6 -9-10 -8 -426 417Z7 219 131344 1499999999999999 825  02051-1099999999999999
  2  8 12 14 14 12  9  6  5  4  5  8 12 16 17 17 13  8  2 -4 -9-12-12-1026 418Z7 322 141411 1799999999999999 857  42139-1299999999999999
 -4  3  9 13 15 15 13 11  9  8  8 10 13 17 20 20 18 14  8  1 -6-11-13-1326 419Z7 427 151442 2099999999999999 925  82231-1499999999999999
-10 -4  3  9 13 15 15 14 12 12 11 12 14 17 21 23 22 19 14  7  0 -6-11-1326 420Z7 534 151518 2399999999999999 943 112325-1399999999999999
-13 -9 -4  2  8 12 14 15 14 14 14 14 15 17 20 23 24 22 19 14  7  0 -5 -926 421Z7 653 151559 2499999999999999 925 14999999999999999999999
-12-12 -9 -4  2  7 10 13 14 14 14 15 16 17 18 21 23 23 22 18 14  8  2 -326 422Z71647 23999999999999999999999 025-12999999999999999999999
 -7-10-10 -7 -4  1  5  9 11 13 14 14 15 16 16 18 19 21 21 20 17 13  8  326 423Z71748 21999999999999999999999 130-10999999999999999999999
 -1 -5 -8 -8 -6 -3  0  4  8 10 12 13 14 14 14 15 15 17 18 18 18 16 13  926 424Z719 8 18999999999999999999999 243 -8999999999999999999999
  5  1 -3 -5 -6 -5 -3  1  4  7 10 11 12 13 12 12 12 12 13 14 15 16 15 1226 425Z71253 132046 1699999999999999 358 -61559 1299999999999999
  9  6  2 -1 -4 -4 -4 -1  2  5  8 10 11 11 11 10  9  8  8  9 11 13 14 1426 426Z71234 122224 1499999999999999 5 5 -41724  899999999999999
 12 10  6  3  0 -2 -2 -2  1  4  8 10 11 11 10  9  7  5  4  4  6  8 11 1226 427Z71231 122347 1399999999999999 558 -21824  499999999999999
 13 12 10  7  4  2  0  0  1  4  8 11 12 13 11  9  6  4  2  1  1  3  7 1026 428Z71238 13999999999999999999999 640  01912  199999999999999
 12 13 12 10  8  5  4  3  3  5  8 11 14 14 13 11  7  4  1 -1 -2 -1  2  626 429Z7 058 131252 1499999999999999 713  31953 -299999999999999
 10 12 13 12 11  9  7  6  6  7  9 13 15 17 16 13 10  6  2 -1 -3 -3 -1  326 430Z7 2 1 1313 9 1799999999999999 737  62030 -399999999999999
  7 11 13 14 13 12 10  9  9  9 11 14 17 19 18 17 13  8  4 -1 -3 -4 -3  026 5 1Z7 258 141328 1999999999999999 754  921 4 -499999999999999
  4  9 12 14 15 14 13 12 11 12 13 15 18 20 21 19 16 12  6  2 -2 -4 -4 -226 5 2Z7 350 151348 2199999999999999 8 2 112136 -599999999999999
  2  6 11 14 16 16 15 14 14 14 15 17 19 21 22 22 19 15 10  5  0 -3 -4 -426 5 3Z7 440 1614 9 2299999999999999 8 8 142210 -499999999999999
 -1  4  8 12 15 16 16 16 15 16 16 18 20 22 23 23 22 18 14  8  3 -1 -3 -426 5 4Z7 530 171432 2499999999999999 815 152246 -499999999999999
 -2  1  6 10 13 15 16 16 16 16 17 18 20 22 23 24 23 21 17 12  7  2 -1 -326 5 5Z71457 249999999999999999999992326 -3999999999999999999999
 -3 -1  3  7 10 13 15 16 16 16 17 18 19 21 22 23 23 22 19 15 10  5  2 -126 5 6Z71525 239999999999999999999999999999999999999999999999999
 -2 -2  1  4  7 10 13 14 15 16 16 17 18 19 21 22 22 22 20 17 13  9  5  126 5 7Z71557 22999999999999999999999 011 -2999999999999999999999
 -1 -2 -1  1  4  7 10 12 14 14 15 16 17 17 18 19 20 20 19 18 15 11  8  426 5 8Z71636 20999999999999999999999 1 0 -2999999999999999999999
  2  0 -1  0  2  4  7 10 12 13 14 15 15 16 16 17 17 18 18 17 16 13 10  726 5 9Z71729 18999999999999999999999 155 -1999999999999999999999
  4  2  0  0  1  2  5  7 10 12 13 14 14 14 14 14 14 15 15 16 15 14 12 1026 510Z719 2 16999999999999999999999 252  0999999999999999999999
  7  5  3  1  1  2  4  6  9 11 13 14 14 14 13 12 12 12 12 13 14 14 14 1326 511Z71143 1421 1 1499999999999999 347  11630 1299999999999999
 11  8  6  4  3  3  4  6  9 11 13 15 15 14 12 11  9  8  8  9 11 13 14 1526 512Z71127 152243 1599999999999999 437  31726  899999999999999
 14 12 10  8  6  5  5  7  9 12 15 16 17 15 13 10  8  6  5  5  7 10 13 1526 513Z71132 17999999999999999999999 522  51813  599999999999999
 16 16 14 12 10  9  8  9 11 14 17 19 20 18 16 12  8  4  2  1  2  5  9 1426 514Z7 0 9 161149 2099999999999999 6 4  81859  199999999999999
 17 19 19 17 15 13 12 12 13 15 19 22 23 23 20 16 11  5  1 -2 -2  0  4  926 515Z7 127 191215 2399999999999999 644 121947 -299999999999999
 15 19 21 21 20 18 17 16 16 17 20 24 26 27 25 21 16  9  3 -2 -5 -5 -2  326 516Z7 240 211248 2799999999999999 721 162038 -599999999999999
 10 16 20 22 23 22 21 20 19 20 22 25 28 30 30 27 22 15  8  1 -4 -6 -6 -326 517Z7 348 231326 3199999999999999 753 192130 -799999999999999
  3 10 16 21 23 24 23 22 22 22 23 25 28 31 33 32 28 23 15  7  1 -4 -7 -726 518Z7 454 2414 9 3399999999999999 818 222225 -799999999999999
 -3  3 10 16 20 23 24 23 23 23 23 24 27 30 33 34 32 29 23 15  7  1 -4 -726 519Z7 6 1 241458 3499999999999999 832 232321 -799999999999999
 -6 -2  3 10 15 19 22 23 23 23 23 23 25 27 30 32 33 32 28 22 15  8  2 -326 520Z71551 339999999999999999999999999999999999999999999999999
 -5 -4 -1  4 10 14 18 20 21 21 22 22 23 24 26 28 30 31 30 26 21 15  9  326 521Z71650 31999999999999999999999 019 -5999999999999999999999
 -1 -3 -2  1  5 10 14 17 19 20 20 20 21 21 21 23 25 27 28 27 24 20 15 1026 522Z71756 28999999999999999999999 119 -3999999999999999999999
  5  2  0  1  3  7 11 14 17 19 19 19 19 19 18 19 20 21 23 24 23 22 18 1526 523Z71041 191913 2499999999999999 219  01410 1899999999999999
 11  7  5  3  4  6  9 13 16 18 19 19 19 18 16 16 15 16 17 19 20 21 20 1826 524Z71040 192045 2199999999999999 316  31548 1599999999999999
 15 12 10  8  7  7  9 12 15 18 20 20 19 18 16 14 13 12 13 14 16 18 19 1926 525Z71052 202225 1999999999999999 4 8  717 7 1299999999999999
 17 16 14 12 11 11 11 13 16 19 21 22 21 20 17 15 12 10  9 10 12 14 16 1826 526Z711 7 22999999999999999999999 450 1118 9  999999999999999
 18 18 17 16 15 14 15 16 18 20 23 24 24 22 20 16 13 10  8  7  8 11 14 1726 527Z7 0 3 181124 2499999999999999 521 141857  799999999999999
 19 19 20 19 18 18 18 19 20 22 24 26 26 25 23 19 15 12  9  7  7  8 11 1526 528Z7 137 201143 2799999999999999 537 181936  699999999999999
 18 20 21 22 21 21 21 21 22 24 26 28 29 28 26 23 18 14 10  7  6  7  9 1326 529Z7 255 2212 5 2999999999999999 538 212010  699999999999999
 17 20 22 23 24 23 23 24 24 26 28 30 31 31 29 26 22 17 12  8  6  6  7 1126 530Z71229 319999999999999999999992043  6999999999999999999999
 15 19 22 24 25 25 25 25 26 27 28 30 32 33 32 29 25 20 15 10  7  5  6  926 531Z71258 339999999999999999999992116  5999999999999999999999
 13 17 21 24 26 26 26 26 26 27 29 30 32 34 34 32 29 24 18 13  9  6  5  726 6 1Z71330 349999999999999999999992152  5999999999999999999999
 10 14 19 22 25 26 26 26 26 27 28 29 31 33 34 33 31 27 22 16 11  7  5  526 6 2Z714 6 349999999999999999999992231  5999999999999999999999
  7 11 16 20 23 25 26 26 26 26 27 28 30 32 33 33 32 29 25 20 14 10  7  526 6 3Z71443 349999999999999999999992313  5999999999999999999999
  6  8 12 16 20 23 24 25 25 25 25 26 27 29 31 32 32 30 27 22 17 12  9  626 6 4Z71522 329999999999999999999992355  5999999999999999999999
  5  6  9 13 17 20 22 23 23 24 24 25 25 27 28 30 30 30 28 24 20 15 11  826 6 5Z716 2 309999999999999999999999999999999999999999999999999
  6  6  8 11 14 17 20 22 22 23 23 23 24 24 25 27 28 28 27 25 22 18 14 1126 6 6Z71647 28999999999999999999999 037  6999999999999999999999
  8  7  7  9 12 15 18 21 22 22 22 22 22 22 23 24 25 26 26 25 23 20 17 1426 6 7Z71744 26999999999999999999999 119  7999999999999999999999
 11 10  9 10 12 15 18 20 22 23 23 22 22 21 21 21 21 23 24 24 24 22 20 1826 6 8Z7 928 2319 5 2499999999999999 159  91422 2199999999999999
 15 13 12 12 13 15 18 21 23 24 24 23 22 21 19 19 18 19 20 22 23 23 23 2126 6 9Z7 935 242051 2399999999999999 237 121543 1899999999999999
 19 18 16 16 16 17 19 22 25 26 27 26 24 22 19 17 16 15 16 18 21 23 24 2426 610Z7 950 272240 2499999999999999 316 161648 1599999999999999
 24 22 21 20 20 20 22 24 27 29 30 30 28 25 21 18 15 13 12 14 16 20 23 2626 611Z71013 30999999999999999999999 356 201745 1299999999999999
 27 27 26 25 24 24 25 27 29 32 34 34 33 29 25 20 16 12 10  9 11 15 20 2426 612Z7 027 271045 3499999999999999 438 241840  999999999999999
 27 29 30 29 29 28 28 29 31 34 36 38 38 35 31 25 19 14  9  7  7  9 14 1926 613Z7 2 5 301124 3899999999999999 521 281935  699999999999999
 25 29 31 32 32 32 31 32 33 34 37 40 41 41 37 32 26 18 12  7  4  4  7 1326 614Z7 322 321210 4199999999999999 6 2 312030  499999999999999
 19 25 30 32 33 33 33 33 33 34 37 40 43 44 43 39 33 26 18 11  6  3  3  726 615Z7 422 3313 3 4499999999999999 641 332126  399999999999999
 13 19 25 30 32 33 33 33 33 33 35 37 41 44 45 43 39 33 25 17 10  5  2  326 616Z71358 459999999999999999999992222  2999999999999999999999
  7 13 19 25 29 31 32 32 32 32 32 34 37 40 43 44 43 39 32 24 17 10  5  326 617Z71456 449999999999999999999992316  3999999999999999999999
  4  8 14 20 25 28 30 30 30 30 30 30 32 35 39 41 42 41 37 31 23 16 11  626 618Z7 642 301554 4299999999999999 9 5 30999999999999999999999
  5  6 10 15 21 25 28 29 29 28 28 28 28 30 32 36 38 39 38 34 29 23 17 1226 619Z7 721 291654 3999999999999999 0 8  51048 2899999999999999
  9  7  9 13 17 22 25 27 28 28 27 26 26 26 27 29 32 34 35 34 31 27 22 1826 620Z7 757 281757 3599999999999999 057  71231 2599999999999999
 14 12 11 13 16 20 24 27 28 28 27 26 25 24 23 24 26 28 30 31 30 28 25 2226 621Z7 830 2819 9 3199999999999999 143 111357 2399999999999999
 19 17 16 16 18 21 24 27 29 29 29 28 26 24 22 21 22 23 25 26 27 28 27 2526 622Z7 859 292039 2899999999999999 223 161521 2199999999999999
 23 22 21 20 21 23 25 28 30 31 31 30 28 26 23 21 20 20 20 22 24 26 26 2726 623Z7 926 312237 2799999999999999 254 201641 1999999999999999
 26 26 25 25 25 26 28 30 32 33 34 33 31 28 26 23 20 19 18 19 21 23 25 2726 624Z7 950 34999999999999999999999 3 5 251746 1899999999999999
 28 28 28 29 29 30 31 32 34 36 36 36 34 32 29 25 22 19 18 18 19 21 24 2626 625Z71013 369999999999999999999991836 17999999999999999999999
 28 30 31 31 32 32 33 35 36 38 39 39 38 35 32 28 24 21 18 17 18 19 22 2626 626Z71039 399999999999999999999991915 17999999999999999999999
 29 31 32 33 34 34 35 36 37 39 40 41 41 39 36 32 27 23 20 17 17 18 21 2426 627Z71110 419999999999999999999991951 17999999999999999999999
 28 31 33 34 35 35 36 37 38 39 41 42 43 42 39 35 31 26 21 18 16 17 19 2226 628Z71148 439999999999999999999992026 16999999999999999999999
 26 30 33 34 35 36 36 36 37 39 40 42 43 43 42 39 34 29 24 19 17 15 16 1926 629Z71232 4399999999999999999999921 3 15999999999999999999999
 23 27 31 33 35 35 35 35 36 37 39 41 42 44 43 41 37 32 27 21 17 15 15 1626 630Z71318 449999999999999999999992142 14999999999999999999999
 20 24 28 31 33 34 34 34 34 35 36 38 40 42 43 42 40 35 30 24 19 15 14 1426 7 1Z714 2 439999999999999999999992221 13999999999999999999999
 16 20 25 29 31 33 33 33 32 33 34 35 37 40 41 42 40 37 32 27 21 17 14 1326 7 2Z71444 4299999999999999999999923 0 13999999999999999999999
 14 17 21 26 29 31 32 31 31 31 31 32 34 36 39 40 40 38 34 29 24 19 15 1326 7 3Z7 614 321525 4099999999999999 845 312336 1399999999999999
 13 15 19 23 27 29 31 31 30 30 30 30 31 33 35 37 38 37 35 31 27 22 18 1526 7 4Z7 641 3116 6 3899999999999999 942 30999999999999999999999
 14 15 17 21 25 28 30 31 30 29 29 29 29 30 31 34 36 36 35 33 29 25 21 1826 7 5Z7 7 4 311653 3699999999999999 010 1411 4 2999999999999999
 17 16 18 21 25 28 30 31 31 30 29 28 28 28 28 30 32 34 34 33 31 28 25 2226 7 6Z7 725 311752 3499999999999999 041 161235 2799999999999999
 21 20 20 22 25 29 31 33 33 32 31 29 27 26 26 27 28 30 32 33 33 31 29 2726 7 7Z7 745 331913 3399999999999999 110 201353 2699999999999999
 25 24 24 25 27 30 33 35 36 35 34 31 29 27 25 24 25 26 29 31 32 33 32 3126 7 8Z7 8 7 362059 3399999999999999 135 2415 6 2499999999999999
 30 29 29 29 31 33 35 38 39 39 38 35 32 28 25 23 22 22 24 27 30 32 33 3426 7 9Z7 835 39999999999999999999999 155 291618 2299999999999999
 34 34 34 34 34 36 38 40 42 43 42 40 37 32 28 24 21 20 20 22 25 29 32 3526 710Z7 912 439999999999999999999991727 20999999999999999999999
 36 37 37 37 38 38 40 42 44 46 46 45 42 38 33 28 23 19 17 17 19 23 28 3226 711Z7 959 469999999999999999999991831 17999999999999999999999
 36 38 39 40 40 40 41 42 44 46 48 49 48 45 40 34 27 22 17 15 15 17 22 2726 712Z71055 499999999999999999999991932 15999999999999999999999
 33 36 39 40 41 41 41 42 43 45 48 50 51 50 46 41 34 27 20 15 13 13 16 2126 713Z71157 519999999999999999999992029 12999999999999999999999
 27 33 37 39 40 40 40 40 41 42 45 48 51 52 51 47 41 34 26 19 14 11 12 1526 714Z713 0 529999999999999999999992124 11999999999999999999999
 21 27 33 36 38 39 38 38 38 39 41 44 47 51 52 51 47 40 32 25 18 13 11 1226 715Z7 450 3914 1 5299999999999999 718 382215 1199999999999999
 16 22 28 33 36 37 37 36 35 35 36 38 41 46 49 51 49 45 38 31 23 17 13 1226 716Z7 513 371459 5199999999999999 827 3523 2 1299999999999999
 13 18 24 29 33 35 36 35 33 32 32 33 35 39 43 47 48 46 42 36 29 23 18 1526 717Z7 539 361555 4899999999999999 946 322345 1499999999999999
 14 16 21 26 31 34 35 35 33 31 30 30 30 32 36 40 43 44 42 39 33 28 23 2026 718Z7 6 8 351652 449999999999999911 7 30999999999999999999999
 18 18 21 25 30 33 35 35 34 32 30 29 28 28 30 33 37 39 39 38 35 32 28 2526 719Z7 638 361752 3999999999999999 024 171221 2899999999999999
 23 22 23 26 30 33 36 37 36 34 32 30 28 27 27 28 31 33 35 36 35 34 31 2926 720Z7 7 8 3719 3 3699999999999999 056 221331 2799999999999999
 28 27 27 29 32 34 37 38 38 37 35 33 30 28 26 26 27 29 31 32 33 34 33 3226 721Z7 736 392040 3499999999999999 119 271445 2699999999999999
 32 32 32 33 34 36 39 40 41 40 38 36 33 31 28 26 26 26 28 29 31 33 34 3426 722Z7 8 2 41999999999999999999999 1 9 3216 2 2699999999999999
 35 35 36 36 37 39 41 42 43 43 42 39 37 34 31 28 26 26 26 27 29 31 33 3526 723Z7 828 439999999999999999999991713 26999999999999999999999
 36 37 38 39 40 41 42 44 45 45 44 43 40 37 34 31 28 26 25 26 27 30 32 3526 724Z7 857 4599999999999999999999918 9 25999999999999999999999
 37 38 40 41 42 43 44 45 46 46 46 46 44 41 38 34 30 27 25 25 26 28 31 3426 725Z7 939 479999999999999999999991854 25999999999999999999999
 36 39 40 41 42 43 43 45 46 47 48 48 47 44 41 37 33 29 26 24 24 26 28 3226 726Z71033 489999999999999999999991934 24999999999999999999999
 35 38 40 41 41 42 42 43 44 46 47 48 48 47 44 40 36 31 27 24 23 23 25 2926 727Z71132 489999999999999999999992013 23999999999999999999999
 33 36 38 40 40 40 41 41 42 44 45 47 48 48 46 43 39 33 28 24 22 21 22 2526 728Z71227 489999999999999999999992052 21999999999999999999999
 29 33 36 38 39 39 39 39 39 40 42 45 47 48 47 45 41 36 30 25 22 20 20 2226 729Z71316 489999999999999999999992129 19999999999999999999999
 26 30 34 36 38 38 37 36 36 37 39 41 44 46 47 46 43 38 33 27 23 19 18 1926 730Z7 431 3814 0 4799999999999999 731 3622 4 1899999999999999
 22 27 31 34 36 36 36 35 34 34 35 37 40 43 45 46 44 40 35 30 24 21 18 1826 731Z7 447 361442 4699999999999999 822 342236 1899999999999999
 20 24 29 33 35 36 35 34 33 32 32 33 36 39 42 44 44 41 37 32 27 23 20 1926 8 1Z7 5 6 361524 4499999999999999 916 3223 6 1999999999999999
 20 23 27 32 34 36 36 34 32 31 30 31 32 35 38 41 42 42 39 35 30 26 23 2126 8 2Z7 524 3616 8 42999999999999991016 302334 2199999999999999
 21 23 27 31 35 37 37 36 34 31 30 29 29 31 34 37 40 41 40 37 34 30 27 2526 8 3Z7 543 3717 0 41999999999999991120 29999999999999999999999
 25 26 28 32 36 38 39 38 36 33 31 29 28 28 30 33 36 38 39 39 37 34 32 3026 8 4Z7 6 3 3918 6 3999999999999999 0 0 251224 2899999999999999
 29 29 31 34 37 40 41 41 39 37 33 31 29 27 27 29 32 34 37 38 38 37 36 3526 8 5Z7 627 411935 3899999999999999 020 291331 2799999999999999
 34 34 35 36 39 42 44 44 43 41 38 34 31 28 27 26 27 30 33 35 37 38 38 3826 8 6Z7 656 44999999999999999999999 023 341443 2699999999999999
 38 38 39 40 41 43 45 47 47 45 43 39 35 31 28 26 25 26 28 31 34 36 38 4026 8 7Z7 735 4799999999999999999999916 3 25999999999999999999999
 40 41 42 43 44 45 47 48 49 49 48 45 40 36 31 28 25 23 23 25 28 32 36 3926 8 8Z7 828 499999999999999999999991721 23999999999999999999999
 41 42 43 44 45 45 47 48 50 51 51 50 46 42 37 32 27 23 21 21 23 27 31 3626 8 9Z7 935 519999999999999999999991831 21999999999999999999999
 39 41 43 44 44 45 45 46 48 50 52 53 51 48 43 37 31 26 21 19 19 21 25 3126 810Z71051 539999999999999999999991932 18999999999999999999999
 35 39 41 42 43 43 43 43 45 47 50 52 53 52 49 44 37 30 24 19 17 17 20 2526 811Z712 2 539999999999999999999992026 17999999999999999999999
 31 36 39 41 41 40 40 40 40 42 45 49 52 53 52 49 43 36 29 22 18 16 17 2126 812Z7 343 4113 6 5399999999999999 638 392114 1699999999999999
 26 32 36 39 39 38 37 36 36 37 39 42 47 51 52 51 47 41 34 27 21 18 16 1826 813Z7 353 3914 4 5299999999999999 745 362157 1699999999999999
 23 28 34 37 38 38 36 34 33 32 33 35 40 45 49 50 49 45 39 32 26 21 18 1826 814Z7 412 381459 5099999999999999 853 322236 1899999999999999
 21 26 32 36 38 38 36 34 31 30 29 30 33 38 42 46 47 45 41 36 30 26 23 2126 815Z7 435 381553 4799999999999999 959 292310 2199999999999999
 22 26 31 35 38 39 38 35 32 30 28 27 28 31 36 40 43 43 42 39 34 30 27 2626 816Z7 5 0 391649 439999999999999911 0 272339 2599999999999999
 25 27 31 35 38 40 40 38 35 32 29 27 26 27 30 34 37 40 40 39 37 34 32 3026 817Z7 525 401750 40999999999999991159 262359 3099999999999999
 30 31 33 36 39 41 42 41 38 35 32 29 27 26 27 30 33 35 37 38 37 36 35 3426 818Z7 549 4219 4 38999999999999991257 262348 3499999999999999
 34 35 36 38 41 43 43 43 41 38 35 32 30 28 27 28 30 32 34 35 36 37 37 3726 819Z7 610 439999999999999999999991358 27999999999999999999999
 38 38 39 41 42 44 45 45 44 42 39 36 33 30 29 28 28 29 31 33 35 36 38 3926 820Z7 628 4599999999999999999999915 8 28999999999999999999999
 40 41 42 43 44 45 46 46 46 44 42 39 36 34 31 29 28 28 29 31 33 35 37 3926 821Z7 651 469999999999999999999991626 28999999999999999999999
 40 42 43 44 45 46 46 47 47 46 45 43 40 37 34 31 29 28 28 29 31 33 36 3826 822Z7 732 479999999999999999999991734 28999999999999999999999
 40 42 43 44 44 45 46 46 47 47 47 45 43 40 37 33 30 28 27 27 28 30 33 3626 823Z7 847 479999999999999999999991828 27999999999999999999999
 39 41 42 43 43 43 44 45 46 46 47 47 45 43 40 36 32 29 26 25 25 27 30 3426 824Z71015 479999999999999999999991913 25999999999999999999999
 37 39 40 41 41 41 41 42 43 44 46 47 47 45 42 39 34 30 26 24 23 24 27 3026 825Z71127 479999999999999999999991953 23999999999999999999999
 34 37 39 39 39 39 38 39 40 41 43 45 46 46 44 41 37 32 27 23 22 22 24 2726 826Z7 317 391223 4799999999999999 6 7 382028 2199999999999999
 31 35 37 38 38 37 36 35 36 37 39 42 45 46 45 43 39 34 29 24 21 20 21 2426 827Z7 318 381311 4699999999999999 7 1 3521 1 2099999999999999
 29 33 35 37 37 36 34 33 32 33 35 38 42 44 45 44 41 36 31 26 22 20 20 2226 828Z7 326 371355 4599999999999999 750 322131 2099999999999999
 26 31 34 36 37 35 33 31 30 30 31 33 37 41 44 44 42 39 34 29 24 22 21 2226 829Z7 338 371439 4499999999999999 839 3022 0 2199999999999999
 25 30 34 37 37 36 34 31 29 27 27 29 32 37 41 43 43 41 37 32 28 25 23 2326 830Z7 352 371525 4399999999999999 929 272227 2399999999999999
 26 30 34 37 39 38 36 32 29 27 25 26 28 32 37 40 42 42 39 36 32 29 27 2626 831Z7 4 8 391617 42999999999999991020 252253 2699999999999999
 28 31 35 39 40 40 39 35 31 28 25 24 25 27 32 36 39 41 40 39 36 33 31 3126 9 1Z7 428 411719 41999999999999991114 242313 3199999999999999
 31 33 36 40 42 43 42 39 35 31 27 25 24 24 27 31 35 38 39 39 38 37 36 3526 9 2Z7 453 431835 40999999999999991211 242312 3599999999999999
 35 36 38 41 44 45 45 43 40 35 31 27 25 23 24 26 30 33 36 38 39 39 38 3826 9 3Z7 522 459999999999999999999991316 23999999999999999999999
 39 40 41 42 45 46 47 46 44 40 36 32 28 25 23 23 25 28 31 34 37 38 39 4026 9 4Z7 558 479999999999999999999991430 23999999999999999999999
 41 42 43 44 45 47 48 48 47 45 41 37 33 29 26 23 23 24 26 29 32 35 38 4026 9 5Z7 650 489999999999999999999991556 23999999999999999999999
 41 42 43 44 45 46 47 48 49 48 46 43 39 34 30 26 23 21 22 24 27 31 34 3726 9 6Z7 8 6 499999999999999999999991720 21999999999999999999999
 40 41 42 43 43 43 44 46 47 48 49 47 44 40 35 30 25 22 20 20 22 26 30 3426 9 7Z7 937 499999999999999999999991828 19999999999999999999999
 37 39 40 41 41 40 41 42 43 46 48 49 48 45 41 35 29 24 20 18 19 21 26 3026 9 8Z711 1 499999999999999999999991923 18999999999999999999999
 34 37 38 39 38 37 37 37 38 41 44 47 49 48 45 40 34 28 23 19 18 19 22 2726 9 9Z7 236 391211 4999999999999999 612 372010 1899999999999999
 32 35 37 37 36 34 33 32 33 35 38 42 46 48 47 44 39 33 27 22 19 18 20 2426 910Z7 237 371312 4899999999999999 711 322050 1899999999999999
 29 34 36 37 36 33 31 29 28 29 31 36 41 45 46 45 42 37 31 26 22 20 20 2326 911Z7 248 3714 7 4699999999999999 8 8 282126 2099999999999999
 28 33 36 38 37 34 31 28 26 25 26 29 34 39 43 44 43 40 35 30 26 23 22 2426 912Z7 3 7 3815 1 4499999999999999 9 2 252157 2299999999999999
 28 32 36 38 38 36 33 29 25 23 23 24 28 33 38 41 42 41 38 34 30 27 26 2626 913Z7 328 391556 4299999999999999 954 232224 2699999999999999
 29 33 37 39 40 39 36 31 27 24 22 22 24 27 32 36 39 40 39 36 33 31 30 3026 914Z7 350 401653 40999999999999991042 222241 3099999999999999
 31 34 37 40 42 41 39 35 30 26 24 22 22 24 28 32 35 37 38 37 36 34 34 3426 915Z7 410 421755 38999999999999991129 222233 3499999999999999
 34 36 39 41 43 43 41 38 34 30 26 24 23 23 25 29 32 34 36 37 37 36 36 3726 916Z7 428 431915 37999999999999991216 232138 3699999999999999
 37 38 40 42 43 44 43 41 37 33 30 27 25 24 25 26 29 31 34 35 36 37 37 3826 917Z7 443 4499999999999999999999913 7 24999999999999999999999
 39 40 41 43 44 44 44 42 40 37 33 30 28 26 25 25 27 29 31 33 35 36 37 3926 918Z7 457 4499999999999999999999914 9 25999999999999999999999
 40 41 42 43 44 44 44 43 42 39 37 34 31 28 26 25 26 26 28 30 32 34 36 3826 919Z7 517 449999999999999999999991526 25999999999999999999999
 39 40 41 42 43 43 43 43 42 41 39 37 34 31 28 26 25 25 25 27 29 32 34 3626 920Z7 6 0 439999999999999999999991648 25999999999999999999999
 38 39 40 40 41 41 41 42 42 41 41 39 37 34 31 28 25 24 23 24 26 29 31 3426 921Z7 759 429999999999999999999991750 23999999999999999999999
 36 37 38 38 38 38 38 39 40 40 41 40 39 36 33 30 26 24 22 22 23 26 29 3226 922Z7 957 419999999999999999999991837 22999999999999999999999
 34 36 36 36 35 35 35 35 36 38 39 40 40 38 35 32 28 24 22 20 21 23 26 2926 923Z7 212 361115 4099999999999999 542 351915 2099999999999999
 32 34 35 34 33 32 31 31 32 34 37 39 40 39 37 34 30 26 22 20 20 21 24 2826 924Z7 2 4 351213 4099999999999999 628 311948 2099999999999999
 31 33 34 34 32 30 29 28 28 30 33 36 39 40 39 36 33 28 24 21 20 20 23 2626 925Z7 2 5 3413 4 4099999999999999 711 282018 2099999999999999
 30 33 34 34 32 29 27 25 24 25 28 32 36 39 40 38 35 31 27 24 21 21 22 2626 926Z7 211 341352 4099999999999999 754 242047 2199999999999999
 30 34 36 35 33 30 26 23 22 21 23 27 32 36 39 40 38 35 31 27 24 23 24 2626 927Z7 223 361443 4099999999999999 838 212115 2399999999999999
 30 35 37 38 36 32 28 24 20 19 19 22 26 32 37 39 39 38 35 31 28 27 27 2826 928Z7 240 381537 4099999999999999 923 192141 2699999999999999
 31 35 39 40 39 36 31 26 21 18 17 18 21 26 32 36 39 39 37 35 32 31 30 3126 929Z7 3 2 401638 39999999999999991012 1722 3 3099999999999999
 33 36 40 42 42 40 36 30 25 20 17 16 17 21 26 32 35 38 38 37 35 34 34 3426 930Z7 329 421748 389999999999999911 4 162210 3499999999999999
 35 37 41 43 44 43 40 36 30 24 20 17 16 17 21 26 30 34 36 37 37 36 36 372610 1Z7 4 0 441913 379999999999999912 1 162140 3699999999999999
 37 39 41 43 45 45 44 40 35 30 25 21 18 17 17 20 24 28 32 34 36 36 37 382610 2Z7 436 4599999999999999999999913 6 17999999999999999999999
 39 39 41 42 44 45 45 43 40 36 31 26 22 19 17 17 19 23 26 30 32 35 36 372610 3Z7 524 459999999999999999999991422 17999999999999999999999
 38 39 40 41 42 43 44 44 43 40 36 32 28 23 20 18 17 18 21 24 28 31 34 362610 4Z7 633 449999999999999999999991548 17999999999999999999999
 37 38 38 38 39 40 41 42 42 42 40 37 33 29 24 21 18 17 17 20 23 27 31 332610 5Z7 8 9 4299999999999999999999917 6 17999999999999999999999
 35 36 36 36 35 35 36 37 39 41 41 40 37 34 29 25 21 18 16 17 20 24 28 312610 6Z7 149 36 948 4199999999999999 428 3518 9 1699999999999999
 33 34 34 33 32 31 31 32 34 37 39 40 40 37 34 29 25 21 18 17 18 21 25 292610 7Z7 125 341111 4099999999999999 540 311858 1799999999999999
 32 33 33 32 30 28 27 27 28 31 35 38 39 39 37 33 29 24 21 19 18 20 24 282610 8Z7 120 331219 4099999999999999 636 271938 1899999999999999
 32 33 33 32 29 26 24 23 23 25 28 33 37 38 38 36 32 28 24 22 20 21 24 282610 9Z7 128 341320 3999999999999999 726 222013 2099999999999999
 32 34 35 33 30 26 23 20 19 20 23 27 32 36 38 37 35 31 28 25 23 23 24 28261010Z7 143 351417 3899999999999999 813 192042 2399999999999999
 32 35 36 35 33 28 24 20 18 17 18 22 27 32 35 37 36 34 31 28 27 26 27 29261011Z7 2 3 361512 3799999999999999 858 1721 5 2699999999999999
 33 36 38 38 35 31 26 22 18 16 16 18 22 27 32 35 36 35 33 31 30 29 29 31261012Z7 224 3816 7 3699999999999999 939 162119 2999999999999999
 33 37 39 40 38 35 30 25 20 17 16 16 19 23 28 32 35 35 35 33 32 32 32 33261013Z7 245 4017 3 35999999999999991019 152115 3299999999999999
 35 37 40 41 40 37 33 28 23 19 17 16 17 20 25 29 32 34 35 34 34 33 34 35261014Z7 3 4 4118 4 35999999999999991058 162057 3399999999999999
 36 38 40 41 41 39 36 32 27 22 19 17 17 19 22 25 29 32 33 34 34 34 35 36261015Z7 323 419999999999999999999991139 17999999999999999999999
 37 38 40 41 41 40 38 34 30 26 22 19 18 18 20 23 26 28 31 32 33 34 35 36261016Z7 341 419999999999999999999991225 18999999999999999999999
 37 38 39 40 40 40 39 36 33 29 25 22 20 19 19 20 23 25 27 30 31 32 34 35261017Z7 4 2 409999999999999999999991320 19999999999999999999999
 36 36 37 38 39 39 38 37 34 31 28 25 22 20 19 19 20 22 24 26 29 30 32 33261018Z7 429 399999999999999999999991428 19999999999999999999999
 34 35 35 36 36 36 36 36 35 33 30 28 25 22 20 19 19 19 21 23 26 28 30 31261019Z7 512 369999999999999999999991543 19999999999999999999999
 32 33 33 33 33 33 34 34 34 33 32 30 27 25 22 20 18 18 19 20 23 26 28 30261020Z7 711 349999999999999999999991648 18999999999999999999999
 31 31 31 31 30 30 30 31 31 32 32 31 29 27 24 21 19 18 18 19 21 24 26 29261021Z7 110 31 923 3299999999999999 459 301737 1899999999999999
 30 30 30 28 27 27 26 27 28 30 31 32 31 29 27 24 21 19 18 18 20 23 26 28261022Z7 049 301053 3299999999999999 545 261816 1899999999999999
 30 30 29 27 25 24 23 23 24 26 29 31 32 31 29 26 23 21 19 19 20 22 25 29261023Z7 040 3012 1 3299999999999999 624 231850 1999999999999999
 30 31 30 27 24 22 20 19 20 22 26 29 32 33 32 30 27 24 22 20 21 23 26 29261024Z7 043 3113 1 3399999999999999 7 2 191921 2099999999999999
 32 33 32 29 25 21 18 16 16 17 21 26 30 33 34 33 31 28 25 23 23 24 27 30261025Z7 055 331359 3499999999999999 743 151952 2399999999999999
 34 35 35 32 28 23 18 14 12 13 15 20 26 31 34 35 34 32 29 27 26 26 28 31261026Z7 115 361458 3599999999999999 826 122021 2699999999999999
 35 38 38 36 32 27 21 15 11 10 11 14 20 26 31 34 35 35 33 30 29 29 30 32261027Z7 141 3816 0 3599999999999999 913 102047 2999999999999999
 36 39 41 40 37 32 25 19 13 10  8  9 14 20 26 31 34 35 35 33 32 31 32 33261028Z7 213 4117 5 359999999999999910 3  821 2 3199999999999999
 36 39 42 43 41 37 31 24 17 12  9  7  9 14 20 26 30 33 34 34 33 33 33 34261029Z7 249 431817 34999999999999991057  72059 3399999999999999
 35 38 41 43 43 41 36 30 24 17 12  9  8  9 14 19 24 28 31 32 33 33 33 34261030Z7 331 439999999999999999999991156  8999999999999999999999
 35 36 39 41 42 42 40 36 30 24 18 13 10  9 10 13 18 22 26 29 31 32 32 33261031Z7 419 4299999999999999999999913 0  9999999999999999999999
 34 34 36 37 39 40 40 38 34 29 24 19 15 11 10 11 13 17 21 24 27 29 30 312611 1Z7 520 409999999999999999999991410 10999999999999999999999
 32 32 32 33 34 36 37 37 36 33 29 25 20 16 13 11 12 13 17 20 24 26 28 292611 2Z7 638 379999999999999999999991524 11999999999999999999999
 30 30 29 29 29 30 32 33 34 34 32 29 25 21 18 15 13 13 14 17 21 24 27 282611 3Z7 027 30 813 3499999999999999 3 6 291632 1399999999999999
 28 28 27 26 25 25 26 28 30 31 32 31 29 26 22 19 16 15 15 16 19 23 26 282611 4Z7 0 0 28 952 322357 289999999 440 251728 1499999999999999
 28 28 26 24 22 21 21 22 24 27 29 30 30 29 26 23 20 18 17 17 19 23 26 282611 5Z71119 30999999999999999999999 546 211813 1799999999999999
 29 29 27 24 21 19 17 17 18 21 25 28 30 30 29 26 24 22 20 20 21 23 27 292611 6Z7 0 7 291235 3099999999999999 641 171850 2099999999999999
 31 31 29 26 22 18 16 14 14 16 20 24 28 29 30 29 27 25 23 23 23 25 27 312611 7Z7 022 311343 3099999999999999 727 141918 2399999999999999
 33 33 32 28 24 20 16 13 12 13 16 20 25 28 30 30 29 28 26 26 25 26 29 322611 8Z7 042 331444 3099999999999999 8 9 121937 2599999999999999
 34 35 34 32 27 22 18 14 11 11 12 16 21 26 29 31 31 30 29 28 28 28 30 322611 9Z7 1 4 351538 3199999999999999 846 111945 2899999999999999
 35 37 37 35 31 26 20 15 12 10 11 13 18 23 27 30 31 31 30 30 29 30 31 33261110Z7 128 371629 3199999999999999 922 101950 2999999999999999
 35 37 38 37 34 29 24 18 14 11 10 11 15 19 24 28 30 31 31 31 30 31 31 33261111Z7 153 381718 3199999999999999 957 101958 3099999999999999
 35 37 38 38 36 32 27 21 16 13 10 10 12 16 21 25 28 30 31 31 30 31 31 32261112Z7 218 389999999999999999999991034 10999999999999999999999
 34 36 37 38 37 34 30 25 19 15 12 10 11 14 17 21 25 27 29 30 30 30 30 31261113Z7 246 389999999999999999999991114 10999999999999999999999
 33 34 36 37 36 35 31 27 22 18 14 12 11 12 14 18 21 24 26 28 28 28 29 30261114Z7 316 379999999999999999999991158 11999999999999999999999
 31 32 33 34 35 34 32 29 25 20 16 13 12 11 12 15 17 20 23 25 26 27 27 28261115Z7 348 359999999999999999999991246 11999999999999999999999
 29 30 30 31 32 32 31 29 26 22 19 16 13 12 11 13 15 17 20 22 24 25 26 26261116Z7 426 329999999999999999999991338 11999999999999999999999
 27 27 28 28 29 29 29 28 26 24 21 18 15 13 12 12 13 15 17 20 22 24 25 25261117Z7 515 299999999999999999999991432 12999999999999999999999
 25 25 25 25 25 26 26 26 26 24 22 20 18 15 14 13 13 14 16 19 21 23 24 25261118Z7 639 262316 25999999999999991523 13999999999999999999999
 24 24 23 22 22 22 23 23 24 24 23 22 20 18 16 15 14 15 16 18 21 23 25 25261119Z7 838 2423 3 2599999999999999 422 221610 1499999999999999
 25 24 22 20 19 19 19 20 21 23 24 24 23 21 19 18 17 16 17 19 21 24 26 27261120Z71027 2423 7 2799999999999999 516 191652 1699999999999999
 26 25 22 20 17 16 15 16 18 20 23 24 25 24 23 21 20 19 19 20 22 25 28 29261121Z71156 252323 2999999999999999 6 0 151731 1999999999999999
 29 27 24 20 17 14 12 11 13 16 20 24 26 27 27 25 24 23 22 22 24 26 29 32261122Z71314 272348 3299999999999999 643 1118 9 2299999999999999
 32 31 28 23 18 14 10  8  8 11 15 20 25 28 29 29 28 26 25 25 26 28 31 34261123Z71424 29999999999999999999999 728  81846 2599999999999999
 36 35 32 28 22 16 10  7  5  5  9 14 20 26 29 30 30 29 28 28 28 29 31 34261124Z7 021 361528 3199999999999999 815  51918 2799999999999999
 37 38 37 33 28 21 14  8  4  2  3  8 14 21 26 29 31 31 30 29 29 29 31 34261125Z7 059 381628 3199999999999999 9 6  21946 2999999999999999
 37 40 40 38 34 27 19 12  6  2  0  2  7 14 20 25 29 30 30 30 29 29 30 32261126Z7 143 401728 3099999999999999 959  020 8 2999999999999999
 35 38 40 41 38 33 26 18 11  5  1  0  2  7 13 19 24 27 29 29 28 28 29 30261127Z7 232 419999999999999999999991054  0999999999999999999999
 32 35 38 40 40 37 32 25 17 10  5  1  0  2  7 13 18 22 25 26 27 27 27 27261128Z7 325 409999999999999999999991151  0999999999999999999999
 28 30 33 36 37 37 35 30 24 17 11  6  2  2  4  8 13 17 21 23 24 25 25 25261129Z7 423 389999999999999999999991249  2999999999999999999999
 25 26 27 30 32 34 34 32 28 22 17 11  7  4  4  6  9 13 17 20 22 23 23 23261130Z7 526 342136 23999999999999991347  4999999999999999999999
 23 22 23 24 26 28 29 30 28 25 21 17 13  9  7  7  8 11 15 18 21 22 23 222612 1Z7 640 302154 2399999999999999 116 221443  799999999999999
 22 20 20 19 20 21 23 25 25 25 23 20 17 14 12 10 10 12 14 17 20 22 23 232612 2Z7 8 8 252214 2399999999999999 3 0 191536 1099999999999999
 22 20 18 17 16 16 17 19 21 22 23 22 20 18 17 15 14 14 16 18 21 23 25 252612 3Z7 952 232235 2599999999999999 428 151623 1499999999999999
 24 22 19 16 14 12 12 13 16 18 20 21 22 21 20 19 18 18 18 20 22 24 26 272612 4Z71142 222257 2799999999999999 540 1217 0 1899999999999999
 26 24 21 18 14 12 10 10 11 14 17 20 22 22 22 22 22 21 21 22 24 26 28 292612 5Z71336 222320 2999999999999999 637 101724 2199999999999999
 29 27 24 20 16 12 10  8  8 10 14 17 21 23 24 24 24 24 24 24 25 27 29 312612 6Z72346 31999999999999999999999 722  8999999999999999999999
 31 30 27 23 19 14 11  8  7  8 11 15 19 22 24 25 26 26 26 26 27 28 30 322612 7Z79999999999999999999999999999 8 0  7999999999999999999999
 33 33 30 27 22 17 12  9  7  6  8 12 17 21 24 26 27 27 27 27 27 28 30 322612 8Z7 015 33999999999999999999999 835  6999999999999999999999
 34 34 33 30 25 20 15 10  7  6  6  9 14 18 22 25 26 27 27 27 27 28 29 312612 9Z7 047 34999999999999999999999 9 9  6999999999999999999999
 33 34 34 32 28 23 18 12  8  5  5  7 10 15 19 23 25 26 26 26 26 27 28 29261210Z7 122 34999999999999999999999 944  5999999999999999999999
 31 33 34 33 30 26 20 15 10  6  4  5  7 11 16 20 23 24 25 25 24 25 26 27261211Z7 159 349999999999999999999991021  4999999999999999999999
 29 31 32 33 31 28 23 17 12  7  4  3  5  8 12 16 20 22 23 23 23 23 23 24261212Z7 237 339999999999999999999991059  3999999999999999999999
 26 28 30 31 30 28 24 20 14  9  6  3  3  5  8 12 16 19 21 21 21 21 21 22261213Z7 315 319999999999999999999991139  3999999999999999999999
 23 24 26 28 28 27 25 21 16 11  7  5  3  4  6  9 13 16 18 19 20 20 20 20261214Z7 353 289999999999999999999991217  3999999999999999999999
 20 21 23 24 25 25 24 21 18 14 10  7  5  4  5  8 11 14 16 18 19 19 19 18261215Z7 432 252032 19999999999999991253  42347 1899999999999999
 18 19 19 20 22 22 22 21 18 15 12  9  7  6  6  7 10 13 16 18 19 19 19 18261216Z7 520 222046 19999999999999991326  6999999999999999999999
 17 17 17 17 18 19 20 20 19 17 14 12 10  9  8  9 11 13 16 18 20 20 20 19261217Z7 626 202059 2099999999999999 154 171357  899999999999999
 17 16 15 14 14 15 16 17 18 18 17 15 13 12 12 12 13 14 17 19 21 22 22 21261218Z7 8 8 182116 2299999999999999 322 141425 1299999999999999
 19 16 14 12 11 11 12 14 16 17 18 18 17 16 16 15 16 17 19 21 23 25 25 24261219Z71013 182141 2599999999999999 432 111454 1599999999999999
 21 18 15 12 10  8  8 10 12 15 17 19 20 20 19 19 19 20 21 23 25 27 28 28261220Z71227 202214 2899999999999999 530  81529 1999999999999999
 26 22 18 13  9  6  5  5  7 11 15 18 21 22 23 23 22 23 23 24 26 29 31 31261221Z72255 31999999999999999999999 624  5999999999999999999999
 30 27 23 17 12  7  3  1  2  5  9 14 19 22 24 25 25 25 25 25 27 29 31 33261222Z72344 34999999999999999999999 717  1999999999999999999999
 34 32 28 23 16 10  4  0 -2 -1  3  8 14 19 23 25 26 26 25 26 26 28 30 33261223Z79999999999999999999999999999 811 -2999999999999999999999
 35 36 34 29 23 15  8  1 -3 -5 -3  1  7 14 19 23 25 25 25 25 25 26 28 31261224Z7 038 36999999999999999999999 9 4 -5999999999999999999999
 34 36 37 34 29 22 14  6 -1 -5 -7 -5  0  7 13 19 22 23 23 23 22 23 24 26261225Z7 135 371727 2399999999999999 958 -71955 2299999999999999
 30 33 36 36 33 28 20 12  4 -2 -6 -7 -5  0  7 13 18 20 21 21 20 20 20 21261226Z7 233 3618 2 21999999999999991050 -72055 2099999999999999
 24 27 31 34 34 31 26 18 11  3 -2 -6 -6 -3  2  8 13 17 19 19 18 17 17 17261227Z7 331 341836 19999999999999991140 -62214 1799999999999999
 18 21 24 28 31 30 28 23 16  9  3 -1 -4 -4 -1  4 10 14 17 18 17 16 15 14261228Z7 428 3119 9 18999999999999991228 -42348 1499999999999999
 14 15 17 21 24 26 26 24 19 14  9  4  1 -1  0  3  8 12 15 17 17 17 15 14261229Z7 529 261942 18999999999999991312 -1999999999999999999999
 12 12 12 14 17 19 21 21 20 17 13  9  6  4  4  5  8 12 15 17 18 18 17 15261230Z7 636 212014 1899999999999999 113 121351  499999999999999
 13 11  9  9 10 12 14 16 17 16 15 13 11 10  9  9 11 13 16 19 20 20 19 17261231Z7 8 3 172042 2099999999999999 239  91416  999999999999999
