 31 59 93125148157154144129114105106115127141153156145121 89 54 21 -3-1226 1 1Z9 51315815461569999999999999910261042258-1299999999999999
 -2 22 57 97135161170165150131113103104115130146159161148120 83 43  7-1826 1 2Z9 6 417016401629999999999999911231022348-2599999999999999
-24-10 20 61106147172178167148125106 96101116134153166167149116 75 33 -426 1 3Z9 64817817331689999999999999912 9 96999999999999999999999
-27-29 -9 26 71118157178178162139115 96 90 99117138158170168146110 67 2526 1 4Z9 728180182317299999999999999 035-311251 9099999999999999
-10-28-24  1 39 85130165178171151127103 87 86 99119140159170163138100 5926 1 5Z9 8 6178191017099999999999999 118-301332 8599999999999999
 20 -9-21 -9 19 58101142168172159137113 91 81 85100120140157163152125 9026 1 6Z9 842173195516399999999999999 2 0-211413 8099999999999999
 54 21 -1 -4 13 42 79117150165161144122100 83 77 8410011713514915113711226 1 7Z9 917166204015299999999999999 238 -51455 7799999999999999
 82 52 28 15 20 40 68100131152158148130109 90 78 75 83 9711212613613512226 1 8Z9 949158212513799999999999999 314 151541 7599999999999999
100 77 56 41 37 47 67 91117139150148135118 99 84 74 74 80 9110311512212026 1 9Z91020151221712299999999999999 346 371633 7399999999999999
109 94 79 66 59 61 73 90110128141144138124108 92 79 71 70 75 83 9310210826 110Z91049145232810999999999999999 415 581739 7099999999999999
108103 94 86 80 78 83 94108121133139137129116101 87 74 67 64 66 73 82 9226 111Z91118139999999999999999999999 444 7819 0 6499999999999999
 99103103101 98 96 96101108117126133135131123111 97 82 69 60 55 56 62 7226 112Z9 135104115313599999999999999 520 952021 5599999999999999
 85 96105111112112110109111115120126130131128120108 93 77 62 50 44 45 5326 113Z9 4 4112124413199999999999999 6471092124 4499999999999999
 66 83100114122125123119116114115118124128130127120106 89 69 52 38 32 3526 114Z9 5 3125135713099999999999999 9121142213 3299999999999999
 46 65 88109126135136131122115110110115123129133130121104 82 59 39 25 2026 115Z9 53613715 81339999999999999910281102255 2099999999999999
 27 45 70 97122140146142131119108103106114125134138135122100 73 46 24 1126 116Z9 6 414616 61389999999999999911101032331  999999999999999
 11 24 49 80112137152152142126109 98 96103117131142146138119 91 60 31  926 117Z9 6321541653146999999999999991143 96999999999999999999999
  0  7 28 59 95128151159152135114 97 88 92105123140151152139112 79 45 1526 118Z9 658159173515399999999999999 0 5  01213 8899999999999999
 -3 -5 10 39 75113145161160145123100 84 81 91110131149159154133101 64 2926 119Z9 725163181515999999999999999 036 -71244 8099999999999999
  2-10 -3 21 55 94131158165154133108 86 74 78 94116138156162151123 87 4926 120Z9 752165185516299999999999999 1 8-101317 7399999999999999
 17 -5 -7  9 39 75114147165162143118 93 73 67 77 98121143159160142110 7426 121Z9 820166193516299999999999999 139 -91352 6799999999999999
 39 11 -2  4 28 61 97133158164152129103 79 64 64 78100124144156152131 9826 122Z9 849165201715799999999999999 211 -21430 6299999999999999
 64 35 15 11 25 51 84117146161157139113 88 67 57 62 7810012214014914111926 123Z9 91816221 314999999999999999 243 101512 5799999999999999
 90 62 39 28 31 50 76105132151157146124 99 76 59 53 59 76 9611613213712926 124Z9 949157215613799999999999999 317 271558 5399999999999999
110 88 67 53 48 56 75 98121140150148133111 88 67 53 48 55 69 8710511912526 125Z9101915123 312599999999999999 352 481654 4899999999999999
120108 93 80 72 72 81 97114130141145138122101 80 62 48 43 47 59 74 9110626 126Z91052145999999999999999999999 430 7118 2 4399999999999999
115116111104 98 94 95102112123132138138130116 97 77 59 44 36 37 45 59 7626 127Z9 039117113213899999999999999 521 941926 3599999999999999
 94109118121120117114112114118124129133133128116 99 78 57 39 26 22 29 4326 128Z9 3 9121123713499999999999999 7 71122052 2299999999999999
 64 87110126135137134127120116116119124130134132122104 81 55 31 13  6 1226 129Z9 447137141613499999999999999 93411522 2  699999999999999
 30 56 87117139150151143131119109108112121131140141132111 82 51 21 -1 -926 130Z9 53215215421429999999999999910451072258 -999999999999999
  0 23 56 93129154163158144126108 97 97107121136150153141115 81 44  9-1426 131Z9 6 61631646154999999999999991128 962344-2099999999999999
-19 -5 25 63106145167169157136112 92 83 89105124145161163146114 75 34 -226 2 1Z9 63717017381659999999999999912 4 83999999999999999999999
-23-21  0 35 79124160174167147121 94 75 72 85105129153170167144107 66 2426 2 2Z9 7 8174182417199999999999999 026-251240 7199999999999999
 -9-22-12 16 55100143170173157131102 75 61 66 84109135160172163135 96 5526 2 3Z9 73817519 617299999999999999 1 3-221315 6199999999999999
 18 -8-11  8 40 79122157172164141112 83 60 54 65 87112139160166151120 8426 2 4Z9 8 6172194716799999999999999 138-121351 5499999999999999
 48 18  4 11 35 68105141164165148122 93 67 51 52 67 9011513915415313410526 2 5Z9 834168202615699999999999999 210  31426 4999999999999999
 74 46 27 24 39 65 96127152161152130103 76 56 48 54 71 9211413414313611726 2 6Z9 85916121 514399999999999999 238 2315 3 4899999999999999
 93 70 51 44 50 68 93118141154151135111 87 66 52 49 58 73 9211012412812026 2 7Z9 921155214812899999999999999 3 3 441542 4999999999999999
105 88 73 64 65 76 94114133145147137118 97 76 60 52 52 61 73 8810311211326 2 8Z9 940148224011499999999999999 325 631626 5199999999999999
108 99 89 83 81 87 99113127137141136123106 88 72 60 54 55 61 70 82 9310026 2 9Z9 957141999999999999999999999 343 811723 5499999999999999
103103100 98 97 99105114123130134132125113 99 85 72 61 56 54 57 63 72 8326 210Z9 013103101613499999999999999 355 971848 5499999999999999
 92 99104108110111113116120123126126124117108 98 86 74 63 54 50 49 53 6326 211Z910471279999999999999999999992039 49999999999999999999999
 76 89102113120123122121119117117118119119116110102 90 75 61 49 40 38 4326 212Z9 513123121511999999999999999 9471172151 3899999999999999
 56 73 92111125133133128121114109108111116119120117108 92 73 54 38 28 2626 213Z9 52813414451209999999999999910401082238 2599999999999999
 36 54 78103125139143137126113103 98101109118126130126112 91 66 43 24 1426 214Z9 54914316 41309999999999999911 7 982315 1399999999999999
 17 34 59 89119141151147134116 99 89 88 98112126138142133113 84 54 27  826 215Z9 6101511652142999999999999991132 872346  399999999999999
  4 15 40 72107138156156143123100 82 75 82 99119138152152136107 73 39 1126 216Z9 6321581732154999999999999991158 75999999999999999999999
 -3  1 22 54 91129156164154132105 80 64 65 81105130152164158132 97 59 2426 217Z9 654164181116599999999999999 016 -41226 6399999999999999
 -1 -6  9 38 74115150168164143114 84 59 50 61 84112141164171156124 85 4626 218Z9 718169185017199999999999999 045 -71257 5099999999999999
 14 -3  2 26 60 99138166171154125 93 62 42 42 60 89120150170170148112 7326 219Z9 743172193017399999999999999 116 -41331 3999999999999999
 38 12  6 21 51 86124156171163137104 71 44 31 39 62 9312515416916213610126 220Z9 8 9172201216999999999999999 147  614 7 3199999999999999
 67 38 22 26 48 78111143164166148117 84 53 32 27 40 65 9512615116014912426 221Z9 836168205716099999999999999 219 211446 2699999999999999
 95 68 48 42 53 76104131153162153129 98 67 42 27 27 42 66 9412114114613526 222Z9 9 2162214814699999999999999 251 421529 2599999999999999
115 94 76 66 68 81102123141152152137112 84 58 38 28 30 44 64 8811012513026 223Z9 927154225213099999999999999 323 651619 2799999999999999
124112100 91 88 93105119133142145138122101 78 57 41 32 33 43 58 77 9510926 224Z9 950145999999999999999999999 355 881725 3299999999999999
117118115112110110113120127133135134127114 98 80 63 48 37 33 37 47 62 7926 225Z9 040118101013599999999999999 4301091858 3399999999999999
 96110119125127126125124124124125125124121115104 89 72 54 39 29 28 34 4826 226Z9 42112711 012599999999999999 7421242044 2799999999999999
 68 90111128137140137131123117113113116120124123116101 80 58 36 21 15 2226 227Z9 45714014281249999999999999910251132158 1599999999999999
 39 63 92120141150149140127112101 98103111122133138130111 85 57 29  9  426 228Z9 5211511555138999999999999991051 982249  499999999999999
 15 37 68103135155159150133113 93 83 85 96112131147152141116 84 50 19  026 3 1Z9 5441591650153999999999999991118 822330 -399999999999999
 -1 17 45 82121153166160142118 92 71 66 76 94118143162163145114 78 40  926 3 2Z9 6 81661735165999999999999991148 66999999999999999999999
 -4  4 28 62103142167169152126 96 68 52 55 73 98127155172166142107 68 3126 3 3Z9 634171181617399999999999999 0 6 -41219 5199999999999999
  6  2 19 49 86127160173162136105 72 47 40 52 75105137164174161131 95 5826 3 4Z9 659173185517499999999999999 039  11251 3999999999999999
 27 12 19 43 76113149170168146115 81 51 33 35 54 82114145167168148118 8426 3 5Z9 724172193217099999999999999 1 9 121323 3299999999999999
 52 30 28 44 71103137162168154125 92 60 36 28 38 61 9012114916215513310426 3 6Z9 74716920 916299999999999999 138 261355 2899999999999999
 76 53 43 51 72 99127152164157133103 71 45 29 30 46 70 9812614615013911826 3 7Z9 8 8164204615199999999999999 2 3 431427 2899999999999999
 95 74 61 62 76 98121143157155139112 83 57 38 31 38 55 7810312513713612426 3 8Z9 826158212513899999999999999 226 601459 3199999999999999
108 91 79 76 83 99118136148151140120 94 70 50 39 38 47 63 8210311812512226 3 9Z9 842151221112599999999999999 248 751535 3799999999999999
114103 94 90 93102116129140144138124104 83 65 51 44 46 54 67 82 9710811326 310Z9 858144232111499999999999999 3 8 901619 4499999999999999
113109106103103108116124132135133125111 95 80 67 57 52 53 58 66 77 88 9826 311Z9 913135999999999999999999999 3261031722 5299999999999999
105109112113114116118122124126125122115105 94 84 73 64 58 55 56 60 68 7926 312Z9 9181269999999999999999999991916 55999999999999999999999
 91102112120124125123121119117115115114110106100 91 80 69 59 52 48 51 6026 313Z9 43912599999999999999999999921 8 48999999999999999999999
 74 90107122132135131124117109105105108112114114110100 85 69 54 42 37 4126 314Z9 454135143711599999999999999102910422 4 3799999999999999
 55 74 96118136143141131117104 94 92 97107117125128122106 85 63 43 29 2726 315Z9 5121441553128999999999999991045 922242 2699999999999999
 37 57 82111136150150139121101 85 77 82 95111128141143130107 80 53 30 1826 316Z9 53115216381449999999999999911 6 772314 1899999999999999
 22 40 67 99131154160149129104 79 63 63 76 98122145158155134104 71 40 1826 317Z9 5501601719159999999999999991131 612345 1299999999999999
 13 26 52 85121153167161139110 79 53 43 53 76105136162173161132 97 61 2926 318Z9 61116817591739999999999999912 0 43999999999999999999999
 13 18 40 72109145170172152121 85 52 30 29 49 80115151177180160127 89 5226 319Z9 635174183918299999999999999 016 121231 2799999999999999
 26 18 33 62 96133165177165135 97 59 27 13 22 50 86125162183179154119 8226 320Z9 7 0177192018599999999999999 048 1813 6 1399999999999999
 50 32 35 57 87121153175173149112 73 36 10  5 22 54 9213316618117114411226 321Z9 72717720 418199999999999999 121 301342  499999999999999
 80 56 48 59 83112141165173159128 90 53 21  4  6 27 60 9713416216915713426 322Z9 754173205117099999999999999 155 481422  299999999999999
108 84 70 70 85107131152165161141108 74 41 17  7 13 35 64 9812914915314326 323Z9 820166214515499999999999999 229 6815 6  699999999999999
127109 95 89 94108125141153155145123 94 65 40 22 16 23 41 65 9211713313726 324Z9 843156225613799999999999999 3 3 891558 1699999999999999
133124115109108114123133141144141129111 89 67 48 34 28 32 44 62 8310211726 325Z9 9 2144999999999999999999999 33810817 6 2899999999999999
125128127125123123125128131132131127119107 92 76 61 47 39 38 43 55 71 8926 326Z9 1 7128 9 713299999999999999 4381231842 3799999999999999
106120129134135133129125122120118118118117112103 90 74 58 45 38 39 47 6326 327Z9 3451359999999999999999999992026 37999999999999999999999
 83104124137143142136126115107103104109116122124118104 85 65 46 34 33 4326 328Z9 41914414461249999999999999910141032137 3299999999999999
 61 84111134148150143130113 97 87 87 94106120134139131113 90 65 42 29 3026 329Z9 4421511554139999999999999991032 862225 2899999999999999
 44 66 95125148157152137116 93 74 68 75 89109131149153140117 90 61 37 2726 330Z9 5 41571643153999999999999991056 6823 4 2799999999999999
 34 53 80112143161161145122 95 68 53 54 68 90117145163161143116 85 54 3326 331Z9 5271631725164999999999999991125 512338 3099999999999999
 31 45 69100133160168156131101 70 45 37 47 69 97130159171163139109 77 4926 4 1Z9 55116818 4171999999999999991154 36999999999999999999999
 36 43 63 91123153170165142111 77 45 27 29 47 75109144169173158131100 7026 4 2Z9 616171184217499999999999999 0 9 361225 2599999999999999
 49 47 61 86114144166169152121 87 53 27 18 29 54 86122155172168148121 9226 4 3Z9 639171191817399999999999999 038 451255 1899999999999999
 67 57 64 83109136159169159132 98 64 34 17 18 37 65 9913416016815713611026 4 4Z9 7 0169195416899999999999999 1 6 571325 1599999999999999
 86 71 70 84105129151164161141110 77 46 24 17 26 48 7811114015715814412426 4 5Z9 720165203116099999999999999 132 681355 1799999999999999
103 86 80 87103124143157159146121 90 61 36 23 24 38 61 8911814014914513226 4 6Z9 739160211014999999999999999 158 801426 2199999999999999
116100 91 93103119135149154147128103 76 52 35 29 35 50 72 9611913413813426 4 7Z9 758154215513899999999999999 223 9115 1 2999999999999999
124112104101106116128139145143131112 90 69 52 41 40 46 60 78 9711412512826 4 8Z9 817146225812899999999999999 2521011542 3999999999999999
125120115111111116123131135136130118102 85 70 58 50 50 55 66 79 9410711626 4 9Z9 836136999999999999999999999 3261101637 4999999999999999
121123123121119119121123125126124119110 99 87 76 66 59 57 59 66 75 8810126 410Z9 116123 84812699999999999999 4371191759 5799999999999999
112121127129129125122119116115114114113109103 95 85 74 65 59 58 61 70 8326 411Z9 3161309999999999999999999991949 58999999999999999999999
 99114127135138134126117108103102105109113116114106 94 80 66 57 52 56 6726 412Z9 35013814 711699999999999999 94510221 5 5299999999999999
 84103123138145143133118103 91 86 90 99110122129128118101 82 64 50 46 5326 413Z9 41314615261309999999999999910 5 862153 4699999999999999
 69 91115138152153142123102 82 69 70 81 98118136147143127104 80 58 43 4326 414Z9 4341541616147999999999999991029 682232 4199999999999999
 56 78105132155163153132105 77 55 47 56 77103131155165156133105 76 52 4026 415Z9 45616317 0165999999999999991057 4723 8 4099999999999999
 47 67 93123152169166145114 80 49 29 29 48 77112148174179163135103 72 4926 416Z9 5211711744180999999999999991129 262344 4399999999999999
 44 58 83113144170177161129 91 53 21  7 17 45 82124163187186165134100 7026 417Z9 54817718271909999999999999912 4  7999999999999999999999
 53 56 75103134163180174147108 66 27  0 -5 13 47 89135174192185161130 9926 418Z9 617181191219399999999999999 021 511242 -699999999999999
 73 63 73 96123151174180163129 87 45  9-11 -8 16 53 9714217618817815512726 419Z9 64718020 018899999999999999 058 631322-1299999999999999
100 82 80 94116140162175171147110 70 32  2-10 -2 24 6010214216917716614726 420Z9 717176205217799999999999999 136 7814 6-1099999999999999
124105 95 98112131149164168156130 96 60 29  6 -1  9 33 6610313615716215426 421Z9 748168215016299999999999999 215 941454 -199999999999999
140125113109113125138150156154140117 89 60 35 19 14 23 43 70 9912614314926 422Z9 81815723 414999999999999999 2581091550 1499999999999999
145137129122120123129136142143139128110 89 68 49 35 30 36 50 71 9411513126 423Z9 850143999999999999999999999 3551201658 3099999999999999
139141138134129125124125127128129127121111 96 80 64 51 44 45 55 70 8910926 424Z9 046141 95012999999999999999 5571241820 4499999999999999
125137142142137130123116112111113116120121117108 94 78 64 54 52 58 71 8826 425Z9 225142124812199999999999999 8531111948 5299999999999999
108127140146144137125112101 95 95100108119127128120106 89 73 60 56 61 7426 426Z9 313146143612899999999999999 930 942057 5599999999999999
 93114135148151144130113 95 81 76 81 91107124137139131115 96 77 63 59 6726 427Z9 344151154114099999999999999 959 762148 5999999999999999
 82103126146156152138118 95 73 61 61 72 89112135149150138119 98 77 64 6526 428Z9 4121561631151999999999999991028 592229 6399999999999999
 76 95117141158160147126 99 72 51 44 51 69 93122148161157141120 96 76 6826 429Z9 4381611714161999999999999991058 4423 5 6899999999999999
 74 89110134155165157136108 77 49 32 33 48 73104136161168159140117 93 7626 430Z9 5 41651754168999999999999991128 302338 7399999999999999
 74 86105127150165165147119 86 54 30 21 30 52 83118151170171157135111 8926 5 1Z9 5291681831173999999999999991159 21999999999999999999999
 79 84100121143162168157131 99 65 35 17 17 34 62 9713316217416815112710426 5 2Z9 55316819 817499999999999999 0 9 791229 1599999999999999
 88 86 97116137156167163143112 78 46 22 13 21 43 7511214516717116114111926 5 3Z9 616168194517299999999999999 039 8513 0 1399999999999999
100 91 96111130149163165151126 93 61 33 17 16 31 57 9012415216616415113226 5 4Z9 639166202216799999999999999 1 9 911332 1599999999999999
112100 98107123140155162156136108 78 49 28 20 26 44 7110213215215915414126 5 5Z9 7 316221 215999999999999999 139 9714 6 2099999999999999
124110103106117132146155154143121 94 68 45 31 28 38 57 8211013314815114526 5 6Z9 729156214715199999999999999 2111031442 2899999999999999
133120111109114124136145148143129108 85 64 47 38 39 50 68 9011313114214326 5 7Z9 757148224214499999999999999 2491091524 3799999999999999
138130121116115119126134138138132118101 82 66 53 47 50 60 76 9411312813726 5 8Z9 829139235213999999999999999 3391141614 4799999999999999
139136131124119117119123126129128123113 99 85 72 61 56 58 67 80 9611212626 5 9Z9 919129999999999999999999999 5 11171715 5699999999999999
135139138134127120115113113115118120119114104 93 80 70 64 64 70 82 9711326 510Z9 115139111112099999999999999 7141121829 6399999999999999
128139144142135125113104 99 99104110117122121115103 90 77 69 67 72 8410126 511Z9 215144132512299999999999999 830 991948 6799999999999999
118135146150144132116100 87 81 84 93107121131135128115 99 83 72 68 75 8926 512Z9 253150145113599999999999999 910 812052 6899999999999999
108127145156155142123100 79 63 60 69 86108130146151143126106 88 74 71 8026 513Z9 325157155115299999999999999 945 602145 7099999999999999
 97118140158165156134107 78 52 38 40 58 83113143164168156136112 90 75 7526 514Z9 3571651643169999999999999991021 372232 7399999999999999
 88109131154170170151121 86 52 26 15 25 50 84123158180181166142115 92 7926 515Z9 42917217321839999999999999911 0 152316 7899999999999999
 83100122146168178169141104 64 28  3 -1 16 48 89133172191189170144117 9426 516Z9 5 31781821193999999999999991141 -32359 8599999999999999
 85 93113136160178181162128 87 45  9-12-10 13 50 9614318019518916914311726 517Z9 5391821911196999999999999991224-14999999999999999999999
 98 94106126148169182177152114 72 31 -2-17-10 17 5610314818119218416414026 518Z9 61618320 219299999999999999 043 931310-1799999999999999
117103104117136156173179168141103 63 25 -2-12 -2 26 6410814917618317515726 519Z9 655179205518399999999999999 1271021359-1299999999999999
136119110113126142158169170157130 96 60 28  6  0 11 37 7211114516717216526 520Z9 736171215117399999999999999 2141091451 -199999999999999
150134121115119129141153160158145122 93 64 38 20 16 28 50 8011214015816226 521Z9 823160225016299999999999999 3 61151545 1699999999999999
156145133123118120126134142147146136118 95 72 51 38 35 44 63 8811413615126 522Z9 923147235415599999999999999 4121171643 3499999999999999
155150142131122116114117122128133135129118101 84 67 56 53 60 75 9511613526 523Z91046135999999999999999999999 5431141745 5399999999999999
147151148139129117108104104108114122127128121110 96 82 72 69 74 8610312126 524Z9 058151123312899999999999999 7291031852 6999999999999999
137148151146136122108 96 89 88 94103115125131128120107 95 85 81 85 9611126 525Z9 152151141213199999999999999 836 881959 8199999999999999
127142151152144130112 95 80 73 74 83 97114129138137129117105 95 91 9510626 526Z9 234153152513999999999999999 920 722058 9199999999999999
120135149155152139120 98 78 62 57 63 77 96118138148146137125111100 9710326 527Z9 310156162214899999999999999 957 572149 9799999999999999
115129144156158148130106 81 59 46 46 57 7710212914915815414312811310310226 528Z9 34215917 9158999999999999991031 44223210199999999999999
111124139153161157141117 90 63 42 33 39 57 8311314216116615914412711210426 529Z9 41316217501669999999999999911 5 33231210499999999999999
107118133149161164153130102 72 45 28 26 38 62 9412715617117115914112210926 530Z9 4431641829172999999999999991138 25234810599999999999999
105112126143158166162144117 85 55 31 20 25 44 7310814216617517015413411626 531Z9 51216619 5176999999999999991212 19999999999999999999999
106108119135152164167156132102 69 41 22 18 29 53 8612215417217516514612626 6 1Z9 542167194117699999999999999 0221051246 1799999999999999
111106112126144159167163146119 87 56 32 19 21 38 6710113516117317015613726 6 2Z9 613167201717399999999999999 0551061320 1899999999999999
119108108118134150162165156135106 75 47 28 22 30 51 8111414316316916214626 6 3Z9 646165205416999999999999999 1301071356 2299999999999999
129114108112124139153161159146122 94 66 43 30 29 42 65 9412414816216315326 6 4Z9 721161213416499999999999999 2 61081433 2899999999999999
138123113110116128141151155150135112 86 62 44 36 40 55 7910513115015915726 6 5Z9 8 0155221616099999999999999 2481101511 3699999999999999
147133121113112118128138145147141126104 82 63 50 46 53 69 9111413615115726 6 6Z9 84714723 115799999999999999 3391111553 4699999999999999
152142130119111110115123131137139133120102 84 69 59 57 66 8110112214015226 6 7Z9 948139234915599999999999999 4421101639 5799999999999999
155150139127115107104107113121129133130121106 91 78 70 70 78 9211012814426 6 8Z911 9133999999999999999999999 5571041734 6999999999999999
154155148136122107 96 92 94101112122130132127116102 91 83 82 8810211813426 6 9Z9 039155124613399999999999999 711 911839 8199999999999999
148156156146131112 95 81 74 77 88103119133141139129116104 95 92 9711012526 610Z9 126157141814199999999999999 811 741952 9299999999999999
141154161157143123 99 77 61 54 60 75 9611914115315414513111710510010511726 611Z9 212161153215599999999999999 9 2 5421 110099999999999999
132148161166158139112 84 57 38 33 43 64 9312415116816915914412611110511026 612Z9 257166163517099999999999999 950 3322 310599999999999999
123140156169171159133101 67 37 17 15 30 57 9213116418218217015213111510826 613Z9 3411721731184999999999999991038 13225810899999999999999
115130147165177176157126 89 51 19  0  1 21 54 9613917419219117615513211526 614Z9 4271781824193999999999999991127 -2234911099999999999999
110119136155172183178155119 79 39  6-11 -6 18 5610214718219719317515212926 615Z9 5141831913198999999999999991216-12999999999999999999999
113112123141161178186177151113 71 30 -1-14 -5 23 6311015418619718916914626 616Z9 6 218620 119799999999999999 03711013 6-1499999999999999
124111113126145164180185173145107 66 28  0 -8  4 33 7411815918519118016026 617Z9 652185204719199999999999999 1241101354 -999999999999999
138119109114128145163176179166138102 65 31  9  5 20 49 8712716218118216926 618Z9 743180213118499999999999999 2111091442  499999999999999
150130114108113126142157169170156130 99 68 40 24 24 41 6810113516217517126 619Z9 835171221517599999999999999 3 11081529 2299999999999999
158141123110105111121134147157157145124 99 74 54 44 48 64 8811514216116826 620Z9 932159225816899999999999999 3551051614 4399999999999999
162149133117105101105113124135144145136121103 85 71 66 71 8610612814716026 621Z91036146234016299999999999999 5 01011659 6699999999999999
161154141126111100 95 96102112123132135132122110 98 89 87 9310512013715026 622Z91157135999999999999999999999 616 951746 8799999999999999
157156148135119104 92 86 85 9110111312413113212812011210610510911913114326 623Z9 022158133913299999999999999 732 85184210599999999999999
152156153143129112 96 82 75 74 80 9210712213313813613112511911712112813726 624Z9 1 6156151513899999999999999 834 73195411799999999999999
146153155151139122104 85 71 63 64 73 8810712514014714714213412712412613226 625Z9 151155162614899999999999999 924 6221 912499999999999999
141149155156149134115 93 73 58 51 55 68 8811213515115815614913913012512726 626Z9 23715617161589999999999999910 8 51221212599999999999999
134143152158157147129106 82 60 46 42 50 69 9412214716316716215013712712326 627Z9 3231581754167999999999999991049 4223 112399999999999999
127136147157161158144121 95 69 47 35 36 50 7410413516017317316214713112126 628Z9 4 61611828174999999999999991127 33234011999999999999999
120127139153163165158139112 82 55 35 27 34 54 8411814917117917215713912326 629Z9 44816619 11799999999999999912 3 27999999999999999999999
115118129145159168168155131100 69 43 26 24 38 64 9813316217917916714812826 630Z9 528170193218199999999999999 0141151238 2399999999999999
114111119134152166172167149120 88 57 33 22 27 47 7811314717218117515713726 7 1Z9 6 717320 318199999999999999 0471111312 2299999999999999
118108110122140158170173163139108 75 47 28 24 36 61 9412915917717916614726 7 2Z9 646174203518099999999999999 1211071345 2399999999999999
126110105111127145161171170155128 96 66 42 29 32 51 7911114316817817215626 7 3Z9 72617221 617899999999999999 1571051418 2899999999999999
136117105103113130147161168163144116 87 61 42 37 47 69 9712715517317516426 7 4Z9 8 8168213917699999999999999 2361021452 3799999999999999
146126110100102114130145157162154134108 83 62 50 50 65 8811514116317316926 7 5Z9 855162221317399999999999999 3191001527 4899999999999999
155136118103 96100111126140151154146127105 85 70 63 68 8410613015116617026 7 6Z9 948154224817099999999999999 4 9 9616 5 6399999999999999
162146127109 96 90 94104118132143147141126109 94 83 81 8810312214115716626 7 7Z91053147232516799999999999999 5 6 901648 8099999999999999
165155137118101 87 81 84 94108123136143141131119108101 9910611813414816026 7 8Z91216143999999999999999999999 610 811742 9999999999999999
165161149131110 91 76 69 70 81 9611413114214614213412611911612012914115226 7 9Z9 0 8165135614699999999999999 718 68185711699999999999999
160164159146126104 82 64 54 55 65 8310512814615615615114213412812813414326 710Z9 1 0164153215799999999999999 826 53203012799999999999999
153162166161146124 98 72 50 37 37 50 7210012915416917216615514313313013426 711Z9 2 1166164617299999999999999 930 36215413099999999999999
144155165170166149123 93 62 36 21 21 37 64 9813516518218517616114413112626 712Z9 3 71701741186999999999999991029 19225712699999999999999
131143157170178173154123 88 52 22  6  8 29 6110214417719419318016013912426 713Z9 4111781826196999999999999991123  5234711999999999999999
120128144161178186180157122 82 43 11 -4  3 28 6611115518820119417615212926 714Z9 51018719 7201999999999999991212 -4999999999999999999999
114113126145166184193185157119 76 36  5 -6  6 36 7712416719520118816613926 715Z9 6 4193194520299999999999999 0311111258 -699999999999999
116104108125147169189196183153113 71 32  6  2 19 52 9413917819819517715226 716Z9 654196202119999999999999999 1131041341  199999999999999
125104 97106125147170188192176144107 68 35 17 19 41 7411415418419318316226 717Z9 742193205619399999999999999 155 971422 1599999999999999
137112 95 93105124145167182181163134101 69 45 35 44 68 9913416618418416926 718Z9 829184212918799999999999999 238 9215 0 3599999999999999
147123102 90 91103121140159170167150126100 76 61 60 73 9512215017117917226 719Z9 91717122 017999999999999999 323 891534 5899999999999999
155133112 95 87 90101116133148156152138121103 89 82 8610012014116017117126 720Z91010156222817299999999999999 413 8716 6 8299999999999999
160142123105 91 86 88 9710912313614214013212211210510411112313715216316626 721Z91115142225516699999999999999 510 85163710399999999999999
161149133116100 89 83 84 9110111412513213513312912412212312913714715616026 722Z913 0135232316199999999999999 620 83171212299999999999999
160153141127111 97 86 79 79 83 9310611812913613913913813613613914414915426 723Z91528140999999999999999999999 738 78182113699999999999999
156154148138124109 94 81 73 71 75 8610111713214415015114914514214214314726 724Z9 0 3156164415199999999999999 851 71205214299999999999999
151153152147138123106 89 74 64 61 67 8110112114115516216115514714113813826 725Z9 114153172016299999999999999 950 61221913799999999999999
143149153154150139122102 81 64 53 52 62 8110513115316717116515514313413026 726Z9 2431541750171999999999999991037 5123 213099999999999999
133142151157159155140119 94 71 52 42 46 61 8611614416717817516314813312426 727Z9 3531601817178999999999999991116 42233412299999999999999
123131144156165167158139112 83 58 40 34 44 67 9713016017918317315613612126 728Z9 4441671844184999999999999991152 34999999999999999999999
114119133150164174173158132101 70 44 30 31 49 7811314817518718216514312226 729Z9 527175191018799999999999999 0 31141224 2899999999999999
108107119138158174182175153122 87 56 33 26 37 62 9513216618718917515212826 730Z9 6 6182193619099999999999999 0331061254 2699999999999999
107 98105123145166182185172143108 74 45 28 31 50 8011615218119218316213626 731Z9 64418620 219299999999999999 1 4 981324 2799999999999999
112 95 93106128151172186183163131 96 64 40 33 44 7010213817018918917214726 8 1Z9 723187202819299999999999999 137 921354 3399999999999999
120 97 86 91108131155175184176151119 87 60 45 47 65 9312515718119017915726 8 2Z9 8 4184205619099999999999999 213 861424 4399999999999999
130105 86 81 90110133156173178165140111 85 65 58 67 8911714517018518316626 8 3Z9 847178212418699999999999999 251 811456 5899999999999999
141115 93 79 78 90109131152167168155133110 91 79 79 9211313715917618117226 8 4Z9 936169215218199999999999999 334 761530 7799999999999999
152127103 84 74 75 87105125144157158148132116104 9810211513315116617417326 8 5Z91035159222217599999999999999 424 7316 6 9899999999999999
160140117 96 79 70 71 81 9711613314615014613712812212012413414615816616926 8 6Z91156150225616999999999999999 524 69165212099999999999999
164151133112 93 76 66 65 72 8610312113714614914814414013813914415115816226 8 7Z914 2149234816499999999999999 639 64181313899999999999999
163159149132113 93 74 61 55 59 71 8911113214915916216115615014614614815326 8 8Z916 8162999999999999999999999 8 5 55204014699999999999999
158161160153138118 94 71 53 43 44 56 7810413315717217717316415314413914126 8 9Z9 12216117 217799999999999999 924 42221413999999999999999
147155163167163148124 95 66 42 28 29 45 7210514016918618817916414713312726 810Z9 3 31671739189999999999999991027 2723 212799999999999999
131143157170179176157128 93 59 30 15 19 41 7311315318419719317715513311626 811Z9 4171801812198999999999999991117 14234011399999999999999
114124142162181192187163128 88 50 20  8 18 46 8412817019720218916613911426 812Z9 51419318432039999999999999912 1  8999999999999999999999
100103121143168191202192162123 81 42 15 10 28 6110214818620519917814911926 813Z9 6 3202191420599999999999999 017 991241  999999999999999
 95 87 98120146175198205189155115 74 39 20 24 48 8412516819720318816012926 814Z9 648205194420499999999999999 054 871318 1999999999999999
 99 80 80 96121150179199199178144107 70 43 35 48 7611114918320019317014126 815Z9 731202201220099999999999999 131 771352 3599999999999999
110 84 72 79 98123152178192186163133101 73 57 59 7710513716819019317715126 816Z9 813192203919499999999999999 2 8 721423 5599999999999999
122 94 75 71 81101125151171179169149124100 83 77 8710713215717818717915926 817Z9 85517921 218799999999999999 246 701451 7799999999999999
133107 85 73 74 85103125146160163154138121106 9910111413215116917917716326 818Z9 941164212217999999999999999 326 721515 9899999999999999
142119 98 82 75 78 8910412113814814914313312411811712413514916217017116326 819Z91037149213817299999999999999 411 75153611799999999999999
148129111 95 83 79 82 9010111512813613913813613313213414014815616216516126 820Z91213139215416599999999999999 5 6 79155213299999999999999
151138123109 96 87 82 82 87 9610711912913614114414514514714915215515615626 821Z92218157999999999999999999999 626 82999999999999999999999
152144135124112 99 89 82 79 81 88 9911312713914915515615415215014814714826 822Z91646156234514999999999999999 810 79214614799999999999999
148147143137128116101 88 77 71 72 80 9511313114916116616315714914213813826 823Z917 6166999999999999999999999 927 70222813799999999999999
142146148148144134118 99 82 68 60 63 75 9511814216217317316415214013012726 824Z9 2361491728174999999999999991018 60225412799999999999999
131140149155158152137116 93 72 56 50 57 7610213015717618117315814112511626 825Z9 3541581751181999999999999991057 50231811699999999999999
119129143157167169158136109 81 58 43 44 59 8411614817518718316714512310826 826Z9 4401691813187999999999999991129 41234310499999999999999
105115132152169180177158129 98 67 44 36 45 6910013616918919117615312610326 827Z9 5191811834193999999999999991158 36999999999999999999999
 92 98116139163183190179153118 84 54 36 37 56 8612215918719718616213310426 828Z9 556190185619799999999999999 010 921226 3499999999999999
 84 81 96120148175194195175142106 71 45 37 49 7510914618019919517314311126 829Z9 633197192020099999999999999 039 801254 3699999999999999
 83 69 76 98127157185200192166131 95 64 46 48 6910013416919420018415412126 830Z9 712200194420199999999999999 111 691324 4499999999999999
 89 66 61 75102133164190198184155121 90 66 58 69 9512615718419819116613326 831Z9 752198201019999999999999999 145 601355 5899999999999999
100 72 56 59 78106137167187189172144116 92 77 78 9512114817319019217514626 9 1Z9 835191203619399999999999999 222 551426 7699999999999999
114 84 62 53 60 81108137163178176160138118102 9610312114316317918617815726 9 2Z9 92417921 018699999999999999 3 3 531458 9699999999999999
129101 76 60 55 64 8210613115216416315213812611911912714215716917717516426 9 3Z91024165212317799999999999999 350 55153111899999999999999
143119 95 76 63 59 66 80 9912013815015315014414013713914515316116716816326 9 4Z91154153214616899999999999999 451 59161013799999999999999
153136117 98 81 68 62 64 74 8810612413914915415515515415315315515715815826 9 5Z91516155222815899999999999999 615 62181315399999999999999
155149138124107 89 73 62 58 63 75 9311413515216316816816315715014614514726 9 6Z91622169999999999999999999999 758 58214914599999999999999
150153153148136118 96 75 58 49 50 63 8511113816217617917416315013713113226 9 7Z9 136154165018099999999999999 920 48222213099999999999999
138148158165163149126 99 72 49 37 41 58 8411715017618818517215413411811326 9 8Z9 3211651716189999999999999991017 37225211399999999999999
120133150168180178159131 98 65 40 29 38 61 93131168191195183162136111 9626 9 9Z9 42218117411969999999999999911 2 292323 9599999999999999
 98113134158182195188163129 92 57 33 29 45 74111152186201194172143112 8726 910Z9 51019518 8201999999999999991140 282356 7899999999999999
 78 88110138168194204190160123 85 51 34 39 62 95134174200202183153120 8826 911Z9 5542041835204999999999999991215 33999999999999999999999
 67 67 85113145178202204184152115 78 51 44 59 87121159191204192165131 9626 912Z9 63520619 120499999999999999 029 641248 4499999999999999
 67 55 64 88118153185202197173140107 77 60 65 8511414717919819717514210726 913Z9 715203192520199999999999999 1 3 551318 5999999999999999
 76 54 52 68 94126159185194183159130102 82 78 9011314016818919518015312026 914Z9 755194194719599999999999999 137 511345 7799999999999999
 88 63 51 57 76102132161179181167146123104 9510011613816017918818116013126 915Z9 83418220 618899999999999999 210 511410 9599999999999999
102 76 59 55 65 8510913615816816615313712211211212213815517018017816314026 916Z9 916169202218099999999999999 244 55143311199999999999999
115 91 72 63 64 75 9211313414915515214413512712512913915216317117116314626 917Z910 7155203517299999999999999 322 62145312599999999999999
126106 88 76 71 73 83 9611312813914414414113813713814315015716216315914826 918Z91129144204716399999999999999 4 7 70151113699999999999999
134119104 92 83 79 80 86 9510711913013714214514714714815015215315315114726 919Z92035153999999999999999999999 515 79999999999999999999999
139129119109 99 90 84 82 84 89 9911212413614615315615515314914614314114026 920Z91611156999999999999999999999 7 6 82999999999999999999999
139136132126117106 94 85 78 77 81 9310812514215616416415815014113313013026 921Z91630165999999999999999999999 847 76221712999999999999999
134138141141136125109 93 79 70 68 75 9111113415416917216615414012611811726 922Z9 235141165017299999999999999 944 67223211799999999999999
124134144151153145128108 87 70 60 61 75 9612214917017917516114212210710226 923Z9 3411531710179999999999999991022 59225210299999999999999
109123140156166165150127101 77 58 52 61 82109140168184184169147121 99 8726 924Z9 4241671729186999999999999991054 522315 8799999999999999
 91107128152172181173151121 91 65 50 52 69 97129162186192180155125 96 7526 925Z9 5 31811748193999999999999991123 482342 7099999999999999
 71 85109138167188192175146113 80 56 48 60 86118152183198191166133 99 6926 926Z9 5401931810199999999999999991152 48999999999999999999999
 54 61 84116150183201197172139104 73 54 57 78108141175198200179145108 7226 927Z9 619202183420299999999999999 011 541223 5399999999999999
 46 41 57 88124163194206194165131 97 71 63 75101132164191203191160121 8226 928Z9 65920619 020399999999999999 043 401255 6399999999999999
 49 31 36 60 94133171198202185156125 97 79 80 98125154180198196173137 9926 929Z9 741204192620099999999999999 119 301328 7799999999999999
 63 36 27 38 65100138173193192174148123103 9510212214616918719318115311826 930Z9 826195195219399999999999999 157 2714 1 9599999999999999
 83 53 33 31 45 711041381661801771631441271151151251421601751831801631352610 1Z9 918181201618499999999999999 239 29143511399999999999999
105 76 53 39 40 53 761031311531651641551451361311341421541641711721641482610 2Z91024165203717299999999999999 329 38151113199999999999999
125101 79 61 50 50 59 76 971201381501541531501471461471511551591601581512610 3Z91213155205016099999999999999 433 4916 714699999999999999
139124106 89 73 62 58 61 72 881071261411521571591581551511491471461451452610 4Z915 2159999999999999999999999 6 2 58999999999999999999999
143139131118103 86 71 62 60 66 80 991201411571661681641551451361311291322610 5Z91547168999999999999999999999 744 59214612999999999999999
137144147144133115 95 76 61 55 60 75 971231481671751721621471301161111142610 6Z9 2 6147161317599999999999999 9 1 5522 611199999999999999
123136151160159145124100 76 57 51 59 78104134162179181170152129107 93 922610 7Z9 323161163618299999999999999 955 512232 9199999999999999
103120141163175171153128 99 72 54 52 66 89119152178188180160133105 81 722610 8Z9 41717617 0188999999999999991036 5123 2 7299999999999999
 79 98122151177187178156127 95 68 54 60 79107139171190189170142109 78 582610 9Z9 5 21871726193999999999999991112 542333 5599999999999999
 57 73 99130164189194179152121 90 67 62 75 99128161187195181153119 83 54261010Z9 5431951751195999999999999991145 61999999999999999999999
 42 51 74105141176196193174145114 87 72 76 95121151179194189164130 94 60261011Z9 623198181619599999999999999 0 4 421217 7199999999999999
 38 36 52 81116153184196187164136108 88 83 95117143169189191174143106 71261012Z9 7 2196183819399999999999999 036 341246 8299999999999999
 44 31 38 61 92128162185189175153128106 95 99116138161180188179153120 86261013Z9 740190185918899999999999999 1 8 311313 9499999999999999
 56 37 34 47 72104138166180177162142122109107117134154171181178160132100261014Z9 819181191818299999999999999 139 33134010699999999999999
 71 49 39 43 60 85114143163170164151135122116120132148163173174163141114261015Z9 9 0170193517599999999999999 212 3814 511699999999999999
 88 65 51 47 55 72 95120142155158153143133126126132143154163166160146125261016Z9 948158195316699999999999999 247 47143312599999999999999
103 83 67 58 59 67 82100120136145148146141136134135140147153156154146132261017Z9105714820 915699999999999999 329 5715 813499999999999999
116100 85 74 68 69 75 86101116129138143144144142141141142143144143140134261018Z9131514520 614499999999999999 426 68163614199999999999999
125114103 92 83 77 76 79 86 97110124135143149151149145140136133131131130261019Z91456151999999999999999999999 548 76999999999999999999999
128124119111101 91 82 78 78 83 93108123138150157157151142132124118117120261020Z91531158999999999999999999999 732 77214111799999999999999
125129131128121108 95 83 76 74 80 93110130148160164159147131116105102106261021Z9 2 1131155416499999999999999 845 74215610299999999999999
115127137143141129113 96 80 71 70 80 98119142162171168154134112 94 84 87261022Z9 314143161417199999999999999 932 692217 8499999999999999
 99117136152159152136114 93 74 66 70 86109134159176177163140113 87 68 65261023Z9 4 11591634178999999999999991010 662242 6499999999999999
 77 98124150170173161138112 87 69 65 77 99125153177186175150119 86 58 44261024Z9 4431741657186999999999999991045 652311 4499999999999999
 50 72102136168186185166138109 82 68 71 90116145173190188165130 92 56 31261025Z9 5241881723192999999999999991119 672343 2599999999999999
 26 42 72110150184198190166135105 81 72 83107135164188196180147107 66 30261026Z9 6 61991751196999999999999991155 72999999999999999999999
 11 16 40 77120163194203188162131103 84 84101126154179195191165126 84 43261027Z9 650203182019799999999999999 019 101231 8299999999999999
 13  2 14 44 84129170196199182156128105 94100120144168187193179147107 66261028Z9 736200185019399999999999999 058  213 8 9499999999999999
 30  6  3 20 51 91134170190188172150128112108117136156174185182163130 93261029Z9 825191192118699999999999999 140  1134710799999999999999
 57 27 10 11 29 59 96133163177175163146131122122132146161172175167147118261030Z9 922178195217599999999999999 227  8142812099999999999999
 86 57 34 22 24 40 66 96127151163164156146137132133139148157161160152135261031Z91030165202416299999999999999 321 21152113199999999999999
113 88 66 47 37 38 50 70 941191401521561541491431381371381421441461451402611 1Z912 1156211614699999999999999 425 36165813799999999999999
130115 97 79 63 53 51 58 72 921131321471541551521461391331281271271301332611 2Z91344155235413499999999999999 543 50201412799999999999999
134131123110 94 78 65 60 63 74 911111321481571591541441321201111081101162611 3Z91442159999999999999999999999 7 9 6021 610899999999999999
125134138134123107 90 75 66 67 78 95115137155163161151135117100 90 89 952611 4Z9 2 1138151716499999999999999 824 652138 8899999999999999
108125140149146134116 97 80 71 73 85103125148164168159142120 96 77 69 732611 5Z9 315149154616999999999999999 920 7022 8 6899999999999999
 86106130151160156141122100 82 75 80 95116139161173168151127 99 72 54 522611 6Z9 4 916016141739999999999999910 4 752239 5199999999999999
 63 84111140163170162145123100 84 81 91109131155173176162137106 75 48 362611 7Z9 4561701641177999999999999991042 802311 3699999999999999
 41 60 88121153174177164144120 99 87 90104125147168179172149117 83 51 302611 8Z9 53817817 7179999999999999991118 862343 2599999999999999
 25 39 65 98135166181178162139116 97 92101119140162177178161131 96 61 332611 9Z9 6171821733180999999999999991151 92999999999999999999999
 19 23 44 75112149175183174155132111 98100114134154172179169144111 75 43261110Z9 656183175717999999999999999 015 181222 9799999999999999
 21 16 29 54 89126159178179166146124108102110127146164175172155125 91 58261111Z9 733180182117699999999999999 047 16125310299999999999999
 32 18 21 39 68103137163174170155136118108109121138155168171160138107 76261112Z9 812175184517199999999999999 119 18132310799999999999999
 47 29 23 32 53 82114143162167160145128116112117130145158165161145121 93261113Z9 852167191016599999999999999 153 23135511299999999999999
 66 44 32 33 45 66 94121144156158150137125118118124135147155155147131108261114Z9 936158193715699999999999999 229 31143111799999999999999
 84 63 47 41 44 58 78101124141150149143134126121122128136142146143134119261115Z9102815120 714699999999999999 3 9 41152012199999999999999
100 81 65 54 51 56 68 86105124137144145141135128124124126130133133131124261116Z91133145204913499999999999999 355 51164212399999999999999
112 98 84 72 63 61 66 76 91107123136143145142137130123119118118120122122261117Z91251145223512299999999999999 451 6119 811899999999999999
119112102 91 80 72 69 73 81 94109125138146148144137126116108103104107113261118Z91353148999999999999999999999 559 69202810399999999999999
118120118111100 89 80 75 77 85 98114130144152152145132116100 89 85 88 97261119Z9 1 0120143215399999999999999 717 7521 3 8599999999999999
109121129129122111 97 86 79 80 89103121139153159154140120 98 79 67 66 75261120Z9 23513015 315999999999999999 825 782134 6599999999999999
 92111130143144135120104 89 81 83 94112131150163164151128101 74 52 43 48261121Z9 336145153316599999999999999 919 8022 7 4399999999999999
 66 91119145160159147128108 90 82 87103123144163172165142112 78 47 26 21261122Z9 42716116 51729999999999999910 7 822242 2199999999999999
 35 62 95131161176172155133109 91 85 95114136158175177160129 92 53 21  3261123Z9 5151761638179999999999999991051 852321  199999999999999
  6 28 62103144176187179159134109 92 91105126149171183177152114 72 31  0261124Z9 6 21871713183999999999999991134 89999999999999999999999
-13 -3 26 66112156185192181158132108 95 99115138161179185172140 98 55 15261125Z9 650193175118599999999999999 0 3-131217 9599999999999999
-13-19 -4 29 72120162187190176154129108100108126147168181181162127 85 43261126Z9 738192183018399999999999999 047-2013 010099999999999999
  7-15-17  2 37 80125163183183168147126110107116133152168177172150116 77261127Z9 829185191117799999999999999 134-19134510699999999999999
 39  9 -8 -6 14 47 87127159174172159141124113112121136150162167160139108261128Z9 922175195816799999999999999 224-10143511199999999999999
 75 43 18  5  9 29 58 93127153164162151137124115114121132142150153146129261129Z91017165205315399999999999999 316  5153411499999999999999
105 78 53 33 23 28 45 69 98126147156154145134123114112115121128134138135261130Z9111615622 613899999999999999 411 23165311299999999999999
123105 85 66 50 43 47 60 801031261431501491421311191091041031061111191252612 1Z91218151234412799999999999999 5 9 43184110399999999999999
126121110 96 81 68 62 64 75 91109128142149147139127113100 90 87 88 951052612 2Z91317149999999999999999999999 614 6220 8 8699999999999999
116123124118108 95 84 78 79 87100116132144150146135120102 85 73 69 72 822612 3Z9 13612514 515099999999999999 724 7721 2 6999999999999999
 97113126131128119108 97 90 90 97109123138149151144128109 87 67 55 52 602612 4Z9 3 5131144515299999999999999 831 892143 5299999999999999
 75 95117134141138129117105 97 98105117131145154152139118 94 69 48 38 402612 5Z9 410141152115499999999999999 928 962220 3799999999999999
 53 74100127145151147136122108101103112125140152157149130105 77 50 31 252612 6Z9 5 115115551579999999999999910171002255 2599999999999999
 33 52 79111139156159152137121107102107119133148158157143119 89 58 32 172612 7Z9 54416016281599999999999999910591022329 1599999999999999
 17 32 58 91125152165164151134116104103111126142156161154134104 72 41 182612 8Z9 6221661659161999999999999991137102999999999999999999999
  9 16 37 69105139162170162146126109101105117134150161161147121 88 55 262612 9Z9 657170173116399999999999999 0 3  9121210199999999999999
  9  7 21 48 83120151168168156136117103100108124142156162156136106 72 41261210Z9 73217018 216299999999999999 037  5124510099999999999999
 17  6 11 31 62 99133158168162146126108 99102114131148159159147123 91 59261211Z9 8 6168183516099999999999999 111  51318 9999999999999999
 31 13  9 21 45 78112142160163152135116103 99105120136150156152135109 78261212Z9 84116319 915699999999999999 145  91353 9999999999999999
 49 26 15 18 35 61 93123147158155142125110101101109123137147149141122 96261213Z9 917158194514999999999999999 219 141431 9999999999999999
 68 44 28 23 31 50 77105130148153147134119107100102111123133139139129110261214Z9 955153202714099999999999999 253 23151710099999999999999
 86 63 45 34 35 46 66 90115135147148140128115104 99101108117125130128118261215Z91034149211913099999999999999 329 331613 9999999999999999
101 82 64 51 45 49 62 81102122138146144135123111101 95 95101108114119119261216Z91117146222912099999999999999 4 8 451724 9499999999999999
112 99 84 71 62 58 64 76 93111128140145141131119105 93 86 84 88 95104111261217Z912 3145999999999999999999999 454 581844 8499999999999999
115112104 93 82 75 73 77 88103118132142145139128112 96 81 71 68 73 82 95261218Z9 0 5115125014599999999999999 552 721951 6899999999999999
107116119114106 97 89 85 88 97110124136145146138123103 82 64 52 49 56 70261219Z9 150119133914799999999999999 7 7 852045 4999999999999999
 88108124131129121111101 95 95103115129141149149137116 91 66 43 30 29 40261220Z9 316131142715099999999999999 826 942134 2799999999999999
 60 86114136146145136123110100 99107120134148156152135109 78 47 21  7 10261221Z9 423147151515699999999999999 936 992221  699999999999999
 27 54 88123150162160148131114102101110125141156163156133101 64 28  0-12261222Z9 51816316 316399999999999999103510023 9-1299999999999999
 -6 18 52 94134163175169154133112100101113130149164169158130 92 51 12-16261223Z9 6 81751651170999999999999991127 992357-2699999999999999
-26-15 15 55102145174182172153129108 97100116136156171174158125 83 39  0261224Z9 6551821740175999999999999991214 96999999999999999999999
-27-33-16 18 63111154179183169146121101 93101119140161175174155119 76 32261225Z9 739184183017799999999999999 045-3313 0 9399999999999999
 -6-29-30 -8 28 74121160179177160136112 95 91101121142161173170147111 69261226Z9 822181192017499999999999999 132-321345 9099999999999999
 29 -4-22-17  7 44 87130162174167148125103 89 89101119139156165159137103261227Z9 9 4174201116599999999999999 217-231431 8799999999999999
 66 31  5 -6  4 28 63101137161165154136115 96 85 87 98114131145152146125261228Z9 94516621 315299999999999999 3 2 -61522 8599999999999999
 97 67 40 21 17 29 52 82114141156155142125106 90 82 83 92105119131137131261229Z9102515722 113799999999999999 345 161619 8199999999999999
115 94 73 54 42 43 56 76100124142150145132116 99 85 77 77 83 93104115121261230Z911 5150231312199999999999999 426 411730 7699999999999999
118109 96 83 71 66 70 81 97115132142144137124108 92 78 70 67 71 78 89101261231Z91141145999999999999999999999 5 6 661853 6799999999999999
