 46 51 51 47 41 35 31 29 32 37 44 50 55 57 54 46 35 24 14  6  4  9 18 2926 1 1ZA 130 511258 5799999999999999 656 291949  499999999999999
 40 50 56 55 50 43 36 31 29 31 37 45 52 59 61 57 47 34 21 10  2  1  6 1726 1 2ZA 225 561357 6199999999999999 8 0 292043  199999999999999
 30 43 55 60 57 50 42 35 29 27 29 37 46 55 62 64 58 45 31 17  6 -1 -1  626 1 3ZA 310 601447 6499999999999999 859 272133 -299999999999999
 19 33 48 59 62 57 48 39 32 25 23 27 36 47 57 64 65 56 42 27 14  3 -3 -226 1 4ZA 352 621532 6699999999999999 952 232220 -499999999999999
  8 22 38 52 61 62 54 44 35 27 21 20 26 37 48 58 64 62 51 36 22 10  1 -326 1 5ZA 432 631616 64999999999999991040 1923 2 -399999999999999
  1 13 28 43 56 62 59 50 39 30 22 16 17 25 37 49 58 61 57 45 31 19  8  126 1 6ZA 510 621658 61999999999999991123 162342 -199999999999999
 -1  6 19 34 48 57 60 54 44 33 24 17 13 17 26 38 48 55 56 50 38 26 16  826 1 7ZA 547 601740 569999999999999912 4 13999999999999999999999
  3  4 13 26 40 51 57 56 48 38 28 20 14 13 18 27 38 46 51 50 43 33 23 1526 1 8ZA 623 581823 5199999999999999 019  21244 1299999999999999
 10  7 11 21 33 44 52 55 51 42 32 24 17 13 14 20 28 37 43 46 45 38 30 2326 1 9ZA 658 5519 9 4699999999999999 055  71325 1399999999999999
 17 14 13 18 27 37 46 51 51 46 38 29 22 17 15 16 21 29 36 40 42 40 35 2926 110ZA 733 5220 0 4299999999999999 133 131411 1599999999999999
 24 21 19 20 24 32 40 46 49 47 42 35 28 22 19 17 18 22 28 34 38 40 38 3526 111ZA 811 4921 4 4099999999999999 218 191510 1799999999999999
 31 28 26 24 25 28 34 41 45 47 45 40 34 29 24 21 18 19 22 27 32 36 38 3926 112ZA 854 472239 3999999999999999 320 241625 1899999999999999
 37 35 33 31 29 28 31 36 41 44 45 44 40 36 31 26 21 18 18 21 25 31 36 3926 113ZA 950 45999999999999999999999 438 281739 1899999999999999
 41 42 40 38 34 31 30 32 36 41 44 45 45 43 38 33 26 20 17 16 19 24 30 3626 114ZA 047 421114 4599999999999999 553 301843 1699999999999999
 41 45 46 44 40 35 32 30 32 36 41 45 47 48 46 40 32 24 17 13 13 16 23 3126 115ZA 150 461243 4899999999999999 659 301937 1399999999999999
 39 45 50 50 46 40 34 30 29 31 36 42 47 51 51 48 40 30 20 13  9 10 15 2326 116ZA 231 501338 5299999999999999 757 292024  999999999999999
 33 43 50 53 51 45 38 32 28 27 30 36 44 51 55 54 47 36 25 15  8  5  7 1526 117ZA 3 4 531418 5599999999999999 845 2721 5  599999999999999
 26 37 48 54 54 49 42 34 27 24 24 29 38 47 55 58 54 44 31 19  9  3  2  726 118ZA 334 551455 5899999999999999 927 232141  299999999999999
 17 30 43 52 56 53 45 37 28 22 19 22 30 40 51 58 58 50 38 24 12  3 -1  126 119ZA 4 1 561530 599999999999999910 3 192214 -199999999999999
  9 22 36 48 56 55 49 40 30 22 16 15 21 31 44 54 59 55 45 31 18  7 -1 -226 120ZA 428 5616 6 59999999999999991038 152246 -399999999999999
  3 14 28 42 53 56 52 43 33 23 15 11 13 22 34 46 55 57 50 38 24 12  3 -226 121ZA 457 561643 57999999999999991111 112318 -299999999999999
  0  8 21 36 48 55 55 47 36 26 16 10  8 14 24 37 48 54 53 45 32 19  9  226 122ZA 527 561723 55999999999999991145  82349  099999999999999
  0  5 16 29 42 51 55 51 41 30 19 11  7  8 16 27 39 48 52 49 39 27 16  826 123ZA 558 5518 4 52999999999999991219  6999999999999999999999
  4  5 12 24 36 46 53 53 46 35 24 15  9  7 10 19 30 40 47 49 44 35 24 1626 124ZA 631 541849 4999999999999999 021  41256  799999999999999
 11  9 12 20 31 41 49 52 49 41 30 21 14  9  9 13 21 30 39 44 45 41 32 2526 125ZA 7 5 521940 4599999999999999 054  91339  899999999999999
 19 16 16 20 28 36 44 49 50 46 37 28 20 15 12 11 15 22 29 36 41 42 39 3326 126ZA 741 502041 4299999999999999 131 161436 1199999999999999
 28 25 23 24 27 33 40 45 48 48 44 36 29 23 18 14 13 15 20 27 33 38 40 3926 127ZA 824 4922 5 4099999999999999 221 231556 1399999999999999
 36 33 31 30 29 31 35 40 45 47 46 43 38 32 27 21 16 12 13 17 23 30 35 4026 128ZA 923 47999999999999999999999 347 291724 1299999999999999
 41 41 39 37 34 32 32 35 39 43 45 47 46 42 37 30 22 15 10  9 12 19 27 3526 129ZA 015 4111 9 4799999999999999 529 321841  999999999999999
 42 46 47 44 41 36 32 31 32 36 40 45 49 50 48 41 32 22 12  6  4  8 16 2626 130ZA 142 471255 5099999999999999 659 311946  499999999999999
 37 46 51 51 47 41 35 29 27 28 33 39 46 52 55 51 42 31 19  8  0 -1  5 1526 131ZA 229 521359 5599999999999999 811 272041 -199999999999999
 27 41 52 56 54 47 39 31 24 21 23 30 39 48 56 58 53 41 27 14  3 -4 -4  426 2 1ZA 3 8 561448 5999999999999999 9 6 212127 -599999999999999
 17 32 47 57 59 53 43 34 24 17 15 19 29 40 51 59 59 50 36 22  9 -2 -7 -426 2 2ZA 343 591531 6099999999999999 951 1522 9 -799999999999999
  7 23 39 53 60 58 49 37 27 17 10 10 17 30 43 54 60 57 45 31 17  5 -4 -726 2 3ZA 417 601611 60999999999999991031  92246 -799999999999999
  0 14 30 46 57 60 54 42 30 19 10  5  8 18 32 45 55 57 51 39 25 12  2 -426 2 4ZA 449 601650 589999999999999911 8  52321 -599999999999999
 -3  7 23 39 52 59 57 47 34 22 12  4  3  9 22 35 47 53 53 45 32 20  9  226 2 5ZA 520 591727 54999999999999991143  22353 -199999999999999
 -1  4 17 32 45 54 57 51 40 27 16  7  3  4 13 26 38 47 50 47 38 27 17  926 2 6ZA 550 5718 4 50999999999999991216  2999999999999999999999
  5  6 13 26 39 49 54 53 44 32 21 12  6  4  9 18 30 39 45 46 41 33 24 1626 2 7ZA 618 551841 4699999999999999 024  41248  499999999999999
 12 10 14 22 33 43 50 52 47 38 27 17 11  8  9 14 23 32 39 42 42 37 30 2326 2 8ZA 646 521921 4299999999999999 052 101320  899999999999999
 19 17 18 22 29 38 45 49 47 41 33 24 17 14 12 14 19 25 32 37 39 38 34 3026 2 9ZA 715 4920 8 3999999999999999 121 171359 1299999999999999
 26 24 23 24 28 33 40 44 45 43 37 30 24 20 18 17 18 21 25 30 34 36 35 3426 210ZA 750 462118 3699999999999999 158 2315 6 1799999999999999
 32 31 30 29 29 31 35 39 42 42 40 36 31 27 24 21 19 19 20 23 27 31 34 3526 211ZA 836 42999999999999999999999 321 291649 1899999999999999
 36 36 36 35 33 32 32 34 37 39 40 39 37 34 31 27 22 19 17 17 20 24 29 3426 212ZA 056 36 952 4099999999999999 516 321819 1699999999999999
 37 40 41 40 37 34 31 30 32 35 38 40 41 41 38 33 27 20 15 12 12 16 22 2926 213ZA 157 411215 4199999999999999 650 301925 1299999999999999
 36 42 45 45 42 36 31 28 27 28 32 38 42 45 44 40 33 24 16 10  7  8 13 2226 214ZA 229 451326 4599999999999999 754 272012  799999999999999
 31 40 46 48 46 40 33 27 23 22 25 32 40 46 49 47 40 30 19  9  3  1  5 1326 215ZA 255 4814 8 4999999999999999 839 222051  199999999999999
 25 36 46 51 50 44 35 27 20 16 17 24 33 43 51 52 47 37 24 12  3 -2 -2  526 216ZA 318 511445 5399999999999999 916 162125 -399999999999999
 17 30 43 51 53 47 38 28 19 12 10 14 24 37 48 54 53 44 31 17  6 -3 -6 -226 217ZA 341 531521 5599999999999999 948 102157 -699999999999999
  9 23 38 50 55 51 42 31 19 10  4  6 14 27 41 52 56 51 39 25 11  1 -6 -526 218ZA 4 6 551557 56999999999999991020  42228 -799999999999999
  3 16 32 46 54 55 47 35 22 11  2  0  5 17 32 46 55 55 47 33 19  7 -2 -526 219ZA 432 561634 56999999999999991051 -12258 -599999999999999
 -1 10 25 40 52 56 52 40 26 14  4 -3 -2  7 22 37 49 55 52 41 27 15  5 -126 220ZA 5 0 561712 55999999999999991123 -32329 -299999999999999
 -1  7 20 35 47 55 55 46 32 19  8 -1 -4  1 12 27 40 50 53 47 36 23 13  626 221ZA 529 561751 53999999999999991156 -4999999999999999999999
  3  6 17 30 42 51 55 51 39 25 13  4 -1 -1  6 18 31 42 48 49 42 31 21 1426 222ZA 559 551833 5099999999999999 0 0  31231 -299999999999999
 10 10 16 26 37 47 52 52 45 33 21 12  5  2  4 11 22 32 40 45 44 37 29 2226 223ZA 629 531919 4599999999999999 030  91310  299999999999999
 18 16 18 24 33 42 48 50 48 40 30 20 13  9  7  9 15 23 31 37 40 39 35 2926 224ZA 7 2 502016 4099999999999999 1 1 1614 2  799999999999999
 26 24 24 26 30 36 42 46 46 43 37 29 22 18 14 12 12 16 21 27 32 36 36 3526 225ZA 741 462143 3799999999999999 140 241525 1299999999999999
 33 31 31 30 30 32 36 40 42 42 40 37 32 28 23 19 14 12 13 17 22 28 33 3626 226ZA 841 42999999999999999999999 319 301710 1299999999999999
 38 38 37 36 33 31 31 33 35 37 39 40 39 37 33 28 21 14  9  9 12 18 25 3226 227ZA 043 381113 4099999999999999 537 311838  899999999999999
 39 43 44 42 38 33 28 26 27 29 33 38 42 44 43 37 29 19 10  4  3  7 15 2526 228ZA 146 4413 6 4499999999999999 716 261941  399999999999999
 35 44 48 48 43 36 29 22 19 20 25 32 40 47 50 47 38 27 16  5 -1 -1  5 1626 3 1ZA 220 4914 1 5099999999999999 814 192030 -299999999999999
 28 41 50 53 49 41 31 22 14 12 15 22 33 43 51 53 47 36 23 10  0 -5 -3  626 3 2ZA 251 531445 5499999999999999 858 122112 -699999999999999
 20 34 48 55 54 46 35 24 13  6  5 12 23 36 48 55 54 45 31 17  5 -4 -7 -126 3 3ZA 322 551524 5699999999999999 936  52149 -799999999999999
 12 27 42 54 57 51 39 27 15  5 -1  2 12 26 40 52 56 51 39 25 12  1 -6 -526 3 4ZA 352 5716 0 56999999999999991011 -12224 -699999999999999
  5 20 36 49 57 55 45 31 18  7 -2 -4  3 16 31 45 54 54 46 33 19  8 -1 -426 3 5ZA 420 581636 55999999999999991044 -42256 -499999999999999
  1 14 30 44 54 57 50 37 22 10  0 -5 -3  8 23 37 48 53 50 40 27 15  6  126 3 6ZA 448 5717 9 53999999999999991115 -52326  099999999999999
  1 10 24 39 50 56 53 43 28 15  5 -2 -3  3 15 29 41 49 50 44 33 22 13  726 3 7ZA 514 561742 50999999999999991143 -42354  599999999999999
  5  9 20 33 45 52 53 47 35 21 10  3  0  2 10 22 34 43 47 45 38 29 20 1426 3 8ZA 538 541813 479999999999999912 9  0999999999999999999999
 11 12 18 29 40 48 51 48 40 28 17  9  5  5  9 17 28 37 42 43 40 33 26 2026 3 9ZA 6 3 511846 4499999999999999 018 111233  499999999999999
 17 17 20 26 35 43 47 47 42 33 23 15 11  9 11 15 22 30 36 39 39 35 31 2626 310ZA 630 481924 3999999999999999 041 1713 0  999999999999999
 23 22 23 26 31 37 42 44 42 37 29 22 17 15 15 16 19 24 29 33 35 35 33 3026 311ZA 7 1 442019 3599999999999999 1 4 221342 1499999999999999
 29 28 28 28 30 33 37 39 40 37 33 28 24 21 19 18 18 20 22 26 29 31 32 3226 312ZA 742 40999999999999999999999 146 281530 1899999999999999
 33 33 32 31 31 31 32 33 35 36 35 33 30 28 25 22 19 17 17 18 21 25 29 3226 313ZA 052 33 853 3699999999999999 436 301744 1799999999999999
 35 36 37 35 32 30 28 28 29 31 34 35 35 34 31 27 22 16 13 11 13 17 23 2926 314ZA 141 371136 3599999999999999 638 271858 1199999999999999
 35 39 41 39 35 30 25 22 22 25 29 34 38 39 38 33 26 18 11  7  6  9 15 2426 315ZA 2 5 4113 7 3999999999999999 737 221945  699999999999999
 33 40 43 43 39 32 24 18 15 16 21 29 37 42 44 41 33 23 13  5  1  2  7 1726 316ZA 225 441351 4499999999999999 815 152022  199999999999999
 28 38 45 47 43 35 25 16 10  8 12 21 32 42 48 48 41 30 18  7  0 -3  1 1026 317ZA 245 471429 4999999999999999 847  82056 -399999999999999
 22 35 46 50 47 39 27 16  7  2  3 11 23 37 48 53 49 39 26 13  2 -4 -4  326 318ZA 3 7 5015 6 5399999999999999 919  12129 -599999999999999
 16 30 43 52 52 44 32 19  7 -2 -4  1 13 28 43 53 55 48 35 20  8 -1 -5 -126 319ZA 332 531542 5699999999999999 951 -522 1 -599999999999999
 10 25 39 51 55 50 38 23 10 -1 -8 -7  3 18 34 49 56 55 44 29 16  6 -1 -226 320ZA 359 551619 57999999999999991023 -92234 -399999999999999
  6 19 34 48 56 55 46 30 15  3 -7-10 -5  8 24 40 52 57 51 39 25 14  5  126 321ZA 428 571657 57999999999999991057-1023 7  199999999999999
  5 15 29 43 53 57 52 39 23  9 -1 -8 -8  0 15 30 44 53 54 46 33 22 13  826 322ZA 458 571736 54999999999999991131 -92340  699999999999999
  7 13 25 38 49 55 55 46 32 17  6 -2 -5 -3  7 21 34 45 50 49 40 29 21 1526 323ZA 528 561817 519999999999999912 8 -5999999999999999999999
 13 14 21 32 43 50 53 50 40 27 15  7  2  0  4 13 25 35 42 46 43 36 28 2226 324ZA 6 0 5319 3 4699999999999999 013 121249  099999999999999
 19 19 21 28 37 44 48 48 44 35 24 16 11  7  7 10 17 25 33 38 40 38 33 2926 325ZA 635 4920 1 4099999999999999 049 191343  699999999999999
 26 25 24 26 31 37 41 43 42 39 32 25 20 16 13 12 13 17 23 28 33 36 36 3426 326ZA 718 432129 3699999999999999 141 2415 6 1299999999999999
 32 31 30 28 28 30 33 36 37 37 36 33 29 26 22 18 14 13 14 18 23 29 33 3626 327ZA 840 37999999999999999999999 330 281655 1399999999999999
 37 36 35 32 29 26 26 27 29 32 34 36 36 34 31 26 19 13  9 10 14 20 27 3426 328ZA 0 5 371133 3699999999999999 545 261821  999999999999999
 39 41 40 37 32 26 21 19 20 24 29 34 39 41 39 34 26 17  9  5  6 11 19 2926 329ZA 112 4113 5 4199999999999999 7 6 191920  599999999999999
 38 44 45 42 36 28 19 13 11 14 20 28 37 44 46 43 34 24 13  5  1  4 11 2226 330ZA 148 451353 4699999999999999 754 1120 6  199999999999999
 33 43 49 47 41 31 21 12  5  5 11 20 31 42 49 49 43 32 20  9  1 -1  4 1526 331ZA 220 491433 5099999999999999 833  52046 -199999999999999
 28 40 49 52 46 36 24 13  3 -1  2 11 23 36 47 53 50 40 27 15  5 -1  0  926 4 1ZA 250 521510 5399999999999999 9 8 -12123 -199999999999999
 22 35 47 53 52 42 29 16  5 -3 -5  2 15 29 42 52 54 47 35 23 12  3  0  426 4 2ZA 319 541544 5499999999999999 942 -52157  099999999999999
 16 30 43 52 55 48 35 20  8 -1 -6 -4  6 21 36 48 54 52 43 30 18  9  3  426 4 3ZA 346 551617 55999999999999991013 -72229  299999999999999
 12 25 39 50 55 53 42 27 13  2 -5 -6  0 13 29 42 51 54 48 37 25 16  9  626 4 4ZA 413 551648 54999999999999991043 -62259  699999999999999
 10 20 34 46 54 54 47 34 19  8  0 -4 -2  8 22 36 46 52 50 42 31 22 15 1126 4 5ZA 438 551718 52999999999999991110 -42327 1099999999999999
 11 18 29 41 50 54 50 40 27 14  5  0  0  5 16 29 40 47 49 45 37 27 20 1626 4 6ZA 5 2 541748 49999999999999991134  02352 1499999999999999
 14 17 25 36 45 51 50 44 33 21 11  6  4  6 13 23 34 42 46 45 39 32 25 2126 4 7ZA 527 511819 46999999999999991157  4999999999999999999999
 19 19 24 31 39 46 48 45 37 27 18 11  8  9 13 19 27 35 40 42 40 35 30 2526 4 8ZA 556 481855 4299999999999999 017 181223  899999999999999
 23 22 24 28 34 40 43 43 39 32 24 17 14 13 14 17 22 28 33 36 37 35 32 2926 4 9ZA 629 441945 3799999999999999 045 221259 1399999999999999
 27 26 26 27 30 34 37 39 38 34 29 23 19 17 16 17 19 22 26 29 32 34 33 3226 410ZA 712 392110 3499999999999999 132 261410 1699999999999999
 31 30 29 28 28 29 31 33 34 34 32 29 26 23 20 18 17 17 18 22 26 29 32 3326 411ZA 826 34999999999999999999999 341 281630 1799999999999999
 34 34 32 30 27 25 24 26 28 31 33 33 32 29 26 22 18 14 13 14 18 23 29 3326 412ZA 010 341036 3399999999999999 550 2418 2 1399999999999999
 36 37 36 33 28 23 19 18 20 24 30 34 36 36 33 28 21 15 10  9 11 16 24 3126 413ZA 1 0 371226 3799999999999999 650 181856  999999999999999
 37 40 40 37 30 23 16 12 12 16 23 31 38 42 41 36 28 19 11  6  6 10 17 2726 414ZA 127 411321 4299999999999999 730 111938  599999999999999
 36 43 45 42 34 25 15  7  4  7 14 25 36 45 48 45 37 26 16  8  3  5 12 2226 415ZA 154 4514 4 4899999999999999 8 5  42016  399999999999999
 33 43 49 48 40 29 17  6 -1 -2  4 15 29 42 51 53 47 36 23 13  5  3  7 1726 416ZA 222 491444 5399999999999999 841 -22053  399999999999999
 29 41 51 53 48 36 22  9 -1 -7 -5  5 19 35 48 56 55 46 33 20 11  5  5 1226 417ZA 252 541523 5799999999999999 917 -72130  499999999999999
 24 38 49 56 55 45 30 15  2 -7-10 -5  8 25 41 54 59 54 42 29 18 10  6  926 418ZA 324 5716 2 5999999999999999 954-1022 7  699999999999999
 19 33 46 56 59 54 40 23  9 -2 -9-10 -1 14 31 46 56 58 51 38 26 17 11 1026 419ZA 356 591641 59999999999999991032-112245 1099999999999999
 15 27 40 52 59 59 49 34 18  6 -4 -8 -6  5 21 36 49 56 55 46 34 25 18 1426 420ZA 430 601722 57999999999999991111 -82324 1399999999999999
 15 22 34 45 54 58 55 43 28 15  5 -2 -4  1 12 26 39 48 53 50 41 31 25 2026 421ZA 5 5 5818 5 53999999999999991153 -4999999999999999999999
 17 20 28 38 47 53 54 49 38 25 15  7  3  2  7 17 28 38 46 48 44 37 30 2626 422ZA 542 541854 4899999999999999 0 5 171239  299999999999999
 22 21 24 31 39 45 48 48 43 33 24 17 12  8  8 12 20 28 36 42 43 41 36 3126 423ZA 625 491953 4399999999999999 053 211335  899999999999999
 28 25 24 26 31 36 40 42 42 38 32 26 21 17 14 12 15 20 26 33 38 40 39 3626 424ZA 723 4221 9 4099999999999999 157 241451 1299999999999999
 33 30 27 25 25 27 31 34 36 37 36 33 29 26 22 17 14 15 18 24 30 35 39 3926 425ZA 858 372243 3999999999999999 332 251623 1499999999999999
 38 35 32 27 23 21 22 24 28 32 35 37 36 34 30 24 18 14 13 16 22 29 35 4026 426ZA1112 37999999999999999999999 517 211742 1399999999999999
 41 40 37 31 25 19 16 16 19 24 30 36 40 40 38 32 25 17 12 11 15 22 30 3726 427ZA 0 4 411241 4199999999999999 627 151841 1199999999999999
 43 45 42 36 29 20 13  9 10 16 23 32 40 44 45 40 32 23 15 10 10 15 24 3326 428ZA 056 451333 4599999999999999 716  91929  999999999999999
 41 47 47 42 34 24 14  7  4  7 15 26 36 45 49 47 40 31 21 13  9 11 18 2826 429ZA 136 481414 4999999999999999 757  42011  999999999999999
 38 47 51 48 40 28 17  8  2  1  7 18 30 42 50 53 48 38 28 19 12  9 14 2326 430ZA 210 511451 5399999999999999 834  02050  999999999999999
 35 45 52 53 47 35 22 11  3 -2  1 10 23 36 48 54 54 46 35 25 17 12 12 1926 5 1ZA 242 531525 5599999999999999 9 9 -22127 1199999999999999
 30 42 51 55 53 43 29 16  6 -1 -2  4 16 30 43 53 56 52 42 31 23 16 13 1626 5 2ZA 311 561558 5699999999999999 942 -222 2 1399999999999999
 26 38 48 55 56 50 37 22 11  3 -1  1 10 23 37 48 55 55 48 38 28 21 16 1626 5 3ZA 339 571629 56999999999999991013 -12234 1699999999999999
 22 33 44 53 57 54 44 30 17  8  2  1  6 17 30 43 52 55 51 43 33 26 20 1826 5 4ZA 4 6 571659 55999999999999991043  123 5 1899999999999999
 20 28 39 49 55 56 49 37 24 13  6  4  5 13 24 36 46 52 52 46 38 30 24 2126 5 5ZA 433 561729 52999999999999991110  32335 2099999999999999
 21 25 33 43 51 54 51 42 31 20 12  7  7 11 19 30 40 47 50 47 41 34 28 2426 5 6ZA 5 2 5418 2 50999999999999991138  6999999999999999999999
 22 24 29 37 45 50 50 45 36 26 17 12  9 11 16 24 33 40 45 46 43 37 32 2726 5 7ZA 535 511840 4699999999999999 0 6 2212 8  999999999999999
 25 24 26 32 38 44 46 45 39 31 23 17 13 12 14 19 26 33 39 42 42 39 35 3126 5 8ZA 613 471929 4399999999999999 042 241247 1299999999999999
 28 26 26 28 32 36 40 42 40 35 29 23 18 16 15 17 21 26 32 37 40 40 37 3426 5 9ZA 7 3 422031 4099999999999999 134 251343 1599999999999999
 31 28 26 26 27 29 33 36 38 37 34 29 24 21 18 17 18 20 25 30 35 38 39 3826 510ZA 814 382145 3999999999999999 256 261510 1799999999999999
 35 32 29 25 23 23 25 29 33 36 37 35 32 28 24 20 17 17 19 23 29 35 39 4026 511ZA 947 3723 0 4099999999999999 436 231642 1799999999999999
 39 36 32 27 22 19 18 20 25 31 36 39 39 36 32 26 21 17 15 18 23 30 37 4226 512ZA1125 39999999999999999999999 546 181749 1599999999999999
 44 42 38 31 24 17 13 12 16 23 32 39 44 44 41 35 27 20 16 15 18 25 34 4126 513ZA 0 2 441239 4499999999999999 636 121841 1599999999999999
 46 48 45 38 28 19 11  6  7 14 23 34 44 49 50 45 36 27 20 15 15 21 29 3926 514ZA 050 481334 5099999999999999 720  61928 1599999999999999
 47 52 52 46 36 24 12  4  1  4 13 25 38 49 55 54 47 36 27 19 16 17 24 3526 515ZA 132 531421 5699999999999999 8 2  12012 1699999999999999
 45 53 58 56 46 32 18  7 -1 -3  3 15 29 43 55 60 56 46 35 26 20 17 21 2926 516ZA 212 5815 5 6099999999999999 845 -32057 1799999999999999
 41 51 59 62 56 43 27 13  3 -4 -4  4 18 34 48 59 61 55 44 34 26 20 19 2426 517ZA 251 621547 6299999999999999 930 -52143 1999999999999999
 35 46 57 63 63 54 39 23 10  0 -5 -3  8 23 38 52 61 61 52 41 32 25 21 2126 518ZA 331 651630 62999999999999991015 -52229 2099999999999999
 28 39 51 60 65 62 50 34 20  9  0 -3  1 12 27 42 54 60 58 49 39 31 25 2226 519ZA 411 651713 609999999999999911 0 -32316 2199999999999999
 23 31 42 53 60 62 57 45 31 19  9  2  0  6 18 31 44 54 57 54 45 37 30 2526 520ZA 452 631759 57999999999999991147  0999999999999999999999
 22 25 33 43 52 57 58 52 40 28 19 11  6  5 11 22 34 44 52 54 50 42 35 3026 521ZA 537 581848 5499999999999999 0 4 221235  599999999999999
 25 23 26 33 42 48 52 52 46 37 28 20 14 10 10 16 25 35 44 49 50 47 40 3526 522ZA 627 531941 5199999999999999 056 231327  999999999999999
 30 25 24 26 32 38 43 46 46 42 35 29 23 18 14 15 19 27 35 42 47 48 45 3926 523ZA 729 472039 4899999999999999 156 241427 1499999999999999
 34 29 25 23 24 28 33 38 41 42 40 36 31 26 22 18 18 21 27 35 42 46 47 4426 524ZA 847 422141 4799999999999999 3 9 231537 1799999999999999
 39 34 29 24 21 21 24 29 34 39 41 40 38 34 30 25 20 19 22 28 35 42 46 4726 525ZA1021 412245 4799999999999999 429 211648 1999999999999999
 44 40 34 28 22 18 17 21 26 32 38 42 43 41 38 32 26 21 20 23 29 37 43 4726 526ZA1154 432347 4899999999999999 538 171750 2099999999999999
 48 46 40 33 26 19 14 14 18 25 33 40 45 47 45 40 34 27 22 21 25 32 39 4626 527ZA13 1 47999999999999999999999 632 141843 2199999999999999
 50 51 47 40 31 22 15 11 12 18 27 36 44 50 51 48 41 34 27 22 22 27 35 4326 528ZA 042 511350 5199999999999999 718 111931 2299999999999999
 49 53 53 48 38 28 18 11  9 12 20 30 40 49 54 54 49 41 33 27 23 25 31 3926 529ZA 127 541431 5599999999999999 8 0  92015 2399999999999999
 48 54 57 55 46 35 23 15  9  8 13 23 34 45 54 58 55 48 39 32 27 24 27 3526 530ZA 2 6 5715 8 5899999999999999 840  82058 2499999999999999
 44 53 59 59 54 43 30 19 11  7  9 16 27 39 50 58 59 54 46 37 31 26 26 3126 531ZA 240 601543 5999999999999999 918  72137 2699999999999999
 40 50 58 62 60 51 38 25 16  9  7 11 20 33 45 55 59 58 51 42 35 29 26 2826 6 1ZA 312 621615 6099999999999999 954  72215 2699999999999999
 34 44 54 61 62 57 45 32 21 13  8  9 15 26 38 49 57 59 55 47 39 32 28 2726 6 2ZA 343 631647 59999999999999991028  82250 2699999999999999
 30 38 48 57 62 60 52 39 27 17 11  9 11 19 31 43 52 57 56 50 43 35 30 2726 6 3ZA 414 621719 579999999999999911 0  92325 2699999999999999
 27 32 41 51 58 60 55 45 33 22 15 10 10 15 24 36 46 53 55 52 46 39 33 2826 6 4ZA 448 601753 56999999999999991132 10999999999999999999999
 26 28 35 43 51 56 56 49 39 28 20 14 11 13 20 29 39 48 53 53 49 42 36 3026 6 5ZA 525 571830 5399999999999999 0 1 2612 5 1199999999999999
 27 26 29 36 44 50 53 51 44 34 25 18 14 13 17 23 32 41 48 51 50 45 39 3326 6 6ZA 6 7 531913 5299999999999999 039 261242 1399999999999999
 29 26 26 30 36 42 47 49 47 40 32 24 19 16 16 20 27 34 42 48 50 48 43 3726 6 7ZA 657 4920 0 5099999999999999 125 261326 1699999999999999
 32 28 25 26 29 34 40 45 47 44 39 32 26 21 19 19 23 29 36 43 48 50 47 4226 6 8ZA 758 472050 5099999999999999 222 251422 1999999999999999
 36 31 27 24 24 27 32 38 43 45 44 40 34 29 25 22 22 25 31 38 45 49 50 4726 6 9ZA 9 9 452143 5099999999999999 333 241532 2299999999999999
 42 36 31 25 22 21 24 29 36 42 46 46 43 38 33 28 25 25 27 33 41 47 51 5226 610ZA1029 462241 5299999999999999 445 211642 2499999999999999
 49 44 37 30 23 18 17 20 27 35 43 48 49 47 43 37 31 28 27 30 36 44 50 5526 611ZA1153 492343 5699999999999999 546 171744 2799999999999999
 55 52 46 37 28 19 14 13 17 26 35 45 51 54 52 47 40 34 29 29 32 39 47 5426 612ZA13 6 54999999999999999999999 640 131840 2999999999999999
 59 60 56 47 36 25 16 10 10 15 25 36 47 55 59 56 49 42 35 31 30 35 42 5126 613ZA 044 6014 3 5999999999999999 733  91936 3099999999999999
 58 63 64 59 47 34 22 12  6  7 14 25 38 51 60 63 59 50 42 36 32 31 36 4526 614ZA 139 651453 6399999999999999 825  62033 3199999999999999
 54 62 68 68 60 46 31 19  9  4  5 14 27 41 54 64 65 59 50 41 35 31 31 3726 615ZA 229 691539 6599999999999999 917  32129 3199999999999999
 47 57 66 71 69 58 43 28 16  7  2  5 16 30 45 58 66 65 57 48 40 34 30 3026 616ZA 316 711623 669999999999999910 7  22223 2999999999999999
 37 48 59 67 71 67 55 39 26 15  6  3  8 19 34 49 61 66 63 54 45 38 31 2726 617ZA 4 2 7117 7 66999999999999991055  32313 2799999999999999
 29 38 49 59 66 69 63 50 36 24 14  6  5 12 24 39 52 62 65 60 51 43 35 2826 618ZA 447 691751 65999999999999991141  4999999999999999999999
 25 29 37 48 57 63 64 57 45 33 23 14  8  9 17 30 43 54 62 62 56 47 39 3226 619ZA 534 651835 6399999999999999 0 2 251225  899999999999999
 26 24 28 37 47 54 59 58 52 41 32 23 16 12 15 23 34 46 55 60 59 53 44 3626 620ZA 624 591919 6199999999999999 049 241310 1299999999999999
 30 25 24 28 36 44 51 54 53 47 39 31 25 19 17 20 28 38 48 55 59 56 49 4126 621ZA 719 5420 3 5999999999999999 139 231356 1799999999999999
 34 28 24 24 28 35 41 47 50 49 45 39 33 28 24 22 26 33 42 50 55 57 53 4726 622ZA 819 502048 5799999999999999 235 231449 2299999999999999
 40 34 28 24 24 27 33 39 45 48 48 45 40 36 32 28 27 30 36 44 51 55 55 5226 623ZA 928 482137 5699999999999999 339 241550 2799999999999999
 46 40 34 29 24 23 26 32 38 43 47 48 47 44 40 36 32 31 33 39 46 52 55 5526 624ZA1053 482233 5599999999999999 446 231654 3199999999999999
 52 47 41 34 28 24 22 25 31 38 44 48 50 50 48 43 39 35 33 35 41 48 53 5626 625ZA1225 512339 5699999999999999 548 221755 3399999999999999
 56 54 49 42 34 27 22 21 25 31 38 45 51 54 54 51 46 40 36 35 38 43 50 5526 626ZA1331 55999999999999999999999 643 211852 3599999999999999
 58 59 56 50 41 32 25 20 20 24 32 40 48 55 58 58 53 47 41 37 36 39 45 5226 627ZA 045 591420 5999999999999999 734 201945 3699999999999999
 58 62 62 58 49 39 29 22 18 19 25 33 43 52 59 62 59 53 46 41 37 37 41 4726 628ZA 136 6215 0 6299999999999999 821 182036 3699999999999999
 55 62 65 64 57 46 35 25 19 16 18 26 36 47 56 62 63 58 51 44 39 36 37 4226 629ZA 218 651535 6399999999999999 9 5 162122 3699999999999999
 50 59 65 68 64 54 42 30 21 16 15 19 28 40 52 60 64 62 56 48 41 36 34 3626 630ZA 254 6816 8 6499999999999999 945 1422 4 3499999999999999
 43 53 62 68 68 61 49 36 25 18 13 14 21 32 45 56 63 64 59 52 44 38 33 3226 7 1ZA 329 691638 64999999999999991021 132242 3299999999999999
 37 45 56 64 68 65 55 43 30 21 14 12 16 25 38 50 60 64 62 55 47 40 33 3026 7 2ZA 4 3 6817 9 64999999999999991054 122317 3099999999999999
 31 38 48 58 65 66 60 49 36 25 17 13 13 20 31 43 55 62 63 58 51 42 35 2926 7 3ZA 439 671740 63999999999999991125 122352 2799999999999999
 27 31 39 50 59 64 62 54 43 31 22 15 13 16 25 37 48 58 62 61 54 46 38 3126 7 4ZA 518 641813 63999999999999991156 13999999999999999999999
 26 27 32 41 51 58 61 58 49 38 28 20 16 16 21 31 42 53 60 62 58 50 41 3426 7 5ZA 6 0 611849 6299999999999999 028 261229 1599999999999999
 28 25 27 33 42 51 57 58 54 45 35 27 21 19 21 27 37 47 56 61 60 55 46 3826 7 6ZA 646 581926 6199999999999999 1 6 2513 5 1999999999999999
 31 27 25 28 34 42 50 55 56 51 43 35 29 25 24 27 33 42 51 58 61 59 52 4426 7 7ZA 738 5620 6 6199999999999999 151 251346 2499999999999999
 36 30 27 26 28 34 42 49 53 54 50 44 37 32 30 29 32 39 47 54 59 61 58 5126 7 8ZA 837 542049 6199999999999999 247 251437 2999999999999999
 43 37 31 27 25 28 33 40 47 52 53 51 46 41 38 35 35 37 43 50 57 61 61 5826 7 9ZA 948 532140 6299999999999999 355 251542 3599999999999999
 52 45 38 32 26 24 26 31 38 46 51 54 53 51 47 43 40 39 41 46 52 58 62 6326 710ZA1118 542246 6399999999999999 5 7 241655 3999999999999999
 60 55 48 39 31 25 21 23 28 36 44 51 56 58 56 52 47 43 41 43 47 54 59 6426 711ZA1252 58999999999999999999999 615 2118 7 4199999999999999
 66 64 59 50 40 30 22 18 19 25 34 44 53 60 62 60 55 49 45 42 43 47 54 6026 712ZA 010 6614 0 6299999999999999 718 181919 4299999999999999
 66 69 69 62 51 39 28 19 14 15 22 33 45 56 64 67 63 56 50 44 41 41 46 5326 713ZA 123 701451 6799999999999999 817 142028 4099999999999999
 61 68 73 72 63 50 37 24 15 10 12 21 34 47 60 69 70 64 56 48 42 37 37 4326 714ZA 221 731535 7099999999999999 912 102129 3799999999999999
 52 62 71 76 73 62 47 33 21 12  8 12 22 37 52 65 72 70 62 53 45 37 33 3426 715ZA 311 761616 729999999999999910 1  82221 3299999999999999
 41 52 63 72 76 71 58 43 30 18  9  7 14 27 42 58 69 73 68 59 49 40 32 2826 716ZA 358 761655 73999999999999991046  723 7 2899999999999999
 31 40 52 64 72 73 66 53 39 27 16  9 10 19 33 49 63 71 72 64 54 44 34 2726 717ZA 442 741733 73999999999999991127  82350 2499999999999999
 24 30 40 53 63 69 69 61 48 36 25 16 12 15 26 41 55 66 71 69 59 48 38 3026 718ZA 527 701810 729999999999999912 6 12999999999999999999999
 24 23 31 42 53 61 66 64 55 44 33 25 18 17 23 34 48 59 67 69 64 54 43 3426 719ZA 612 661846 7099999999999999 031 231243 1699999999999999
 27 23 25 33 43 52 59 62 58 50 41 33 27 23 24 31 42 53 62 67 66 59 49 4026 720ZA 658 621921 6799999999999999 112 231321 2299999999999999
 32 27 25 28 35 43 51 56 58 54 48 40 35 31 29 31 38 47 56 63 65 62 55 4626 721ZA 747 581958 6599999999999999 156 2514 2 2999999999999999
 39 33 29 28 30 36 44 50 54 55 52 47 43 39 36 35 37 43 51 58 62 63 59 5326 722ZA 843 552038 6399999999999999 249 271453 3599999999999999
 46 40 35 31 30 32 37 43 48 52 53 52 49 47 44 41 40 42 47 53 58 61 61 5826 723ZA 956 532126 6199999999999999 355 3016 0 4099999999999999
 53 47 42 37 33 31 32 37 42 47 51 53 54 53 51 49 46 44 45 48 53 58 60 6026 724ZA1156 542233 6199999999999999 5 8 311714 4499999999999999
 59 55 50 44 38 33 30 31 35 41 46 51 55 58 58 55 52 48 46 46 49 53 58 6126 725ZA1329 58999999999999999999999 617 301826 4599999999999999
 62 61 58 52 44 37 31 28 29 33 40 47 54 59 62 61 58 53 48 45 45 48 53 5826 726ZA 0 8 621418 6299999999999999 717 281932 4599999999999999
 63 65 64 59 51 42 34 27 25 26 32 40 49 57 63 65 63 57 51 46 43 43 47 5426 727ZA 117 651455 6599999999999999 810 252028 4399999999999999
 60 66 68 66 59 48 38 29 23 21 24 32 42 53 62 67 67 62 55 48 43 40 41 4726 728ZA 2 4 681527 6899999999999999 854 212115 4099999999999999
 55 63 69 70 65 55 43 32 24 18 18 24 34 47 58 66 69 66 59 50 43 38 36 3926 729ZA 242 711555 6999999999999999 932 182154 3699999999999999
 47 57 67 72 70 62 50 37 26 18 15 18 26 39 53 64 70 69 62 53 45 37 32 3226 730ZA 318 721621 709999999999999910 6 152229 3199999999999999
 38 49 60 69 72 67 57 43 31 21 15 14 20 32 46 59 68 70 66 57 47 38 31 2726 731ZA 354 721648 71999999999999991037 1423 2 2799999999999999
 30 40 52 63 70 70 63 50 37 26 18 14 17 26 39 53 65 71 69 61 50 40 31 2526 8 1ZA 430 711716 719999999999999911 7 142334 2499999999999999
 25 31 42 55 65 70 67 57 44 32 23 17 16 22 34 47 60 69 71 65 55 44 34 2626 8 2ZA 5 8 701745 71999999999999991136 15999999999999999999999
 23 25 34 46 57 66 68 62 52 40 30 22 19 22 30 42 55 65 70 68 60 49 38 3026 8 3ZA 548 681816 7099999999999999 0 7 2312 7 1999999999999999
 24 23 28 38 49 58 65 65 58 48 37 30 25 24 29 39 50 61 68 70 65 55 44 3526 8 4ZA 631 661848 7099999999999999 041 231238 2499999999999999
 28 24 25 31 40 50 58 63 61 55 46 38 33 30 32 37 47 56 64 68 68 61 51 4226 8 5ZA 718 631923 6999999999999999 120 241311 3099999999999999
 34 29 26 28 34 42 50 57 60 58 53 46 41 38 37 39 44 52 60 65 68 65 59 5026 8 6ZA 812 6020 1 6899999999999999 2 9 261351 3799999999999999
 42 36 31 29 30 34 41 48 54 57 57 53 49 46 44 44 45 49 55 61 65 66 64 5826 8 7ZA 921 572050 6699999999999999 317 291452 4499999999999999
 51 45 39 34 30 29 32 38 45 51 55 57 56 54 52 50 49 49 51 56 60 64 65 6426 8 8ZA11 6 5722 5 6599999999999999 442 291628 4899999999999999
 60 55 49 42 35 29 27 29 34 41 48 55 59 60 60 57 54 51 49 50 54 58 62 6526 8 9ZA13 5 60999999999999999999999 6 3 2718 7 4999999999999999
 66 65 60 52 43 34 26 23 24 30 38 47 57 63 66 64 60 55 50 47 47 50 55 6126 810ZA 0 1 6614 5 6699999999999999 713 221931 4699999999999999
 66 70 69 63 53 42 31 22 18 20 27 37 49 61 69 71 67 60 53 46 42 41 45 5226 811ZA 124 701446 7199999999999999 812 182036 4199999999999999
 61 69 74 72 64 52 39 27 17 13 17 26 40 54 67 74 73 66 57 48 40 35 35 4126 812ZA 220 741523 7499999999999999 9 2 132127 3499999999999999
 51 62 71 76 73 62 48 34 22 13 11 17 30 45 61 73 77 72 62 52 42 33 28 3026 813ZA 3 8 761558 7799999999999999 946 112211 2899999999999999
 39 52 64 74 77 71 58 43 30 19 11 12 21 36 53 67 77 77 69 56 45 34 26 2326 814ZA 351 771631 78999999999999991026 112251 2399999999999999
 28 40 54 66 74 75 66 52 39 27 17 12 17 29 45 61 73 78 74 62 49 38 27 2126 815ZA 433 7617 4 789999999999999911 4 122328 2099999999999999
 21 30 43 56 67 73 70 60 47 35 25 18 17 25 38 54 67 75 76 68 55 42 32 2326 816ZA 513 731735 77999999999999991138 16999999999999999999999
 19 23 33 46 58 67 69 64 54 43 33 26 22 24 34 48 61 71 75 72 61 48 37 2826 817ZA 553 6918 6 7599999999999999 0 4 191212 2299999999999999
 22 21 27 38 50 59 65 65 59 50 41 34 29 28 33 43 55 65 71 72 66 55 44 3426 818ZA 633 661835 7299999999999999 039 211244 2899999999999999
 28 25 26 33 42 51 58 62 60 55 48 41 37 35 36 41 50 59 66 69 67 60 50 4126 819ZA 714 6219 6 6999999999999999 115 251316 3599999999999999
 35 31 29 31 37 45 52 57 59 57 53 48 44 42 41 43 47 54 61 65 66 63 56 4826 820ZA 8 3 591940 6699999999999999 157 291356 4199999999999999
 42 38 35 34 35 39 45 50 54 56 55 53 51 49 48 47 48 51 56 60 63 62 59 5426 821ZA 910 562023 6399999999999999 258 3415 5 4799999999999999
 49 45 41 38 36 36 39 43 48 51 54 55 55 55 54 52 51 50 52 55 58 60 60 5826 822ZA1158 552129 6099999999999999 426 361647 5099999999999999
 56 52 48 43 39 36 35 36 40 45 50 54 57 59 60 58 55 52 50 50 52 56 58 6026 823ZA1334 602335 6099999999999999 553 351822 5099999999999999
 60 58 55 50 43 37 33 31 33 37 44 50 57 61 64 63 59 54 50 47 47 49 54 5826 824ZA1412 64999999999999999999999 7 0 311932 4699999999999999
 61 63 61 56 49 40 33 28 26 29 36 44 53 61 66 67 63 57 50 45 42 43 47 5326 825ZA 1 3 631440 6799999999999999 751 262022 4299999999999999
 60 65 66 63 55 45 35 27 23 22 27 36 48 58 66 69 67 61 52 44 39 36 39 4626 826ZA 151 6615 5 6999999999999999 832 2221 1 3699999999999999
 55 63 69 68 62 51 39 29 21 18 21 29 40 53 64 71 70 64 55 45 37 31 31 3726 827ZA 229 691528 7199999999999999 9 6 182134 3099999999999999
 47 58 67 71 68 59 46 33 23 17 16 22 33 47 61 70 73 68 59 47 37 29 25 2826 828ZA 3 5 721551 7399999999999999 938 1622 6 2599999999999999
 37 50 62 71 72 66 53 40 28 19 15 18 27 41 56 68 74 72 63 51 39 29 22 2126 829ZA 340 731615 759999999999999910 9 152237 2099999999999999
 28 40 54 66 73 71 61 48 35 24 18 17 23 35 50 64 73 75 68 56 43 31 22 1826 830ZA 417 731642 76999999999999991039 1623 8 1899999999999999
 21 31 45 59 69 73 67 56 42 31 23 19 22 31 45 59 70 76 73 62 48 36 25 1826 831ZA 454 7317 9 769999999999999911 9 192340 1799999999999999
 17 24 36 50 62 70 70 63 51 39 30 25 24 30 41 55 66 74 75 68 55 42 31 2226 9 1ZA 532 711739 75999999999999991139 24999999999999999999999
 18 20 29 41 54 63 69 66 58 47 38 32 29 31 39 50 62 70 74 71 62 49 37 2926 9 2ZA 613 6918 9 7499999999999999 014 1812 9 2999999999999999
 23 21 25 34 45 55 62 65 62 54 46 40 37 36 40 47 57 65 71 71 67 57 46 3626 9 3ZA 658 651841 7299999999999999 052 211240 3699999999999999
 30 26 25 29 37 46 54 59 61 58 52 47 44 43 43 47 53 60 66 68 67 62 54 4526 9 4ZA 753 611918 6899999999999999 139 251315 4399999999999999
 38 34 30 29 32 37 44 50 55 57 56 53 51 49 49 49 51 55 59 63 64 63 60 5426 9 5ZA 9 8 5720 9 6499999999999999 250 291427 4999999999999999
 48 43 38 34 31 31 34 40 46 51 55 57 57 56 55 53 52 51 53 56 58 60 61 6026 9 6ZA1123 572152 6199999999999999 426 311641 5199999999999999
 57 52 47 41 35 30 28 30 35 42 49 56 60 62 61 59 55 51 48 48 50 53 57 6026 9 7ZA1313 62999999999999999999999 556 281832 4899999999999999
 62 61 57 50 42 33 26 23 25 31 40 50 59 65 67 65 59 53 46 42 41 44 49 5526 9 8ZA 014 621353 6799999999999999 7 4 231942 4199999999999999
 62 66 66 60 51 40 29 21 18 22 30 42 54 65 71 70 65 56 47 39 34 34 39 4726 9 9ZA 127 671426 7199999999999999 757 182031 3399999999999999
 56 65 70 69 60 48 36 25 17 15 21 33 46 60 71 75 71 61 50 40 31 26 28 3626 910ZA 217 711458 7599999999999999 842 152112 2699999999999999
 47 59 69 73 69 58 44 32 21 14 15 25 39 54 68 76 76 67 55 42 31 22 20 2526 911ZA 3 0 731529 7799999999999999 922 142150 2099999999999999
 37 50 63 72 74 66 53 40 28 18 15 19 32 47 62 74 79 73 61 47 34 23 16 1726 912ZA 340 741559 7999999999999999 959 152226 1699999999999999
 26 40 54 67 73 71 61 48 36 26 19 18 26 41 56 69 78 77 68 53 39 27 18 1426 913ZA 418 741628 79999999999999991034 1723 0 1499999999999999
 19 30 45 59 69 72 67 55 43 33 25 22 25 36 50 64 74 78 72 60 45 32 22 1626 914ZA 454 721656 789999999999999911 7 222332 1599999999999999
 16 24 37 51 62 68 68 61 50 40 33 28 27 33 45 59 69 75 74 65 52 38 28 2126 915ZA 530 691723 76999999999999991138 27999999999999999999999
 18 21 31 43 55 63 66 64 56 47 40 35 32 34 42 53 64 71 73 68 58 45 35 2726 916ZA 6 6 661748 7399999999999999 0 2 1812 7 3299999999999999
 23 23 28 37 48 56 61 62 59 52 46 41 39 38 42 49 58 65 69 68 61 52 42 3426 917ZA 643 631815 6999999999999999 032 231233 3899999999999999
 29 28 29 34 42 49 55 58 58 55 51 47 44 44 45 48 53 60 64 65 62 56 48 4126 918ZA 726 591846 6599999999999999 1 5 2813 3 4499999999999999
 36 33 32 34 38 43 48 53 55 55 53 51 50 49 49 49 51 54 58 60 60 57 52 4726 919ZA 829 551926 6199999999999999 152 3214 3 4999999999999999
 42 39 37 36 36 38 41 45 49 52 53 54 54 54 53 52 51 51 52 54 56 56 54 5126 920ZA1157 542033 5699999999999999 326 351629 5099999999999999
 48 45 42 39 36 34 35 38 42 46 51 54 56 58 57 55 52 49 47 48 49 52 53 5426 921ZA1314 582251 5499999999999999 516 341821 4799999999999999
 53 51 48 43 38 33 30 31 34 39 46 52 57 60 61 59 54 49 44 42 42 45 50 5426 922ZA1343 61999999999999999999999 628 301920 4299999999999999
 56 57 54 49 42 34 28 26 26 31 39 48 56 62 64 62 57 49 42 37 35 37 43 5026 923ZA 041 5714 6 6499999999999999 717 251959 3599999999999999
 56 60 60 56 47 38 29 23 21 24 32 42 53 61 66 66 60 52 42 34 29 29 34 4326 924ZA 130 611426 6799999999999999 755 212031 2899999999999999
 53 61 65 63 55 44 33 24 19 19 25 35 48 59 67 69 65 55 44 33 25 22 25 3426 925ZA 2 9 651448 7099999999999999 829 1821 2 2299999999999999
 46 58 66 68 63 52 39 28 20 17 20 29 42 56 67 72 70 60 48 35 24 17 17 2426 926ZA 246 681511 7299999999999999 9 2 172133 1699999999999999
 36 51 63 70 69 60 47 35 24 18 18 25 37 51 64 73 74 67 53 39 26 16 12 1626 927ZA 322 711537 7599999999999999 934 1722 5 1299999999999999
 26 41 57 68 73 68 56 43 31 23 19 22 32 46 60 72 77 73 60 45 31 19 12 1126 928ZA 359 7316 5 779999999999999910 6 192238 1099999999999999
 18 32 47 62 71 72 64 51 39 30 24 23 29 42 56 68 76 76 68 53 37 25 15 1026 929ZA 436 731634 77999999999999991039 232312 1099999999999999
 13 23 38 53 65 71 69 59 47 37 31 27 29 38 51 63 72 76 73 61 46 32 22 1526 930ZA 515 7117 4 76999999999999991112 272348 1399999999999999
 13 18 29 43 56 65 68 64 54 45 38 34 33 37 46 58 67 73 73 67 54 40 29 222610 1ZA 556 681735 74999999999999991145 33999999999999999999999
 17 18 24 35 46 56 62 63 59 51 44 40 38 39 44 52 61 67 70 68 60 49 38 302610 2ZA 643 6418 8 7099999999999999 029 171220 3899999999999999
 25 22 23 29 37 46 53 58 59 55 50 46 44 43 44 48 54 60 63 64 62 55 47 392610 3ZA 740 591848 6499999999999999 120 2213 7 4399999999999999
 34 30 27 27 30 36 43 49 54 55 54 52 50 49 48 47 49 52 55 57 58 57 53 482610 4ZA 9 1 551954 5899999999999999 232 271445 4799999999999999
 43 39 34 30 28 29 33 39 45 51 54 55 55 54 52 49 47 46 46 48 51 53 54 532610 5ZA1110 552210 5499999999999999 410 2817 1 4699999999999999
 51 47 43 37 31 27 26 29 35 43 50 56 59 59 57 53 48 42 39 39 41 45 50 542610 6ZA1238 59999999999999999999999 538 261834 3999999999999999
 56 55 52 45 37 29 23 22 26 34 43 52 60 63 63 58 51 43 35 31 31 36 42 502610 7ZA 017 561318 6499999999999999 641 221926 3199999999999999
 56 60 60 54 45 35 26 20 20 26 35 47 57 65 67 64 56 45 35 27 23 25 32 422610 8ZA 120 611352 6899999999999999 730 1920 8 2399999999999999
 52 61 65 62 54 43 31 22 17 19 28 40 53 64 70 69 61 50 38 27 19 17 22 332610 9ZA 2 6 651424 7199999999999999 813 172045 1799999999999999
 45 57 65 68 62 51 39 28 20 17 22 33 47 60 70 73 68 56 42 29 19 13 14 23261010ZA 246 681455 7399999999999999 852 172121 1299999999999999
 36 50 62 69 68 59 47 35 26 20 20 28 41 55 67 74 73 63 48 34 22 13 10 15261011ZA 324 701524 7599999999999999 929 192155 1099999999999999
 27 41 55 66 70 66 55 43 33 25 22 25 36 50 63 72 75 69 56 40 27 17 11 11261012ZA 4 0 701552 759999999999999910 4 222228 1099999999999999
 20 33 48 60 68 68 61 50 39 32 27 26 32 45 58 69 74 73 63 48 33 22 15 12261013ZA 434 691618 75999999999999991037 262259 1299999999999999
 16 26 40 53 63 67 64 56 46 38 32 30 32 40 52 64 71 73 67 55 40 28 20 16261014ZA 5 7 671644 739999999999999911 7 302328 1599999999999999
 16 22 34 46 57 63 64 59 51 43 37 34 34 38 47 58 66 70 68 60 47 35 26 21261015ZA 540 6417 9 70999999999999991135 342355 1999999999999999
 19 22 29 40 50 57 61 60 54 48 42 39 38 39 44 52 60 65 66 61 52 41 32 26261016ZA 614 611737 669999999999999912 2 38999999999999999999999
 23 24 28 35 43 51 55 57 55 51 46 43 41 41 43 48 54 59 61 60 54 46 38 32261017ZA 654 5718 9 6199999999999999 023 231233 4199999999999999
 28 27 28 32 37 43 49 52 53 52 49 47 45 44 44 46 48 52 55 56 54 49 43 38261018ZA 750 531850 5699999999999999 1 1 271328 4499999999999999
 33 31 30 31 33 37 41 46 49 50 50 49 49 47 46 45 45 46 48 50 51 49 46 43261019ZA 925 501959 5199999999999999 2 9 301544 4599999999999999
 39 36 33 31 30 31 34 38 43 47 50 51 52 51 49 46 43 41 41 42 45 47 48 47261020ZA1153 522157 4899999999999999 4 6 301743 4199999999999999
 45 42 38 34 30 28 28 31 36 42 47 52 54 54 52 48 43 38 35 34 37 41 46 49261021ZA1240 542355 5099999999999999 532 281839 3499999999999999
 50 48 45 39 33 27 24 25 29 35 43 50 55 57 56 52 45 37 31 28 28 33 40 47261022ZA13 8 58999999999999999999999 626 241917 2799999999999999
 53 54 52 46 38 30 24 21 23 29 38 48 56 60 61 56 48 38 29 22 21 24 32 42261023ZA 058 541334 6199999999999999 7 8 211950 2199999999999999
 52 58 59 55 46 36 27 21 20 24 32 43 54 62 65 62 53 42 30 20 15 16 23 34261024ZA 143 5914 0 6599999999999999 745 202023 1499999999999999
 47 58 64 63 55 44 33 24 20 21 27 38 51 62 68 68 60 48 34 21 12  9 13 24261025ZA 223 641429 6999999999999999 822 192057  999999999999999
 38 52 63 68 64 53 41 31 23 21 24 34 46 59 69 73 68 56 40 26 14  7  7 14261026ZA 3 2 681459 7399999999999999 858 212133  699999999999999
 28 44 58 68 69 62 50 38 29 24 23 30 41 55 66 74 74 65 49 33 19  9  4  7261027ZA 340 701531 7599999999999999 935 232210  499999999999999
 18 33 49 62 70 68 58 46 36 29 26 28 36 49 62 71 76 72 59 42 27 15  8  5261028ZA 419 7016 4 76999999999999991013 262250  599999999999999
 11 23 39 53 64 69 64 54 43 36 31 29 33 43 55 66 73 74 66 52 37 24 15  9261029ZA 5 0 691639 74999999999999991052 292331  899999999999999
  9 16 29 43 55 63 65 59 50 42 36 33 33 38 48 58 66 70 69 60 46 33 23 16261030ZA 543 651715 70999999999999991134 32999999999999999999999
 12 14 22 33 44 54 60 60 55 47 42 38 36 36 42 50 58 63 65 62 53 42 32 25261031ZA 632 611755 6599999999999999 017 121221 3599999999999999
 20 17 19 26 35 44 51 56 56 52 47 43 40 38 39 43 48 54 57 58 55 49 41 342611 1ZA 730 571847 5899999999999999 1 9 171322 3899999999999999
 29 24 22 23 27 34 41 48 52 53 51 48 45 42 40 39 40 44 47 50 51 50 47 422611 2ZA 842 5320 8 5199999999999999 217 211451 3999999999999999
 37 33 28 25 24 27 32 39 46 51 53 52 49 47 43 39 36 35 37 40 44 47 48 472611 3ZA10 8 5322 6 4899999999999999 341 241640 3599999999999999
 45 41 36 31 26 23 25 30 38 45 51 54 54 52 47 42 36 31 29 30 34 40 45 492611 4ZA1128 542357 5099999999999999 5 3 2318 0 2999999999999999
 50 49 45 38 31 25 22 24 30 38 47 53 57 57 53 46 38 30 24 22 25 31 39 462611 5ZA1225 57999999999999999999999 6 6 221852 2299999999999999
 52 54 52 47 39 30 23 21 24 32 41 50 57 61 59 52 43 32 23 17 17 22 30 402611 6ZA 1 3 5413 9 6199999999999999 656 211935 1699999999999999
 50 57 58 55 47 37 28 22 21 26 35 46 55 62 64 59 49 37 26 17 12 14 22 332611 7ZA 150 591346 6499999999999999 740 212013 1299999999999999
 44 55 61 61 55 45 35 27 22 23 30 41 52 61 66 65 56 43 30 19 12  9 14 252611 8ZA 230 621420 6799999999999999 821 222051  999999999999999
 37 50 60 64 62 53 42 33 26 23 27 36 48 58 66 69 64 51 37 24 15  9  9 172611 9ZA 3 7 651452 6999999999999999 9 0 232126  899999999999999
 30 43 55 64 65 59 49 39 32 26 26 32 42 54 64 70 68 59 45 30 19 12  9 12261110ZA 342 661521 7099999999999999 938 2522 1  999999999999999
 22 36 49 60 65 63 55 45 37 31 28 30 37 49 60 68 70 65 53 38 25 16 11 11261111ZA 416 651549 70999999999999991013 282233 1099999999999999
 17 29 42 54 62 64 59 50 42 35 31 30 34 43 54 64 68 67 58 45 31 21 15 12261112ZA 448 641617 69999999999999991046 3023 3 1299999999999999
 15 23 35 47 56 61 60 54 46 39 34 32 33 38 48 58 64 66 61 51 38 27 19 15261113ZA 520 611645 66999999999999991117 312332 1599999999999999
 15 20 29 40 50 56 58 55 49 42 37 34 33 36 42 50 58 62 60 54 43 33 24 19261114ZA 553 581716 62999999999999991150 33999999999999999999999
 17 19 25 33 43 50 54 54 51 45 40 37 34 35 38 44 50 55 57 54 47 38 30 23261115ZA 631 551752 5799999999999999 0 1 171226 3499999999999999
 20 20 23 28 36 43 49 51 51 47 43 39 37 35 36 38 43 48 51 51 48 42 35 29261116ZA 718 521839 5299999999999999 037 201316 3599999999999999
 24 22 22 25 30 36 42 46 49 48 46 43 40 37 35 35 37 40 43 46 47 44 40 34261117ZA 817 491944 4799999999999999 125 221436 3599999999999999
 30 26 24 24 26 29 35 40 45 48 47 46 43 40 37 34 33 33 35 39 42 44 43 40261118ZA 927 482112 4499999999999999 240 241620 3299999999999999
 36 33 29 26 24 25 28 34 40 45 48 49 47 44 40 35 31 28 28 30 35 40 44 45261119ZA1038 492251 4599999999999999 412 241733 2799999999999999
 43 40 36 31 26 24 24 28 34 41 47 51 51 49 44 38 31 25 22 22 27 34 41 46261120ZA1138 51999999999999999999999 522 241822 2199999999999999
 49 48 44 38 32 26 23 24 29 37 45 51 55 55 51 43 34 25 18 15 18 25 34 44261121ZA 013 491227 5599999999999999 615 2319 3 1599999999999999
 51 54 53 47 39 31 25 23 25 32 41 50 57 60 58 51 40 29 18 12 10 15 25 36261122ZA 112 5413 9 6099999999999999 7 0 231944 1099999999999999
 48 56 59 56 48 39 30 25 24 28 36 46 56 63 65 60 49 35 22 12  6  7 14 26261123ZA 2 0 591349 6599999999999999 744 242025  599999999999999
 40 53 61 63 58 48 38 30 25 26 31 41 52 62 68 68 59 45 30 16  7  2  5 15261124ZA 244 631428 6999999999999999 828 2521 8  299999999999999
 29 44 57 65 64 56 45 36 29 26 28 35 47 58 67 72 68 56 40 24 12  4  1  6261125ZA 326 6615 7 7299999999999999 913 262152  199999999999999
 18 33 48 61 66 63 53 43 35 29 27 30 39 51 62 70 72 66 51 35 21 10  3  2261126ZA 4 8 661547 7299999999999999 959 272238  199999999999999
  9 22 37 52 62 65 60 50 40 34 29 27 32 42 54 64 70 69 60 46 30 18  9  4261127ZA 451 651628 70999999999999991047 272323  399999999999999
  5 13 27 41 53 61 62 55 46 38 33 28 28 34 44 54 62 66 64 54 40 28 18 11261128ZA 535 631711 66999999999999991135 27999999999999999999999
  7  9 18 30 43 53 59 58 51 43 37 32 28 28 34 43 52 58 60 57 48 37 27 19261129ZA 622 591759 6099999999999999 010  61226 2899999999999999
 13 11 14 22 33 43 52 56 54 48 41 36 31 28 28 33 41 47 52 53 51 44 35 28261130ZA 713 561855 5399999999999999 059 111323 2799999999999999
 22 17 15 18 25 34 43 50 53 51 46 40 35 31 27 27 31 36 42 46 48 46 41 362612 1ZA 8 8 5320 6 4899999999999999 155 151431 2799999999999999
 30 25 21 19 21 27 35 42 48 51 50 45 40 35 30 26 25 27 31 36 41 44 44 422612 2ZA 9 7 512134 4499999999999999 3 0 191551 2599999999999999
 38 34 29 25 22 23 28 35 42 48 51 49 46 40 35 29 24 22 23 27 33 38 43 452612 3ZA1010 512315 4599999999999999 413 2217 9 2199999999999999
 44 41 37 32 27 24 24 29 36 43 49 51 50 47 41 34 27 21 18 19 24 31 38 442612 4ZA1115 51999999999999999999999 520 2318 9 1899999999999999
 48 48 45 40 34 28 24 25 31 38 45 51 53 53 48 40 32 23 17 14 17 23 32 402612 5ZA 037 481217 5499999999999999 618 241859 1499999999999999
 47 52 52 48 42 34 28 25 27 33 41 48 54 57 55 48 38 28 19 13 12 16 24 342612 6ZA 133 5313 8 5799999999999999 7 9 251944 1199999999999999
 44 52 56 55 49 41 34 28 26 29 36 45 52 58 60 56 46 35 24 15 10 11 17 272612 7ZA 217 571351 6099999999999999 756 262026  999999999999999
 38 49 57 60 56 48 40 33 28 27 31 40 49 57 62 62 55 43 30 19 12  8 11 192612 8ZA 256 601428 6399999999999999 840 2721 6  899999999999999
 31 43 54 60 60 54 45 37 31 27 28 34 44 54 61 65 61 51 37 25 15  9  8 132612 9ZA 331 6115 1 6599999999999999 922 272144  899999999999999
 23 36 48 57 61 59 51 42 35 29 27 30 38 48 58 64 64 57 45 31 20 12  8  9261210ZA 4 5 611532 659999999999999910 1 272219  899999999999999
 16 28 41 52 59 60 55 46 38 32 28 27 32 41 52 61 64 61 51 38 25 16 10  8261211ZA 436 6016 3 64999999999999991038 272251  899999999999999
 12 21 34 46 55 59 56 49 41 34 29 26 28 34 44 54 61 61 55 44 31 20 13  9261212ZA 5 7 591634 62999999999999991112 262321  999999999999999
 10 16 27 39 49 55 56 52 44 37 30 26 25 29 36 46 54 58 56 48 36 25 17 11261213ZA 538 5617 9 58999999999999991146 252350 1099999999999999
 10 13 21 31 42 50 54 52 47 40 33 27 25 25 30 38 46 52 54 50 41 31 22 15261214ZA 612 541748 54999999999999991221 24999999999999999999999
 12 12 17 25 35 44 50 52 49 42 36 30 26 24 26 31 38 44 49 49 44 36 28 20261215ZA 650 521833 4999999999999999 022 1113 1 2499999999999999
 16 14 16 21 29 37 45 49 49 45 39 33 28 25 24 26 30 36 42 45 45 41 34 27261216ZA 732 501929 4699999999999999 059 141351 2499999999999999
 22 18 17 20 25 31 39 45 48 47 43 37 32 27 24 23 24 28 33 39 43 43 40 34261217ZA 818 482035 4399999999999999 147 171458 2399999999999999
 29 25 22 21 23 27 33 40 45 48 47 42 37 32 27 23 21 22 25 31 37 41 43 41261218ZA 9 9 482154 4399999999999999 251 211616 2199999999999999
 37 33 29 26 24 25 29 35 42 47 49 47 43 38 32 26 21 18 18 22 29 36 42 45261219ZA10 7 492323 4599999999999999 4 8 241724 1799999999999999
 44 41 37 33 29 26 27 31 37 44 49 51 50 46 40 32 24 17 13 14 19 27 36 43261220ZA1111 51999999999999999999999 518 261821 1399999999999999
 48 49 46 41 36 31 28 29 33 40 47 52 55 54 49 41 30 20 12  9 10 17 26 37261221ZA 045 491219 5599999999999999 619 281914  899999999999999
 46 52 54 50 44 37 31 28 30 35 42 50 56 60 58 51 40 27 16  8  4  7 15 27261222ZA 146 541318 6099999999999999 715 2820 5  499999999999999
 39 50 57 58 52 44 37 31 28 30 36 44 53 60 64 62 52 38 24 12  3  0  4 15261223ZA 235 5814 9 6499999999999999 811 282056  099999999999999
 28 42 54 61 60 52 43 35 29 27 29 36 46 56 64 67 62 50 34 20  8  0 -2  4261224ZA 320 611456 6799999999999999 9 7 272145 -299999999999999
 16 31 46 58 63 59 50 41 33 27 24 27 36 48 58 66 68 60 46 30 16  5 -2 -2261225ZA 4 2 631541 6899999999999999 959 242232 -399999999999999
  6 20 35 50 60 63 56 46 37 29 23 21 26 36 48 59 65 65 55 41 26 14  4 -2261226ZA 444 631626 66999999999999991049 212317 -399999999999999
  0 10 24 40 53 61 60 52 42 33 25 19 19 25 36 48 57 62 60 49 36 23 12  4261227ZA 525 621712 62999999999999991136 18999999999999999999999
  0  4 16 30 44 55 59 56 47 37 29 21 16 17 25 36 46 54 57 53 43 32 21 12261228ZA 6 7 601759 5799999999999999 0 0  01221 1699999999999999
  6  5 11 22 35 46 55 57 52 43 33 25 19 15 17 25 35 43 49 51 47 39 29 21261229ZA 648 571850 5199999999999999 042  413 8 1599999999999999
 15 10 11 17 28 38 48 53 53 47 38 30 23 18 15 18 25 33 40 45 46 43 36 29261230ZA 730 541947 4699999999999999 126 101359 1599999999999999
 23 18 16 17 23 32 41 48 52 50 44 36 28 23 18 16 18 24 31 37 41 42 40 36261231ZA 812 522052 4299999999999999 213 161459 1699999999999999
