 33 29 25 19 14  9  6  4  5  7 12 17 21 25 27 28 29 29 29 30 31 33 35 3726 1 1ZC2337 37999999999999999999999 714  4999999999999999999999
 37 35 31 26 19 13  7  3  1  2  6 11 17 22 26 28 29 29 29 30 30 32 34 3626 1 2ZC9999999999999999999999999999 812  1999999999999999999999
 38 38 36 32 26 19 12  6  1 -1  1  5 11 17 22 26 28 29 29 28 29 29 31 3326 1 3ZC 036 39999999999999999999999 9 8 -1999999999999999999999
 37 39 39 37 32 25 18 10  4  0 -2  0  5 11 17 22 25 27 27 26 26 26 27 2926 1 4ZC 135 391729 279999999999999910 0 -220 8 2699999999999999
 32 36 38 38 36 31 24 16  8  2 -1 -2  0  5 12 18 22 24 25 24 23 23 23 2426 1 5ZC 232 381754 25999999999999991048 -22110 2399999999999999
 26 30 34 36 36 33 28 21 13  7  2 -1 -1  2  7 13 18 21 23 23 22 21 20 2026 1 6ZC 325 361822 23999999999999991132 -22224 2099999999999999
 21 23 27 30 32 32 29 24 17 11  6  2  0  1  5 10 15 19 21 22 21 19 18 1726 1 7ZC 416 321850 22999999999999991212  02343 1799999999999999
 17 18 21 24 27 28 27 24 20 15 10  6  4  3  5  9 13 17 20 21 21 19 18 1626 1 8ZC 5 6 281917 21999999999999991247  3999999999999999999999
 15 15 16 18 20 22 23 22 20 17 13 10  8  7  7 10 13 17 19 21 21 20 18 1626 1 9ZC 559 231942 2199999999999999 055 151314  799999999999999
 15 14 13 14 15 17 18 19 19 17 15 13 12 11 11 12 15 18 20 22 22 22 20 1826 110ZC 7 5 1920 3 2299999999999999 2 6 131323 1199999999999999
 16 14 13 12 12 13 14 15 16 16 16 15 15 15 15 16 17 20 22 23 24 24 23 2126 111ZC 854 162020 2499999999999999 321 121236 1599999999999999
 18 16 14 12 11 10 11 12 13 15 16 16 17 18 18 19 21 22 24 25 26 26 25 2326 112ZC2037 26999999999999999999999 439 10999999999999999999999
 21 18 16 13 11 10  9 10 11 13 15 17 18 19 21 22 23 24 25 27 28 28 28 2626 113ZC21 3 28999999999999999999999 547  9999999999999999999999
 24 21 18 15 12 10  9  9  9 11 14 16 19 20 22 23 24 25 27 28 29 29 30 2926 114ZC2149 30999999999999999999999 640  9999999999999999999999
 27 25 22 18 15 11  9  8  8  9 12 15 18 20 22 24 25 26 27 27 29 30 30 3126 115ZC2250 31999999999999999999999 724  8999999999999999999999
 30 28 25 21 17 13 10  7  6  7  9 12 16 19 22 24 25 25 26 26 27 28 30 3126 116ZC2351 31999999999999999999999 8 5  6999999999999999999999
 31 30 28 25 20 16 11  7  5  5  6  9 13 17 20 22 24 24 24 24 25 26 28 2926 117ZC9999999999999999999999999999 844  5999999999999999999999
 31 31 30 27 23 18 13  8  4  3  3  5  9 14 18 20 22 23 22 22 22 23 24 2626 118ZC 046 31999999999999999999999 922  2999999999999999999999
 29 30 30 29 25 20 15  9  4  1  0  1  5 10 14 18 20 21 21 20 19 20 21 2226 119ZC 135 311715 2199999999999999 958  02010 1999999999999999
 25 28 29 29 27 22 17 11  5  1 -1 -2  1  5 10 15 18 19 19 18 17 17 17 1826 120ZC 219 291732 19999999999999991033 -22059 1799999999999999
 21 24 27 28 27 24 19 13  7  2 -1 -3 -2  2  7 12 15 17 18 17 15 14 14 1426 121ZC 3 2 281750 189999999999999911 6 -32151 1499999999999999
 16 19 22 25 26 24 21 16 10  4  0 -2 -2  0  4 10 14 16 17 16 15 13 12 1126 122ZC 346 2618 6 17999999999999991137 -22248 1199999999999999
 12 14 17 21 23 23 21 18 13  8  4  1  0  1  4  8 13 16 17 17 15 13 11  926 123ZC 433 231822 179999999999999912 5  02351  999999999999999
  9 10 12 16 19 21 21 19 16 12  8  5  4  4  6  9 13 17 18 18 17 15 12  926 124ZC 527 211837 19999999999999991228  4999999999999999999999
  8  7  8 10 14 17 18 18 17 15 12 10  9  8  9 11 15 18 20 21 20 18 15 1126 125ZC 636 181856 2199999999999999 057  71241  899999999999999
  8  7  6  6  9 11 14 16 17 16 15 14 13 13 14 15 17 20 22 24 23 22 19 1526 126ZC 815 171923 2499999999999999 2 8  61233 1399999999999999
 11  8  6  5  5  6  9 12 14 16 16 17 17 17 18 19 20 22 24 26 26 26 24 2126 127ZC20 1 26999999999999999999999 325  5999999999999999999999
 16 12  9  6  4  3  4  7  9 12 15 17 19 20 21 22 23 24 26 27 28 29 28 2626 128ZC2057 29999999999999999999999 448  3999999999999999999999
 22 18 13  9  5  2  1  2  4  8 11 15 18 20 22 23 24 25 26 27 28 30 30 3026 129ZC2213 30999999999999999999999 6 8  1999999999999999999999
 28 24 20 14  9  4  1 -1  0  2  6 11 15 19 21 23 24 24 25 25 26 28 30 3126 130ZC2330 31999999999999999999999 718 -1999999999999999999999
 31 29 26 20 14  8  3 -1 -3 -2  1  6 11 16 19 21 22 22 22 23 23 25 27 2926 131ZC9999999999999999999999999999 817 -3999999999999999999999
 31 32 30 26 20 13  7  1 -3 -5 -4  0  6 11 16 19 20 20 20 19 19 20 22 2526 2 1ZC 039 321636 2199999999999999 9 8 -51928 1999999999999999
 28 31 31 29 25 18 11  4 -1 -5 -6 -4  1  7 12 16 18 19 18 16 16 16 16 1926 2 2ZC 139 311645 1999999999999999 952 -62037 1699999999999999
 22 26 29 29 27 22 16  8  2 -3 -6 -6 -3  3  9 13 16 17 17 15 13 12 12 1326 2 3ZC 234 2917 2 17999999999999991032 -62142 1299999999999999
 16 20 24 26 26 24 19 12  6  0 -3 -5 -4  0  6 11 15 16 16 14 12 10  9  826 2 4ZC 326 271723 179999999999999911 7 -52241  899999999999999
 10 13 17 21 23 22 20 15  9  4  0 -2 -3  0  4 10 14 16 16 15 12  9  7  626 2 5ZC 415 231744 16999999999999991138 -32336  699999999999999
  6  8 11 15 18 19 18 16 12  7  4  2  1  2  5  9 13 16 17 16 14 10  8  626 2 6ZC 5 6 1918 3 179999999999999912 1  1999999999999999999999
  5  5  6 10 13 15 16 15 13 10  7  6  5  5  7 10 14 17 18 17 16 13  9  726 2 7ZC 6 1 161819 1899999999999999 028  41210  599999999999999
  5  4  4  6  8 11 12 13 12 11 10  9  9  9 11 13 16 18 19 19 18 15 12  926 2 8ZC 7 9 131830 1999999999999999 121  41140  999999999999999
  7  5  4  4  6  8  9 10 11 11 11 11 12 13 14 16 18 20 21 21 20 18 16 1226 2 9ZC1840 21999999999999999999999 219  4999999999999999999999
 10  7  6  5  5  5  7  8  9 11 12 13 14 15 16 18 20 21 22 23 22 21 19 1626 210ZC1856 23999999999999999999999 327  4999999999999999999999
 13 10  8  6  5  5  5  6  8  9 11 13 14 16 18 19 21 22 23 24 23 23 21 1926 211ZC1928 24999999999999999999999 449  5999999999999999999999
 17 14 11  8  6  5  4  4  5  7 10 12 14 16 18 19 20 21 22 23 24 24 23 2226 212ZC2032 24999999999999999999999 6 6  4999999999999999999999
 20 17 14 11  8  5  3  3  3  5  7 10 13 15 17 19 19 20 21 21 22 23 23 2326 213ZC2217 23999999999999999999999 7 4  3999999999999999999999
 22 20 17 14 10  6  3  1  1  2  4  7 11 14 16 17 18 18 18 19 20 21 22 2326 214ZC2339 23999999999999999999999 750  1999999999999999999999
 23 22 19 16 12  7  3  0 -2 -2  0  4  8 11 14 16 16 16 16 16 16 17 19 2126 215ZC9999999999999999999999999999 829 -2999999999999999999999
 22 22 21 18 14  9  4  0 -3 -4 -3  0  4  8 11 14 14 14 13 13 12 13 15 1726 216ZC 039 221614 1599999999999999 9 4 -41939 1299999999999999
 20 22 22 20 16 11  6  0 -4 -6 -6 -4  0  5  9 12 13 13 11 10  9  9 10 1226 217ZC 130 221620 1399999999999999 937 -62029  999999999999999
 16 19 21 20 18 14  8  2 -3 -6 -7 -6 -3  2  7 10 12 12 10  8  6  5  6  726 218ZC 217 211630 129999999999999910 8 -72117  599999999999999
 10 15 18 20 19 16 11  5  0 -4 -6 -7 -4  0  5  9 11 12 10  8  5  3  2  226 219ZC 3 4 201642 12999999999999991038 -722 6  299999999999999
  5  9 14 17 18 17 14  9  4 -1 -3 -5 -4  0  5  9 12 13 12  9  5  2  0 -126 220ZC 355 181654 139999999999999911 7 -52257 -199999999999999
  0  3  8 13 16 17 15 12  8  4  1 -1 -1  1  5 10 13 15 14 11  8  3  0 -226 221ZC 450 171710 15999999999999991132 -12350 -399999999999999
 -3 -1  2  7 12 14 15 14 12  8  6  4  4  5  7 11 15 17 17 15 11  7  2 -126 222ZC 556 151729 17999999999999991149  4999999999999999999999
 -3 -4 -2  2  6 10 12 13 13 11 10  9  9  9 11 13 16 19 20 19 16 12  7  326 223ZC 716 131755 2099999999999999 048 -41139  999999999999999
 -1 -3 -4 -2  1  4  8 10 12 12 12 12 12 13 14 16 18 20 21 21 20 17 13  826 224ZC1828 22999999999999999999999 153 -4999999999999999999999
  4  0 -2 -3 -3 -1  2  5  8 10 12 13 14 15 16 18 19 21 22 23 23 21 18 1426 225ZC1916 23999999999999999999999 310 -3999999999999999999999
 10  6  2 -1 -3 -3 -2  0  3  7 10 12 14 16 17 18 19 20 21 22 23 23 22 2026 226ZC2034 23999999999999999999999 440 -3999999999999999999999
 16 12  7  3 -1 -3 -4 -4 -2  2  6  9 12 14 16 17 18 18 19 20 21 22 23 2226 227ZC2213 23999999999999999999999 6 7 -4999999999999999999999
 21 17 13  8  3 -1 -4 -6 -5 -3  1  5  9 12 14 16 16 16 16 16 17 19 21 2226 228ZC2338 23999999999999999999999 716 -6999999999999999999999
 22 21 18 13  8  2 -2 -6 -7 -6 -3  1  6 10 12 14 14 13 13 12 12 14 16 1926 3 1ZC1537 14999999999999999999999 8 9 -719 7 1299999999999999
 21 22 20 17 12  6  1 -4 -7 -8 -6 -2  3  7 10 12 12 11 10  8  8  8 10 1326 3 2ZC 046 221535 1299999999999999 853 -820 9  899999999999999
 17 20 21 19 15 10  4 -1 -6 -8 -8 -5  0  5  9 11 12 10  8  6  4  4  4  726 3 3ZC 146 211545 1299999999999999 931 -821 3  499999999999999
 11 16 18 19 17 13  7  2 -3 -6 -7 -6 -2  3  8 10 11 11  8  5  2  1  0  126 3 4ZC 240 1916 1 119999999999999910 4 -72150  099999999999999
  5 10 14 16 16 14 10  5  0 -3 -5 -5 -3  2  7 10 12 11  9  5  2 -1 -2 -226 3 5ZC 332 161618 12999999999999991033 -52235 -399999999999999
  0  4  9 12 14 14 12  8  4  0 -2 -2 -1  2  7 11 12 13 11  7  3 -1 -3 -426 3 6ZC 424 141634 13999999999999991055 -22317 -499999999999999
 -4 -1  3  8 11 12 12  9  6  4  2  1  2  4  8 11 14 14 13 10  6  1 -2 -426 3 7ZC 518 121648 149999999999999911 7  12357 -599999999999999
 -5 -3  0  4  7  9 10 10  8  6  5  5  5  7 10 13 15 16 15 13  9  4  1 -226 3 8ZC 615 101659 16999999999999991051  5999999999999999999999
 -4 -4 -2  0  4  6  8  9  9  8  8  8  9 10 12 14 16 17 17 15 12  8  4  126 3 9ZC 722  917 9 1799999999999999 040 -41015  899999999999999
 -1 -3 -3 -1  1  4  6  7  8  9  9 10 11 12 14 16 17 18 18 17 15 11  8  426 310ZC1723 18999999999999999999999 126 -3999999999999999999999
  2  0 -1 -1  0  2  3  5  7  8  9 10 12 13 15 16 18 19 19 18 17 14 11  826 311ZC1744 19999999999999999999999 224 -2999999999999999999999
  5  3  1 -1 -1  0  1  3  4  6  8 10 11 13 14 16 17 18 18 18 17 16 14 1126 312ZC1815 18999999999999999999999 340 -1999999999999999999999
  8  6  3  1 -1 -1 -1  0  2  4  6  8 10 12 13 14 15 16 16 17 16 16 15 1326 313ZC1917 17999999999999999999999 512 -1999999999999999999999
 11  8  6  3  0 -2 -2 -2 -1  1  4  6  9 11 12 13 13 13 14 14 14 15 15 1426 314ZC2146 15999999999999999999999 623 -3999999999999999999999
 13 11  8  5  1 -2 -4 -4 -4 -2  1  4  7  9 10 11 11 11 10 11 11 12 13 1426 315ZC1523 112321 1499999999999999 712 -41812 1099999999999999
 14 12 10  7  3 -1 -4 -6 -6 -5 -3  1  4  7  9  9  9  8  7  7  7  8 10 1226 316ZC15 4  9999999999999999999999 751 -619 8  799999999999999
 14 14 12  9  5  1 -3 -6 -8 -8 -5 -2  2  6  8  8  8  6  4  3  3  4  6  926 317ZC 028 1415 1  899999999999999 826 -81952  399999999999999
 12 14 13 12  8  4 -1 -5 -7 -8 -7 -4  1  5  7  8  7  5  3  0 -1 -1  0  426 318ZC 125 1415 4  899999999999999 859 -82034 -199999999999999
  8 12 14 13 11  7  2 -2 -5 -7 -7 -5 -1  4  7  9  8  6  2 -1 -4 -5 -5 -226 319ZC 219 141512  999999999999999 931 -72117 -599999999999999
  3  8 12 14 13 11  7  2 -2 -4 -5 -4 -1  4  8 10 10  8  4 -1 -5 -8 -9 -726 320ZC 316 141525 109999999999999910 2 -522 3 -999999999999999
 -4  2  8 12 14 13 11  7  3  0 -1 -1  1  5  9 12 13 11  8  3 -3 -7-10-1126 321ZC 417 141544 13999999999999991031 -12251-1199999999999999
 -9 -4  2  8 11 13 13 11  7  5  3  3  4  7 11 14 16 15 12  7  1 -4 -9-1126 322ZC 522 1316 9 16999999999999991055  32343-1299999999999999
-12 -9 -5  1  7 10 12 12 11  9  8  7  8  9 12 15 18 18 16 13  7  1 -4 -826 323ZC 632 121638 18999999999999991057  7999999999999999999999
-11-11 -9 -4  1  5  8 10 11 11 10 10 11 12 13 16 18 20 19 17 13  8  2 -326 324ZC 756 111712 2099999999999999 040-111014 1099999999999999
 -7 -9-10 -8 -5 -1  3  7  9 10 11 12 13 13 14 16 18 19 20 19 17 13  8  426 325ZC1756 20999999999999999999999 145-10999999999999999999999
 -1 -5 -7 -8 -8 -5 -2  1  5  7  9 11 12 14 15 15 16 18 19 19 18 17 14 1026 326ZC19 0 19999999999999999999999 3 1 -8999999999999999999999
  5  1 -3 -6 -7 -7 -6 -3  0  4  7  9 11 12 13 14 14 15 15 16 17 17 16 1426 327ZC2037 17999999999999999999999 429 -8999999999999999999999
 11  7  3 -1 -5 -7 -7 -6 -4  0  3  6  9 11 12 12 12 11 11 12 13 15 16 1526 328ZC2222 16999999999999999999999 551 -7999999999999999999999
 14 11  7  3 -1 -4 -7 -8 -6 -4  0  4  7  9 10 10  9  8  7  7  8 10 12 1426 329ZC1424 102348 1599999999999999 654 -81840  799999999999999
 14 13 11  7  3 -1 -5 -7 -7 -6 -2  2  6  8  9  9  7  6  4  3  3  4  7 1026 330ZC1417  9999999999999999999999 742 -71934  399999999999999
 13 13 13 10  6  2 -2 -5 -6 -6 -4  0  5  7  9  9  7  5  2  0 -1 -1  1  526 331ZC 058 131423  999999999999999 821 -72019 -199999999999999
  9 12 12 12  9  5  1 -2 -4 -5 -4  0  4  7  9  9  8  5  1 -2 -4 -5 -3  026 4 1ZC 158 121435 1099999999999999 854 -521 1 -599999999999999
  4  8 11 12 11  8  4  1 -2 -3 -3  0  4  8 10 11 10  7  2 -2 -5 -7 -7 -526 4 2ZC 255 121450 1199999999999999 922 -32139 -799999999999999
 -1  4  8 10 11 10  7  4  2  0  0  1  4  8 11 12 12  9  5  0 -4 -7 -8 -826 4 3ZC 349 1115 6 1299999999999999 945  02216 -899999999999999
 -5  0  5  8 10 11  9  7  5  3  3  4  6  9 12 14 14 12  8  3 -2 -6 -8 -926 4 4ZC 442 111521 1499999999999999 957  32251 -999999999999999
 -7 -4  1  5  8 10 10  9  7  6  6  7  8 11 13 15 15 14 11  6  1 -3 -7 -826 4 5ZC 534 101536 1699999999999999 949  62327 -999999999999999
 -8 -6 -2  2  6  9 10 10  9  8  8  9 10 12 15 16 17 16 14 10  5  0 -4 -626 4 6ZC 629 101551 1799999999999999 928  8999999999999999999999
 -7 -7 -4  0  3  6  8 10 10 10 10 11 12 13 15 17 18 17 16 13  8  4  0 -426 4 7ZC16 9 18999999999999999999999 0 6 -7999999999999999999999
 -5 -6 -5 -2  1  3  6  8  9  9 10 11 12 14 15 17 18 18 17 15 11  7  3  026 4 8ZC1630 18999999999999999999999 050 -6999999999999999999999
 -3 -4 -5 -4 -2  1  3  5  7  8 10 11 12 13 14 16 17 17 16 15 13 10  6  326 4 9ZC1655 17999999999999999999999 141 -5999999999999999999999
  0 -2 -4 -4 -3 -2  0  3  5  7  8 10 11 12 13 14 15 15 15 14 13 11  9  626 410ZC1724 15999999999999999999999 245 -4999999999999999999999
  3  0 -2 -3 -4 -3 -2  0  2  4  6  8 10 11 12 12 12 12 12 12 12 11 10  826 411ZC1818 12999999999999999999999 4 0 -4999999999999999999999
  5  3  0 -2 -4 -4 -4 -3 -1  2  5  7  8  9 10 10 10  9  9  9 10 10 10  926 412ZC1416 102114 1099999999999999 511 -41742  999999999999999
  7  5  2  0 -3 -4 -5 -5 -3  0  3  5  7  8  9  8  7  6  6  6  7  8  9 1026 413ZC1342  923 1 1099999999999999 6 6 -51826  699999999999999
  9  7  5  2 -1 -3 -5 -5 -4 -2  1  5  7  8  8  7  5  3  2  2  2  4  6  926 414ZC1329  8999999999999999999999 649 -519 1  299999999999999
 10 10  8  6  2 -1 -3 -4 -4 -3  1  4  7  9  9  7  5  2 -1 -2 -2 -1  2  626 415ZC 019 101327  999999999999999 728 -41938 -299999999999999
  9 11 11  9  7  3  0 -2 -3 -2  1  4  8 10 10  9  6  2 -2 -5 -6 -6 -3  126 416ZC 127 111336 1099999999999999 8 5 -32019 -699999999999999
  6 10 12 12 11  8  5  2  1  0  2  5  9 12 13 12  9  4 -1 -6 -9-10 -9 -526 417ZC 233 131354 1399999999999999 841  021 4-1099999999999999
  1  7 11 14 14 12 10  7  5  4  4  6 10 14 16 16 13  9  2 -4 -9-12-13-1126 418ZC 339 141419 1699999999999999 914  42151-1399999999999999
 -6  1  7 12 14 15 14 11  9  8  8  9 12 15 18 19 18 14  8  1 -5-10-13-1426 419ZC 444 151450 1999999999999999 943  82242-1499999999999999
-11 -6  1  7 12 14 15 14 12 11 11 12 13 16 19 21 21 19 14  8  1 -6-11-1326 420ZC 550 151526 2299999999999999 957 112337-1499999999999999
-14-11 -5  1  7 11 14 14 14 13 13 14 14 16 19 22 23 22 19 14  8  1 -5 -926 421ZC 7 1 1416 6 2399999999999999 936 13999999999999999999999
-12-12-10 -5  1  6 10 12 13 14 14 15 15 16 18 20 22 23 22 19 14  8  2 -326 422ZC1654 23999999999999999999999 035-13999999999999999999999
 -7-10-10 -8 -4  0  4  8 11 12 13 14 15 15 16 18 19 20 21 20 18 14  9  426 423ZC1752 21999999999999999999999 138-10999999999999999999999
 -1 -5 -8 -8 -7 -4  0  3  7  9 11 13 13 14 14 15 15 16 18 18 18 16 13  926 424ZC19 8 18999999999999999999999 248 -8999999999999999999999
  5  1 -3 -5 -6 -6 -3  0  3  7  9 11 12 12 12 12 12 12 13 14 15 15 14 1226 425ZC1316 122045 1599999999999999 4 4 -616 7 1299999999999999
  9  6  2 -1 -3 -4 -4 -2  1  4  7 10 11 11 11 10  9  8  8  9 10 12 13 1326 426ZC1254 112232 1399999999999999 512 -51740  899999999999999
 12  9  6  3  0 -2 -3 -2  0  3  6  9 11 11 10  9  7  5  4  4  5  7  9 1126 427ZC1250 11999999999999999999999 6 8 -31840  499999999999999
 12 11  9  7  4  2  0  0  1  3  6  9 11 12 11  9  6  4  2  0  0  2  5  826 428ZC 0 2 121256 1299999999999999 652  01928  099999999999999
 10 11 11 10  7  5  3  2  2  4  7 10 12 13 13 10  7  4  1 -2 -3 -2  1  426 429ZC 116 1113 7 1399999999999999 728  220 8 -399999999999999
  8 11 12 12 10  8  7  5  5  6  8 11 14 15 15 13  9  5  1 -2 -4 -5 -3  126 430ZC 221 121321 1599999999999999 756  52044 -599999999999999
  5  9 12 13 12 11 10  8  8  8  9 12 15 17 17 15 12  8  3 -1 -4 -6 -5 -226 5 1ZC 319 131338 1799999999999999 815  82118 -699999999999999
  2  7 10 13 14 14 12 11 11 11 12 13 16 18 19 18 16 11  6  1 -3 -5 -6 -526 5 2ZC 411 141357 1999999999999999 823 112152 -699999999999999
 -1  4  9 12 14 15 14 13 13 13 14 15 17 20 21 21 19 15 10  4  0 -4 -6 -626 5 3ZC 5 0 151418 2199999999999999 822 132226 -699999999999999
 -3  1  6 10 13 15 15 15 14 15 15 16 18 20 22 22 21 18 14  8  3 -1 -4 -526 5 4ZC 549 151441 2299999999999999 823 1423 3 -599999999999999
 -4 -1  3  7 11 14 15 15 15 15 16 17 18 20 22 23 22 20 17 12  7  2 -2 -426 5 5ZC15 7 239999999999999999999992342 -5999999999999999999999
 -4 -3  1  5  8 11 14 15 15 15 16 17 18 19 21 22 23 21 19 15 10  5  1 -226 5 6ZC1535 239999999999999999999999999999999999999999999999999
 -3 -3 -1  2  5  8 11 13 14 14 15 16 17 18 20 21 21 21 19 17 13  8  4  126 5 7ZC16 5 21999999999999999999999 026 -4999999999999999999999
 -2 -3 -2  0  2  5  8 11 12 13 14 15 16 17 17 18 19 19 19 17 14 11  7  326 5 8ZC1639 19999999999999999999999 112 -3999999999999999999999
  1 -1 -2 -1  0  3  5  8 10 12 13 14 15 15 15 16 16 17 17 16 14 12  9  626 5 9ZC1723 17999999999999999999999 2 2 -2999999999999999999999
  3  1 -1 -1 -1  1  3  6  8 10 12 13 13 14 14 13 13 14 14 14 14 13 11  826 510ZC1851 14999999999999999999999 255 -1999999999999999999999
  6  3  1  0  0  0  2  5  7 10 11 13 13 13 12 11 11 10 11 11 12 12 12 1126 511ZC12 3 132056 1299999999999999 347  017 2 1099999999999999
  9  6  4  3  1  1  2  4  7 10 12 13 13 13 11 10  8  7  7  7  9 11 12 1226 512ZC1146 132251 1299999999999999 437  11749  799999999999999
 12 10  8  6  5  4  4  5  7 10 13 14 15 14 12  9  7  4  3  3  5  7 10 1326 513ZC1146 15999999999999999999999 524  41830  399999999999999
 14 14 13 11  9  7  7  7  9 11 14 17 18 17 14 11  7  3  1 -1  0  2  6 1126 514ZC 024 141159 1899999999999999 6 9  71912 -199999999999999
 14 16 16 15 14 12 11 11 11 13 16 19 21 21 18 14  9  4  0 -3 -4 -3  1  626 515ZC 144 161223 2199999999999999 651 111959 -499999999999999
 12 16 18 19 18 17 15 14 14 15 18 21 24 25 23 20 14  8  2 -3 -6 -7 -5  026 516ZC 257 191255 2599999999999999 730 142049 -799999999999999
  7 13 17 20 21 21 19 18 18 18 19 22 25 28 28 25 21 14  7  0 -5 -8 -8 -626 517ZC 4 5 211333 2899999999999999 8 4 182141 -999999999999999
  0  7 13 18 21 22 22 21 20 20 21 22 25 28 30 30 27 22 14  7  0 -6 -9 -926 518ZC 5 8 221416 3099999999999999 828 202236 -999999999999999
 -6  0  7 13 18 21 22 22 21 21 21 22 24 27 30 31 30 27 22 14  7  0 -5 -826 519ZC 611 2215 5 3199999999999999 841 212332 -999999999999999
 -8 -5  1  7 13 17 20 21 21 21 21 22 23 25 28 30 31 30 27 21 14  7  1 -426 520ZC1558 319999999999999999999999999999999999999999999999999
 -7 -7 -4  2  7 12 16 18 19 20 20 20 21 22 24 26 28 29 28 25 20 14  8  226 521ZC1656 29999999999999999999999 029 -7999999999999999999999
 -2 -4 -4 -2  3  7 12 15 17 18 19 19 19 19 20 21 23 25 26 25 22 18 13  826 522ZC1759 26999999999999999999999 127 -5999999999999999999999
  4  0 -2 -1  1  4  8 12 15 17 17 18 18 17 17 17 18 19 21 22 21 20 17 1326 523ZC11 7 181914 2299999999999999 226 -21422 1799999999999999
  9  6  3  2  2  4  7 10 13 16 17 17 17 16 15 14 14 14 15 17 18 18 17 1626 524ZC1059 172050 1899999999999999 323  216 3 1499999999999999
 13 11  8  6  5  5  7 10 13 15 17 18 18 16 15 13 11 10 10 12 13 15 16 1626 525ZC11 9 182243 1699999999999999 415  51721 1099999999999999
 15 14 12 10  9  9  9 11 14 16 18 19 19 18 16 13 10  8  7  7  9 11 13 1526 526ZC1122 19999999999999999999999 5 0  91821  799999999999999
 16 16 15 14 13 13 13 13 15 18 20 21 21 20 18 15 11  8  6  5  6  8 11 1426 527ZC 025 161136 2199999999999999 535 1219 7  599999999999999
 16 17 18 17 17 16 16 16 18 19 22 23 24 23 20 17 13 10  6  4  4  5  8 1226 528ZC 156 181153 2499999999999999 556 161946  499999999999999
 15 18 19 20 20 19 19 19 20 21 23 25 26 26 24 20 16 12  8  5  3  4  6 1026 529ZC 314 201212 2699999999999999 6 1 192021  399999999999999
 14 17 20 21 22 22 22 22 22 23 25 27 28 28 27 24 20 15 10  6  4  3  4  826 530ZC1236 299999999999999999999992055  3999999999999999999999
 12 16 20 22 23 23 23 23 24 25 26 28 30 30 30 27 24 19 14  9  5  3  3  626 531ZC13 5 309999999999999999999992129  3999999999999999999999
  9 14 18 21 23 24 24 24 24 25 26 28 30 31 32 30 27 23 17 12  7  4  3  426 6 1ZC1337 3299999999999999999999922 7  3999999999999999999999
  7 11 16 20 22 24 24 24 24 25 26 27 29 31 32 32 29 26 21 15 10  6  4  326 6 2ZC1413 329999999999999999999992246  3999999999999999999999
  5  8 13 17 20 23 24 24 24 24 25 26 28 29 31 32 30 28 24 19 13  8  5  326 6 3ZC1451 329999999999999999999992327  3999999999999999999999
  3  6  9 13 17 20 22 23 23 23 23 24 25 27 29 30 30 28 25 21 16 11  7  426 6 4ZC1529 309999999999999999999999999999999999999999999999999
  3  4  7 10 14 17 20 21 22 22 22 23 23 25 26 27 28 28 26 23 18 14  9  626 6 5ZC16 8 28999999999999999999999 0 7  3999999999999999999999
  4  4  5  8 11 15 18 19 21 21 21 21 22 22 23 24 25 26 25 23 20 16 12  926 6 6ZC1652 26999999999999999999999 047  4999999999999999999999
  6  5  5  7 10 13 16 18 20 20 21 20 20 20 20 21 22 23 23 22 21 18 15 1226 6 7ZC1747 23999999999999999999999 125  5999999999999999999999
  9  7  7  7  9 12 15 18 20 21 21 20 20 19 18 18 19 20 21 21 21 19 17 1526 6 8ZC 945 2119 7 2199999999999999 2 1  71445 1899999999999999
 13 11 10 10 11 13 15 18 20 22 22 21 20 18 17 16 16 16 17 19 20 20 20 1926 6 9ZC 948 222059 2099999999999999 235 1016 2 1699999999999999
 17 15 14 13 14 15 17 19 22 24 24 24 22 19 17 15 13 13 13 15 17 19 21 2126 610ZC 959 2423 2 2199999999999999 310 1317 2 1399999999999999
 21 20 19 18 18 18 19 22 24 26 27 27 25 22 19 15 12 10 10 10 13 16 20 2226 611ZC1019 28999999999999999999999 348 181756 1099999999999999
 24 24 23 23 22 22 23 24 26 29 31 31 30 27 23 18 13 10  7  7  8 11 16 2126 612ZC 048 241050 3199999999999999 431 221849  799999999999999
 24 26 27 27 27 26 26 27 29 31 33 35 35 33 29 23 17 12  7  5  4  6 10 1626 613ZC 221 271130 3599999999999999 518 261943  499999999999999
 22 26 29 30 30 29 29 29 30 32 34 37 38 38 35 30 24 17 11  6  3  2  5 1026 614ZC 337 301217 3899999999999999 6 6 292039  299999999999999
 16 22 27 30 31 31 31 31 31 32 34 37 39 41 40 37 31 24 17 10  4  1  1  426 615ZC13 9 419999999999999999999992135  1999999999999999999999
 10 16 23 27 30 31 31 31 31 31 33 35 38 41 42 41 37 32 24 16  9  4  1  126 616ZC14 5 429999999999999999999992231  0999999999999999999999
  4 10 17 22 27 29 30 30 30 30 30 32 34 37 40 42 40 37 31 23 16  9  4  126 617ZC15 2 429999999999999999999992325  1999999999999999999999
  1  5 11 17 22 26 28 29 28 28 28 29 30 32 36 39 40 38 35 29 22 15  9  526 618ZC 652 2916 0 4099999999999999 912 28999999999999999999999
  3  3  7 12 18 22 25 27 27 26 26 26 26 27 30 33 35 36 35 32 27 21 15 1026 619ZC 732 271659 3699999999999999 017  31052 2699999999999999
  7  5  6 10 15 19 23 25 26 26 25 24 24 24 24 26 29 31 32 31 29 25 20 1626 620ZC 8 8 2618 1 3299999999999999 1 6  51246 2399999999999999
 12 10  9 10 14 18 21 24 26 26 25 24 23 22 21 21 23 25 27 28 28 26 23 2026 621ZC 841 261915 2899999999999999 151  91412 2199999999999999
 17 15 14 14 15 18 21 24 26 27 26 25 23 22 20 19 19 20 22 23 24 25 24 2326 622ZC 910 272056 2599999999999999 232 131533 1999999999999999
 21 20 19 18 19 20 23 25 27 28 28 27 25 23 21 19 17 17 17 19 21 23 24 2426 623ZC 935 2923 3 2499999999999999 3 5 181648 1799999999999999
 24 23 23 23 23 24 25 27 29 30 31 30 28 26 23 20 17 16 15 16 18 20 22 2426 624ZC 957 31999999999999999999999 319 231750 1599999999999999
 25 26 26 26 27 27 28 30 31 33 33 33 32 29 26 23 19 17 15 15 16 18 21 2426 625ZC1018 339999999999999999999991839 15999999999999999999999
 26 28 29 29 30 30 31 32 33 35 36 36 35 33 30 26 22 19 16 15 15 17 19 2326 626ZC1043 369999999999999999999991920 15999999999999999999999
 26 28 30 31 32 32 33 34 35 36 38 38 38 36 33 30 25 21 18 15 14 15 18 2126 627ZC1115 389999999999999999999991958 14999999999999999999999
 25 28 31 32 33 34 34 35 36 37 38 40 40 39 37 33 29 24 20 17 15 14 16 1926 628ZC1154 409999999999999999999992036 14999999999999999999999
 23 27 30 32 33 34 34 34 35 36 38 40 41 41 40 37 33 28 23 18 15 14 14 1726 629ZC1238 419999999999999999999992115 14999999999999999999999
 20 25 29 31 33 34 34 34 34 35 36 38 40 41 41 39 36 31 26 21 16 14 13 1426 630ZC1324 419999999999999999999992155 13999999999999999999999
 17 21 26 29 31 33 33 32 32 33 34 36 38 40 41 40 38 34 29 23 18 14 12 1226 7 1ZC14 8 419999999999999999999992234 12999999999999999999999
 14 18 22 26 29 31 31 31 31 31 32 33 35 37 39 40 38 35 31 26 20 16 13 1126 7 2ZC1450 409999999999999999999992312 11999999999999999999999
 12 15 19 23 27 29 30 30 30 29 29 30 31 34 36 37 38 36 32 28 23 18 14 1226 7 3ZC 631 301531 3899999999999999 9 6 292347 1199999999999999
 11 13 16 20 24 27 29 29 29 28 28 28 29 30 32 34 36 35 33 29 25 20 16 1426 7 4ZC 657 291614 369999999999999910 5 28999999999999999999999
 12 13 15 19 22 26 28 29 28 28 27 26 26 27 28 31 33 33 33 30 27 23 19 1626 7 5ZC 720 2917 1 3399999999999999 019 121127 2699999999999999
 15 14 15 18 22 25 28 29 29 28 27 26 25 25 25 27 29 31 31 31 29 26 23 2026 7 6ZC 737 2918 1 3199999999999999 048 141253 2599999999999999
 19 18 18 20 23 26 29 30 31 30 28 26 25 24 23 23 25 27 29 30 30 29 27 2526 7 7ZC 752 311925 3099999999999999 113 1814 8 2399999999999999
 23 22 22 23 25 28 30 32 33 33 31 29 26 24 22 21 21 23 25 27 29 30 30 2926 7 8ZC 810 332124 3099999999999999 133 221518 2199999999999999
 28 27 27 27 29 30 33 35 36 36 35 33 29 26 23 21 19 19 21 24 26 29 31 3226 7 9ZC 836 37999999999999999999999 146 271626 1999999999999999
 32 32 32 32 32 34 35 37 39 40 40 38 34 30 26 22 19 17 17 19 22 26 29 3226 710ZC 913 409999999999999999999991732 17999999999999999999999
 34 35 35 36 36 37 38 39 41 43 44 43 40 36 31 26 21 18 15 15 17 21 25 3026 711ZC10 2 449999999999999999999991836 15999999999999999999999
 33 36 37 38 38 39 39 40 42 44 46 47 46 43 38 32 26 21 16 14 13 15 20 2526 712ZC11 1 479999999999999999999991938 13999999999999999999999
 30 34 37 39 39 39 39 40 41 43 45 48 49 48 44 39 33 26 20 15 12 11 14 1926 713ZC12 4 499999999999999999999992037 11999999999999999999999
 25 30 35 37 39 39 39 39 39 41 43 46 48 50 49 45 40 33 25 18 13 10 10 1326 714ZC13 6 509999999999999999999992133 10999999999999999999999
 19 25 31 34 37 37 37 36 37 37 39 41 45 48 50 49 45 39 32 24 17 12 10 1026 715ZC 5 2 3714 7 5099999999999999 729 362224 1099999999999999
 14 20 26 31 34 36 36 35 34 34 34 36 39 43 47 48 47 43 37 30 23 17 12 1026 716ZC 526 3615 4 4899999999999999 835 342312 1099999999999999
 11 15 21 27 31 34 34 33 32 31 31 31 33 36 40 44 45 44 40 35 28 22 17 1326 717ZC 553 3416 1 4599999999999999 955 312355 1299999999999999
 12 14 19 24 29 32 33 33 32 30 29 28 28 30 33 37 40 41 40 37 32 27 22 1826 718ZC 621 341659 41999999999999991122 28999999999999999999999
 16 16 18 23 27 31 33 34 33 30 28 27 26 26 27 30 34 36 37 36 34 30 26 2326 719ZC 649 3418 2 3799999999999999 034 161235 2699999999999999
 21 20 21 24 27 31 33 34 34 32 30 28 26 25 24 26 28 31 32 33 33 32 30 2826 720ZC 716 341919 3399999999999999 1 7 201344 2499999999999999
 26 25 25 27 29 32 34 36 36 35 33 30 28 26 24 23 24 26 28 30 31 32 31 3126 721ZC 741 3621 3 3299999999999999 132 251453 2399999999999999
 30 30 30 31 32 34 36 38 38 38 36 34 31 28 26 24 23 24 25 27 29 31 32 3226 722ZC 8 4 38999999999999999999999 120 3016 4 2399999999999999
 33 33 34 35 35 37 38 40 40 40 39 37 34 31 29 26 24 23 24 25 27 29 31 3326 723ZC 826 409999999999999999999991712 23999999999999999999999
 34 36 37 38 38 39 40 42 42 43 42 41 38 35 32 29 26 24 23 24 25 27 30 3326 724ZC 856 439999999999999999999991810 23999999999999999999999
 35 37 38 39 40 41 42 43 44 44 44 44 42 39 36 32 29 26 24 23 24 26 29 3226 725ZC 941 449999999999999999999991859 23999999999999999999999
 35 37 39 40 41 41 42 43 44 45 46 46 45 43 40 36 32 28 25 23 23 24 27 3026 726ZC1039 469999999999999999999991942 23999999999999999999999
 33 36 38 40 40 41 41 42 43 44 45 46 46 45 43 39 35 30 26 23 22 22 24 2726 727ZC1139 469999999999999999999992024 22999999999999999999999
 31 34 37 39 39 40 40 40 41 42 43 45 46 47 45 42 38 33 28 24 21 20 21 2426 728ZC1233 4799999999999999999999921 4 20999999999999999999999
 28 32 35 37 38 38 38 38 38 39 40 43 45 46 46 44 40 36 30 25 21 19 19 2026 729ZC 436 381322 4699999999999999 657 382141 1999999999999999
 24 28 32 35 36 37 36 35 35 36 37 39 42 44 45 44 42 38 32 27 22 19 17 1826 730ZC 448 3714 6 4599999999999999 749 352216 1799999999999999
 21 25 29 33 35 35 35 34 33 33 33 35 37 41 43 44 42 39 35 29 24 20 17 1726 731ZC 5 5 351448 4499999999999999 839 332248 1799999999999999
 18 22 27 31 33 34 34 33 32 31 31 31 33 36 40 42 42 40 36 32 26 22 19 1826 8 1ZC 524 351531 4299999999999999 931 302318 1899999999999999
 18 21 25 29 32 34 34 33 31 29 29 29 30 32 35 38 40 40 38 34 30 25 22 2026 8 2ZC 540 341618 40999999999999991030 282346 2099999999999999
 20 21 25 29 32 34 35 34 32 30 28 27 27 28 31 34 37 38 38 36 33 29 26 2426 8 3ZC 555 351712 38999999999999991132 27999999999999999999999
 23 24 26 30 33 36 37 36 34 32 29 27 26 26 27 30 33 36 37 37 35 33 31 2926 8 4ZC 6 9 371822 3799999999999999 0 9 231236 2599999999999999
 28 28 29 32 35 38 39 39 37 35 31 28 26 25 25 26 29 32 34 36 36 36 34 3326 8 5ZC 627 391958 3699999999999999 025 281340 2599999999999999
 33 33 33 35 37 40 41 42 41 39 36 32 29 26 24 24 25 27 30 33 35 36 37 3726 8 6ZC 654 42999999999999999999999 020 331450 2499999999999999
 37 37 38 38 40 42 44 45 45 44 41 37 33 29 26 24 23 24 26 28 32 34 37 3826 8 7ZC 732 4599999999999999999999916 7 23999999999999999999999
 39 40 41 41 42 43 45 47 47 47 46 43 39 35 30 26 23 22 22 24 27 31 34 3726 8 8ZC 827 489999999999999999999991724 22999999999999999999999
 39 41 42 43 43 44 45 47 48 49 49 48 45 41 36 31 26 23 20 20 22 25 30 3426 8 9ZC 942 509999999999999999999991836 20999999999999999999999
 38 40 42 43 43 43 44 45 47 49 50 51 50 47 43 37 31 26 21 19 18 20 24 2926 810ZC1059 519999999999999999999991939 18999999999999999999999
 34 38 40 41 42 42 42 42 44 45 48 51 52 51 48 43 37 30 24 20 17 17 19 2426 811ZC12 9 529999999999999999999992035 17999999999999999999999
 30 34 38 40 40 40 39 39 39 41 43 47 50 52 51 48 43 36 29 23 18 16 16 1926 812ZC 357 401312 5299999999999999 646 392124 1699999999999999
 25 30 35 38 39 38 37 35 35 36 37 40 45 49 50 50 46 41 34 27 21 18 16 1726 813ZC 4 8 391411 5199999999999999 753 3522 8 1699999999999999
 21 27 32 36 37 37 36 33 32 31 32 34 38 43 47 48 47 44 38 32 26 21 18 1726 814ZC 427 3715 7 4899999999999999 9 2 312247 1799999999999999
 19 24 30 34 36 37 36 33 31 29 28 29 31 35 40 44 45 44 41 36 30 25 22 2026 815ZC 449 3716 3 45999999999999991012 282322 2099999999999999
 21 24 28 33 36 37 37 35 31 29 27 26 26 29 33 38 41 42 41 38 34 30 27 2526 816ZC 513 3717 2 42999999999999991114 262352 2499999999999999
 24 25 29 33 36 38 38 37 34 30 27 26 25 25 28 32 35 38 38 38 36 33 31 2926 817ZC 535 3818 7 38999999999999991211 25999999999999999999999
 29 29 31 34 37 39 40 39 37 33 30 27 25 25 25 28 31 33 35 36 36 35 34 3326 818ZC 555 401924 3699999999999999 014 2813 7 2599999999999999
 33 33 34 36 39 41 42 41 40 37 33 30 28 26 25 26 28 30 32 34 35 36 36 3626 819ZC 612 42999999999999999999999 0 0 3314 5 2599999999999999
 36 37 38 39 41 42 43 43 42 40 37 34 31 29 27 26 27 28 30 32 34 35 36 3726 820ZC 627 439999999999999999999991511 26999999999999999999999
 38 40 41 42 43 44 45 45 44 43 41 38 35 32 30 28 27 27 28 30 32 34 36 3826 821ZC 648 459999999999999999999991627 27999999999999999999999
 39 41 42 43 44 45 45 46 46 45 44 42 39 36 33 31 28 27 27 28 30 32 34 3726 822ZC 729 469999999999999999999991741 27999999999999999999999
 39 41 42 43 44 44 45 45 46 46 46 44 42 40 37 33 30 28 27 26 27 29 32 3526 823ZC 853 469999999999999999999991839 26999999999999999999999
 38 40 41 42 42 43 43 44 45 45 46 46 45 43 40 36 32 29 26 25 25 27 29 3326 824ZC1024 469999999999999999999991926 25999999999999999999999
 36 38 40 41 41 41 41 41 42 43 45 46 46 45 42 39 35 30 27 24 23 24 26 3026 825ZC1134 4699999999999999999999920 6 23999999999999999999999
 33 36 38 39 39 39 38 38 39 40 42 44 45 45 44 41 37 32 28 24 22 22 23 2626 826ZC 331 391229 4699999999999999 624 382042 2299999999999999
 30 34 36 37 38 37 36 35 35 36 38 41 43 45 44 42 39 34 29 25 22 20 21 2326 827ZC 334 381317 4599999999999999 715 352115 2099999999999999
 27 31 34 36 36 35 34 32 32 32 34 36 40 43 44 43 40 36 31 26 22 20 20 2126 828ZC 343 3614 2 4499999999999999 8 3 322146 1999999999999999
 25 29 33 35 36 35 33 31 29 29 30 32 35 39 42 43 41 38 34 29 24 22 20 2126 829ZC 355 361447 4399999999999999 850 292215 2099999999999999
 24 28 32 35 36 35 33 30 28 26 26 27 30 35 39 42 42 40 37 32 28 24 23 2226 830ZC 4 6 361536 4299999999999999 938 262243 2299999999999999
 24 28 32 35 37 37 35 32 28 25 24 24 26 30 34 39 41 41 39 36 32 28 26 2626 831ZC 419 371630 41999999999999991029 2423 8 2699999999999999
 26 29 33 36 38 39 37 34 30 26 24 23 23 25 29 34 38 39 40 38 36 33 31 3026 9 1ZC 434 391736 40999999999999991122 222326 3099999999999999
 30 31 34 38 40 41 40 38 34 29 26 23 22 22 25 29 33 36 38 39 38 36 35 3426 9 2ZC 455 411856 39999999999999991220 222319 3499999999999999
 34 35 37 40 42 44 43 42 39 34 30 26 23 22 22 25 28 32 35 37 38 38 38 3826 9 3ZC 522 449999999999999999999991323 22999999999999999999999
 38 39 40 41 43 45 46 45 43 40 35 31 27 24 23 22 24 27 30 33 36 37 39 3926 9 4ZC 557 469999999999999999999991436 22999999999999999999999
 40 41 42 43 44 46 47 47 46 44 41 37 33 29 25 23 22 23 25 28 31 34 37 3926 9 5ZC 649 4799999999999999999999916 0 22999999999999999999999
 40 42 43 43 44 45 46 47 48 47 46 43 39 35 30 26 23 21 22 23 26 30 34 3726 9 6ZC 811 489999999999999999999991725 21999999999999999999999
 39 41 42 42 43 43 44 45 46 48 48 47 44 40 36 31 26 22 20 20 22 25 29 3326 9 7ZC 947 489999999999999999999991837 20999999999999999999999
 37 39 40 40 40 40 40 41 43 45 47 48 48 45 41 36 31 25 21 19 19 21 25 3026 9 8ZC1111 489999999999999999999991934 19999999999999999999999
 34 37 38 38 38 37 37 37 38 40 43 46 48 47 45 41 35 29 24 20 18 19 22 2626 9 9ZC 250 381220 4899999999999999 619 372022 1899999999999999
 31 35 37 37 36 35 33 32 33 34 37 41 45 47 46 44 39 34 28 23 20 18 20 2326 910ZC 251 371321 4799999999999999 721 3221 3 1899999999999999
 28 33 36 37 36 34 31 29 28 28 30 34 39 43 45 45 42 37 32 27 23 20 20 2226 911ZC 3 3 371418 4599999999999999 819 282140 2099999999999999
 27 32 35 37 36 34 31 28 26 25 25 28 32 38 41 43 42 40 35 30 26 23 22 2326 912ZC 321 371514 4399999999999999 915 252212 2299999999999999
 26 31 35 37 38 36 33 29 25 23 22 23 26 31 36 40 41 40 38 34 30 27 26 2626 913ZC 341 381611 419999999999999910 6 222240 2599999999999999
 27 31 35 38 39 38 35 31 27 24 22 21 22 26 31 35 38 39 38 36 33 31 30 2926 914ZC 4 0 391711 39999999999999991054 2123 0 2999999999999999
 30 32 36 39 40 40 38 34 30 26 23 21 21 23 26 31 34 36 38 37 36 34 33 3326 915ZC 418 401813 38999999999999991140 212250 3399999999999999
 33 35 37 40 41 42 40 38 33 29 26 23 22 22 24 27 31 33 35 36 36 36 36 3626 916ZC 434 421926 37999999999999991227 222153 3699999999999999
 37 38 39 41 43 43 42 40 37 33 29 26 24 23 24 25 28 30 33 35 36 36 37 3826 917ZC 448 439999999999999999999991317 23999999999999999999999
 39 40 41 42 43 44 43 42 40 37 33 30 28 26 25 25 26 28 30 32 34 36 37 3826 918ZC 5 3 449999999999999999999991418 25999999999999999999999
 39 40 41 42 43 44 44 43 42 40 37 34 31 29 27 26 26 26 28 30 32 34 36 3726 919ZC 525 449999999999999999999991535 26999999999999999999999
 39 40 41 42 42 43 43 43 42 41 39 37 34 32 29 27 26 25 26 27 29 31 34 3626 920ZC 6 6 4399999999999999999999917 2 25999999999999999999999
 38 39 40 40 41 41 41 41 42 41 41 39 37 35 32 29 26 25 24 25 26 28 31 3426 921ZC 811 4299999999999999999999918 7 24999999999999999999999
 36 37 38 38 38 38 38 39 39 40 41 40 39 37 34 31 28 25 23 23 23 26 29 3126 922ZC10 6 419999999999999999999991853 23999999999999999999999
 34 36 36 36 36 35 35 35 36 37 39 40 40 38 36 33 29 26 23 21 21 23 26 2926 923ZC 226 371123 4099999999999999 6 1 351931 2199999999999999
 32 34 35 35 34 33 32 32 32 34 36 38 39 39 38 35 31 27 23 21 20 21 24 2726 924ZC 220 351221 4099999999999999 645 3220 3 2099999999999999
 31 33 34 34 33 31 29 28 28 29 32 35 38 39 39 37 33 29 25 22 20 20 22 2626 925ZC 221 341312 3999999999999999 725 282034 2099999999999999
 30 33 34 34 32 30 27 25 24 25 27 31 35 38 39 38 36 32 28 24 22 21 22 2526 926ZC 226 3414 2 3999999999999999 8 5 2421 4 2199999999999999
 29 33 35 35 33 30 27 23 22 21 22 26 31 35 39 39 38 36 32 28 25 23 23 2526 927ZC 234 351455 3999999999999999 847 212133 2399999999999999
 29 33 36 36 35 32 28 24 20 19 19 21 25 31 36 39 39 38 35 32 29 27 26 2726 928ZC 249 361553 3999999999999999 931 1822 1 2699999999999999
 30 34 37 39 38 35 31 26 21 18 17 17 20 25 31 36 38 39 38 36 33 31 30 3026 929ZC 3 9 391656 39999999999999991019 162224 3099999999999999
 32 35 38 41 41 39 36 30 25 20 17 16 16 20 25 31 35 38 39 38 36 34 34 3426 930ZC 334 4118 4 39999999999999991112 162226 3499999999999999
 35 36 39 42 43 42 40 36 30 24 20 17 16 17 20 25 30 34 36 37 37 37 36 372610 1ZC 4 4 431923 38999999999999991210 162159 3699999999999999
 37 38 40 43 44 45 43 40 36 30 25 21 18 17 17 20 24 28 32 34 36 37 37 382610 2ZC 440 459999999999999999999991314 17999999999999999999999
 39 39 40 42 44 45 45 43 41 36 32 27 23 20 18 18 20 23 26 30 32 35 36 372610 3ZC 527 459999999999999999999991428 18999999999999999999999
 38 39 40 41 42 43 44 44 43 41 37 33 29 25 21 19 18 19 21 24 28 31 34 352610 4ZC 638 449999999999999999999991553 18999999999999999999999
 37 38 38 39 39 40 41 42 43 42 41 38 34 30 26 22 19 18 18 20 24 27 30 332610 5ZC 818 439999999999999999999991716 18999999999999999999999
 35 36 36 36 36 36 36 38 39 41 41 41 39 35 31 27 23 19 18 18 20 24 27 312610 6ZC 958 419999999999999999999991821 18999999999999999999999
 33 34 34 34 33 32 32 32 34 37 39 40 40 38 35 31 26 22 20 18 19 21 25 292610 7ZC 139 341124 4199999999999999 551 321911 1899999999999999
 32 33 33 32 31 29 28 27 28 31 34 37 39 40 38 35 30 26 22 20 19 21 24 282610 8ZC 135 341234 4099999999999999 648 271953 1999999999999999
 31 33 34 32 30 27 25 23 23 25 28 32 36 38 39 37 34 30 26 23 21 21 23 272610 9ZC 142 341336 3999999999999999 739 232029 2199999999999999
 31 34 35 34 31 27 24 21 20 20 22 27 32 35 38 38 36 33 29 26 24 23 24 27261010ZC 156 351434 3899999999999999 826 2021 0 2399999999999999
 31 34 36 35 33 29 25 21 18 17 18 21 26 31 35 37 37 35 32 29 27 26 27 28261011ZC 214 361531 3799999999999999 9 9 172126 2699999999999999
 32 35 37 37 36 32 27 23 19 17 16 17 21 27 32 35 37 36 35 32 31 30 29 30261012ZC 233 381626 3799999999999999 950 162143 2999999999999999
 33 36 38 39 38 35 31 25 21 18 16 16 18 23 28 32 35 36 36 34 33 32 32 33261013ZC 253 391721 36999999999999991030 162137 3299999999999999
 34 37 39 40 40 38 34 29 24 20 17 16 17 20 24 29 32 34 36 35 35 34 34 35261014ZC 312 411818 369999999999999911 9 162112 3499999999999999
 36 38 40 41 41 40 37 33 28 23 20 18 17 19 22 25 29 32 34 35 35 35 35 36261015ZC 331 419999999999999999999991151 17999999999999999999999
 37 38 40 41 42 41 39 36 32 27 23 21 19 19 20 23 26 29 31 33 34 34 35 36261016ZC 351 429999999999999999999991238 19999999999999999999999
 37 38 39 41 41 41 40 38 34 30 27 24 21 20 20 21 23 26 28 30 32 33 34 35261017ZC 413 419999999999999999999991332 20999999999999999999999
 36 37 38 39 40 40 39 38 36 33 30 27 24 22 21 21 21 23 25 27 29 31 32 34261018ZC 440 409999999999999999999991438 21999999999999999999999
 35 36 36 37 37 38 37 37 36 34 32 29 27 24 22 21 20 21 22 24 26 29 30 32261019ZC 516 389999999999999999999991555 20999999999999999999999
 33 34 34 34 34 34 35 35 35 34 33 31 29 26 24 22 20 20 20 22 24 26 29 31261020ZC 715 3599999999999999999999917 2 20999999999999999999999
 32 32 32 32 31 31 31 31 32 33 33 32 30 28 26 23 21 20 19 20 22 25 27 29261021ZC 123 32 929 3399999999999999 530 311752 1999999999999999
 31 31 31 30 29 28 27 28 29 30 31 32 32 30 28 25 23 21 20 20 21 23 26 29261022ZC 1 4 3111 3 3299999999999999 6 8 271830 1999999999999999
 30 31 30 29 27 25 24 24 25 27 29 31 32 32 30 28 25 23 21 20 21 23 26 29261023ZC 056 311213 3299999999999999 641 2419 5 2099999999999999
 31 31 31 29 26 23 21 20 20 22 26 29 32 33 33 31 29 26 23 22 22 23 26 29261024ZC 056 311314 3399999999999999 716 201938 2299999999999999
 32 33 32 30 27 23 19 17 16 18 21 26 30 33 35 34 32 30 27 25 24 25 27 30261025ZC 1 5 331414 3599999999999999 753 162011 2499999999999999
 33 35 35 33 29 24 19 16 14 13 16 20 26 31 35 36 36 34 31 29 27 27 28 31261026ZC 123 351515 3699999999999999 835 132042 2799999999999999
 34 37 38 36 33 28 22 17 13 11 11 14 20 27 32 35 37 36 35 32 31 30 31 32261027ZC 148 381617 3799999999999999 921 1121 9 3099999999999999
 35 39 41 40 38 33 27 20 15 11  9 10 14 20 27 32 35 37 37 35 34 33 33 34261028ZC 219 411719 37999999999999991011  92124 3399999999999999
 36 39 42 43 41 38 33 26 19 14 10  9 10 14 20 26 31 34 36 36 35 34 34 35261029ZC 256 431825 369999999999999911 6  92120 3499999999999999
 36 38 41 43 44 42 38 32 26 19 14 11  9 11 14 20 25 29 33 34 34 34 35 35261030ZC 337 4499999999999999999999912 4  9999999999999999999999
 36 37 39 42 43 43 41 38 32 26 20 15 12 11 12 15 19 24 27 30 32 33 34 34261031ZC 427 4399999999999999999999913 8 11999999999999999999999
 35 36 37 38 40 41 41 40 37 32 27 22 17 14 12 13 15 18 22 26 29 30 32 322611 1ZC 527 429999999999999999999991417 12999999999999999999999
 33 34 34 35 36 37 38 39 38 35 32 27 23 19 16 14 14 15 18 22 25 28 29 312611 2ZC 644 399999999999999999999991531 14999999999999999999999
 31 31 31 31 31 32 33 35 36 35 34 31 28 24 20 17 15 15 16 19 22 25 28 292611 3ZC 820 369999999999999999999991641 15999999999999999999999
 30 30 29 28 27 27 27 29 31 33 33 33 31 28 25 22 19 17 17 18 21 24 27 292611 4ZC 015 3010 5 3399999999999999 451 271740 1799999999999999
 30 29 28 26 24 23 22 23 25 28 30 32 32 31 28 26 23 21 19 19 21 24 27 292611 5ZC 012 301139 3299999999999999 559 221828 1999999999999999
 30 30 29 26 23 21 19 18 20 22 26 29 31 32 31 29 27 24 23 22 22 24 27 302611 6ZC 021 311256 3299999999999999 652 1819 7 2299999999999999
 32 32 31 28 24 21 18 16 16 17 21 25 29 31 32 31 30 28 26 25 25 26 28 312611 7ZC 035 3214 3 3299999999999999 738 151939 2599999999999999
 33 34 33 30 26 22 18 15 13 14 17 21 25 29 32 32 32 30 29 28 27 28 30 322611 8ZC 053 3415 3 3299999999999999 819 1320 3 2799999999999999
 35 36 35 33 29 25 20 16 13 12 14 17 22 27 30 33 33 33 31 30 30 30 31 332611 9ZC 113 361556 3399999999999999 857 122016 3099999999999999
 36 37 38 36 33 28 23 18 14 12 12 14 19 24 28 32 33 34 33 32 32 32 32 34261110ZC 136 381645 3499999999999999 933 122016 3299999999999999
 36 38 39 38 36 32 26 21 16 13 12 13 16 20 25 29 32 34 34 33 33 33 33 35261111ZC 2 1 391732 349999999999999910 9 122018 3399999999999999
 36 38 40 40 38 35 30 24 19 15 13 12 14 17 22 26 30 32 33 33 33 33 33 34261112ZC 227 409999999999999999999991047 12999999999999999999999
 36 38 39 40 39 37 33 28 22 18 15 13 13 15 19 23 26 29 31 32 32 32 33 34261113ZC 256 409999999999999999999991128 13999999999999999999999
 35 36 38 39 39 37 35 31 26 21 17 14 13 14 16 19 23 26 28 30 30 31 31 32261114ZC 327 399999999999999999999991211 13999999999999999999999
 33 34 36 37 37 37 35 32 28 24 20 17 14 14 15 17 20 23 25 27 28 29 30 30261115ZC 359 379999999999999999999991257 14999999999999999999999
 31 32 33 34 35 35 34 32 29 26 22 19 16 15 14 15 17 20 22 25 26 27 28 29261116ZC 435 359999999999999999999991346 14999999999999999999999
 29 30 30 31 31 32 31 31 29 26 24 21 18 16 15 15 16 18 20 22 24 26 27 28261117ZC 520 329999999999999999999991435 15999999999999999999999
 28 28 28 28 28 28 28 28 28 27 25 23 20 18 17 16 16 17 19 21 23 25 27 27261118ZC 639 282330 27999999999999991524 16999999999999999999999
 27 27 26 25 25 24 25 25 26 26 25 24 23 21 19 18 17 18 19 21 23 25 27 28261119ZC 839 262318 2899999999999999 450 241610 1799999999999999
 27 26 25 23 22 21 21 22 23 24 25 26 25 24 22 21 20 19 20 21 24 26 28 29261120ZC1042 262318 2999999999999999 537 211655 1999999999999999
 29 27 25 22 20 18 17 18 19 22 24 26 27 27 26 24 23 22 22 23 25 27 29 31261121ZC1216 272332 3199999999999999 615 171738 2299999999999999
 31 30 27 23 20 16 14 14 15 18 21 25 28 29 29 28 27 26 25 25 26 28 31 33261122ZC1332 292355 3499999999999999 654 141821 2599999999999999
 34 33 30 26 21 17 13 11 11 13 17 22 26 30 32 32 31 30 28 28 29 30 32 35261123ZC1441 32999999999999999999999 737 1019 1 2899999999999999
 37 37 35 31 25 19 14 10  8  8 11 16 22 28 31 33 34 33 32 31 31 31 33 36261124ZC 028 371543 3499999999999999 824  71936 3199999999999999
 39 40 39 36 31 24 17 11  7  5  6 10 16 23 28 32 34 34 34 33 32 32 33 36261125ZC 1 7 401642 3499999999999999 915  520 5 3299999999999999
 39 41 42 41 37 31 23 16 10  5  4  5  9 16 22 28 32 34 34 33 32 33 33 34261126ZC 151 421738 349999999999999910 9  42028 3299999999999999
 37 40 43 43 41 37 30 23 15  9  5  3  5  9 15 22 27 30 32 32 32 32 32 33261127ZC 240 4399999999999999999999911 4  3999999999999999999999
 34 37 40 42 42 40 36 29 22 15  9  5  4  5 10 15 21 25 28 30 30 30 30 30261128ZC 334 4399999999999999999999912 0  4999999999999999999999
 31 33 36 38 40 40 38 34 28 21 15 10  6  5  7 10 15 20 24 27 28 28 28 28261129ZC 431 419999999999999999999991257  5999999999999999999999
 28 29 30 33 35 37 37 35 31 26 21 16 11  8  7  9 12 16 20 23 25 26 26 26261130ZC 533 372143 26999999999999991354  7999999999999999999999
 26 26 26 27 29 31 32 33 31 29 25 21 17 13 11 10 12 15 18 21 24 25 26 262612 1ZC 644 3322 5 2699999999999999 122 261450 1099999999999999
 25 24 23 22 23 24 26 28 28 28 27 24 21 18 16 14 14 15 18 20 23 25 26 262612 2ZC 814 282226 2699999999999999 3 9 221543 1499999999999999
 25 24 22 20 19 19 20 22 23 25 26 25 24 22 20 19 18 18 19 21 24 26 27 282612 3ZC1010 262246 2899999999999999 438 191632 1899999999999999
 27 25 22 20 17 16 15 16 18 21 23 24 25 25 24 23 22 21 22 23 25 27 29 302612 4ZC12 6 2523 7 3099999999999999 549 151714 2199999999999999
 29 27 24 21 18 15 13 13 14 16 20 23 25 26 26 26 25 25 25 25 27 29 30 322612 5ZC1355 262329 3299999999999999 644 131747 2599999999999999
 32 30 27 24 20 16 13 11 11 13 16 20 24 26 28 28 28 28 28 28 29 30 32 332612 6ZC2354 34999999999999999999999 730 11999999999999999999999
 34 33 31 27 23 18 14 12 10 11 14 18 22 25 28 29 30 30 30 30 30 31 33 352612 7ZC9999999999999999999999999999 8 9 10999999999999999999999
 36 36 34 31 26 21 17 13 10 10 11 15 19 24 27 30 31 31 31 31 31 32 33 352612 8ZC 022 36999999999999999999999 845 10999999999999999999999
 37 37 36 34 30 25 19 15 11  9 10 12 16 21 25 29 31 31 31 31 31 32 33 352612 9ZC 055 37999999999999999999999 921  9999999999999999999999
 36 38 38 36 33 28 23 17 13 10  9 10 13 18 23 26 29 30 31 30 30 31 32 33261210ZC 131 38999999999999999999999 958  9999999999999999999999
 35 37 38 37 35 31 26 20 15 11  9  8 10 14 19 23 26 29 29 29 29 29 30 31261211ZC 2 9 389999999999999999999991036  8999999999999999999999
 33 35 36 37 36 33 28 23 17 12  9  8  8 11 15 19 23 26 27 28 27 27 28 28261212ZC 247 379999999999999999999991114  8999999999999999999999
 30 32 34 35 35 33 29 25 19 14 10  8  7  9 12 16 20 23 25 26 26 26 26 26261213ZC 325 359999999999999999999991152  7999999999999999999999
 27 28 30 32 32 32 29 26 21 16 12  9  8  8 10 13 16 20 22 24 24 24 24 24261214ZC 4 3 329999999999999999999991227  7999999999999999999999
 24 25 26 28 29 29 28 26 22 18 14 11  9  8  9 11 15 18 21 22 23 23 23 23261215ZC 441 292040 23999999999999991259  8999999999999999999999
 23 23 23 24 25 26 26 25 22 19 16 13 11 10 10 11 14 17 20 22 23 23 23 22261216ZC 527 262056 2399999999999999 014 231327 1099999999999999
 21 21 21 21 21 22 23 23 22 20 18 16 14 13 12 13 15 17 20 22 24 24 24 23261217ZC 629 2321 7 2499999999999999 211 211350 1299999999999999
 21 20 19 18 18 19 20 21 21 21 20 19 17 16 16 16 17 19 21 23 25 26 26 25261218ZC 8 9 212121 2699999999999999 338 181410 1699999999999999
 23 20 18 17 15 15 16 17 19 20 21 21 21 20 20 20 20 21 23 25 27 28 29 28261219ZC1035 212144 2999999999999999 444 151431 2099999999999999
 26 23 19 16 14 12 12 13 16 18 21 23 24 24 24 23 24 24 25 27 29 31 32 31261220ZC2217 32999999999999999999999 540 12999999999999999999999
 30 26 22 18 14 11  9  9 11 14 18 22 24 26 27 27 27 27 28 29 30 32 34 35261221ZC23 0 35999999999999999999999 633  9999999999999999999999
 34 31 27 22 17 12  8  6  6  9 13 18 23 26 28 29 30 29 30 30 31 33 35 37261222ZC2351 38999999999999999999999 726  6999999999999999999999
 38 36 33 28 21 15  9  5  3  4  7 12 18 23 27 30 31 31 30 30 31 32 34 37261223ZC9999999999999999999999999999 820  3999999999999999999999
 39 40 38 34 28 21 14  7  3  0  1  5 11 18 23 27 30 30 30 30 30 30 32 35261224ZC 046 40999999999999999999999 915  0999999999999999999999
 38 40 41 39 34 28 20 12  5  1 -1  0  4 11 17 23 27 28 29 28 28 28 29 31261225ZC 144 411741 299999999999999910 9 -12010 2899999999999999
 34 37 40 40 38 33 27 18 10  4  0 -2  0  4 11 17 22 25 26 26 25 25 25 26261226ZC 241 411814 269999999999999911 1 -221 7 2599999999999999
 28 32 35 38 39 36 31 24 17  9  3  0 -1  1  6 12 18 21 24 24 23 22 22 22261227ZC 338 391848 24999999999999991151 -12222 2299999999999999
 23 25 29 32 35 35 33 28 22 15  9  4  1  1  4  8 14 18 21 23 22 21 20 19261228ZC 435 351920 23999999999999991237  12357 1999999999999999
 19 20 22 25 28 30 30 29 25 19 14  9  6  4  5  7 12 16 20 22 22 21 20 18261229ZC 534 311951 22999999999999991320  4999999999999999999999
 17 16 17 18 21 24 25 26 24 22 18 14 11  9  8  9 12 16 19 22 23 23 21 19261230ZC 641 262022 2399999999999999 124 161358  899999999999999
 17 15 14 14 15 17 19 20 21 21 19 17 16 14 14 14 15 18 21 23 24 25 24 22261231ZC 812 212047 2599999999999999 248 141423 1499999999999999
