 26 23 19 14  9  4  1 -1 -1  2  6 10 15 18 21 22 23 24 24 24 25 27 28 3026 1 1ZI2340 30999999999999999999999 722 -1999999999999999999999
 30 28 25 20 15  9  3 -1 -3 -2  0  5 10 15 20 22 24 24 25 25 25 26 28 3026 1 2ZI9999999999999999999999999999 822 -3999999999999999999999
 31 32 30 27 21 15  8  2 -2 -4 -4 -1  5 10 16 20 22 23 24 24 24 24 25 2826 1 3ZI 042 32999999999999999999999 919 -4999999999999999999999
 30 32 33 31 27 21 14  7  1 -3 -5 -5 -1  5 11 16 19 21 22 22 21 21 22 2426 1 4ZI 144 339999999999999999999991013 -5999999999999999999999
 26 29 32 32 30 26 20 13  6  0 -4 -6 -4  0  5 11 15 18 19 19 19 18 18 1926 1 5ZI 243 321821 209999999999999911 2 -62118 1899999999999999
 21 24 27 29 30 28 24 17 10  4 -1 -5 -6 -3  1  7 11 15 17 17 17 16 15 1526 1 6ZI 338 301845 17999999999999991146 -62227 1599999999999999
 16 18 21 24 26 26 24 20 14  8  2 -2 -4 -4 -1  4  8 12 15 16 15 14 13 1226 1 7ZI 429 261910 16999999999999991225 -42344 1299999999999999
 12 13 15 18 20 22 21 19 15 10  6  2 -1 -2 -1  2  7 10 13 15 15 14 12 1126 1 8ZI 519 221934 15999999999999991258 -2999999999999999999999
 10  9 10 12 14 16 17 17 15 12  8  5  2  1  1  3  7 10 13 15 15 14 13 1126 1 9ZI 613 171955 1599999999999999 059  91322  199999999999999
  9  8  7  7  9 10 12 13 12 11 10  7  6  5  5  6  8 11 13 15 16 15 14 1226 110ZI 721 132012 1699999999999999 212  71332  599999999999999
 10  8  6  5  5  6  8  9 10 10 10  9  9  8  9 10 11 13 15 17 17 17 16 1426 111ZI 914 102024 1799999999999999 327  51258  899999999999999
 12  9  7  5  4  4  5  6  7  8  9 10 11 11 12 13 14 16 17 19 19 19 19 1726 112ZI2034 19999999999999999999999 446  4999999999999999999999
 15 12  9  7  5  3  3  3  5  6  8 10 12 13 15 16 17 18 19 21 21 21 21 2026 113ZI2052 21999999999999999999999 556  3999999999999999999999
 18 15 12  9  6  4  3  2  3  5  7 10 12 14 16 18 19 20 21 22 23 23 23 2326 114ZI2133 23999999999999999999999 649  2999999999999999999999
 21 19 16 12  9  6  3  2  2  3  5  8 12 14 17 18 20 21 21 22 23 24 24 2426 115ZI2241 25999999999999999999999 734  2999999999999999999999
 24 22 19 16 12  8  5  2  1  1  3  6 10 13 16 18 19 20 21 21 22 23 24 2526 116ZI2352 25999999999999999999999 815  1999999999999999999999
 25 25 23 19 16 11  7  3  1  0  1  3  7 11 14 17 18 19 19 20 20 21 22 2426 117ZI9999999999999999999999999999 856  0999999999999999999999
 25 26 25 22 19 14  9  4  0 -2 -2  0  3  8 12 15 17 18 18 17 17 18 19 2126 118ZI 053 26999999999999999999999 935 -2999999999999999999999
 23 25 25 24 21 17 11  6  1 -2 -4 -3 -1  4  8 12 14 16 16 15 15 15 16 1726 119ZI 146 251739 16999999999999991013 -42032 1599999999999999
 19 22 24 24 22 18 13  8  2 -2 -5 -6 -4  0  4  9 12 14 14 14 13 12 12 1326 120ZI 233 241754 14999999999999991048 -62124 1299999999999999
 15 18 21 22 22 19 15 10  4 -1 -5 -7 -6 -4  1  5  9 12 13 12 11 10  9  926 121ZI 316 221813 13999999999999991121 -72217  999999999999999
 11 13 16 19 20 19 16 11  6  1 -3 -6 -7 -5 -2  3  7 10 12 12 10  9  7  726 122ZI 4 0 201831 12999999999999991152 -72313  799999999999999
  7  8 11 14 17 17 16 13  9  4  0 -3 -5 -4 -2  2  6  9 11 12 11  9  6  526 123ZI 448 171846 12999999999999991219 -5999999999999999999999
  4  5  6  9 12 14 15 13 11  7  3  0 -1 -1  0  3  7 10 12 13 12 10  7  526 124ZI 543 151859 1399999999999999 012  41242 -299999999999999
  3  2  2  4  7 10 12 12 12 10  7  5  3  3  4  6  8 11 14 15 14 13 10  626 125ZI 656 121912 1599999999999999 112  21256  399999999999999
  3  1  0  1  2  5  8 10 11 11 10  9  8  8  8 10 12 14 16 17 17 16 14 1026 126ZI 837 111932 1799999999999999 216  01250  899999999999999
  6  3  1 -1 -1  1  3  6  8 10 11 12 12 12 13 14 15 17 19 20 20 20 18 1526 127ZI20 1 20999999999999999999999 329 -1999999999999999999999
 11  7  3  1 -1 -2 -1  1  4  7 10 12 13 15 16 17 18 19 20 22 22 23 22 2026 128ZI2050 23999999999999999999999 451 -2999999999999999999999
 17 13  9  4  1 -2 -3 -3 -1  2  6 10 13 15 17 18 19 20 21 22 23 24 24 2426 129ZI22 7 24999999999999999999999 615 -3999999999999999999999
 22 19 15 10  5  1 -3 -4 -4 -2  1  5 10 13 16 18 19 20 20 21 22 23 24 2526 130ZI2332 26999999999999999999999 729 -5999999999999999999999
 26 24 21 16 11  5  0 -4 -6 -6 -4  0  5 10 13 16 18 18 18 19 19 20 22 2426 131ZI9999999999999999999999999999 831 -6999999999999999999999
 26 26 25 22 17 11  5 -1 -5 -8 -7 -4  0  5 10 13 15 16 16 15 15 16 17 2026 2 1ZI 048 2617 9 1699999999999999 924 -81931 1599999999999999
 23 25 26 25 21 16  9  3 -3 -7 -9 -8 -4  1  6 10 13 14 14 13 12 12 12 1426 2 2ZI 153 261711 149999999999999910 9 -92044 1299999999999999
 17 21 23 24 23 19 13  6  0 -5 -8 -9 -7 -2  3  7 11 12 12 11  9  8  8  826 2 3ZI 250 241725 12999999999999991047 -92149  899999999999999
 11 14 18 21 21 20 16 10  3 -2 -6 -8 -8 -5  0  5  9 11 11 10  8  6  4  426 2 4ZI 343 211743 12999999999999991121 -82249  499999999999999
  5  8 12 15 17 18 16 12  6  1 -3 -6 -7 -5 -1  4  8 10 11 10  8  5  3  226 2 5ZI 433 1818 2 11999999999999991149 -72344  199999999999999
  1  3  6  9 12 14 14 12  8  4  0 -3 -4 -3  0  4  7 10 12 11  9  6  3  126 2 6ZI 524 141819 12999999999999991211 -4999999999999999999999
  0  0  1  4  7  9 10 10  8  6  3  1  0  0  2  5  8 11 12 12 11  8  5  226 2 7ZI 620 101832 1299999999999999 037  01222  099999999999999
  0 -1 -1  1  3  5  7  8  8  7  5  4  4  4  5  8 10 12 14 14 13 11  8  526 2 8ZI 731  81838 1499999999999999 129 -112 7  499999999999999
  2  0 -1 -1  0  2  4  5  6  7  7  7  7  8  9 11 13 14 16 16 15 13 10  726 2 9ZI1839 16999999999999999999999 224 -1999999999999999999999
  5  2  1  0  0  0  2  3  5  6  7  8  9 10 12 13 15 16 17 18 17 16 14 1126 210ZI1845 18999999999999999999999 328 -1999999999999999999999
  8  5  3  1  0  0  0  1  3  5  7  9 10 12 14 15 16 18 19 19 19 18 16 1426 211ZI19 8 19999999999999999999999 448  0999999999999999999999
 12  9  6  4  2  0  0  0  1  3  5  8 10 12 14 15 17 18 19 19 19 19 19 1726 212ZI20 1 19999999999999999999999 6 9  0999999999999999999999
 15 13 10  7  4  1  0 -1 -1  1  3  6  9 11 13 15 16 17 17 18 18 19 19 1926 213ZI2159 19999999999999999999999 711 -1999999999999999999999
 18 16 13 10  7  3  0 -2 -3 -2  0  3  6  9 12 13 14 15 15 15 16 17 18 1926 214ZI2342 19999999999999999999999 8 1 -3999999999999999999999
 19 18 16 13  9  5  1 -2 -4 -5 -3 -1  3  7  9 11 13 13 13 13 13 14 15 1726 215ZI9999999999999999999999999999 844 -5999999999999999999999
 18 19 18 15 12  7  2 -2 -5 -7 -7 -4 -1  3  7  9 11 11 10 10  9 10 11 1326 216ZI 051 191639 1199999999999999 921 -720 1  999999999999999
 15 17 18 16 14  9  4 -1 -5 -8 -9 -8 -4  0  4  7  9  9  9  7  6  6  6  826 217ZI 146 181643 1099999999999999 955 -92053  699999999999999
 11 14 16 16 15 11  6  1 -4 -8-10 -9 -7 -3  2  6  8  9  8  6  4  2  2  326 218ZI 235 171654  9999999999999991025-102142  299999999999999
  6 10 13 15 15 13  9  3 -2 -6 -9-10 -8 -4  0  5  7  8  8  5  3  0 -1 -126 219ZI 323 1517 6  8999999999999991054-102228 -199999999999999
  1  4  9 12 14 13 11  6  2 -3 -6 -7 -7 -4  0  4  8  9  9  6  3  0 -3 -426 220ZI 414 141718  9999999999999991120 -82315 -499999999999999
 -3 -1  3  8 11 12 12  9  5  1 -2 -4 -4 -3  1  5  9 10 10  9  5  1 -3 -526 221ZI 511 121730 11999999999999991143 -4999999999999999999999
 -6 -5 -2  2  7  9 11 10  8  5  3  1  1  1  3  7 10 12 13 12  9  4  0 -426 222ZI 616 111746 1399999999999999 0 4 -61159  199999999999999
 -6 -7 -6 -3  1  5  8  9 10  8  7  6  5  6  7 10 12 15 16 15 13  9  4  026 223ZI 735 1018 5 1699999999999999 057 -71157  599999999999999
 -4 -6 -7 -6 -3  0  4  6  8  9  9  9  9 10 11 13 15 17 18 18 16 14 10  526 224ZI1830 18999999999999999999999 157 -7999999999999999999999
  1 -3 -5 -6 -6 -4 -1  2  5  7  9 10 11 12 14 15 16 18 19 19 19 18 15 1126 225ZI19 7 19999999999999999999999 310 -6999999999999999999999
  7  3 -1 -4 -5 -6 -5 -3  0  3  6  9 11 13 14 16 17 18 19 19 20 20 18 1626 226ZI2016 20999999999999999999999 444 -6999999999999999999999
 13  9  5  1 -2 -5 -6 -6 -4 -1  2  6  9 11 13 15 16 16 17 18 18 19 19 1926 227ZI22 7 19999999999999999999999 620 -6999999999999999999999
 17 15 11  7  2 -2 -5 -7 -7 -5 -2  2  5  9 11 13 14 14 14 14 15 16 18 1926 228ZI2346 19999999999999999999999 733 -7999999999999999999999
 19 18 16 12  7  2 -3 -6 -8 -8 -6 -2  2  6  9 10 11 11 11 10 10 11 13 1626 3 1ZI1615 11999999999999999999999 828 -91910 1099999999999999
 18 19 18 16 11  6  1 -4 -8 -9 -9 -5 -1  3  6  8  9  9  8  6  6  6  8 1026 3 2ZI 1 2 1916 2  999999999999999 912 -92015  699999999999999
 14 17 18 17 14  9  4 -2 -6 -9 -9 -8 -4  1  5  7  8  8  6  4  2  2  2  426 3 3ZI 2 5 1816 8  899999999999999 947-1021 9  299999999999999
  8 12 15 16 15 12  7  1 -4 -7 -9 -8 -5 -1  4  7  8  8  6  3  0 -2 -2 -126 3 4ZI 3 0 161621  8999999999999991018 -92159 -299999999999999
  2  6 10 13 13 12  9  4 -1 -4 -7 -7 -5 -2  3  7  9  9  7  4  0 -3 -4 -526 3 5ZI 353 131637  9999999999999991044 -72244 -599999999999999
 -3  0  5  8 11 11 10  6  2 -1 -4 -5 -4 -1  3  7  9 10  9  6  2 -2 -5 -626 3 6ZI 444 111652 109999999999999911 6 -52327 -699999999999999
 -6 -4  0  4  7  9  9  8  5  2  0 -1 -1  1  4  8 10 11 10  8  4  0 -4 -626 3 7ZI 538  917 4 11999999999999991122 -1999999999999999999999
 -7 -6 -4  0  4  6  8  8  7  5  3  3  3  4  6  9 11 12 12 10  7  3 -1 -426 3 8ZI 635  81711 1299999999999999 0 6 -71122  299999999999999
 -6 -6 -5 -2  1  4  6  7  7  7  6  6  6  7  9 11 13 14 14 12  9  6  2 -126 3 9ZI 743  71715 1499999999999999 045 -61050  699999999999999
 -4 -5 -5 -3 -1  1  4  5  7  7  7  8  9 10 11 13 15 16 15 14 12  9  5  226 310ZI1722 16999999999999999999999 127 -5999999999999999999999
 -1 -3 -4 -3 -2  0  1  3  5  7  8  9 10 11 13 14 15 16 17 16 14 12  9  626 311ZI1737 17999999999999999999999 219 -4999999999999999999999
  3  0 -1 -2 -2 -2  0  1  3  5  7  8 10 11 13 14 15 16 16 16 15 14 12  926 312ZI18 7 16999999999999999999999 334 -2999999999999999999999
  6  4  1  0 -2 -2 -2 -1  0  2  4  7  9 10 12 13 14 15 15 15 15 14 13 1226 313ZI19 2 15999999999999999999999 515 -2999999999999999999999
  9  7  4  2  0 -2 -3 -3 -3 -1  2  4  7  9 10 11 12 12 12 13 13 13 13 1326 314ZI2137 13999999999999999999999 636 -4999999999999999999999
 12 10  7  4  1 -2 -4 -5 -5 -4 -2  1  4  7  8  9 10  9  9  9 10 11 12 1226 315ZI2335 13999999999999999999999 732 -5999999999999999999999
 12 12 10  7  3  0 -3 -6 -7 -7 -5 -2  2  5  7  8  8  7  6  6  6  7  8 1026 316ZI1531  8999999999999999999999 814 -71928  699999999999999
 12 12 11  9  6  2 -2 -6 -8 -8 -7 -4  0  3  5  7  6  5  4  2  2  2  4  626 317ZI 050 121526  799999999999999 849 -82013  299999999999999
  9 11 12 11  8  4  0 -4 -7 -9 -8 -6 -2  2  5  6  6  5  2  0 -2 -2 -1  126 318ZI 150 121529  699999999999999 921 -92055 -299999999999999
  5  9 11 12 10  7  3 -1 -5 -7 -8 -6 -3  1  5  7  7  5  2 -1 -4 -6 -6 -426 319ZI 245 121537  799999999999999 950 -82136 -699999999999999
  0  5  9 11 11 10  7  2 -1 -4 -6 -5 -2  2  6  8  9  7  4  0 -5 -8 -9 -926 320ZI 341 121548  9999999999999991017 -62218 -999999999999999
 -6 -1  5  9 11 11 10  7  3  0 -2 -2 -1  3  7 10 11 10  7  3 -3 -7-10-1126 321ZI 440 1216 4 11999999999999991043 -223 3-1199999999999999
-10 -6 -1  5  9 11 11 10  7  5  3  2  3  5  9 12 14 14 11  7  2 -4 -9-1226 322ZI 542 121624 149999999999999911 5  22351-1299999999999999
-12-11 -6 -1  4  8 11 11 10  8  7  7  7  8 11 14 16 16 15 12  7  1 -4 -926 323ZI 649 111648 16999999999999991113  6999999999999999999999
-11-12-10 -6 -1  4  7 10 11 10 10 10 10 11 13 15 17 18 18 16 12  7  2 -326 324ZI 813 111717 1899999999999999 044-121041 1099999999999999
 -7-10-10 -9 -6 -2  2  6  8 10 10 11 12 13 14 16 17 19 19 18 16 13  8  326 325ZI1752 19999999999999999999999 146-10999999999999999999999
 -1 -5 -7 -8 -8 -6 -3  1  4  7  9 10 12 13 14 15 17 17 18 18 18 16 13  926 326ZI1844 18999999999999999999999 3 3 -8999999999999999999999
  5  1 -2 -5 -7 -7 -6 -4 -1  2  5  8 10 12 13 14 15 15 16 16 17 16 15 1326 327ZI2023 17999999999999999999999 439 -7999999999999999999999
 11  7  3 -1 -4 -6 -7 -6 -4 -2  2  5  7  9 11 11 12 12 12 12 13 14 15 1526 328ZI2224 15999999999999999999999 6 9 -7999999999999999999999
 14 11  8  4  0 -3 -6 -7 -6 -4 -1  2  5  7  9  9  9  8  8  8  8 10 11 1326 329ZI15 4  9999999999999999999999 714 -71847  899999999999999
 14 13 11  8  4  0 -3 -6 -7 -6 -3  0  3  6  7  8  7  6  4  3  3  4  6  926 330ZI 0 4 141446  899999999999999 8 2 -71940  399999999999999
 12 13 12 11  7  3 -1 -4 -6 -6 -4 -1  2  5  7  7  6  4  2  0 -1 -1  1  426 331ZI 119 131445  899999999999999 838 -62027 -199999999999999
  7 10 12 11  9  6  2 -1 -4 -5 -4 -2  2  5  8  8  7  5  2 -2 -4 -5 -4 -226 4 1ZI 221 121455  899999999999999 9 8 -52110 -599999999999999
  2  6  9 11 10  8  5  1 -1 -3 -3 -1  2  6  9 10  9  7  3 -1 -4 -7 -7 -626 4 2ZI 317 1115 9 1099999999999999 934 -32150 -799999999999999
 -2  2  6  9 10 10  7  4  2  0 -1  0  3  6  9 11 11  9  5  1 -3 -7 -8 -826 4 3ZI 410 101525 1199999999999999 957 -12227 -999999999999999
 -6 -2  3  7  9 10  9  7  5  3  2  3  5  7 10 12 13 11  8  4 -1 -5 -8 -926 4 4ZI 5 2 101540 13999999999999991016  223 1 -999999999999999
 -8 -5  0  4  8 10 10  9  8  6  6  6  7  9 12 14 14 13 11  7  2 -3 -6 -826 4 5ZI 554 101551 14999999999999991026  62334 -899999999999999
 -8 -6 -3  2  5  8 10 11 10  9  8  9  9 11 13 15 16 15 13 10  5  0 -3 -626 4 6ZI 648 1116 2 16999999999999991019  8999999999999999999999
 -7 -6 -4 -1  3  6  9 10 11 10 10 11 11 13 14 16 17 17 15 12  8  4  0 -326 4 7ZI1615 17999999999999999999999 0 9 -7999999999999999999999
 -5 -6 -4 -2  1  4  7  9 10 10 11 11 12 13 15 16 17 18 16 14 11  7  3  026 4 8ZI1634 18999999999999999999999 049 -6999999999999999999999
 -2 -4 -4 -3 -1  1  4  6  8  9 10 11 12 13 14 16 17 17 17 15 13 10  7  326 4 9ZI17 0 17999999999999999999999 138 -4999999999999999999999
  1 -2 -3 -3 -2 -1  1  3  5  7  8 10 11 12 13 14 15 15 15 15 14 12  9  626 410ZI1734 16999999999999999999999 244 -3999999999999999999999
  4  1 -1 -2 -3 -3 -2  0  2  4  6  8  9 11 11 12 12 13 13 13 13 12 10  926 411ZI1839 13999999999999999999999 413 -3999999999999999999999
  6  4  2 -1 -2 -3 -3 -2 -1  2  4  6  8  9 10 10 10 10 10 10 10 10 10 1026 412ZI2120 10999999999999999999999 537 -3999999999999999999999
  8  6  4  2 -1 -3 -4 -4 -3 -1  2  4  6  8  8  8  7  7  6  6  6  7  9  926 413ZI1411  82327  999999999999999 636 -41841  699999999999999
  9  8  7  4  2 -1 -3 -4 -4 -2  0  3  6  7  8  7  6  4  3  2  2  3  6  826 414ZI1357  8999999999999999999999 721 -41920  299999999999999
  9 10  9  7  4  2 -1 -3 -3 -2  0  3  6  7  8  7  5  3  0 -2 -2 -1  1  526 415ZI 052 101355  899999999999999 758 -31957 -299999999999999
  8 10 11 10  8  5  2  0 -1 -1  0  3  7  9 10  9  6  3 -1 -4 -6 -6 -4  026 416ZI 2 1 1114 0 1099999999999999 831 -12036 -699999999999999
  5  9 11 12 12  9  6  4  2  1  2  5  8 11 12 12  9  5  0 -4 -8 -9 -9 -626 417ZI 3 4 121414 1299999999999999 9 2  12117 -999999999999999
  0  5 10 13 14 13 11  8  6  5  5  7 10 13 15 15 14 10  4 -2 -7-10-12-1026 418ZI 4 5 141435 1699999999999999 932  522 2-1299999999999999
 -6  0  6 11 14 15 15 13 11  9  9  9 12 15 18 19 18 15 10  3 -3 -9-12-1326 419ZI 5 5 1515 3 1999999999999999 959  92250-1399999999999999
-11 -6  1  7 12 15 16 15 14 13 12 12 14 16 19 21 21 19 15  9  3 -4 -9-1226 420ZI 6 8 161536 21999999999999991018 122342-1399999999999999
-12-10 -5  1  7 11 14 16 16 15 15 15 15 17 19 22 23 22 20 16  9  3 -3 -826 421ZI 720 161613 23999999999999991011 15999999999999999999999
-11-11 -9 -4  1  6 10 13 15 15 15 16 16 17 19 21 22 23 22 20 15 10  4 -226 422ZI1655 23999999999999999999999 039-11999999999999999999999
 -6 -8 -9 -7 -4  1  5  9 11 13 14 15 16 17 18 19 20 21 22 21 18 15 10  526 423ZI1748 22999999999999999999999 143 -9999999999999999999999
  1 -3 -6 -7 -6 -3  0  4  7 10 12 13 14 15 16 16 17 18 19 19 18 17 14 1026 424ZI1858 19999999999999999999999 256 -7999999999999999999999
  6  2 -1 -3 -5 -4 -2  0  3  6  9 11 12 13 13 13 13 13 14 15 16 16 15 1326 425ZI2038 16999999999999999999999 416 -5999999999999999999999
 11  7  4  1 -2 -3 -3 -1  1  4  7  9 10 11 11 11 10  9  9 10 11 12 13 1326 426ZI1330 112239 1399999999999999 528 -31747  999999999999999
 12 10  8  5  2  0 -1 -1  0  3  6  8 10 10 10  9  8  6  5  5  5  7  9 1126 427ZI1314 11999999999999999999999 624 -11849  599999999999999
 12 12 10  8  6  3  1  1  1  3  6  8 10 11 11  9  7  4  2  1  1  2  4  726 428ZI 021 121313 1199999999999999 7 6  11938  199999999999999
 10 11 11 10  8  6  4  3  3  4  6  9 11 13 12 11  8  5  1 -1 -2 -2  0  326 429ZI 140 111322 1399999999999999 739  32020 -299999999999999
  7 10 11 12 11  9  7  6  5  6  8 10 13 14 15 13 10  6  2 -1 -3 -4 -3  026 430ZI 247 121337 1599999999999999 8 6  52058 -499999999999999
  4  8 11 12 13 12 10  9  8  8  9 11 14 16 17 16 13  9  5  0 -3 -5 -5 -326 5 1ZI 344 131355 1799999999999999 830  82132 -599999999999999
  1  5  9 12 14 14 13 12 11 11 11 13 15 18 19 18 16 13  8  3 -1 -4 -5 -426 5 2ZI 436 141415 1999999999999999 851 1122 4 -599999999999999
 -1  3  8 12 14 16 15 15 14 13 14 15 17 19 20 20 19 16 11  6  1 -2 -4 -526 5 3ZI 524 161434 2199999999999999 9 8 132236 -599999999999999
 -3  1  6 10 13 16 17 16 16 15 15 16 18 20 21 22 21 19 15 10  5  0 -3 -426 5 4ZI 611 171454 2299999999999999 918 1523 9 -499999999999999
 -3 -1  3  8 12 15 16 17 17 16 17 17 18 20 22 23 23 21 18 13  8  3  0 -326 5 5ZI1517 239999999999999999999992346 -3999999999999999999999
 -3 -2  1  5  9 12 15 16 17 17 17 17 18 20 21 23 23 22 20 16 11  7  3  026 5 6ZI1545 239999999999999999999999999999999999999999999999999
 -2 -2  0  3  6  9 12 14 15 16 16 17 18 19 20 21 22 22 20 18 14 10  6  226 5 7ZI1616 22999999999999999999999 028 -2999999999999999999999
  0 -1 -1  1  3  6  9 11 13 14 15 16 16 17 18 19 20 20 20 18 15 12  8  526 5 8ZI1653 20999999999999999999999 116 -1999999999999999999999
  2  0 -1  0  1  3  6  8 11 12 13 14 15 15 16 16 17 18 18 17 16 13 10  726 5 9ZI1741 18999999999999999999999 212 -1999999999999999999999
  5  2  1  0  0  2  4  6  8 10 12 13 13 14 14 14 14 14 14 15 14 13 12 1026 510ZI19 1 15999999999999999999999 313  0999999999999999999999
  7  5  3  2  1  1  2  4  7  9 11 12 13 13 12 11 11 11 11 11 12 12 12 1126 511ZI1229 1321 9 1299999999999999 415  11717 1199999999999999
 10  8  6  4  3  3  3  4  6  8 10 12 13 12 11 10  8  7  7  7  8 10 11 1226 512ZI1213 132325 1299999999999999 510  218 8  799999999999999
 12 11 10  8  6  5  5  5  7  9 11 13 14 13 12 10  7  5  4  3  4  6  9 1126 513ZI12 9 14999999999999999999999 558  51848  399999999999999
 13 14 13 12 10  9  8  8  9 11 13 15 16 16 14 11  8  4  1  0  0  2  5  926 514ZI 1 3 141217 1699999999999999 640  81929  099999999999999
 13 15 16 16 15 13 12 12 12 13 15 18 19 20 18 15 10  5  1 -2 -4 -3  0  526 515ZI 220 161237 2099999999999999 719 122013 -499999999999999
 10 15 18 19 19 18 17 16 15 16 17 20 22 24 23 20 15 10  4 -1 -5 -6 -5 -126 516ZI 328 1913 6 2499999999999999 756 1521 0 -699999999999999
  5 11 16 20 22 22 21 19 19 19 20 22 24 27 27 25 21 16  9  2 -3 -6 -7 -526 517ZI 431 221343 2799999999999999 829 192150 -799999999999999
 -1  6 12 18 21 23 23 22 21 21 22 23 25 28 30 29 27 22 16  9  2 -4 -7 -826 518ZI 532 231425 3099999999999999 856 212243 -899999999999999
 -5  0  6 13 18 21 23 23 23 22 23 23 25 27 30 31 30 28 23 16  9  2 -3 -626 519ZI 637 231512 3199999999999999 911 222339 -799999999999999
 -7 -4  1  7 13 17 21 22 22 22 22 23 24 26 28 30 31 30 27 22 16  9  3 -226 520ZI16 3 319999999999999999999999999999999999999999999999999
 -5 -5 -3  2  7 12 16 19 20 21 21 22 22 23 25 27 28 29 28 26 21 15  9  426 521ZI1658 29999999999999999999999 037 -6999999999999999999999
  0 -3 -3 -1  3  7 12 15 17 19 19 20 20 20 21 22 24 25 26 25 23 19 14 1026 522ZI1759 26999999999999999999999 136 -3999999999999999999999
  5  2  0 -1  1  4  8 12 14 16 17 18 18 18 18 18 19 20 21 22 21 20 17 1426 523ZI1910 22999999999999999999999 235 -1999999999999999999999
 10  7  4  2  2  4  7 10 13 15 16 17 17 16 15 15 14 15 16 17 18 18 17 1626 524ZI1119 172046 1899999999999999 330  216 4 1499999999999999
 13 11  8  6  5  6  7  9 12 14 16 17 17 16 14 13 11 10 10 11 13 14 15 1526 525ZI1121 172252 1599999999999999 419  51731 1099999999999999
 15 14 12 10  9  9  9 11 13 15 17 18 18 17 15 13 10  8  7  7  8 10 12 1426 526ZI1130 18999999999999999999999 458  91835  799999999999999
 15 15 15 14 13 12 12 13 15 17 19 20 20 19 17 14 11  8  6  4  5  6  9 1126 527ZI 050 151144 2099999999999999 527 121923  499999999999999
 14 16 16 16 16 16 16 16 17 19 21 22 23 22 20 17 13 10  6  4  3  4  6  926 528ZI 236 1712 2 2399999999999999 547 1620 3  399999999999999
 13 16 18 19 19 19 19 19 19 21 22 24 25 25 23 21 17 12  8  5  3  3  4  726 529ZI1224 259999999999999999999992038  3999999999999999999999
 11 15 18 20 21 21 21 21 22 23 24 26 27 27 26 24 20 16 11  7  4  3  3  626 530ZI1249 289999999999999999999992111  3999999999999999999999
 10 14 18 21 23 23 23 23 23 24 25 27 28 29 29 27 24 20 15 10  6  4  3  526 531ZI1317 299999999999999999999992144  3999999999999999999999
  8 12 17 20 23 24 25 25 24 25 26 27 29 30 31 30 27 23 18 13  8  5  3  426 6 1ZI1349 319999999999999999999992218  3999999999999999999999
  6 10 15 19 22 24 25 25 25 25 26 27 28 30 31 31 29 26 22 16 11  7  4  326 6 2ZI1424 319999999999999999999992256  3999999999999999999999
  4  8 12 16 20 23 24 24 24 24 25 26 27 29 30 31 30 28 24 19 14  9  6  426 6 3ZI15 1 319999999999999999999992336  3999999999999999999999
  3  5  8 13 17 20 22 23 23 23 24 24 25 27 28 30 30 29 26 22 17 12  8  526 6 4ZI1540 309999999999999999999999999999999999999999999999999
  3  4  6  9 13 17 19 21 22 22 22 22 23 24 26 27 28 28 26 23 19 14 10  626 6 5ZI1620 28999999999999999999999 017  3999999999999999999999
  4  3  4  7 10 14 17 19 20 21 21 21 21 22 23 24 25 25 25 23 20 16 12  926 6 6ZI17 3 25999999999999999999999 059  3999999999999999999999
  6  5  4  6  8 11 14 17 19 20 20 20 20 20 20 20 21 22 22 22 20 18 15 1226 6 7ZI1756 22999999999999999999999 139  4999999999999999999999
  9  7  6  6  8 10 13 16 18 19 19 19 19 18 18 17 18 18 19 20 20 18 17 1526 6 8ZI10 9 201913 2099999999999999 217  61457 1799999999999999
 12 10  9  9 10 11 13 16 18 20 20 20 19 18 16 15 14 15 15 17 18 18 18 1726 6 9ZI1010 202115 1899999999999999 251  91620 1499999999999999
 16 14 13 13 13 14 15 17 20 21 22 22 21 18 16 14 12 11 12 13 15 17 18 1926 610ZI1016 222337 1999999999999999 322 131720 1199999999999999
 19 19 18 17 17 17 18 20 22 24 25 25 24 21 18 15 11  9  8  9 11 14 17 2026 611ZI1031 25999999999999999999999 352 171812  899999999999999
 21 22 22 22 22 22 22 23 25 27 28 29 28 26 22 18 13  9  7  6  7  9 13 1826 612ZI 135 221058 2999999999999999 426 2219 3  699999999999999
 21 24 26 26 26 26 26 26 27 29 31 32 33 31 28 23 17 12  7  4  3  5  8 1326 613ZI1136 339999999999999999999991956  3999999999999999999999
 19 23 26 28 29 29 29 29 30 31 33 35 36 36 34 29 24 17 11  6  3  2  4  826 614ZI1223 369999999999999999999992051  2999999999999999999999
 14 20 25 28 30 31 31 31 31 32 33 35 37 39 38 36 31 25 17 10  5  2  1  326 615ZI1316 399999999999999999999992147  1999999999999999999999
  8 14 20 25 29 31 31 31 31 31 32 34 36 39 40 39 37 31 25 17 10  5  1  126 616ZI1412 409999999999999999999992243  0999999999999999999999
  3  8 14 20 25 28 30 30 30 30 30 31 33 36 39 40 39 36 31 24 17 10  4  126 617ZI1510 409999999999999999999992337  1999999999999999999999
  1  4  9 15 20 24 27 28 28 28 28 28 29 32 34 37 38 37 34 29 23 16 10  526 618ZI16 7 389999999999999999999999999999999999999999999999999
  2  3  5 10 15 20 24 26 26 26 26 25 26 27 29 31 34 35 34 31 27 21 15 1026 619ZI 8 2 2617 5 3599999999999999 029  21046 2599999999999999
  6  4  5  8 12 17 21 23 25 25 24 23 23 23 24 25 28 30 30 30 27 24 19 1526 620ZI 830 2518 4 3099999999999999 116  41238 2399999999999999
 11  8  8  9 12 15 19 22 24 24 24 23 22 21 20 20 22 23 25 26 25 24 21 1826 621ZI 855 241915 2699999999999999 157  81413 2099999999999999
 15 13 12 12 13 16 19 22 24 25 25 23 22 20 18 17 17 18 19 21 22 22 22 2026 622ZI 918 252055 2299999999999999 231 111540 1799999999999999
 19 17 16 16 16 18 21 23 25 26 26 25 23 21 19 17 15 15 15 16 18 19 20 2126 623ZI 938 262320 2199999999999999 253 1617 1 1599999999999999
 21 20 20 20 20 21 23 25 27 28 29 28 26 24 21 18 15 13 13 13 14 16 18 2026 624ZI 957 29999999999999999999999 242 2018 9 1399999999999999
 22 23 23 24 24 25 26 28 29 30 31 31 29 27 24 21 17 14 12 12 12 14 17 2026 625ZI1018 3199999999999999999999919 0 12999999999999999999999
 22 24 25 26 27 28 29 30 31 32 33 34 33 31 28 24 20 17 14 12 12 13 15 1926 626ZI1043 349999999999999999999991941 12999999999999999999999
 22 25 27 28 30 30 31 32 33 34 35 36 36 34 31 28 24 20 16 13 12 12 14 1726 627ZI1116 369999999999999999999992018 12999999999999999999999
 21 25 27 30 31 32 32 33 34 35 36 37 38 37 35 32 28 23 19 15 13 12 13 1626 628ZI1158 389999999999999999999992054 12999999999999999999999
 20 24 27 30 31 32 33 33 34 35 36 37 39 39 38 35 31 27 22 17 14 12 12 1426 629ZI1244 399999999999999999999992131 12999999999999999999999
 17 21 25 29 31 32 32 33 33 34 35 36 38 39 39 38 35 30 25 20 15 12 11 1226 630ZI1331 3999999999999999999999922 9 11999999999999999999999
 14 18 23 26 29 31 32 32 31 32 33 34 36 38 39 38 36 33 28 23 17 13 11 1026 7 1ZI1417 399999999999999999999992248 10999999999999999999999
 11 15 19 23 27 29 30 30 30 30 30 31 33 35 37 38 37 34 30 25 19 15 11  926 7 2ZI15 0 389999999999999999999992325  9999999999999999999999
  9 12 15 20 24 27 28 29 29 28 28 29 30 31 34 35 36 34 31 27 22 16 12 1026 7 3ZI 7 0 291541 3699999999999999 937 28999999999999999999999
  9 10 13 17 21 24 26 27 27 27 26 26 27 28 30 32 33 33 31 28 23 19 15 1126 7 4ZI 725 281624 3399999999999999 0 0  91038 2699999999999999
 10 10 11 15 19 22 25 26 27 26 25 25 24 25 26 28 30 30 30 28 25 21 17 1426 7 5ZI 747 271710 3099999999999999 033  91155 2499999999999999
 12 11 12 15 18 22 24 26 27 26 25 24 23 22 23 24 26 27 28 27 26 23 21 1826 7 6ZI 8 3 2718 9 2899999999999999 1 0 111314 2299999999999999
 16 15 15 16 19 22 25 27 28 27 26 24 23 21 20 20 22 23 25 26 26 25 24 2226 7 7ZI 815 281934 2699999999999999 123 151425 2099999999999999
 20 19 19 20 22 24 27 29 30 30 29 26 24 21 19 18 18 19 21 23 25 26 26 2526 7 8ZI 826 302142 2699999999999999 138 191532 1899999999999999
 25 24 24 24 25 27 29 31 33 33 32 30 27 24 20 18 17 16 17 20 22 25 26 2826 7 9ZI 845 33999999999999999999999 142 241639 1699999999999999
 28 28 28 29 30 31 32 34 36 37 36 35 32 28 24 20 17 15 14 16 18 21 25 2826 710ZI 915 379999999999999999999991745 14999999999999999999999
 30 31 32 33 33 34 35 37 38 39 40 39 37 34 29 24 19 16 13 13 14 17 21 2526 711ZI10 1 409999999999999999999991850 13999999999999999999999
 29 32 34 35 36 37 37 38 39 41 42 43 42 40 36 30 25 19 15 12 11 12 16 2126 712ZI11 0 439999999999999999999991953 11999999999999999999999
 26 30 33 36 37 37 38 38 39 41 42 44 45 44 42 37 32 25 19 14 11 10 11 1526 713ZI12 7 459999999999999999999992053 10999999999999999999999
 20 26 30 34 36 37 37 37 38 39 40 43 45 46 46 43 38 32 25 18 13  9  8 1026 714ZI1313 469999999999999999999992149  8999999999999999999999
 15 21 26 30 33 35 35 35 35 36 37 39 42 45 46 46 43 38 31 24 17 12  8  826 715ZI1416 469999999999999999999992240  8999999999999999999999
 10 15 21 26 30 33 33 33 32 32 33 34 36 40 43 45 44 41 36 29 22 16 11  826 716ZI 6 4 331515 4599999999999999 845 322326  899999999999999
  9 12 17 22 27 30 32 31 30 29 29 29 31 33 37 40 42 41 38 33 27 20 15 1126 717ZI 624 321612 429999999999999910 5 29999999999999999999999
 10 11 15 20 24 28 30 31 30 28 27 26 26 27 30 34 36 38 37 34 30 24 19 1526 718ZI 646 3117 8 3899999999999999 0 6 101128 2699999999999999
 13 13 15 19 23 27 29 31 30 28 26 24 23 23 24 27 30 32 33 32 30 27 23 2026 719ZI 7 8 3118 9 3399999999999999 041 121242 2399999999999999
 17 16 17 20 23 27 30 31 31 30 27 25 23 22 21 22 24 26 28 29 29 28 26 2326 720ZI 730 311925 2999999999999999 1 9 161352 2199999999999999
 22 21 21 23 25 28 31 32 33 32 30 27 25 22 20 20 20 22 24 25 26 27 27 2626 721ZI 750 332111 2799999999999999 124 2115 3 2099999999999999
 25 25 26 26 28 31 33 34 35 34 33 30 27 25 22 20 19 19 20 22 24 25 27 2726 722ZI 8 6 35999999999999999999999 059 251617 1999999999999999
 28 29 29 30 32 33 35 36 37 37 36 34 31 28 25 22 20 19 19 20 22 24 26 2826 723ZI 821 379999999999999999999991730 19999999999999999999999
 30 31 32 34 35 36 37 38 39 39 38 37 35 32 28 25 22 20 19 19 20 22 25 2826 724ZI 839 399999999999999999999991830 19999999999999999999999
 30 32 34 36 37 38 39 40 41 41 41 40 38 36 32 29 26 23 20 19 20 21 24 2726 725ZI 917 419999999999999999999991918 19999999999999999999999
 30 32 35 36 38 39 39 40 41 42 42 42 41 39 36 33 29 25 22 20 19 20 22 2526 726ZI1022 4299999999999999999999920 1 19999999999999999999999
 28 32 34 36 37 38 39 39 40 41 42 43 43 42 40 36 32 28 24 21 19 18 20 2226 727ZI1133 439999999999999999999992042 18999999999999999999999
 26 30 33 35 36 37 37 38 38 39 41 42 43 43 42 39 35 31 26 22 19 17 17 1926 728ZI1235 439999999999999999999992121 17999999999999999999999
 23 27 30 33 35 36 36 35 36 36 38 40 41 43 43 41 38 33 28 23 19 16 15 1626 729ZI1328 439999999999999999999992158 15999999999999999999999
 19 23 28 31 33 34 34 33 33 33 34 36 38 40 42 41 39 35 30 25 20 16 14 1426 730ZI 527 341416 4299999999999999 811 332232 1499999999999999
 16 20 24 28 31 33 33 32 31 31 31 32 34 37 39 40 39 36 32 27 22 17 14 1326 731ZI 539 3315 0 4099999999999999 9 8 3123 3 1399999999999999
 14 17 22 26 29 31 32 31 30 29 28 28 30 32 35 37 38 36 33 29 24 19 16 1426 8 1ZI 555 321543 389999999999999910 6 282332 1499999999999999
 14 16 20 24 28 30 31 31 29 27 26 26 26 28 31 34 35 35 34 31 26 22 18 1626 8 2ZI 610 311630 369999999999999911 4 262357 1699999999999999
 16 17 20 24 28 30 32 31 30 28 25 24 24 24 26 29 32 33 33 32 29 25 22 2026 8 3ZI 624 321725 339999999999999912 0 24999999999999999999999
 19 19 21 25 28 31 33 33 32 29 26 24 22 22 23 25 28 30 32 32 31 29 26 2426 8 4ZI 635 331836 3299999999999999 016 191256 2299999999999999
 23 23 25 27 30 33 35 35 34 32 29 25 23 21 21 21 24 27 29 31 31 31 30 2926 8 5ZI 648 352012 3199999999999999 028 231354 2199999999999999
 28 28 29 31 33 35 37 38 38 36 33 29 25 22 20 20 21 23 25 28 30 31 32 3226 8 6ZI 7 6 38999999999999999999999 024 281459 2099999999999999
 32 33 33 35 36 38 40 41 41 40 37 34 30 26 23 20 19 20 21 24 27 29 32 3326 8 7ZI 734 419999999999999999999991615 19999999999999999999999
 35 36 37 38 39 40 42 43 44 43 42 39 36 31 27 23 20 19 18 20 22 26 29 3226 8 8ZI 820 449999999999999999999991737 18999999999999999999999
 35 37 38 39 40 41 42 44 45 45 45 44 41 38 33 28 24 20 18 17 18 21 25 2926 8 9ZI 931 459999999999999999999991853 17999999999999999999999
 32 35 38 39 40 41 42 43 44 45 46 47 46 43 40 35 29 24 19 16 15 16 20 2426 810ZI1056 479999999999999999999991959 15999999999999999999999
 29 33 36 38 39 39 40 40 41 42 44 46 48 47 45 41 35 29 23 18 15 14 15 1926 811ZI1214 489999999999999999999992055 14999999999999999999999
 24 29 33 35 37 37 37 37 37 38 40 43 46 47 47 45 40 34 28 21 16 13 13 1526 812ZI1323 479999999999999999999992143 13999999999999999999999
 19 25 29 33 35 35 34 33 33 33 34 37 41 44 46 46 43 39 32 26 20 15 13 1326 813ZI 448 351424 4699999999999999 8 3 332224 1399999999999999
 16 21 26 30 33 34 33 31 30 29 29 31 34 38 42 44 43 41 36 30 23 18 15 1426 814ZI 459 341521 4499999999999999 917 2923 0 1499999999999999
 15 19 24 29 32 33 33 31 28 26 25 26 27 31 35 39 40 40 37 33 27 22 18 1626 815ZI 516 331618 40999999999999991025 252331 1699999999999999
 16 19 23 28 31 33 33 32 29 26 24 23 23 25 28 32 35 37 36 34 30 26 22 2026 816ZI 535 341716 37999999999999991126 222356 1999999999999999
 19 21 24 28 32 34 35 34 31 27 24 22 21 21 23 27 30 32 33 33 31 29 26 2426 817ZI 554 351820 34999999999999991223 21999999999999999999999
 24 24 26 29 33 35 36 35 33 30 27 24 21 20 21 23 25 28 30 31 31 30 29 2826 818ZI 611 361938 3199999999999999 012 241318 2099999999999999
 28 28 30 32 34 36 37 37 36 33 30 27 24 22 21 21 23 25 27 29 30 31 31 3126 819ZI 623 38999999999999999999999 0 1 281415 2199999999999999
 31 32 33 35 37 38 39 39 38 36 33 30 27 25 23 22 22 23 24 26 28 30 31 3326 820ZI 629 399999999999999999999991520 22999999999999999999999
 34 35 36 38 39 40 41 41 40 39 37 34 31 28 26 24 23 23 23 25 26 29 31 3326 821ZI 635 419999999999999999999991637 22999999999999999999999
 35 36 38 39 40 41 42 42 42 41 40 37 35 32 29 26 24 23 23 23 25 27 29 3226 822ZI 655 429999999999999999999991753 23999999999999999999999
 34 36 38 39 40 41 42 42 43 42 42 40 38 35 32 29 27 24 23 22 23 25 27 3026 823ZI 753 439999999999999999999991854 22999999999999999999999
 33 35 37 39 39 40 41 41 42 42 42 42 41 39 36 33 29 26 23 21 21 22 25 2826 824ZI 953 429999999999999999999991943 21999999999999999999999
 31 34 36 37 38 38 38 39 39 40 41 42 42 41 39 35 32 28 24 21 20 20 21 2426 825ZI1127 429999999999999999999992024 19999999999999999999999
 28 31 34 35 36 36 36 36 36 37 39 40 41 42 40 38 34 29 25 21 19 18 19 2126 826ZI1234 4299999999999999999999921 1 18999999999999999999999
 25 29 32 33 34 34 33 33 32 33 35 37 39 40 40 39 36 31 27 22 19 17 16 1826 827ZI 414 341328 4199999999999999 740 322133 1699999999999999
 22 26 30 32 33 33 32 30 29 29 30 32 35 38 39 39 37 33 28 24 19 17 16 1726 828ZI 418 331417 3999999999999999 834 2922 2 1699999999999999
 20 24 28 31 32 32 31 29 27 26 26 28 30 34 37 38 37 35 31 26 21 18 16 1626 829ZI 428 3215 4 3899999999999999 923 262229 1699999999999999
 19 23 27 30 32 32 31 28 26 24 23 23 26 29 33 36 37 35 33 29 24 21 19 1826 830ZI 439 321554 37999999999999991011 232253 1899999999999999
 19 23 27 31 33 33 32 30 26 23 21 21 22 24 29 32 35 35 34 32 28 25 22 2126 831ZI 450 331650 35999999999999991057 212314 2199999999999999
 22 24 28 32 34 35 34 32 28 24 21 19 19 20 24 28 32 34 35 34 31 29 27 2626 9 1ZI 5 2 351755 35999999999999991144 192328 2699999999999999
 26 27 30 33 36 37 37 35 31 27 23 20 18 18 20 23 28 31 33 34 34 32 31 3026 9 2ZI 517 371912 34999999999999991234 182326 3099999999999999
 30 31 33 35 38 40 40 38 36 31 27 23 20 18 18 20 23 27 30 32 33 34 34 3326 9 3ZI 537 409999999999999999999991331 18999999999999999999999
 34 35 36 38 40 41 42 42 40 36 32 28 24 21 19 18 20 22 25 28 31 33 34 3526 9 4ZI 6 3 429999999999999999999991441 18999999999999999999999
 36 37 38 40 41 42 43 44 43 41 38 33 29 25 22 20 19 19 21 24 27 30 32 3426 9 5ZI 642 4499999999999999999999916 7 19999999999999999999999
 36 38 39 40 41 42 43 44 44 44 42 39 35 31 27 23 20 18 18 19 22 25 29 3226 9 6ZI 750 449999999999999999999991741 18999999999999999999999
 34 37 38 39 40 41 42 42 43 44 44 43 40 37 33 28 24 20 18 17 18 20 24 2826 9 7ZI 934 449999999999999999999991857 17999999999999999999999
 31 34 36 37 38 38 38 39 40 41 43 44 43 41 38 34 28 23 19 17 16 17 20 2426 9 8ZI1111 449999999999999999999991955 16999999999999999999999
 28 31 34 35 35 35 34 35 35 37 39 42 43 43 41 38 33 27 22 18 16 15 17 2126 9 9ZI1230 439999999999999999999992042 15999999999999999999999
 25 29 32 33 33 32 31 30 30 31 33 37 40 42 42 40 37 31 26 21 17 15 16 1926 910ZI 332 331336 4299999999999999 733 302120 1599999999999999
 23 27 30 32 32 31 29 27 26 26 27 30 34 38 40 40 39 35 29 24 20 17 16 1826 911ZI 336 321435 4199999999999999 834 252153 1699999999999999
 22 26 30 32 33 31 29 25 23 22 22 24 27 32 36 38 38 36 32 27 23 20 18 1926 912ZI 348 331533 3899999999999999 930 222221 1899999999999999
 21 26 30 33 34 33 30 26 23 20 19 19 22 26 30 34 36 36 34 30 27 23 22 2126 913ZI 4 4 341630 36999999999999991021 192246 2199999999999999
 23 26 30 33 35 35 32 29 24 21 18 17 18 21 25 29 32 34 34 32 30 27 25 2526 914ZI 422 351729 349999999999999911 9 1723 3 2599999999999999
 25 28 31 34 36 36 35 32 27 23 20 18 17 18 21 25 29 31 33 33 32 30 29 2826 915ZI 439 361832 33999999999999991153 1723 5 2899999999999999
 29 30 33 35 37 38 37 34 31 26 23 20 18 18 19 22 25 28 31 32 32 32 32 3226 916ZI 451 381949 32999999999999991237 182222 3199999999999999
 32 33 35 37 38 39 38 37 34 30 26 23 20 19 19 21 23 26 28 30 32 32 33 3426 917ZI 458 399999999999999999999991324 19999999999999999999999
 34 35 37 38 40 40 40 38 36 33 29 26 24 22 21 21 22 24 26 28 30 32 33 3426 918ZI 5 4 409999999999999999999991420 21999999999999999999999
 35 37 38 39 40 41 41 40 38 36 33 30 27 25 23 22 22 22 24 25 28 30 32 3326 919ZI 517 419999999999999999999991536 22999999999999999999999
 35 36 38 39 40 40 40 40 39 38 35 33 30 28 25 23 22 22 22 23 25 27 29 3226 920ZI 544 4099999999999999999999917 8 22999999999999999999999
 34 35 36 37 38 38 39 39 39 38 37 35 33 31 28 25 23 21 20 21 22 24 27 2926 921ZI 653 399999999999999999999991819 20999999999999999999999
 31 33 35 35 36 36 36 36 37 37 37 36 35 33 31 28 25 22 20 19 19 21 24 2726 922ZI 939 379999999999999999999991910 19999999999999999999999
 29 31 33 33 33 33 32 33 33 34 35 36 36 35 33 30 26 23 20 18 18 19 21 2426 923ZI 319 331124 3699999999999999 618 321951 1799999999999999
 27 29 31 31 31 30 29 29 29 30 32 34 35 35 34 32 28 24 21 18 17 17 19 2226 924ZI 258 311235 3599999999999999 710 292024 1799999999999999
 25 28 30 30 30 28 26 25 25 26 28 30 33 34 34 33 30 27 23 19 17 17 18 2126 925ZI 255 301333 3599999999999999 753 252054 1799999999999999
 24 27 30 30 29 27 25 23 21 21 23 26 29 32 34 34 32 29 25 22 19 18 18 2026 926ZI 258 301426 3499999999999999 834 212121 1899999999999999
 24 28 30 31 30 28 25 21 19 18 18 21 25 29 32 34 34 32 28 25 22 20 20 2126 927ZI 3 6 311520 3499999999999999 915 182146 2099999999999999
 24 28 31 33 32 30 26 22 18 16 15 16 20 25 29 33 34 34 32 28 26 24 23 2326 928ZI 316 331617 3499999999999999 955 1522 9 2399999999999999
 26 29 33 35 35 33 29 24 19 16 13 13 15 20 25 30 33 34 34 32 29 27 26 2726 929ZI 332 351717 34999999999999991039 132228 2699999999999999
 28 31 34 37 38 36 33 29 23 18 14 12 12 15 20 25 30 33 34 34 33 31 30 3026 930ZI 353 381824 34999999999999991126 122234 3099999999999999
 31 33 36 38 40 39 37 33 28 22 17 14 12 13 15 20 25 29 32 33 34 33 33 332610 1ZI 418 401944 34999999999999991218 122213 3399999999999999
 34 35 37 39 41 41 40 38 33 28 23 18 15 13 13 16 20 24 27 30 32 33 34 342610 2ZI 448 419999999999999999999991320 13999999999999999999999
 35 36 38 39 41 42 42 40 38 33 29 24 20 16 15 14 16 19 22 25 28 31 32 342610 3ZI 526 429999999999999999999991434 14999999999999999999999
 35 36 37 38 39 40 41 41 40 37 34 30 26 22 18 16 15 16 17 20 24 27 29 312610 4ZI 622 4199999999999999999999916 5 15999999999999999999999
 33 35 36 36 37 38 38 39 39 39 37 35 31 27 23 19 17 15 15 16 19 22 25 282610 5ZI 756 399999999999999999999991733 15999999999999999999999
 31 32 33 34 34 34 34 35 36 37 38 37 35 32 28 24 20 17 15 15 16 19 22 252610 6ZI 950 389999999999999999999991840 15999999999999999999999
 28 30 31 31 30 30 30 30 31 33 35 36 36 35 32 28 24 20 17 15 15 17 20 232610 7ZI 233 311130 3699999999999999 6 0 301930 1599999999999999
 26 28 29 29 28 26 25 25 25 27 30 33 35 35 34 31 27 23 20 17 16 16 19 222610 8ZI 213 291248 3599999999999999 7 1 2520 9 1699999999999999
 26 28 29 29 27 24 22 21 20 21 24 27 31 33 34 33 30 26 23 20 18 17 19 222610 9ZI 211 291354 3499999999999999 752 202041 1799999999999999
 26 29 30 30 28 25 21 18 17 16 18 22 26 30 32 33 32 29 26 23 20 19 20 23261010ZI 220 301454 3399999999999999 840 1621 8 1999999999999999
 26 29 31 32 30 27 22 18 15 14 14 16 21 25 29 32 32 31 29 26 24 22 22 24261011ZI 235 321552 3299999999999999 924 142132 2299999999999999
 27 30 33 33 32 29 25 20 16 13 12 13 16 21 26 29 31 32 31 29 27 25 25 26261012ZI 254 331647 329999999999999910 6 122151 2599999999999999
 28 31 34 35 34 32 28 23 19 15 13 12 14 17 22 26 30 31 32 31 29 28 28 28261013ZI 313 351742 32999999999999991045 1222 1 2899999999999999
 30 32 35 36 36 34 31 27 22 17 14 13 13 15 19 23 27 30 31 32 31 30 30 31261014ZI 330 361841 32999999999999991122 132152 3099999999999999
 32 33 35 37 37 36 34 30 25 21 17 15 14 15 17 21 24 28 30 31 31 31 32 32261015ZI 344 3799999999999999999999912 0 14999999999999999999999
 33 34 36 37 38 37 35 32 28 24 20 17 16 15 16 19 22 25 27 29 30 31 32 32261016ZI 359 389999999999999999999991242 15999999999999999999999
 33 35 36 37 38 38 36 34 31 27 23 20 18 16 16 17 19 22 24 26 28 30 31 32261017ZI 417 389999999999999999999991334 16999999999999999999999
 33 34 35 36 37 37 36 35 32 29 26 23 20 18 17 17 18 19 21 23 25 27 29 30261018ZI 441 379999999999999999999991443 17999999999999999999999
 31 32 33 34 34 35 35 34 33 31 28 26 23 21 19 17 17 17 18 20 22 24 26 28261019ZI 516 3599999999999999999999916 8 17999999999999999999999
 29 30 31 31 31 32 32 32 31 31 29 27 25 23 21 18 17 16 16 17 19 21 24 26261020ZI 637 329999999999999999999991722 16999999999999999999999
 27 28 29 29 28 28 28 28 29 29 29 28 27 25 23 20 18 16 15 16 17 19 22 24261021ZI 216 29 916 2999999999999999 539 281816 1599999999999999
 26 27 27 26 26 25 24 24 25 26 27 28 28 27 25 22 20 18 16 15 16 18 21 23261022ZI 139 271118 2899999999999999 626 241857 1599999999999999
 25 26 26 25 24 22 21 20 20 22 24 26 27 28 27 25 22 20 18 17 17 18 20 23261023ZI 128 261240 2899999999999999 7 3 201930 1699999999999999
 25 27 27 25 23 20 18 16 16 18 20 23 26 28 28 27 25 23 20 19 18 19 21 24261024ZI 126 271345 2899999999999999 739 1620 0 1899999999999999
 27 28 28 27 24 20 17 14 13 13 16 19 24 27 29 29 28 26 24 22 21 21 22 25261025ZI 131 281444 3099999999999999 816 132028 2199999999999999
 28 30 31 29 26 22 17 13 10 10 11 15 20 25 29 31 31 30 27 25 24 24 24 26261026ZI 145 311542 3199999999999999 855 102055 2499999999999999
 30 32 34 33 30 26 20 14 10  8  7 10 15 20 26 30 32 32 31 29 27 27 27 28261027ZI 2 6 341640 3299999999999999 937  72119 2799999999999999
 31 34 36 36 34 30 25 18 12  8  6  6  9 15 21 26 30 32 33 32 30 29 29 30261028ZI 234 361740 33999999999999991024  62135 2999999999999999
 32 35 37 39 38 35 30 24 17 11  7  6  6 10 15 21 26 30 32 32 32 31 31 32261029ZI 3 8 391848 32999999999999991115  52136 3199999999999999
 33 35 37 39 40 38 35 30 23 17 12  8  6  7 10 15 20 25 28 30 31 31 31 32261030ZI 346 409999999999999999999991212  6999999999999999999999
 33 34 36 38 40 40 38 34 29 23 17 13  9  7  8 11 15 19 23 26 28 29 30 31261031ZI 430 409999999999999999999991316  7999999999999999999999
 32 33 34 36 37 38 38 36 33 29 24 19 14 11  9  9 11 14 18 21 24 26 28 292611 1ZI 524 389999999999999999999991428  9999999999999999999999
 30 31 31 32 33 34 35 35 34 32 28 24 20 16 12 10 10 11 14 17 20 23 25 262611 2ZI 634 359999999999999999999991545 10999999999999999999999
 27 28 28 28 29 29 30 31 32 31 30 27 24 21 17 14 12 11 12 14 17 20 22 242611 3ZI 8 9 329999999999999999999991656 11999999999999999999999
 25 26 25 25 24 24 24 26 27 28 29 28 27 24 21 18 15 13 13 14 16 19 21 232611 4ZI 1 2 2610 4 2999999999999999 457 241754 1399999999999999
 25 25 24 23 21 20 19 20 21 23 25 27 27 26 24 22 19 17 15 15 16 18 21 242611 5ZI 042 251150 2799999999999999 610 191839 1599999999999999
 25 25 24 22 20 17 15 15 15 17 20 23 25 26 26 24 22 20 18 17 18 19 22 252611 6ZI 042 251314 2699999999999999 7 5 151914 1799999999999999
 26 27 26 24 20 17 14 12 11 12 15 19 22 25 26 26 25 23 21 20 20 21 23 262611 7ZI 051 271425 2699999999999999 752 111942 2099999999999999
 28 29 28 26 23 18 14 11  9  9 11 15 19 23 26 27 27 26 24 23 23 23 24 272611 8ZI 1 8 291526 2799999999999999 834  920 6 2399999999999999
 29 31 31 29 26 21 17 12  9  8  9 11 16 20 24 27 28 28 27 26 25 25 26 282611 9ZI 130 311621 2899999999999999 912  82026 2599999999999999
 30 32 33 32 29 25 20 15 11  8  8  9 13 18 22 26 28 29 29 28 27 27 27 29261110ZI 153 331710 2999999999999999 948  82044 2799999999999999
 31 33 34 34 32 28 23 18 13 10  8  9 11 15 20 24 27 29 30 29 28 28 29 30261111ZI 217 341757 30999999999999991023  82057 2899999999999999
 31 33 35 35 34 31 27 22 16 12 10  9 10 13 17 21 25 28 29 29 29 29 29 30261112ZI 241 359999999999999999999991058  9999999999999999999999
 31 33 34 35 35 33 29 25 20 15 11 10  9 11 14 18 22 25 27 28 28 28 29 29261113ZI 3 7 359999999999999999999991136  9999999999999999999999
 30 32 33 35 35 33 31 27 22 18 14 11 10 10 12 15 18 21 24 26 27 27 27 28261114ZI 335 359999999999999999999991218 10999999999999999999999
 29 30 31 33 33 33 31 28 24 20 16 13 11 10 10 12 15 18 21 23 24 25 26 26261115ZI 4 7 3399999999999999999999913 6 10999999999999999999999
 27 28 29 30 31 31 30 28 25 22 18 15 12 11 10 11 12 15 17 19 21 23 24 24261116ZI 444 3199999999999999999999914 0 10999999999999999999999
 25 25 26 27 27 28 28 27 25 23 20 17 14 12 11 10 11 12 14 17 19 21 22 23261117ZI 530 289999999999999999999991457 10999999999999999999999
 23 23 23 23 23 24 24 24 24 22 21 19 16 14 13 12 11 12 13 15 17 19 21 22261118ZI 643 249999999999999999999991554 11999999999999999999999
 22 22 21 20 20 20 20 21 21 21 21 20 18 17 15 14 13 13 13 15 17 19 21 22261119ZI 0 2 22 846 212347 229999999 5 1 201645 1399999999999999
 22 21 20 19 17 16 16 16 18 19 20 20 20 19 18 17 16 15 15 16 18 20 21 23261120ZI1113 202344 2399999999999999 554 161729 1599999999999999
 23 22 20 18 16 14 12 12 14 16 18 20 21 22 21 20 19 18 18 18 19 21 23 25261121ZI1252 222352 2599999999999999 633 1218 7 1899999999999999
 25 24 22 19 15 12 10  9  9 12 15 18 21 23 24 24 23 22 21 21 21 23 25 27261122ZI14 7 24999999999999999999999 712  91844 2199999999999999
 28 28 25 22 17 13  9  6  6  7 10 15 20 23 26 27 26 25 24 24 24 25 27 29261123ZI 011 281510 2799999999999999 753  61919 2499999999999999
 31 31 30 26 22 16 10  6  4  3  6 10 16 21 25 28 29 28 27 27 26 27 28 30261124ZI 040 3116 9 2999999999999999 837  31952 2699999999999999
 33 34 34 31 27 21 14  8  4  2  2  5 10 16 22 26 29 30 29 29 28 28 29 31261125ZI 117 3417 6 3099999999999999 926  12021 2899999999999999
 33 36 37 36 32 27 20 13  7  2  0  1  4 10 16 22 26 29 30 29 29 29 29 30261126ZI 2 1 3718 4 30999999999999991018  02043 2999999999999999
 32 35 37 38 36 33 27 20 12  6  2  0  1  4 10 16 21 25 27 28 28 28 28 29261127ZI 249 389999999999999999999991114  0999999999999999999999
 30 32 35 37 37 36 32 26 19 12  6  2  0  1  5 10 15 20 23 25 26 26 26 27261128ZI 340 389999999999999999999991211  0999999999999999999999
 27 29 31 34 35 35 34 30 24 18 12  7  3  1  2  5 10 14 18 21 23 24 24 24261129ZI 436 3699999999999999999999913 9  1999999999999999999999
 24 25 26 28 30 32 32 31 27 23 17 12  8  4  3  4  7 10 14 18 20 21 22 22261130ZI 536 3299999999999999999999914 7  3999999999999999999999
 22 22 22 23 24 26 27 28 27 24 21 17 12  9  7  6  6  9 12 15 18 19 20 202612 1ZI 644 282233 209999999999999915 2  6999999999999999999999
 20 19 19 18 19 20 21 22 23 23 21 19 16 13 11  9  9 10 12 14 17 19 20 202612 2ZI 814 232243 2099999999999999 3 6 181552  999999999999999
 20 18 17 15 14 14 15 16 18 19 20 20 18 17 15 13 12 12 13 15 17 19 21 212612 3ZI1016 202256 2199999999999999 444 141634 1299999999999999
 21 19 17 15 12 11 10 11 12 14 16 18 19 19 18 17 16 16 16 17 19 21 23 232612 4ZI1223 192314 2399999999999999 559 1017 7 1699999999999999
 23 21 19 16 13 10  8  7  8 10 13 16 18 19 20 20 20 19 19 20 21 23 24 262612 5ZI1421 202337 2699999999999999 657  71731 1999999999999999
 26 24 22 19 15 11  8  6  5  7  9 13 16 19 21 22 22 22 22 22 23 24 26 272612 6ZI9999999999999999999999999999 744  5999999999999999999999
 28 27 25 22 18 14 10  6  5  5  7 11 15 18 21 23 24 24 24 24 25 26 27 292612 7ZI 0 4 28999999999999999999999 824  5999999999999999999999
 30 30 28 26 22 17 12  8  6  5  6  8 13 17 21 23 25 25 25 25 26 26 27 292612 8ZI 034 30999999999999999999999 9 0  5999999999999999999999
 31 31 31 29 25 21 16 11  7  5  5  7 10 15 19 23 25 26 26 26 26 26 27 292612 9ZI 1 7 31999999999999999999999 935  5999999999999999999999
 30 32 32 31 28 24 19 14  9  6  5  5  8 12 16 21 23 25 26 26 25 26 26 28261210ZI 143 329999999999999999999991010  5999999999999999999999
 29 31 32 32 30 26 22 16 11  7  5  4  6  9 13 17 21 23 24 25 24 24 25 26261211ZI 220 329999999999999999999991047  4999999999999999999999
 27 29 31 31 30 28 24 19 14  9  5  4  4  6  9 14 17 20 22 23 23 23 23 23261212ZI 257 319999999999999999999991125  3999999999999999999999
 25 26 28 29 30 28 25 21 16 11  6  4  3  4  6 10 14 17 19 21 21 21 21 21261213ZI 335 3099999999999999999999912 4  3999999999999999999999
 22 23 25 26 27 27 25 21 17 12  8  5  3  3  4  7 10 14 16 18 19 19 19 19261214ZI 413 279999999999999999999991242  3999999999999999999999
 19 20 21 22 24 24 23 21 18 14 10  7  4  3  3  5  8 11 14 16 17 18 17 17261215ZI 453 242110 18999999999999991318  3999999999999999999999
 17 17 17 18 19 20 21 20 18 15 12  9  6  5  5  5  7 10 13 15 16 17 17 16261216ZI 540 212125 1799999999999999 016 171350  599999999999999
 16 15 15 15 15 16 17 17 17 15 13 11  9  8  7  7  8 10 13 15 17 17 17 17261217ZI 644 172132 1799999999999999 220 151416  799999999999999
 15 14 13 12 12 12 13 14 15 15 15 14 12 11 10 10 11 12 14 16 18 19 19 18261218ZI 834 152139 1999999999999999 351 121434 1099999999999999
 17 15 12 11  9  9  9 11 12 14 15 15 15 15 14 14 15 15 17 18 20 21 22 21261219ZI1117 152155 2299999999999999 458  91447 1499999999999999
 19 17 14 11  8  7  6  7  9 11 14 16 17 18 18 18 18 19 19 21 22 24 25 25261220ZI2225 25999999999999999999999 553  6999999999999999999999
 23 20 17 13  9  6  4  3  5  8 11 15 18 20 21 22 22 22 22 23 24 26 27 28261221ZI23 6 28999999999999999999999 644  3999999999999999999999
 27 25 22 17 12  7  3  1  1  3  7 11 16 20 22 24 24 24 24 25 26 27 29 30261222ZI2357 31999999999999999999999 736  1999999999999999999999
 31 30 27 23 17 11  5  1 -1 -1  1  6 11 17 21 24 25 26 26 26 26 27 28 31261223ZI9999999999999999999999999999 831 -1999999999999999999999
 33 33 32 29 23 17 10  4 -1 -3 -3  0  5 11 17 21 24 25 25 25 25 26 27 29261224ZI 053 33999999999999999999999 926 -3999999999999999999999
 31 34 34 33 29 24 16  9  2 -2 -5 -4 -1  5 11 16 20 23 24 24 23 23 24 26261225ZI 152 349999999999999999999991021 -5999999999999999999999
 28 31 34 34 33 29 23 15  8  1 -3 -6 -5 -1  5 11 16 19 21 21 21 20 21 21261226ZI 250 341845 21999999999999991114 -62113 2099999999999999
 23 26 29 32 33 31 27 21 13  6  0 -4 -5 -4  0  5 11 15 18 19 19 18 17 17261227ZI 348 331916 199999999999999912 4 -52221 1799999999999999
 18 20 23 26 29 29 28 24 18 11  5  0 -3 -4 -2  2  7 11 15 17 17 16 15 14261228ZI 445 291944 17999999999999991251 -42352 1499999999999999
 14 15 16 19 22 24 25 23 20 15 10  5  1 -1 -1  1  5  9 13 15 16 16 14 13261229ZI 544 252010 16999999999999991332 -1999999999999999999999
 12 11 11 13 15 17 19 20 19 16 13  9  6  4  3  4  6  9 12 15 16 16 15 13261230ZI 651 202033 1699999999999999 123 1114 6  399999999999999
 11 10  8  8  9 10 12 14 15 15 13 12 10  8  8  8  9 11 14 16 18 18 17 16261231ZI 824 152051 1899999999999999 251  81423  899999999999999
