 14 37 79131181218236234215186154129118123145177209231233213172119 63 1826 1 1ZJ 6242381736235999999999999991213117999999999999999999999
 -8 -7 21 72133191234254250227191154124110117142181218241242217170110 4826 1 2ZJ 721255183224599999999999999 029-11131211099999999999999
 -1-27-22 14 73143205249266258228186144113101112145189229252249219165 9826 1 3ZJ 810267192425499999999999999 121-2914 210199999999999999
 33-15-37-26 18 85158221260271255219172129100 9311115119924025925021315426 1 4ZJ 854271201226099999999999999 210-371448 9399999999999999
 85 22-22-36-17 35106178234265267243201154113 90 9011516020924625924320026 1 5ZJ 934270205725999999999999999 256-361530 8699999999999999
139 73 16-18-23  5 62133198244262254223178133 99 83 9112317021524524922726 1 6ZJ1010263214025199999999999999 339-251611 8399999999999999
182123 65 19 -4  2 38 97161214246252233198155115 89 81 9713217721523523126 1 7ZJ1043252222223699999999999999 418 -51650 8199999999999999
205162111 63 31 21 37 77132185224240234210173134102 84 8410514017820621726 1 8ZJ111324123 421799999999999999 454 211729 8299999999999999
209183145105 71 52 53 75115161201224228214186152119 95 84 8911114217219226 1 9ZJ1142229235119799999999999999 528 491810 8399999999999999
197187166137108 86 78 86110145180206217213195168137110 92 85 9311213716026 110ZJ1212217999999999999999999999 6 1 781857 8599999999999999
175179172157138119107105116137163187202206198180156130106 91 85 9210712726 111ZJ 052179124920699999999999999 6401051956 8599999999999999
146160167166159148136129128136151168184194196188172151126104 88 81 84 9626 112ZJ 224168134119699999999999999 7341272110 8199999999999999
114134152165171170163154146142144153165177187190185171150125100 81 71 7226 113ZJ 420171145519099999999999999 9 71422226 7099999999999999
 83103128153172183185179167154145142146157172185192189175151121 92 68 5526 114ZJ 54218616141929999999999999910551422326 5499999999999999
 56 71 98130162187200201190172153139133138152172190199196178149113 77 5026 115ZJ 63220217162009999999999999912 3133999999999999999999999
 37 42 65101142179206216211193168143126122132153179201211204179141 97 5726 116ZJ 71021718 521199999999999999 013 37124912299999999999999
 29 21 34 67113161200224228214187155128112114132162194217223208173126 7626 117ZJ 743229184722499999999999999 054 21132611199999999999999
 34 10 10 34 7913318522223823220817213711010011113917721223323120516010526 118ZJ 813239192523599999999999999 131  714 010099999999999999
 52 13 -3  8 45100160210240245227193152115 94 9311415319623124423119414026 119ZJ 84324620 124499999999999999 2 6 -31432 9199999999999999
 81 30 -2 -7 17 67129190233251243213171128 95 82 9212417021524424722317726 120ZJ 911252203724999999999999999 240 -815 6 8299999999999999
117 58 14 -7  1 38 97162217248253232192146105 79 75 9613818822924924120826 121ZJ 940254211325099999999999999 314 -81539 7499999999999999
155 96 43  9  1 21 69132193237254244212167120 85 68 7410515220123524522826 122ZJ10 8254215224599999999999999 347  01614 6799999999999999
189135 81 38 16 20 52105165216245248227188141 99 70 62 7811416220623223326 123ZJ1036250223323599999999999999 421 151652 6299999999999999
211171122 77 46 36 50 87139191228243234205163119 83 62 61 8212116520121926 124ZJ11 6243232122199999999999999 456 361732 5999999999999999
216194158119 85 65 64 83120165205228231215184144104 74 59 62 8412015818826 125ZJ1139233999999999999999999999 534 621820 5899999999999999
202200182156127104 92 96115145179206219216198168133 98 72 58 61 8011014226 126ZJ 020203121922099999999999999 618 921920 5799999999999999
169184188179163145129121124137157180198206203188163131 99 73 57 55 68 9126 127ZJ 145188131420799999999999999 7181212037 5499999999999999
121149171184186180169156146142145156171185195197188167139105 74 51 42 4726 128ZJ 346187143919899999999999999 9 114222 8 4299999999999999
 68 98133166190202202193177160147141144157175191201198181150112 72 40 2226 129ZJ 53220416182019999999999999911 71412327 2099999999999999
 23 44 81126170204223224211188161138126128144170196214215197161114 64 2326 130ZJ 6362261735217999999999999991223125999999999999999999999
  0  1 27 74131184224243241219186149120106112136173209232234211167109 5026 131ZJ 723245183423699999999999999 028 -3131410699999999999999
  4-19-13 22 80147205245259247215171128 98 87101137184227250247217163 9726 2 1ZJ 8 2259192425299999999999999 119-201356 8799999999999999
 34-11-29-14 33100172229261265241197147103 76 74 9914720124326225121115026 2 2ZJ 83726720 826399999999999999 2 3-291435 7299999999999999
 80 20-19-26  1 58132201249268258222171119 79 61 7010716221725426424319526 2 3ZJ 9 8269204926499999999999999 243-281511 6099999999999999
130 64 12-14 -8 31 96168227260263238193139 92 61 54 7612217922825525322326 2 4ZJ 936265212625899999999999999 320-161545 5399999999999999
171110 54 16  4 24 73138201243258245209159109 71 52 58 9014019223124523226 2 5ZJ10 125822 224599999999999999 352  41616 5199999999999999
197147 95 53 31 35 66119177223247244218176128 86 59 53 7010815619822322526 2 6ZJ1024249223722799999999999999 421 291647 5299999999999999
206171128 89 63 56 73110158203232238221188146104 73 58 62 8612416319320726 2 7ZJ1045238231320799999999999999 448 561717 5799999999999999
202181151120 95 83 88111147185214226219195161124 92 71 65 7510013216118126 2 8ZJ11 7226235718799999999999999 513 821752 6499999999999999
187180163142123110108119142170195210210197172143113 90 76 75 8610713015126 2 9ZJ1132212999999999999999999999 5391071835 7499999999999999
164169165156145135130133143160177191196192179159136114 95 84 83 9010412026 210ZJ 1 316912 419699999999999999 6131301940 8299999999999999
135148157161160157153151151156163171178180178170157140121103 90 83 84 9126 211ZJ 32516113 418099999999999999 7241502125 8399999999999999
104121138155167174175171165159155154157163169173172165150130108 88 74 6926 212ZJ 541175152117499999999999999103715423 0 6999999999999999
 74 89112139164183192192183169154143139143154168180185178161135104 76 5626 213ZJ 62719316571859999999999999912 11392357 4999999999999999
 49 58 81114150182204210203185161139125123134154178196202192167130 90 5526 214ZJ 6582101754202999999999999991239122999999999999999999999
 34 31 48 83128173207225223204175142117105111133165197218220201164116 6826 215ZJ 725226183722199999999999999 039 29131110599999999999999
 31 13 20 50 98153201232240226194154117 93 89106142185221239232201152 9526 216ZJ 751240191423999999999999999 115 121342 8899999999999999
 43  9  1 20 65126186231252246216171125 88 71 7911115920924425423519113226 217ZJ 816253195125499999999999999 149  01413 7199999999999999
 71 22 -4  0 35 94162220255261238194141 93 62 56 7712418123226125922817426 218ZJ 842262202726499999999999999 222 -61444 5599999999999999
110 50 10 -4 15 64131199247267256218164107 64 42 49 8514220324926725421326 219ZJ 9 826721 426799999999999999 256 -41517 4199999999999999
154 91 39 10 11 43102171229262265237188129 76 41 31 51 9916121925526123926 220ZJ 934267214326399999999999999 329  71550 3199999999999999
193135 80 41 26 40 82143204247262248209155 98 53 29 31 6211517522424824626 221ZJ10 0262222325199999999999999 4 2 261626 2699999999999999
218174124 81 56 54 77122177224249248223178126 76 42 28 39 7512717921623126 222ZJ102825223 923199999999999999 436 5117 4 2899999999999999
224198161123 94 81 88115155197228237226195153107 68 42 36 51 8612917019826 223ZJ1057237999999999999999999999 510 811748 3699999999999999
208202183157133117112122145175202217218202174139102 72 52 48 61 8712015126 224ZJ 0 6208113022099999999999999 5501121845 4899999999999999
174185186178165152143141147160177192199197186166140111 85 66 58 62 7810126 225ZJ 133187122020099999999999999 6471412010 5899999999999999
127151169180184182175167161157159165172180184182172154130102 77 59 53 5926 226ZJ 4 5184141218499999999999999 9 915722 1 5399999999999999
 77104135165188201203196182166151143143152166181191190176150115 80 51 3526 227ZJ 54420416251929999999999999911291422325 3499999999999999
 37 56 91133174205222223208184155131118120137163191210213198164120 73 3526 228ZJ 6322251741214999999999999991224117999999999999999999999
 15 18 46 92145194229242234208170132104 92102131172210234235213169113 5926 3 1ZJ 7 7242183423899999999999999 022 1413 3 9299999999999999
 18  0 11 50108170221251254232192144102 75 71 94137189232254249216161 9826 3 2ZJ 738256191925699999999999999 1 8  01339 7099999999999999
 42  5 -4 19 71138201246264253216165112 71 52 61 9815421125226625020614426 3 3ZJ 8 6264195826699999999999999 147 -51412 5299999999999999
 80 29  2  6 43105175232263264236187130 79 47 40 6411417623126326523718626 3 4ZJ 832267203426899999999999999 223  01443 3999999999999999
123 65 25 12 32 81147211253266249207151 95 52 32 41 7913719824326225221526 3 5ZJ 85526621 826399999999999999 255 121513 3299999999999999
161104 58 33 36 69125188237260254221170114 65 36 31 5510216121424625022926 3 6ZJ 917261214125299999999999999 324 311540 3099999999999999
188138 92 61 52 70113168218248252229186133 83 47 32 42 7712818122023723026 3 7ZJ 937254221223799999999999999 350 5216 7 3299999999999999
203163122 90 75 81109153199232244231197151104 65 42 41 6210214818921421926 3 8ZJ 957244224522099999999999999 414 741634 3999999999999999
205178146117 99 97112144182214230226203167125 86 60 50 58 8412115818619926 3 9ZJ1018231232220099999999999999 438 9517 3 5099999999999999
197183161139122116122141168195213215203177144111 83 67 65 7710113015617326 310ZJ1040216999999999999999999999 5 31161740 6499999999999999
180178168155143136136145160179193199195181159134110 92 81 81 9110712614326 311ZJ 01318011 619999999999999999 5311351832 8099999999999999
156163166164160157154154159167175180181177167154137121106 95 91 9310111326 312ZJ 2 2166114218199999999999999 62315420 8 9199999999999999
126141154165172175173169165161159160162165167166161151136119103 90 84 8626 313ZJ 51217514181679999999999999910161592218 8499999999999999
 95112134157176189193188177163150142141146157169178178168150125 99 78 6626 314ZJ 55619316331799999999999999911411402326 6599999999999999
 67 81108140172197210208194172148128119123139162184199199185157121 85 5826 315ZJ 6232111733201999999999999991213119999999999999999999999
 45 52 77116160198222228215187153121101 97112141177208224219194154107 6426 316ZJ 648229181722599999999999999 010 451243 9699999999999999
 36 29 47 86138189228245238209167123 89 73 80110155202236247233195142 8726 317ZJ 712245185624799999999999999 047 291312 7399999999999999
 43 20 23 55109170223254258234189135 87 56 50 7211917723026126323718712526 318ZJ 737260193526699999999999999 122 181343 4999999999999999
 68 28 14 31 77142207253270257215157 98 51 28 36 7513620325427726923117226 319ZJ 8 3270201327899999999999999 158 141416 2799999999999999
108 55 24 23 53111180239271271240185120 61 22 11 34 8715822526928226221726 320ZJ 830275205328299999999999999 233 191450 1199999999999999
156 97 53 33 45 86149213259274257213150 85 32  4  7 4310517823827127324726 321ZJ 858274213427699999999999999 3 9 331525  199999999999999
199143 93 62 55 77124184236264262232180117 58 17  1 15 6012418923826025426 322ZJ 926267221826199999999999999 345 5416 2  199999999999999
226182137100 82 85113159208243254239202150 94 46 16 11 33 7813618922523826 323ZJ 95625423 623899999999999999 421 801642 1099999999999999
230205172139116108118145182215234233213176131 85 49 29 30 52 9113717720326 324ZJ1027236999999999999999999999 4591081729 2799999999999999
213208191170150137135144164188208215209190161126 92 65 50 50 66 9412715726 325ZJ 0 821311 421699999999999999 5441341829 4899999999999999
179191193188178167158155158168179189193190178160136111 87 70 64 70 8711026 326ZJ 14619312 519399999999999999 7 115520 1 6499999999999999
135159178190195192184173163157155159166174180180173157134108 85 69 64 7226 327ZJ 4 7195143218199999999999999 9471552153 6499999999999999
 92120151179200210208196177156140131134146164182194194180155121 88 63 5226 328ZJ 52021016311969999999999999911171312310 5199999999999999
 58 81117157193218227218196166135112103112135166196215217200167124 82 5226 329ZJ 6 122717362199999999999999912 2103999999999999999999999
 39 50 82128176216238239219183142105 82 79 99136180217238236210167116 7026 330ZJ 632241182524099999999999999 0 3 391238 7899999999999999
 40 34 54 97152203239252240205158110 73 56 64 9814820123925524420915710326 331ZJ 7 025219 625599999999999999 045 331311 5699999999999999
 59 35 39 71124184232257255227179124 76 45 40 6311017022325726324119714126 4 1ZJ 726260194326499999999999999 122 331342 3899999999999999
 89 52 40 57101160216253262243201144 89 46 27 36 7413319524326626022817826 4 2ZJ 750263201826799999999999999 156 401412 2799999999999999
124 79 54 55 85137195241262254219166107 57 26 22 47 9716021725426324620726 4 3ZJ 813263205026499999999999999 227 511439 2099999999999999
157109 76 65 81121174224254256232185128 74 35 19 30 6912618523225425122526 4 4ZJ 835259212225699999999999999 256 6515 6 1999999999999999
183139102 82 85112157205240252238201150 96 52 26 25 50 9715320323524423126 4 5ZJ 857252215324599999999999999 323 811533 2399999999999999
201163127103 96111144186223242238212169119 74 42 31 42 7612317220922822726 4 6ZJ 920243222623099999999999999 349 9616 1 3199999999999999
209180149124112116137170204226231216184142 99 65 46 45 6510014217920421326 4 7ZJ 94423223 321399999999999999 4161111631 4399999999999999
206188165144130127137159185208218212192161125 92 69 59 65 8611715017619126 4 8ZJ1010218235119599999999999999 44512717 7 5999999999999999
195189176161149142143154171188200201192173147120 97 81 76 8310012314616426 4 9ZJ1040202999999999999999999999 5211411756 7699999999999999
176181180174166160155156161170179184184177164146127110 97 91 9310311813526 410ZJ 114181112718599999999999999 6251551914 9099999999999999
152166176182182178171164159157158163167171172167157142125109 97 92 9510626 411ZJ 335182133517299999999999999 9 015721 7 9299999999999999
123144165183194197191178163149140138144156169179181175160138114 94 82 8226 412ZJ 44719715501829999999999999910431382231 8099999999999999
 94117147177201213212197174148127115116130153178197204196175143110 82 6726 413ZJ 52421416592049999999999999911261132325 6699999999999999
 69 88122162199225232220193157121 95 86 96123160197223229215184142100 6826 414ZJ 55323217492309999999999999912 0 86999999999999999999999
 54 62 92137187227247244218175127 86 61 59 82126178224250252228186134 8726 415ZJ 622249183325499999999999999 0 9 541234 5799999999999999
 56 47 65107163217253263245202146 90 48 29 40 7913820125027326723318112526 416ZJ 651263191627499999999999999 050 4713 9 2999999999999999
 77 51 51 80132193244271266232176111 52 15  7 31 8615722527128727122917326 417ZJ 72127320 028799999999999999 130 471346  699999999999999
116 74 55 65104162222264276257209144 76 21 -8 -4 3410017724228128826522026 418ZJ 753277204428999999999999999 210 551424-1099999999999999
164113 79 69 88133191243271269237181113 48  2-16 -1 4711819124927827825226 419ZJ 826274213028299999999999999 251 6815 4-1699999999999999
207157115 91 90115161213252266252212154 89 34 -2-11 13 6513319824426526026 420ZJ 9 0266221826699999999999999 332 871546-1199999999999999
234195155123108114141182223248251229188134 78 33  7  6 33 8314119422924426 421ZJ 937252231324599999999999999 4151081632  399999999999999
239217187158136127136160192220234230208171125 81 46 27 29 54 9514118221026 422ZJ1017234999999999999999999999 5 21271723 2599999999999999
223220206186165150144150166188206214209192163129 95 67 51 52 7010013516826 423ZJ 01922311 921499999999999999 6 11441827 4999999999999999
192206209203190174160152152160173186194194185167143115 90 73 69 78 9812626 424ZJ 147209123319599999999999999 7301511950 6899999999999999
156181199208207197180163149141142151165179188189180162136110 88 77 79 9426 425ZJ 322209143719099999999999999 9221412122 7699999999999999
120151181203215215202180155134120119130150173193202198181153122 95 78 7726 426ZJ 42621716142029999999999999910361182235 7599999999999999
 92121157191216227221201170137109 94 96114145178205219216195162125 94 7626 427ZJ 5 92271718220999999999999991125 932329 7499999999999999
 76 96131172209232237221190149110 81 70 79109150192223236228201162121 8926 428ZJ 54323718 72369999999999999912 3 70999999999999999999999
 74 81108150195230245239211169121 80 55 52 7311516621224124923319915511426 429ZJ 613246184924999999999999999 013 741238 5099999999999999
 85 77 92128175219246251231190139 89 52 35 45 7913218723225525422918914426 430ZJ 640252192625899999999999999 052 771310 3599999999999999
106 84 86111154202239255245212162107 60 31 26 50 9715621124826225021817426 5 1ZJ 7 725520 126299999999999999 127 821340 2599999999999999
132101 89101135181225251253229184129 76 37 20 29 6612118123025725923920126 5 2ZJ 734255203526299999999999999 2 1 8914 9 1999999999999999
159122100 99121161206240253241205154 99 52 24 20 44 9014820324225724922126 5 3ZJ 8 025321 825799999999999999 232 971438 1899999999999999
183145117105115145186224246245221177125 75 38 22 32 6611717221724424823226 5 4ZJ 828249214124999999999999999 3 310515 8 2299999999999999
201166136117116135168205233242229197151102 60 35 31 51 9114118822223723326 5 5ZJ 856242221623899999999999999 3331141540 3099999999999999
213184155133124131154185214231230209173130 88 56 42 48 7311415819521822526 5 6ZJ 926233225422599999999999999 4 51241614 4199999999999999
216196172150136134146168194214222213189155117 84 62 55 67 9413016619421026 5 7ZJ 958222234121399999999999999 4391331652 5599999999999999
212203186167152143144156175194206208197174145114 89 73 71 8410813816618926 5 8ZJ1038209999999999999999999999 5241421739 7099999999999999
201203196184169157149150158171185193194185168145120100 87 85 9411413816326 5 9ZJ 042204113519599999999999999 6291481841 8499999999999999
184197202198188174160150146149159171181186183172154133113 98 92 9811313626 510ZJ 2 220213 918699999999999999 8 114620 1 9299999999999999
161184201209206195177157140131131141157174187192186170148124104 94 9611026 511ZJ 315209145719299999999999999 9271302122 9399999999999999
134164192213222216198172143119106107122147175198209206189162131105 91 9126 512ZJ 4 822216172109999999999999910251052229 8999999999999999
107137173207230236223195157118 89 76 82107145185217233229207172135103 8626 513ZJ 4492361718234999999999999991111 752325 8599999999999999
 88109146189227248247223182133 87 55 45 60 9815020224025724922017813510126 514ZJ 5272501810257999999999999991154 45999999999999999999999
 84 90117162210247262250215161103 52 22 20 46 9816222126227626322718013326 515ZJ 6 526219 027699999999999999 016 831236 1799999999999999
 99 86 97131181230263269246199136 72 22 -3  3 4110417623927728726822817826 516ZJ 643270194928799999999999999 1 4 861319 -599999999999999
132101 92109149201247272268235179111 47  0-18 -3 4411519025028428826622426 517ZJ 722274203929099999999999999 152 9214 4-1899999999999999
175132106102124167217257273260220159 91 30-10-21  2 5512719925328128125626 518ZJ 8 3273213028499999999999999 2391001450-2199999999999999
216171134113115140183228259266247203143 79 25 -8-12 16 7113920324927026726 519ZJ 847267222227299999999999999 3261111538-1499999999999999
243206168137122127153192230252253231188133 77 31  5  6 36 8714820223925526 520ZJ 933256231525699999999999999 4151211628  299999999999999
251229197165141130137161194223240237216178130 83 46 26 30 5710215319822826 521ZJ1023241999999999999999999999 5 71301721 2599999999999999
240236217191165144135141160187210223221204173135 96 66 50 54 7811515719326 522ZJ 013241112322499999999999999 6 71351818 5099999999999999
218229225210187163144134137152173194206208197175145114 88 74 76 9512515926 523ZJ 115229123820999999999999999 7161341922 7399999999999999
190213223220206184160139127126137157177194201197182159132108 94 9310713326 524ZJ 218223141120199999999999999 8331252032 9299999999999999
16319221322322020418015212811211012014116618820220419417314712310710511726 525ZJ 315223154020599999999999999 942109214110499999999999999
140170198219227220200171138110 93 9110513116219121021520618415713111511226 526ZJ 4 42271651215999999999999991038 90224211199999999999999
124149180209228232219192156119 89 73 75 9512916820222322821619116113411726 527ZJ 4452321746228999999999999991123 72233511599999999999999
116131159193221237234213178135 95 67 55 65 9513718221823723822119215913226 528ZJ 52223818322409999999999999912 3 55999999999999999999999
117120140173208234243231201158111 71 47 44 6410315320023524924322018615226 529ZJ 556243191225099999999999999 0211161238 4299999999999999
127117126153189223244244222183134 86 50 33 40 7212017422024925624221217626 530ZJ 630247194925699999999999999 1 21171312 3399999999999999
143122119136168206237249239207161109 63 34 27 46 8814219623625725523320026 531ZJ 7 4249202425999999999999999 1391181346 2799999999999999
163134120125150186222246248228188137 86 46 26 30 6010916521424725824722026 6 1ZJ 737250205925899999999999999 2151201419 2499999999999999
184151128122136166203234249241212166114 67 36 26 42 8013318622825125223426 6 2ZJ 810249213325499999999999999 2481221453 2699999999999999
203169141126128149182217241246229192144 95 55 34 34 5910315520223524824126 6 3ZJ 84424622 824899999999999999 3221251528 3199999999999999
218187157136128138163196225240236212173126 83 51 39 49 8112617421323624026 6 4ZJ 918241224424199999999999999 35712816 3 3999999999999999
228203175149134133147174204226234223195156113 77 55 51 6810214518721823426 6 5ZJ 955234232323599999999999999 4341321641 5099999999999999
232216192166145135138154179205221223209181145109 80 65 67 8712116119622026 6 6ZJ1038224999999999999999999999 5181341723 6499999999999999
230224208184161143134138154177199212212199174143112 89 78 8310413617120126 6 7ZJ 0 7230113121499999999999999 6111341812 7899999999999999
221227221203180156138129132147168189203205196175149122102 93 9811714617726 6 8ZJ 058227124220699999999999999 7141291910 9399999999999999
20522322822020117614912811611813315517919820620118616213711710610912515126 6 9ZJ 154228141020699999999999999 822115201810599999999999999
182209227232223200170137111 96 9711414117219821421520318015413011611613026 610ZJ 250232153621799999999999999 926 95213211499999999999999
155186216235239226197159120 88 71 73 9312816920522823422319916914112312026 611ZJ 3442391650235999999999999991024 69224311999999999999999
132159193225245246228192146 99 62 43 48 7512017121724625424321518014812626 612ZJ 4352481754255999999999999991119 42234812099999999999999
121134163201236255253228184129 76 36 18 27 6211717823026327225822618715026 613ZJ 5252571851272999999999999991211 17999999999999999999999
127121136170211247265258226175113 55 13 -3 12 5511918724327628426623018826 614ZJ 614266194628499999999999999 04612013 2 -399999999999999
149125121140177222258272260222164 98 38 -3-15  6 5612619725328428826722826 615ZJ 7 4272203829099999999999999 1411201353-1599999999999999
184145123122145186232265276259216154 86 28-10-17  9 6513720725928628526026 616ZJ 754276212828999999999999999 2321191443-1899999999999999
219175139120124151194239269274253207145 79 25 -7 -8 23 8215221626228127526 617ZJ 843275221528299999999999999 3221191533-1299999999999999
247207165133119127157200241266267242196137 77 30  6 11 4610316822426027226 618ZJ 93326923 027299999999999999 4101181621  499999999999999
260231192155128118130161201237256253228185132 82 44 28 38 7412818422925426 619ZJ1023258234326099999999999999 45811817 8 2799999999999999
259244214178146123118132162198227241237214176133 92 64 55 7010515119623026 620ZJ1116242999999999999999999999 5471171754 5599999999999999
247245227199167138120117131158188213224221202173139108 88 8510113217020526 621ZJ 024248121622599999999999999 6401161840 8499999999999999
22923823321418715713111611412715017619720920919617515012711311312715218226 622ZJ 1 7238132921099999999999999 737113193211199999999999999
20922623122320417814912510910711813916318520020419818316414513413414516526 623ZJ 153231145520499999999999999 840106203313299999999999999
189210224227218198171141116100 9710712815417919820820619517716014814615426 624ZJ 245227162020899999999999999 944 96214514599999999999999
170191211224226215193163131104 87 84 9612015118220621821820618816915414926 625ZJ 3392271728220999999999999991041 84225714999999999999999
156172194214227228214187153118 89 72 72 8911915719221923222921419216915326 626ZJ 4322291820232999999999999991131 70235714799999999999999
147154173198221233231212180140101 72 58 63 8712616920823524423721618916326 627ZJ 52123419 3244999999999999991214 57999999999999999999999
146143154178207231241233207168123 82 54 46 60 9313918722624925223821118026 628ZJ 6 5241194025399999999999999 0441421253 4699999999999999
153138140158188219242247231197151103 63 40 40 6310615820724325925423119926 629ZJ 645247201525999999999999999 1241371331 3799999999999999
166141132141167201233252249225183132 83 47 32 42 7512618022725626224821926 630ZJ 724253204826399999999999999 2 113214 7 3199999999999999
183151132130147180217247258246212164111 64 36 31 51 9415020424426325923626 7 1ZJ 8 0258212026499999999999999 2351281442 2999999999999999
202166138125132158195232256258236195143 91 51 32 38 6912017622525626425026 7 2ZJ 835260215126499999999999999 3 91251516 3199999999999999
220183150128124139171210243258251221175123 76 46 38 54 9414820124126125826 7 3ZJ 911259222226299999999999999 3441231550 3799999999999999
236202166137122125147183221247254238203156108 70 50 52 7812217522225126026 7 4ZJ 947254225326099999999999999 4201211625 4899999999999999
247219184150126118128155191225244244223187143102 73 62 7310515019823525426 7 5ZJ1028247232625699999999999999 45911817 1 6299999999999999
253234203168138119115130159194222236232210177139106 85 82 9813117421424126 7 6ZJ1115237999999999999999999999 5421141741 8199999999999999
25124422118915512711111112715618921422622220317514411810410512215318922126 7 7ZJ 0 3251121422699999999999999 631109182710299999999999999
24124623521017814511810310311914717820321721820518315913712512614116719726 7 8ZJ 047246133121999999999999999 729101192612499999999999999
222238241229204172138109 92 9010513216319321322021519917915914614315317326 7 9ZJ 14024115 422099999999999999 835 89204214399999999999999
197220236239228203169131 98 77 72 8511214918521423023122020017816115315626 710ZJ 244239163623299999999999999 946 72221315399999999999999
171194218236242232206168125 86 59 50 62 9313618222124425124121919216815426 711ZJ 3532421751251999999999999991055 50233615199999999999999
152165190219242251242213169118 71 38 27 41 7713018523226127025823119716726 712ZJ 5 12511853270999999999999991158 27999999999999999999999
147144158188224252264253220169110 56 19  7 25 6913119524727828426723319326 713ZJ 6 2264194528599999999999999 0411431255  799999999999999
158136134153190233265278263224165100 41  4 -5 18 7114020926229029126722626 714ZJ 659278203129499999999999999 1361321347 -699999999999999
181143123125152197244278287268222158 89 31 -4 -7 24 8415822727629728925726 715ZJ 750288211329799999999999999 2241211435-1099999999999999
211164128111121155205254285290264214147 80 27  0  5 4410918224528429427726 716ZJ 839292215129499999999999999 3 91111521 -299999999999999
238190144113104121162214260285283252199136 75 32 15 30 7614120825928428226 717ZJ 925287222628799999999999999 35210416 3 1599999999999999
256214167127104103127171220259275267234183127 78 48 42 6611517522926527626 718ZJ10 9276225827699999999999999 4331001641 4199999999999999
264232189147115100106135178220249258245213170125 90 72 7710615320324226226 719ZJ1054258232726499999999999999 513 991718 7199999999999999
26124120716813310910111314218021323323722419716313210910211514418322024426 720ZJ1142238235625299999999999999 554101175210299999999999999
25224321918715412510810511914517520121521720718816514513313314717220122526 721ZJ1239218999999999999999999999 639104183013199999999999999
23923922620317514612310910912114216618620020420018917616315615816918720626 722ZJ 03024014 120499999999999999 732107191915599999999999999
22122922621419416914412311010811713315417419120120319919018017417317818926 723ZJ 115229155120399999999999999 840108203917299999999999999
20221322021921019216914412210710210712214416919120721421320519318217617626 724ZJ 224221172121599999999999999 959102223017599999999999999
183194207217220213196171142116 97 89 9411314017120022022922721519718116926 725ZJ 34822018162309999999999999911 6 89234616699999999999999
167174189207222227220200170135104 82 74 8310814418221623724423621619217026 726ZJ 4582271855244999999999999991157 74999999999999999999999
157156168190214233239228201163122 86 64 60 7811215620123625425323720917926 727ZJ 551239192925699999999999999 0341551240 5999999999999999
155144149169199229248250231195149102 66 48 53 8112617722425526625522919426 728ZJ 634251195926699999999999999 1121441317 4799999999999999
161139134148178215247263256227181128 80 47 38 54 9414920424827127024821226 729ZJ 713263202727399999999999999 1451331352 3899999999999999
172141124129154194235264272254214161105 60 36 38 6711817923326827926523226 730ZJ 748272205527999999999999999 2171241425 3399999999999999
189149122115131167213254276273244195137 84 47 34 49 9115121225828127725126 731ZJ 823278212128399999999999999 2491151458 3499999999999999
209164127108111138183231267280265227173116 70 44 44 7212418624127528326626 8 1ZJ 858280214828499999999999999 3221071530 4199999999999999
229182139109100114150199245272274251207153103 67 53 6610416021826228127526 8 2ZJ 934277221428299999999999999 355 9916 2 5399999999999999
246203156118 97 97120163212251268261233189141100 76 74 9614019424227127626 8 3ZJ1013269224227799999999999999 430 941635 7299999999999999
258222178135104 91 99128172216247257245216177138109 9610313017221825226826 8 4ZJ1057257231326899999999999999 5 8 901710 9599999999999999
262237200158121 96 8910213317421123524123020617614712712213316019522925126 8 5ZJ1151241234925799999999999999 552 89175112299999999999999
257245219184147115 95 9010313116619721822622120518416515215015917920522826 8 6ZJ13 4226999999999999999999999 645 90184314999999999999999
242243232209178145116 95 89 9812014917820221622021420218817717217518620226 8 7ZJ 037244145222099999999999999 756 8920 817299999999999999
218230234227209183151120 95 82 8410012615818921422823122421119618417818026 8 8ZJ 152234164723199999999999999 924 81221317799999999999999
190205221232233220196161124 90 68 63 7610514418622124425224622820418316826 8 9ZJ 33323418 1252999999999999991048 63234416499999999999999
165175195220240248238212171123 80 49 40 53 8913919223726527326123420016926 810ZJ 4592481852273999999999999991155 39999999999999999999999
149146161191227256268258225174117 64 29 20 40 8514720925828528726522718426 811ZJ 6 4268193428999999999999999 0411451250 2099999999999999
148127129153195241275287272230170104 48 14 10 39 9616623328029929025720926 812ZJ 657287201130099999999999999 1271251337  899999999999999
160123107117153206258292299276226159 91 37  9 15 5512119525829630328123726 813ZJ 744300204430499999999999999 2 81071420  799999999999999
183134101 93114161220272301300269212144 80 34 18 36 8615622727930229426026 814ZJ 828305211530399999999999999 247 9315 0 1899999999999999
208153109 85 89121175235280300289250193129 76 44 41 7112719525428929527326 815ZJ 9 9300214229699999999999999 324 831536 3899999999999999
229176126 92 79 94135191244278286268227173121 82 65 7611417022827028627626 816ZJ 94828722 628699999999999999 358 7916 8 6599999999999999
244197148107 84 83108152203244266265242204160122 98 9611615720724927227226 817ZJ1026268222927599999999999999 432 811638 9499999999999999
250212168127 98 86 9512416620723624724021818715613212213015519222925426126 818ZJ11 6247225226199999999999999 5 5 8617 512299999999999999
249222186149118 99 9611013917320222122621820118016115014916118521223524626 819ZJ1152226231724799999999999999 540 95173414899999999999999
24322620017014111910710812314517019020320720419518417517017318320021622726 820ZJ13 2207235023099999999999999 625106181117099999999999999
23022420918916614412711711712614115917518819720120019719218818819320020726 821ZJ1522201999999999999999999999 729116193118899999999999999
21321521120318917115313512311812012914416218119720821421320719919218818926 822ZJ 055215172021499999999999999 911118222918899999999999999
19219920520920719818216113912010810611413215618320722423022721519918417526 823ZJ 31320918 7231999999999999991045106234417299999999999999
172179192206218220212192164134108 91 8910112716219722624324523321218816726 824ZJ 4452211838246999999999999991141 88999999999999999999999
156158172195218235237223195158119 88 72 74 9713417922024926025323019816726 825ZJ 54023819 526099999999999999 0221551222 7099999999999999
145139150175208238255251228189142 97 66 56 6910415420524727027024921417426 826ZJ 621256193027399999999999999 0531391257 5699999999999999
142124127150188230261272259223173119 74 49 49 7612518423727328426923418826 827ZJ 658272195428499999999999999 1221231330 4699999999999999
145116107123160209254281282257209151 95 56 41 55 9715722026829128625520826 828ZJ 732285201929299999999999999 15210714 1 4199999999999999
157115 94 97127177233276294283245189128 77 48 46 7512919525429029727423026 829ZJ 8 7294204329899999999999999 222 921433 4399999999999999
175124 89 79 96140199255290296273226167110 69 53 6510716823227929828825126 830ZJ 84229721 829999999999999999 253 7915 5 5399999999999999
198141 96 71 74104158219269293288256206150103 74 71 9614520625929029226726 831ZJ 919294213429599999999999999 326 691537 6999999999999999
221165113 77 64 78118175232271284271236189142107 9210013218223527328627426 9 1ZJ 95828422 028699999999999999 4 0 641610 9199999999999999
239190138 94 69 66 8913318723426226725021817914512311813316721024927127026 9 2ZJ1042268222927399999999999999 437 64164411899999999999999
249212166122 88 72 7610114218722424324523120718015814614816519322424825726 9 3ZJ113624623 225799999999999999 519 71172314599999999999999
249227193155120 94 82 8710814117620422122622020719217917317418620322223526 9 4ZJ1255226234923899999999999999 614 81181817299999999999999
238230213188158130107 93 9310612815518020121421921721120219419019219820726 9 5ZJ1512219999999999999999999999 732 91201519099999999999999
216221221213197174147121100 90 9210713116119021423023623222020519118218026 9 6ZJ 12722217 423699999999999999 919 89224417999999999999999
186198212223226216195164129 98 77 72 8411215119122624925724822820217715926 9 7ZJ 3442261757257999999999999991049 71234815599999999999999
155165187215237248241215176129 87 59 51 6710415520624827127325522218415126 9 8ZJ 5 72481835275999999999999991150 51999999999999999999999
131131151187227259272262228177120 71 41 38 6311217323127329028024820215626 9 9ZJ 6 427319 829099999999999999 0311281238 3699999999999999
120104113147197247282292273229169106 57 31 37 7413520326029329727322717226 910ZJ 651292193829999999999999999 1 91041320 3099999999999999
123 91 84106154214268299301272219154 92 49 34 5210116923628430329125219626 911ZJ 73330420 630399999999999999 144 831358 3499999999999999
138 92 69 75112171234284306297259201137 84 52 51 8214020826529829827021926 912ZJ 813307203230299999999999999 218 681433 4899999999999999
159106 70 60 80128192251290301281237180125 84 68 8012218224228329627923826 913ZJ 850301205529699999999999999 251 5915 5 6899999999999999
182126 82 59 63 96151212261286284257213163120 95 9311816421926428628025026 914ZJ 925289211728799999999999999 321 571534 9199999999999999
202148101 70 61 7911917322526027226023119115312511412515720124327027425426 915ZJ10 0272213927599999999999999 350 6116 111499999999999999
216169123 88 71 7510114319022824925023520817815213813915718922425126125226 916ZJ103525222 026199999999999999 419 70162613799999999999999
225187146111 89 82 9512316019522023122821419417516115716418320923224424226 917ZJ1116231222324599999999999999 451 82165315799999999999999
227200167137113 9910011413816518920521221020119118117617618419821322422726 918ZJ1214212225022799999999999999 529 98172817599999999999999
22120618516214012411511512514115917518819620020019819519119119319920420826 919ZJ1431201233520899999999999999 626114184619099999999999999
20820419518316815313812812412613414516017619120221021220920319519018718726 920ZJ1654212999999999999999999999 8 9123223118699999999999999
18919419719819318316715013312011511813015017319721622622721920418817416726 921ZJ 23519817352289999999999999910 8115232616699999999999999
168176189203211210199178152127107 9810312115018421523624423721919316915126 922ZJ 42621218 2244999999999999991110 98235614599999999999999
145153172197220232229211180144111 88 81 9312316420624025825623720517014126 923ZJ 5202331826260999999999999991152 81999999999999999999999
125127147180216244254244215172127 90 69 71 9513819023626627425822317913826 924ZJ 6 1254184927499999999999999 0231241226 6799999999999999
110102117152199242269272250208156106 71 58 7211116622326728627824519614426 925ZJ 638274191228799999999999999 05110113 0 5899999999999999
102 81 85117168224269290282247195137 88 59 58 8613820225729129426822016026 926ZJ 713290193729699999999999999 120 791333 5599999999999999
106 70 60 79127190250291301281236177119 77 60 7211317423728430128724518526 927ZJ 75030120 330199999999999999 151 5914 6 6099999999999999
122 72 45 49 84145214271302301271219160109 78 73 9714721026629729726721326 928ZJ 828305203030199999999999999 223 431441 7199999999999999
148 88 47 33 51 98166233281301290254202150109 90 9613018323928129527923726 929ZJ 9 7301205829599999999999999 258 331516 8999999999999999
179117 66 36 34 6311718324227828727123418914812011212716321225628027925326 930ZJ 950288212728399999999999999 334 32155211299999999999999
207151 97 58 39 46 801331912382632662492181841551391391571902282562662552610 1ZJ1037267215826699999999999999 414 38163013799999999999999
226183135 93 63 53 64 961421872222412432302101881701611641802042282442452610 2ZJ1137244223624699999999999999 5 0 53171616199999999999999
232206171135102 80 72 811051391732002172242212111991881811811892022152232610 3ZJ13 8224233322499999999999999 559 72183018199999999999999
223215198175148121100 89 901041261531792012152222222152041931851821851922610 4ZJ1524223999999999999999999999 725 88205918299999999999999
201208209204191169144118 99 89 931091351661962202342372292121921731611602610 5ZJ 148210164423899999999999999 913 89224115999999999999999
168184202217222214193162128 98 80 79 951261662052352522512352071761481322610 6ZJ 3552221728254999999999999991035 77233013099999999999999
132149177209234245237211171127 90 68 67 901301792252572692582291891471162610 7ZJ 5 524518 2269999999999999991132 65999999999999999999999
102110140182225257267254219170119 79 59 65 971482042512772772532101591132610 8ZJ 557267183128099999999999999 0 81021217 5899999999999999
 84 78 99143197247278282260216160107 71 58 751181772342742882732331791232610 9ZJ 641284185828899999999999999 043 771256 5899999999999999
 79 58 65100157218267291287255203146 98 70 69 97150211261288285255203142261010ZJ 720293192529199999999999999 116 571332 6599999999999999
 88 53 44 66115179240281295280240186133 94 78 90129185241279289269225166261011ZJ 758295194928999999999999999 148 4414 5 7899999999999999
107 61 38 44 80138203257286288263219168125 98 95119164218263283275241189261012ZJ 833291201328499999999999999 218 371437 9399999999999999
130 78 45 37 58104165223264281271240198155123110119151197242271274251208261013ZJ 9 7281203727699999999999999 247 3715 611099999999999999
154101 61 42 49 80131188235262266249217180148129127146181221253265254222261014ZJ 94026721 126599999999999999 316 42153412699999999999999
176126 84 58 52 69107156202236250246226198169149141148171203233250249228261015ZJ1015251212625299999999999999 345 5116 214199999999999999
193151110 80 66 70 93130171205227233225207186168157156168189213231236227261016ZJ1054233215223699999999999999 417 65163315599999999999999
204172137107 88 82 91114144175199212215209197184174168170181196210218217261017ZJ1147215222421999999999999999 454 82171416899999999999999
206186161136115102 99108125148169186198203202197190184179179183190197201261018ZJ1318203231520199999999999999 545 99183317999999999999999
199192179163145129118113116126141158175190200205206201193184177174175179261019ZJ1531206999999999999999999999 7 6113211617499999999999999
184188188184174160144128118114119131149171192209218218210195178163155154261020ZJ 138189163221999999999999999 856114223415399999999999999
161174187197199191175153131113104107123148177206226234229211185159138129261021ZJ 34419917 5234999999999999991015104231212999999999999999
133150174198215219209186155124101 91 98122157195228247248231199162129107261022ZJ 44722017332509999999999999911 6 91234310299999999999999
103118148186220240241223189149112 87 81 97131177222254265253220175129 92261023ZJ 5342431759265999999999999991147 81999999999999999999999
 75 82112158207246264258229185138 98 77 79105151205250275274245197141 90261024ZJ 615265182627899999999999999 014 751225 7499999999999999
 56 49 70116176233272284268228176125 88 74 86124179235274287270226165102261025ZJ 655284185528799999999999999 046 4813 4 7499999999999999
 52 27 32 68129199258291294268221165116 86 80102149208260289286254197129261026ZJ 735296192629299999999999999 121 251342 7999999999999999
 66 23  8 27 77148220274299293260210156113 91 95126178234276290274229166261027ZJ 818300195829099999999999999 157  81422 9099999999999999
 97 40  6  3 33 92166234279295282246198151118105116152203251279280253202261028ZJ 9 2295203228399999999999999 236  015 310599999999999999
138 75 27  4 10 48109179237272281265231189152128123140175219255271261229261029ZJ 94928121 827199999999999999 318  2154512399999999999999
178120 66 29 14 27 66123183230257261246218186159143142159190223247253239261030ZJ1042262214825499999999999999 4 3 14163214099999999999999
208163114 71 42 33 47 82130178216237241231211188169157157170192215230232261031ZJ1146241223923399999999999999 454 33173015699999999999999
220194159121 87 63 55 66 931301681992192262232111951781671631691821972092611 1ZJ13 9227235521399999999999999 556 55185416399999999999999
213207191166137109 86 75 79 971251571862082212232162011831671561541611742611 2ZJ1444224999999999999999999999 715 75204215499999999999999
189200203198182158130105 89 85 961191501822082252302232041801561381311362611 3ZJ 156204155323199999999999999 845 8522 313199999999999999
153175196210212201178147117 95 86 941181511872182372402261991661341111032611 4ZJ 34121316402409999999999999910 2 86225610399999999999999
113138171202224231219192156121 95 85 95123162203234250245221184142104 822611 5ZJ 45123117162509999999999999911 0 852338 7799999999999999
 79 97134177217242247231198157118 92 86102136181223251258242206159111 732611 6ZJ 5442481748259999999999999991148 85999999999999999999999
 56 62 93141193235258258235196151113 91 91115157205244263258229182127 792611 7ZJ 629261181726499999999999999 015 551230 8899999999999999
 46 38 57100157213253270261230186142108 94103135182228259266247206151 952611 8ZJ 7 9270184626799999999999999 049 3813 7 9499999999999999
 51 28 32 651191802332662732552181731321061011201602072472662592271761182611 9ZJ 746273191426799999999999999 121 26134310099999999999999
 66 31 21 39 83143203249270267241201159125109114142184228257262242200144261110ZJ 821272194226399999999999999 152 21141610899999999999999
 89 45 22 26 56108169222256266253222183147123117132165206241257249218170261111ZJ 855266201125899999999999999 223 20144811699999999999999
116 67 34 24 40 80135190232255254235203168140125129151185221245248230192261112ZJ 929257204025099999999999999 253 24151912499999999999999
144 94 55 35 37 62106157203234245237215186157138133143168200227239233207261113ZJ10 4245211124099999999999999 325 33155113299999999999999
168123 82 54 44 55 86128172208228232220198174153142143157180206223227214261114ZJ1042232214322799999999999999 359 44162614199999999999999
186150112 81 62 60 76106144179205218218206188170155148152165184202212210261115ZJ1127220222221399999999999999 437 59171114899999999999999
196170140110 87 75 77 94121151179199209208199185171159153155165178191197261116ZJ1224210231519799999999999999 521 74181515399999999999999
195183163140117 99 90 92106128153177195205206199188174160152150155165176261117ZJ1338206999999999999999999999 619 89194514999999999999999
184185179166148129112102101111129152175195207211205192173155140134137147261118ZJ 044186145221199999999999999 734100211113499999999999999
162176185186178162142122108104110128152179203218221211191165138118110114261119ZJ 237187154522199999999999999 85510322 910999999999999999
131154178196203196179154128109101108127157189217232231214183146112 88 81261120ZJ 4 120316272349999999999999910 41012254 8199999999999999
 92119155190215225216193161129106 97106131168206235246237208165119 79 55261121ZJ 5 122517 42469999999999999911 1 972334 5199999999999999
 53 75115164209239247234203164127102 94108140184225252257236195140 85 43261122ZJ 5522471741258999999999999991151 94999999999999999999999
 23 31 65120180231261265245207162123 98 95115155203245266260228174111 52261123ZJ 640267181826799999999999999 014 231239 9499999999999999
 12 -1 17 64130198250277276249206159120 98100127172222260273256213151 83261124ZJ 727280185727399999999999999 056 -11325 9699999999999999
 25-11-16 13 70144213263285278246201154118102110142190237268272246195129261125ZJ 814286193827499999999999999 139-18141110199999999999999
 61  7-22-19 18 82157223267283272238193150119108121157204246268264232178261126ZJ 9 3283202127099999999999999 225-25145810899999999999999
111 48  0-22-12 30 96167227263274259226185147123117133169211246261251216261127ZJ 95327421 626199999999999999 312-22154611699999999999999
163101 45  5-10  5 48110173224254259244214178146127125142174211238247234261128ZJ1045260215524799999999999999 4 1-10163712399999999999999
201153100 52 20 10 27 67122176218241244229203173146130129144172202223230261129ZJ1139245225123099999999999999 452 10173412799999999999999
218190150106 67 41 35 51 86132176210229231218196169146130128140162186205261130ZJ1238232999999999999999999999 547 34184012799999999999999
212205184154119 87 66 60 731021401762042202222111911661421251191271451672612 1ZJ 0 0212133922399999999999999 648 60195511999999999999999
186197197185163135109 89 83 921151461772022172192081871601331131041091262612 2ZJ 130199144022099999999999999 756 8321 910499999999999999
149172190197193177153128108100105124151180205219220206182150119 95 85 902612 3ZJ 3 7198153422199999999999999 9 7 992212 8499999999999999
108137167191205204191168142120110113130157187211224221203172135100 74 642612 4ZJ 429206162022599999999999999101610923 3 6499999999999999
 72 97133170200217217202177148125114118137166197221230221195157114 77 522612 5ZJ 53121917 12309999999999999911161132346 4699999999999999
 46 62 95139182215231228209179148124114121144177209230233217182137 90 532612 6ZJ 62023217392359999999999999912 6114999999999999999999999
 33 35 60103154200231242233208174142119113126155191222238233206163113 662612 7ZJ 7 2242181623899999999999999 025 31125011399999999999999
 32 20 32 68119174218244248231200164132114115135169206233241226190141 882612 8ZJ 740249185124199999999999999 1 1 20132811299999999999999
 43 17 15 39 851411952342512462221861501221111201471852202402382131701162612 9ZJ 815252192524299999999999999 135 1314 411199999999999999
 64 26 10 19 54107165214244251237207170136115113130163201231242230196146261210ZJ 849252195924299999999999999 2 8 10143811199999999999999
 92 46 16 11 32 76132186227247244222188153125113119144179214236237215174261211ZJ 922248203323999999999999999 242 10151111299999999999999
123 72 34 15 22 52101155203233242231204170139119115129158193222234225196261212ZJ 95424221 623499999999999999 315 15154411499999999999999
152102 59 30 23 39 77126176214233233215186155130117120139169200222225209261213ZJ1027235214122699999999999999 349 23161911699999999999999
175132 88 54 36 38 62102148190218228220199171144125118126147176201215211261214ZJ11 2228221921599999999999999 423 34165911899999999999999
191158119 83 57 48 58 85124166199218221209187161137122119129149174195203261215ZJ114022223 520399999999999999 5 0 48174611899999999999999
197177147114 86 68 65 78106142177203216214200178154132118115125144166184261216ZJ1223217999999999999999999999 542 64184311599999999999999
191186169145119 96 83 83 97122153183204213210195173148125110106114132154261217ZJ 0 6191131321499999999999999 632 81194910599999999999999
172183183172153132112100 99110132159186205213209193169140113 95 88 96115261218ZJ 129184141121399999999999999 735 982057 8899999999999999
140164182189184169149129114110118137162188208217212193164129 96 73 65 73261219ZJ 3 5189151021799999999999999 85111022 0 6599999999999999
 97129162189203202189167143125116120137163191214224217193157114 74 47 38261220ZJ 42820416 62249999999999999910111162257 3899999999999999
 50 80122166202222223209183154129117119136165198223233223192147 96 50 19261221ZJ 53522517 02339999999999999911221152350 1199999999999999
 11 28 68121176219242243225193158129113115136170208235243228190136 76 25261222ZJ 6332451751244999999999999991224112999999999999999999999
 -7-12 12 62126188235259258234197157124108112138178219247253231185123 58261223ZJ 726261184225499999999999999 041-13131810799999999999999
  4-27-28  4 63135202249271265236193150117102111142187231258258231178110261224ZJ 816272193226299999999999999 131-3214 810299999999999999
 42-12-39-33  6 72148215259275263229183139108 97111148197240263259225168261225ZJ 9 3275202126599999999999999 220-411457 9799999999999999
 98 31-18-40-27 19 88163225263272254215169127100 94114155204244262252215261226ZJ 94927221 926299999999999999 3 9-401543 9399999999999999
157 89 28-14-28 -9 41110179232260261237198153115 94 94118160206241252238261227ZJ1031264215825299999999999999 356-281630 9199999999999999
200145 85 33  0 -5 20 70134193234252245217178138106 90 95121162202229236261228ZJ1112252224823699999999999999 441 -71717 8999999999999999
220185137 87 47 24 26 54102156202231239226197161126 99 88 96122157190211261229ZJ1151239234321699999999999999 526 2218 6 8899999999999999
215201172134 97 68 54 62 89130173206223224208180148117 95 87 95117147174261230ZJ1230226999999999999999999999 610 5419 1 8799999999999999
191195186165138112 93 86 96120153184206215211193167137109 90 82 89108132261231ZJ 04819613 921699999999999999 655 8620 1 8299999999999999
