 36 24 14  6  2  1  5 11 18 23 26 26 25 23 23 25 30 37 45 54 63 68 67 6126 1 1ZK1029 262124 6999999999999999 436  11335 2399999999999999
 50 37 23 10  1 -4 -4  0  8 16 22 25 24 22 21 21 23 29 38 48 59 68 74 7226 1 2ZK1115 252217 7499999999999999 533 -51433 2099999999999999
 64 52 36 21  7 -2 -7 -6 -1  8 17 22 24 22 19 17 17 21 28 37 49 61 72 7626 1 3ZK1147 2423 7 7699999999999999 623 -71531 1799999999999999
 73 64 51 34 18  5 -4 -7 -5  1 11 19 23 22 19 16 13 14 18 27 37 49 62 7226 1 4ZK1216 232356 7599999999999999 7 9 -71624 1399999999999999
 75 71 61 47 31 15  4 -3 -5 -2  6 15 22 23 21 17 13 11 12 17 26 36 48 6126 1 5ZK1246 23999999999999999999999 752 -51713 1199999999999999
 69 71 65 55 42 27 13  4  0  0  4 12 20 24 23 20 16 12 10 12 18 26 35 4726 1 6ZK 042 711317 2499999999999999 829 -118 1 1099999999999999
 57 63 63 57 47 35 22 12  6  5  6 12 19 25 26 24 20 16 12 11 14 19 26 3426 1 7ZK 125 641348 2699999999999999 859  51847 1199999999999999
 44 52 55 53 47 38 28 19 12 10 11 14 19 25 28 28 25 21 18 15 15 17 21 2626 1 8ZK 2 5 551421 2899999999999999 917 101936 1499999999999999
 33 39 44 45 42 37 30 23 17 14 15 17 21 26 30 31 30 27 24 21 19 19 20 2326 1 9ZK 242 451457 3199999999999999 921 142034 1899999999999999
 26 30 34 36 35 33 29 24 20 17 17 19 23 27 31 34 34 33 30 28 25 23 22 2226 110ZK 318 361541 3499999999999999 923 172223 2299999999999999
 23 24 25 27 28 27 25 23 20 19 19 21 24 27 31 35 37 37 36 34 32 29 26 2426 111ZK 356 281641 3799999999999999 928 18999999999999999999999
 22 21 20 21 21 22 22 21 20 19 19 20 23 27 30 35 38 40 41 40 39 36 32 2826 112ZK 514 2218 4 4199999999999999 210 20 936 1999999999999999
 24 21 18 16 16 16 17 19 19 20 20 20 22 24 28 32 37 41 44 45 45 43 39 3426 113ZK1920 45999999999999999999999 345 16999999999999999999999
 28 22 17 13 11 11 13 16 18 20 20 20 21 22 24 28 33 39 44 48 49 49 46 4126 114ZK2019 50999999999999999999999 428 11999999999999999999999
 34 26 19 13  9  7  9 12 16 19 21 21 20 20 21 23 28 34 41 47 51 53 52 4826 115ZK1031 2121 7 5399999999999999 5 0  71258 2099999999999999
 40 32 23 14  8  4  4  7 12 17 21 22 21 19 18 19 22 28 36 43 50 55 57 5426 116ZK1053 222149 5799999999999999 530  41410 1899999999999999
 47 38 28 18  9  3  1  3  8 14 20 23 22 19 16 15 16 21 28 37 46 54 58 5826 117ZK1117 232228 5999999999999999 6 1  115 5 1599999999999999
 53 45 34 23 12  4  0  0  4 11 18 22 23 20 16 13 12 14 21 30 40 50 57 6026 118ZK1141 2323 3 6099999999999999 631  01552 1299999999999999
 58 51 40 29 17  7  1 -1  1  7 14 21 23 22 18 13 10  9 13 21 32 43 53 6026 119ZK12 5 232338 6199999999999999 7 0 -11635  999999999999999
 60 55 46 35 22 11  3 -1  0  4 11 19 24 24 20 15 10  7  8 14 23 34 45 5526 120ZK1229 24999999999999999999999 727 -11716  799999999999999
 60 58 50 40 28 16  7  1  0  3  8 16 23 26 23 18 13  8  6  8 15 25 36 4726 121ZK 013 601256 2699999999999999 749  01759  699999999999999
 55 57 53 44 33 22 12  5  3  4  8 15 22 27 27 23 17 11  7  6  9 17 26 3626 122ZK 049 571326 2899999999999999 8 7  31844  699999999999999
 46 52 52 46 37 27 17 10  6  6  9 15 22 28 30 28 23 17 12  8  7 11 18 2626 123ZK 127 531358 3099999999999999 822  61934  799999999999999
 35 43 46 44 38 30 22 15 10 10 12 17 22 28 33 33 30 25 19 14 10 10 13 1726 124ZK 2 7 461436 3499999999999999 835 102033  999999999999999
 24 31 36 38 35 30 24 19 14 13 16 19 24 29 34 37 37 33 29 23 17 13 12 1326 125ZK 251 381521 3799999999999999 847 132156 1299999999999999
 16 20 24 28 29 27 24 20 17 16 18 21 25 30 34 39 41 41 38 33 28 21 17 1426 126ZK 346 291621 4199999999999999 856 16999999999999999999999
 12 12 14 16 19 20 20 19 18 18 19 22 25 29 34 38 42 45 46 44 39 33 26 2026 127ZK 521 201744 4699999999999999 030 12 848 1899999999999999
 14 10  7  7  8 11 13 15 17 18 19 21 24 27 31 35 40 45 49 51 50 46 39 3026 128ZK1911 51999999999999999999999 241  7999999999999999999999
 21 13  6  2  0  2  5 10 14 16 18 20 21 23 26 29 34 41 47 54 57 57 52 4426 129ZK2025 57999999999999999999999 4 1  0999999999999999999999
 33 22 11  2 -3 -5 -2  3  9 14 18 19 19 19 20 22 26 32 40 49 58 62 62 5626 130ZK2126 63999999999999999999999 455 -5999999999999999999999
 46 33 20  8 -1 -7 -7 -3  4 12 17 19 18 17 15 15 17 22 30 40 51 61 66 6526 131ZK1110 192218 6799999999999999 538 -81441 1499999999999999
 57 46 31 17  4 -4 -8 -7 -1  8 16 20 20 17 13 10  9 12 18 28 39 52 63 6826 2 1ZK1124 2123 5 6899999999999999 616 -81548  999999999999999
 65 55 42 27 13  1 -5 -7 -3  5 15 22 23 20 15 10  6  5  9 16 27 39 53 6326 2 2ZK1146 232348 6599999999999999 648 -71641  599999999999999
 65 60 50 37 22  9  0 -4 -3  3 13 22 26 25 20 13  7  3  3  8 16 26 39 5226 2 3ZK1212 26999999999999999999999 715 -41730  299999999999999
 60 59 53 42 29 16  6  1  1  4 12 21 28 29 25 19 12  6  2  4  9 17 27 3926 2 4ZK 027 601239 2999999999999999 733  01815  299999999999999
 49 53 50 43 33 22 12  6  5  7 13 21 29 32 30 25 18 12  6  4  6 12 19 2826 2 5ZK 1 3 5313 7 3299999999999999 744  51858  499999999999999
 37 44 44 40 33 25 16 10  8 11 15 22 29 34 35 31 25 19 13  8  8 10 15 2026 2 6ZK 136 451335 3599999999999999 750  81941  899999999999999
 27 33 36 34 30 24 18 13 11 13 18 23 29 35 37 35 31 26 20 15 12 12 14 1726 2 7ZK 2 5 3614 3 3799999999999999 755 112029 1299999999999999
 21 25 28 28 25 22 18 14 12 14 19 24 30 35 38 39 36 32 27 22 18 16 16 1726 2 8ZK 231 281434 3999999999999999 8 0 122142 1699999999999999
 18 19 21 21 20 18 16 14 13 14 18 23 29 34 38 40 39 37 33 29 25 22 20 1826 2 9ZK 251 211514 4099999999999999 759 13999999999999999999999
 17 16 16 16 15 15 14 14 14 15 17 22 27 31 36 39 40 40 38 36 33 29 26 2226 210ZK1616 40999999999999999999999 733 13999999999999999999999
 19 16 13 12 11 11 11 12 14 15 17 20 23 27 31 35 38 40 41 41 39 36 32 2826 211ZK18 4 41999999999999999999999 432 11999999999999999999999
 23 17 13  9  7  7  8 11 13 16 17 19 20 23 26 30 34 38 41 43 44 42 39 3426 212ZK1949 44999999999999999999999 433  7999999999999999999999
 28 21 14  8  4  3  5  8 12 16 18 18 19 19 20 23 27 33 38 43 46 47 45 4126 213ZK2052 47999999999999999999999 454  3999999999999999999999
 34 26 17  9  3  1  1  5 10 15 19 19 18 17 16 17 20 26 33 40 46 50 50 4726 214ZK1048 192137 5199999999999999 518  114 3 1699999999999999
 40 31 22 12  4 -1 -1  2  7 14 19 21 19 16 13 11 13 17 25 33 42 50 53 5226 215ZK1058 212215 5399999999999999 542 -115 6 1199999999999999
 46 37 27 16  6  0 -3 -1  5 12 19 23 21 18 13  8  7  9 16 25 35 46 53 5526 216ZK1113 232249 5599999999999999 6 6 -31555  799999999999999
 51 43 33 21 10  2 -2 -2  2 10 19 24 25 21 15  9  4  3  7 16 26 38 49 5526 217ZK1133 252323 5699999999999999 627 -31640  399999999999999
 55 48 38 26 15  5 -1 -2  1  9 18 26 29 26 19 12  5  0  1  7 16 28 41 5126 218ZK1155 292358 5599999999999999 644 -21724  099999999999999
 55 51 42 32 20  9  2  0  2  8 17 27 32 31 26 18  9  2 -2  0  7 17 29 4226 219ZK1221 33999999999999999999999 657  018 8 -299999999999999
 50 51 45 36 25 15  7  3  5 10 17 26 34 37 33 25 16  7  0 -2  1  8 18 2926 220ZK 035 511250 3799999999999999 7 9  31854 -299999999999999
 40 45 43 37 28 20 12  7  8 12 18 27 35 40 39 34 26 17  7  1  0  3  9 1826 221ZK 113 451322 4199999999999999 721  71945  099999999999999
 27 35 37 34 28 22 15 11 11 15 21 27 35 41 44 41 35 27 18 10  4  3  5 1026 222ZK 152 371357 4499999999999999 732 102045  399999999999999
 16 23 27 28 25 21 17 14 13 16 22 28 34 41 45 46 43 37 30 22 14  9  7  726 223ZK 235 281440 4699999999999999 738 132227  799999999999999
  9 12 16 18 18 17 15 14 14 17 22 28 33 38 43 46 47 44 40 34 27 20 14 1026 224ZK 326 181538 4799999999999999 728 14999999999999999999999
  8  7  7  9 10 11 11 12 13 16 20 25 30 34 39 43 46 47 47 44 39 32 25 1926 225ZK1716 48999999999999999999999 110  7999999999999999999999
 12  7  4  2  3  4  6  9 12 15 18 21 25 29 32 36 40 45 49 50 49 45 38 3026 226ZK19 7 50999999999999999999999 313  2999999999999999999999
 21 12  5  0 -2 -1  2  6 10 14 16 18 20 22 24 27 32 37 44 50 54 54 49 4126 227ZK2027 54999999999999999999999 413 -2999999999999999999999
 31 21 10  2 -3 -4 -2  3  9 14 17 18 18 17 17 18 21 27 35 44 52 57 57 5126 228ZK11 4 182125 5899999999999999 451 -41345 1799999999999999
 42 30 18  7  0 -4 -4  1  9 16 20 20 18 15 12 10 12 16 23 33 44 54 59 5726 3 1ZK1037 202212 5999999999999999 523 -415 8 1099999999999999
 50 39 26 14  4 -2 -3  0  8 16 23 25 22 17 12  7  5  7 12 21 33 45 55 5826 3 2ZK1049 252254 5899999999999999 548 -316 4  599999999999999
 54 45 34 21  9  2 -1  1  7 16 25 30 28 23 16  8  3  1  4 11 21 33 46 5426 3 3ZK1111 302331 5599999999999999 6 6 -11651  199999999999999
 54 48 39 27 15  6  2  3  8 16 26 33 34 29 22 13  5  0  0  4 11 22 34 4526 3 4ZK1137 35999999999999999999999 618  21735 -199999999999999
 50 47 40 31 20 10  6  6 10 17 26 35 39 36 29 20 11  4  0  1  5 13 24 3526 3 5ZK 0 6 5012 3 3999999999999999 627  51817 -199999999999999
 42 43 39 32 23 14  9  8 12 18 26 35 41 41 36 28 19 10  4  1  4  9 16 2526 3 6ZK 038 441229 4299999999999999 636  81857  199999999999999
 33 37 35 30 24 17 11 10 13 20 27 35 42 44 41 34 26 18 10  5  5  7 12 1826 3 7ZK 1 8 371254 4499999999999999 645 101937  599999999999999
 25 30 30 27 22 17 13 11 14 20 27 35 42 45 44 40 33 25 18 12  9  9 11 1426 3 8ZK 136 301319 4699999999999999 654 112022  999999999999999
 19 23 24 23 20 17 13 12 14 19 26 34 40 45 46 43 38 32 25 19 15 13 13 1426 3 9ZK 2 0 241346 4699999999999999 7 0 122128 1399999999999999
 15 17 19 18 17 15 13 12 14 18 24 31 37 42 45 44 41 37 32 26 22 18 17 1526 310ZK 219 191421 4599999999999999 7 0 12999999999999999999999
 14 14 14 14 13 13 12 12 14 17 22 27 33 38 41 43 42 40 37 33 29 25 22 1926 311ZK1513 43999999999999999999999 618 12999999999999999999999
 16 13 11 10 10 10 11 12 14 16 20 24 28 32 36 39 41 41 40 38 35 32 28 2426 312ZK1646 41999999999999999999999 414 10999999999999999999999
 19 14 10  8  6  7  9 11 14 17 19 21 23 26 29 33 36 39 41 41 41 38 34 2926 313ZK19 1 41999999999999999999999 410  6999999999999999999999
 23 17 11  6  4  4  7 10 14 18 19 20 20 21 22 25 29 34 38 42 44 44 41 3526 314ZK2020 44999999999999999999999 426  4999999999999999999999
 29 21 13  7  3  2  4  9 14 19 21 21 19 17 16 17 21 26 33 40 45 47 46 4126 315ZK1021 212110 4799999999999999 445  214 2 1699999999999999
 34 26 17  9  3  1  3  8 14 21 24 23 20 16 13 11 12 17 25 34 42 48 50 4726 316ZK1022 242149 5099999999999999 5 4  115 3 1199999999999999
 40 31 21 12  5  1  2  6 14 22 27 28 24 18 12  7  5  8 15 24 35 45 51 5126 317ZK1034 282226 5299999999999999 521  11552  599999999999999
 45 36 26 16  8  3  3  6 14 23 31 33 30 23 15  7  1  1  5 13 25 37 48 5226 318ZK1054 3323 3 5299999999999999 535  21638  099999999999999
 49 41 32 21 12  5  4  7 14 23 34 39 38 31 22 12  2 -3 -3  3 13 25 39 4826 319ZK1118 402341 5099999999999999 546  41724 -499999999999999
 49 44 36 26 17  9  7  9 15 24 35 43 45 40 31 20  9 -1 -6 -4  3 13 26 3826 320ZK1146 46999999999999999999999 558  71811 -699999999999999
 45 44 38 30 21 13 10 11 17 25 34 45 51 49 42 31 19  7 -2 -6 -3  3 13 2526 321ZK 020 451218 5199999999999999 612  919 2 -699999999999999
 34 38 35 30 24 17 13 13 18 25 34 44 52 55 51 42 31 19  7  0 -3 -1  4 1226 322ZK 1 1 381252 5599999999999999 626 121958 -399999999999999
 22 28 29 27 23 18 15 14 18 26 34 42 50 56 56 51 43 33 21 11  4  2  2  526 323ZK 143 291331 5699999999999999 637 142116  299999999999999
 11 17 20 20 19 17 15 15 18 24 32 39 46 52 56 55 50 44 35 25 16 10  7  526 324ZK 229 211419 5699999999999999 637 142318  599999999999999
  6  8 11 13 13 13 13 14 16 21 28 35 40 46 50 53 53 50 45 38 30 22 16 1126 325ZK1527 539999999999999999999999999999999999999999999999999
  7  5  5  6  8  9 10 12 15 19 24 29 34 38 42 46 49 51 50 47 42 35 27 2026 326ZK1716 51999999999999999999999 126  5999999999999999999999
 13  8  4  3  4  6  8 11 14 17 21 24 27 30 32 36 41 46 49 51 50 45 38 3026 327ZK19 2 51999999999999999999999 3 5  3999999999999999999999
 22 14  7  3  2  4  7 12 16 18 20 21 22 22 23 26 30 36 43 49 52 51 47 3926 328ZK2018 52999999999999999999999 351  2999999999999999999999
 30 21 12  6  3  4  7 13 18 22 23 22 20 18 16 17 20 25 33 41 49 53 51 4626 329ZK10 1 232113 5399999999999999 422  31423 1699999999999999
 37 27 18 10  6  5  8 14 21 27 28 26 23 18 13 11 11 15 21 31 41 49 52 4926 330ZK 956 282157 5299999999999999 443  51523 1099999999999999
 42 33 23 14  9  8 10 15 23 31 35 33 28 22 15  9  6  7 12 20 31 42 49 4926 331ZK1012 352235 5099999999999999 456  81611  699999999999999
 44 37 27 18 12 10 11 16 24 33 40 40 36 28 20 11  5  3  5 11 20 32 42 4626 4 1ZK1036 412310 4799999999999999 5 2 101656  399999999999999
 45 39 30 22 14 11 13 17 25 34 43 46 43 36 27 17  8  3  2  6 12 22 33 4126 4 2ZK11 1 462343 4399999999999999 510 111737  299999999999999
 42 39 32 24 17 13 13 18 25 34 44 50 49 43 35 25 14  6  2  3  7 15 25 3426 4 3ZK1127 50999999999999999999999 522 121817  299999999999999
 38 37 32 26 19 15 14 18 26 34 43 51 53 49 42 32 22 12  6  4  6 10 18 2626 4 4ZK 015 381153 5399999999999999 536 141856  499999999999999
 32 33 31 26 21 16 15 18 25 33 42 50 55 54 48 39 30 20 12  7  7  9 14 2026 4 5ZK 046 341218 5599999999999999 551 151937  699999999999999
 26 29 28 25 21 17 15 17 23 32 40 48 54 55 51 45 36 27 19 13 10 10 12 1626 4 6ZK 116 291245 5599999999999999 6 4 152024 1099999999999999
 20 24 24 23 20 18 16 17 21 29 37 45 51 54 53 48 42 34 26 20 15 14 13 1426 4 7ZK 145 241315 5499999999999999 616 162139 1399999999999999
 17 19 20 20 18 17 16 16 20 26 33 40 46 51 52 50 46 40 33 27 22 19 17 1526 4 8ZK 214 201352 5299999999999999 621 162354 1599999999999999
 15 16 16 16 16 16 16 16 19 23 29 35 41 45 48 49 47 43 39 34 29 25 21 1826 4 9ZK 250 161442 4999999999999999 546 16999999999999999999999
 16 14 13 13 14 15 16 17 19 22 26 30 34 39 42 45 46 45 43 39 35 31 27 2226 410ZK16 3 46999999999999999999999 231 13999999999999999999999
 18 14 12 11 12 13 15 18 20 22 24 26 29 32 35 38 41 43 44 43 41 37 32 2726 411ZK1756 44999999999999999999999 3 8 11999999999999999999999
 21 16 12 10 10 12 15 19 22 24 24 25 25 25 27 30 34 39 43 45 45 42 38 3226 412ZK1927 45999999999999999999999 330 10999999999999999999999
 26 19 14 10  9 11 15 20 25 27 27 25 23 21 20 22 26 31 38 43 47 47 43 3726 413ZK 928 272028 4799999999999999 349  91349 2099999999999999
 30 23 16 12 10 11 16 22 28 32 32 29 24 19 15 14 16 22 29 38 45 49 48 4326 414ZK 931 332117 4999999999999999 4 4 101451 1499999999999999
 36 28 20 14 11 12 16 23 32 38 39 36 30 22 14  9  8 11 18 28 38 47 50 4726 415ZK 948 4022 1 5099999999999999 416 111544  899999999999999
 41 33 24 17 13 14 17 24 34 43 47 45 38 29 18  9  3  2  7 15 27 39 47 4826 416ZK1013 472244 4999999999999999 428 131634  299999999999999
 44 37 29 22 16 15 19 25 35 45 53 55 49 39 27 15  4 -2 -1  4 13 26 38 4526 417ZK1042 552327 4599999999999999 442 151725 -299999999999999
 45 40 33 26 20 17 20 26 35 45 56 62 60 52 40 26 12  1 -4 -3  3 12 25 3526 418ZK1116 62999999999999999999999 5 0 171819 -499999999999999
 40 39 34 28 23 19 20 26 34 44 55 64 67 63 53 40 26 11  1 -3 -2  3 12 2326 419ZK 011 401153 6799999999999999 518 191917 -399999999999999
 31 33 31 28 24 20 20 24 32 41 51 62 69 69 63 53 41 26 13  4  0  0  4 1126 420ZK 057 331234 7099999999999999 536 192026  099999999999999
 20 25 26 25 22 20 19 22 29 37 46 55 64 69 68 62 53 41 28 17  9  5  4  626 421ZK 146 261321 6999999999999999 549 192152  499999999999999
 11 16 19 20 19 19 18 20 25 32 40 48 55 62 66 65 60 53 43 32 22 15 10  726 422ZK 246 201419 6699999999999999 547 182326  799999999999999
  8 10 13 15 16 17 17 19 22 28 34 40 46 52 57 60 61 58 52 44 35 27 20 1426 423ZK1535 619999999999999999999999999999999999999999999999999
 11  9 10 12 14 16 17 19 21 25 29 33 37 41 46 51 55 56 55 52 45 38 30 2326 424ZK1710 56999999999999999999999 1 0  9999999999999999999999
 17 13 11 11 14 16 19 21 23 25 27 29 30 32 35 39 44 49 52 53 51 45 39 3126 425ZK1841 53999999999999999999999 215 11999999999999999999999
 24 18 15 13 15 18 21 25 27 28 28 27 26 26 26 28 33 39 45 49 51 49 44 3726 426ZK 931 281955 5199999999999999 259 131313 2699999999999999
 30 24 19 16 17 20 24 29 33 34 33 30 27 23 21 21 23 28 35 42 47 49 46 4126 427ZK 9 1 342051 4999999999999999 324 161435 2199999999999999
 34 28 22 19 19 22 27 33 38 41 40 36 31 25 20 17 16 19 25 33 41 46 46 4326 428ZK 912 412135 4799999999999999 335 191532 1699999999999999
 37 31 25 21 21 23 28 35 43 47 48 44 37 30 22 16 13 14 17 24 33 41 44 4326 429ZK 935 482213 4599999999999999 338 211620 1399999999999999
 39 33 27 23 22 24 29 36 44 52 54 52 45 37 27 19 13 11 12 17 25 34 41 4226 430ZK10 1 542249 4299999999999999 346 2117 3 1199999999999999
 40 35 29 24 22 24 29 36 45 53 59 59 53 45 35 24 16 11 10 12 18 27 35 4026 5 1ZK1028 592325 4099999999999999 4 2 221743 1099999999999999
 40 36 31 26 22 23 28 35 44 53 60 63 60 52 42 31 21 13 10 10 14 21 29 3626 5 2ZK1056 632359 3899999999999999 422 221823 1099999999999999
 38 36 32 27 23 22 26 33 42 51 60 65 64 58 50 39 28 19 13 11 12 16 23 3026 5 3ZK1124 65999999999999999999999 444 2219 3 1199999999999999
 35 35 32 28 24 22 24 30 39 48 57 64 66 63 56 46 36 26 18 13 12 14 19 2526 5 4ZK 034 351153 6699999999999999 5 6 221946 1299999999999999
 30 32 31 29 25 23 23 27 35 44 53 61 65 65 60 52 43 33 24 18 15 15 17 2126 5 5ZK 1 9 321225 6599999999999999 527 222037 1599999999999999
 25 28 29 28 25 23 22 25 31 40 48 56 62 64 62 56 49 40 31 24 20 18 17 1926 5 6ZK 145 2913 0 6499999999999999 546 222142 1799999999999999
 22 24 26 26 25 24 23 24 28 35 43 50 56 60 61 58 53 46 38 31 25 22 20 1926 5 7ZK 228 261341 6199999999999999 6 1 2323 3 1999999999999999
 20 21 23 24 24 24 24 24 27 31 37 44 49 54 57 57 55 50 44 37 31 27 23 2126 5 8ZK 342 241432 5799999999999999 6 5 24999999999999999999999
 20 20 21 22 24 24 25 25 27 30 33 38 42 47 51 54 54 52 48 43 37 32 28 2426 5 9ZK1537 54999999999999999999999 025 19999999999999999999999
 21 20 20 21 23 25 27 28 29 30 31 33 36 39 43 47 50 51 50 47 42 37 32 2826 510ZK17 0 51999999999999999999999 125 20999999999999999999999
 24 21 20 21 23 27 30 32 33 33 32 31 31 32 35 39 43 47 50 50 47 43 37 3226 511ZK 814 331827 5099999999999999 2 2 201136 3199999999999999
 27 23 21 22 24 28 33 37 39 38 36 32 29 27 27 29 34 40 45 49 50 47 43 3726 512ZK 813 391943 5099999999999999 224 211328 2799999999999999
 31 26 24 23 25 30 36 42 46 46 43 37 31 25 21 21 23 29 36 43 49 50 47 4226 513ZK 833 462045 5099999999999999 240 231438 2099999999999999
 36 30 26 25 27 31 38 46 53 55 53 46 37 28 20 15 14 18 24 33 42 48 49 4626 514ZK 9 1 552140 4999999999999999 255 251538 1499999999999999
 40 35 30 27 28 32 39 48 57 63 64 58 49 37 25 15  9  9 12 20 31 41 46 4726 515ZK 935 642232 4799999999999999 314 271637  899999999999999
 43 38 33 29 28 32 39 48 58 68 73 70 62 50 36 22 11  5  5  9 17 29 38 4326 516ZK1012 732322 4499999999999999 338 281735  499999999999999
 43 39 35 31 29 31 37 45 56 67 76 79 75 65 51 36 20  9  3  3  7 16 27 3626 517ZK1054 79999999999999999999999 4 4 291835  299999999999999
 39 38 35 32 29 29 33 41 51 62 74 82 83 77 66 52 36 20  9  4  3  7 15 2526 518ZK 012 391139 8399999999999999 431 281939  399999999999999
 32 34 33 31 28 27 29 36 45 55 66 76 83 83 77 66 52 36 22 12  7  6  9 1626 519ZK 1 3 341229 8499999999999999 457 272046  699999999999999
 24 29 30 29 27 26 26 31 38 47 56 66 76 81 80 74 65 52 38 25 16 11 10 1226 520ZK 154 301324 8199999999999999 523 262155 1099999999999999
 18 24 27 27 27 26 25 27 32 39 47 55 64 71 76 75 70 62 51 39 29 21 17 1526 521ZK 249 271424 7699999999999999 545 2523 4 1599999999999999
 16 20 24 26 27 27 27 27 30 34 39 45 51 58 65 69 69 65 58 50 40 32 26 2126 522ZK1530 699999999999999999999999999999999999999999999999999
 19 20 23 27 29 29 30 30 31 32 35 38 42 46 52 58 61 62 60 55 48 40 34 2926 523ZK1643 62999999999999999999999 0 8 19999999999999999999999
 25 24 25 28 31 33 34 35 35 35 35 35 36 38 41 45 50 54 56 54 51 45 40 3526 524ZK18 2 56999999999999999999999 1 2 24999999999999999999999
 31 29 28 30 33 37 40 41 41 40 38 36 34 33 33 36 40 44 48 50 50 47 43 3826 525ZK 738 411919 5199999999999999 137 281323 3399999999999999
 34 32 31 33 36 40 44 47 49 48 45 41 36 32 30 29 31 35 40 45 47 47 44 4026 526ZK 8 1 492023 4799999999999999 150 311445 2999999999999999
 36 34 33 34 37 42 48 53 55 55 52 47 41 35 30 27 26 28 33 38 43 45 44 4226 527ZK 828 562114 4599999999999999 153 331545 2699999999999999
 38 35 33 34 38 43 49 56 61 62 60 55 48 40 32 27 24 24 26 32 38 43 44 4326 528ZK 858 622157 4499999999999999 2 5 331633 2399999999999999
 39 36 33 34 37 42 49 56 63 67 67 63 56 47 37 29 24 21 22 26 32 39 43 4326 529ZK 929 682237 4499999999999999 229 331715 2199999999999999
 41 37 34 33 34 40 47 55 63 69 72 70 63 54 44 34 26 21 20 22 27 34 40 4326 530ZK10 1 722315 4399999999999999 259 331753 2099999999999999
 42 39 35 33 33 36 43 52 61 69 74 74 70 62 52 41 31 23 20 20 23 29 36 4126 531ZK1034 752352 4299999999999999 331 321832 1999999999999999
 42 40 37 33 32 33 39 48 57 66 73 76 75 68 59 48 37 28 22 19 20 25 31 3726 6 1ZK11 7 76999999999999999999999 4 4 321911 1999999999999999
 41 41 38 34 32 31 35 43 52 61 70 76 77 73 65 55 44 34 26 21 20 22 27 3326 6 2ZK 028 411142 7799999999999999 435 311952 2099999999999999
 38 39 38 35 32 31 32 38 46 56 65 72 76 75 70 61 51 41 32 25 22 22 24 2926 6 3ZK 1 4 391218 7699999999999999 5 4 302037 2299999999999999
 34 37 38 36 33 31 31 34 41 49 58 66 72 74 72 65 57 47 38 30 26 24 24 2726 6 4ZK 139 381256 7499999999999999 533 302124 2499999999999999
 31 35 36 36 34 32 31 32 37 44 52 59 66 71 71 68 61 53 44 36 30 27 26 2626 6 5ZK 218 361337 7299999999999999 6 1 312212 2699999999999999
 29 32 35 36 36 34 33 33 35 40 46 52 59 65 68 67 63 57 49 41 35 31 28 2826 6 6ZK 3 4 361422 6899999999999999 634 332259 2899999999999999
 28 31 34 37 38 37 36 35 36 38 41 46 51 57 62 64 63 59 53 47 40 35 32 3026 6 7ZK 4 5 381514 6499999999999999 723 352339 3099999999999999
 30 31 34 38 40 41 41 40 39 38 39 41 44 48 53 58 60 59 56 51 45 40 36 3326 6 8ZK 517 411618 6099999999999999 859 38999999999999999999999
 32 33 35 39 42 45 47 46 44 42 40 38 39 41 44 48 53 56 56 54 49 45 40 3726 6 9ZK 614 471736 5699999999999999 0 9 321122 3899999999999999
 35 35 37 40 45 49 53 54 53 49 45 40 36 35 35 38 43 48 51 53 52 49 45 4126 610ZK 657 5419 4 5399999999999999 033 351312 3499999999999999
 38 37 38 41 46 52 58 62 62 59 53 46 39 33 29 29 32 36 43 48 51 51 48 4526 611ZK 738 632025 5199999999999999 057 371435 2999999999999999
 41 39 40 42 47 53 61 68 72 71 65 57 47 37 28 24 23 25 31 38 45 49 49 4726 612ZK 821 722135 4999999999999999 126 391547 2299999999999999
 44 41 40 41 46 52 61 70 77 81 78 71 60 47 34 24 18 17 20 26 35 43 47 4726 613ZK 9 6 812235 4899999999999999 159 401651 1799999999999999
 45 42 40 40 43 49 57 67 77 86 88 84 75 62 47 33 21 15 13 16 23 33 41 4526 614ZK 955 882328 4599999999999999 237 401752 1399999999999999
 45 43 40 38 39 43 51 61 72 83 92 93 88 77 63 47 31 20 13 11 15 22 32 4026 615ZK1045 94999999999999999999999 317 381850 1199999999999999
 43 42 40 37 36 38 44 53 63 75 87 95 96 89 78 63 46 31 20 14 12 16 24 3326 616ZK 014 431137 9699999999999999 4 0 361946 1299999999999999
 39 41 40 37 34 34 37 44 53 64 76 87 94 94 88 76 62 46 32 22 16 16 20 2726 617ZK 055 411230 9599999999999999 445 342040 1599999999999999
 35 39 40 38 35 33 33 37 44 53 63 74 85 91 90 83 73 59 45 33 25 21 21 2526 618ZK 133 401322 9199999999999999 530 322132 2099999999999999
 32 38 40 40 37 35 33 34 38 44 52 61 71 80 84 83 77 67 56 44 35 29 27 2726 619ZK 211 411415 8499999999999999 618 332219 2699999999999999
 31 37 41 43 41 39 37 36 36 40 44 50 57 66 72 75 74 69 61 52 43 37 34 3326 620ZK 252 4315 7 7599999999999999 713 362258 3399999999999999
 34 38 43 46 46 45 43 41 40 40 42 44 48 53 59 64 66 65 61 55 49 43 40 3826 621ZK 339 4616 2 6699999999999999 823 402322 3899999999999999
 38 40 44 48 50 51 50 48 46 44 43 43 44 46 49 53 56 58 57 54 50 46 43 4226 622ZK 441 5117 6 58999999999999991038 432323 4299999999999999
 42 43 46 50 54 56 57 56 54 51 48 46 44 42 43 44 47 50 51 51 50 47 45 4326 623ZK 555 571829 51999999999999991327 422326 4399999999999999
 44 45 48 52 56 60 62 63 62 59 55 51 47 43 40 39 40 43 45 47 48 47 46 4426 624ZK 656 631959 48999999999999991458 392347 4499999999999999
 44 45 48 52 56 61 66 68 69 67 63 57 51 46 41 37 36 37 40 43 46 47 47 4526 625ZK 744 6921 8 479999999999999916 1 36999999999999999999999
 44 44 46 50 55 61 67 71 74 74 71 65 58 50 43 38 34 33 35 39 43 46 47 4626 626ZK 826 742157 4799999999999999 027 441646 3399999999999999
 45 43 44 47 52 58 65 72 77 79 77 72 65 56 47 40 34 31 32 35 40 45 48 4826 627ZK 9 6 792236 4899999999999999 118 431723 3199999999999999
 46 44 42 43 47 53 61 69 76 81 82 79 72 63 53 44 36 31 29 31 36 42 46 4926 628ZK 945 822311 4999999999999999 2 9 421758 2999999999999999
 48 45 42 41 43 48 56 65 73 80 84 84 79 71 60 50 40 33 29 28 32 37 44 4826 629ZK1024 852343 4999999999999999 257 411833 2899999999999999
 49 47 43 40 40 43 49 58 68 77 83 86 84 77 67 56 45 36 30 28 29 34 40 4626 630ZK11 1 86999999999999999999999 340 4019 8 2899999999999999
 49 48 45 41 38 39 44 52 61 71 80 85 86 81 73 63 52 41 33 29 28 31 36 4326 7 1ZK 014 491137 8699999999999999 420 381943 2899999999999999
 47 48 46 42 39 37 40 46 54 64 74 82 86 84 78 68 58 47 38 32 29 30 34 4026 7 2ZK 044 481213 8699999999999999 458 372016 2999999999999999
 45 48 47 44 41 38 38 41 48 57 67 76 82 84 80 72 63 52 43 36 32 31 33 3826 7 3ZK 114 481248 8499999999999999 536 372045 3199999999999999
 44 48 49 47 43 40 38 39 43 51 59 68 76 81 80 75 67 57 48 40 35 33 34 3726 7 4ZK 145 491325 8199999999999999 616 382110 3399999999999999
 42 47 50 50 47 44 41 40 41 46 52 60 68 74 77 75 69 61 53 45 39 37 37 3826 7 5ZK 220 5114 5 7799999999999999 7 3 402129 3699999999999999
 42 47 52 53 52 49 46 43 42 43 47 52 59 65 70 72 69 63 57 49 44 40 40 4126 7 6ZK 3 1 531449 7299999999999999 8 1 422146 4099999999999999
 44 48 53 56 57 56 53 50 46 44 45 47 51 56 61 65 66 63 59 53 48 44 43 4426 7 7ZK 351 571543 6699999999999999 920 4422 5 4399999999999999
 46 49 54 59 62 63 61 58 54 49 46 45 45 47 51 55 58 59 58 55 51 48 46 4626 7 8ZK 450 631656 59999999999999991114 452228 4699999999999999
 48 51 55 60 65 68 69 68 64 58 52 47 43 42 42 44 48 51 54 54 53 51 49 4826 7 9ZK 553 691841 54999999999999991319 422257 4899999999999999
 49 52 55 60 66 71 76 77 75 70 63 54 47 41 37 36 37 41 45 49 51 51 51 5026 710ZK 656 772041 51999999999999991456 362339 4999999999999999
 49 51 54 58 64 71 78 83 85 82 76 67 56 46 38 32 30 31 35 41 46 50 51 5026 711ZK 756 8522 5 51999999999999991610 30999999999999999999999
 49 49 51 54 60 67 75 84 90 93 89 81 70 57 44 34 27 25 26 31 39 45 49 5026 712ZK 855 932251 5099999999999999 042 4917 9 2599999999999999
 49 48 47 48 53 60 69 79 89 97 99 95 85 72 57 43 31 24 21 24 30 39 46 4926 713ZK 951 992324 5099999999999999 153 4718 1 2199999999999999
 49 47 45 44 45 50 59 69 81 92101103 97 86 72 56 41 29 22 21 24 32 41 4826 714ZK10451032354 5099999999999999 3 0 441849 2199999999999999
 50 48 45 42 40 42 48 57 69 81 94102103 96 85 70 53 39 28 23 23 28 37 4626 715ZK1135104999999999999999999999 4 0 401933 2399999999999999
 51 50 47 43 39 37 40 47 56 68 81 93100100 92 80 66 50 38 30 27 28 34 4326 716ZK 025 51122310199999999999999 456 372012 2799999999999999
 51 53 51 47 42 38 37 40 46 55 66 79 90 95 93 85 74 61 48 38 33 32 35 4226 717ZK 056 5313 9 9599999999999999 549 372044 3299999999999999
 50 55 55 52 47 43 39 38 41 47 55 65 76 84 86 83 76 66 55 46 40 38 40 4426 718ZK 129 561352 8699999999999999 641 3821 5 3899999999999999
 50 57 59 58 54 50 45 42 42 44 49 55 62 71 76 76 73 67 59 51 46 44 44 4726 719ZK 2 3 591433 7799999999999999 735 412110 4499999999999999
 52 58 62 63 60 57 53 49 46 46 47 50 54 59 64 67 66 63 59 53 49 47 48 5026 720ZK 241 631513 6799999999999999 837 462110 4799999999999999
 54 59 63 66 66 64 61 57 54 51 50 50 51 52 55 58 58 58 56 53 50 49 49 5226 721ZK 324 661556 58999999999999991042 502111 4999999999999999
 55 60 64 68 70 69 68 65 62 58 55 53 51 50 50 51 52 52 52 51 50 49 50 5226 722ZK 421 701710 52999999999999991333 492114 4999999999999999
 55 59 63 68 71 73 73 72 69 66 62 58 54 50 47 46 46 47 48 49 50 50 50 5126 723ZK 539 739999999999999999999991523 46999999999999999999999
 53 57 61 66 70 74 76 77 76 73 69 64 58 53 48 44 43 43 45 47 49 50 51 5126 724ZK 658 779999999999999999999991617 43999999999999999999999
 52 54 57 62 67 72 77 80 81 80 76 71 64 57 50 44 41 40 41 44 48 51 52 5226 725ZK 8 1 812215 52999999999999991651 40999999999999999999999
 51 51 53 56 62 68 74 80 84 85 83 78 70 62 53 46 40 37 38 41 45 50 53 5326 726ZK 853 852235 5399999999999999 021 511722 3799999999999999
 51 50 49 51 55 62 69 77 83 87 88 84 77 68 59 49 41 37 35 38 42 48 53 5426 727ZK 937 882258 5499999999999999 144 491751 3599999999999999
 53 50 47 47 49 55 63 71 80 87 90 89 83 75 64 54 44 38 34 35 39 45 51 5526 728ZK1016 902323 5599999999999999 244 471820 3499999999999999
 54 51 47 45 45 48 55 64 74 83 89 91 88 80 70 59 49 40 35 34 36 42 49 5526 729ZK1052 912347 5699999999999999 334 441848 3499999999999999
 56 53 49 45 42 43 48 56 66 77 86 91 91 85 76 65 53 44 37 34 35 40 47 5426 730ZK1125 92999999999999999999999 419 421913 3499999999999999
 57 56 52 47 42 40 42 49 58 69 79 88 91 88 80 70 59 48 40 36 36 39 45 5326 731ZK 012 571158 9199999999999999 5 1 401933 3599999999999999
 58 59 56 50 45 41 40 43 51 60 71 81 88 88 82 73 63 53 44 39 38 40 45 5226 8 1ZK 038 591232 8999999999999999 544 401948 3799999999999999
 59 62 60 55 50 44 41 41 45 53 62 72 81 85 83 76 67 57 48 42 40 42 46 5226 8 2ZK 1 6 6213 7 8599999999999999 628 401959 4099999999999999
 59 64 65 61 56 50 45 42 43 47 54 63 71 78 79 75 69 61 53 46 44 45 48 5326 8 3ZK 138 651344 8099999999999999 717 412012 4399999999999999
 59 65 68 67 63 58 52 46 44 45 49 54 61 68 72 72 68 62 56 50 47 47 50 5526 8 4ZK 213 681426 7399999999999999 812 442025 4799999999999999
 60 66 70 72 70 66 61 55 49 47 47 49 53 57 62 65 64 61 57 53 50 50 52 5626 8 5ZK 255 721514 6599999999999999 925 462037 5099999999999999
 61 66 71 75 76 74 70 65 59 53 49 48 48 49 52 55 56 56 55 53 52 51 53 5726 8 6ZK 351 761625 57999999999999991138 482042 5199999999999999
 61 65 70 75 79 80 79 76 70 64 57 52 47 45 44 45 47 49 51 51 52 52 53 5526 8 7ZK 5 6 809999999999999999999991355 44999999999999999999999
 59 63 67 72 78 82 85 85 82 76 69 60 52 46 41 38 38 41 44 47 50 51 53 5426 8 8ZK 633 859999999999999999999991527 38999999999999999999999
 56 58 62 67 73 79 86 90 91 89 82 73 62 52 43 36 33 33 36 41 47 50 52 5326 8 9ZK 750 929999999999999999999991627 33999999999999999999999
 53 54 55 59 64 72 80 89 95 97 94 86 75 62 50 40 32 29 31 35 42 49 52 5326 810ZK 855 972242 53999999999999991713 29999999999999999999999
 52 50 49 51 55 61 70 81 92100102 98 88 75 61 47 36 30 28 31 38 46 53 5526 811ZK 9511022257 5599999999999999 159 491752 2899999999999999
 53 50 46 44 45 50 58 69 81 94102103 98 87 73 57 44 34 30 30 35 44 53 5726 812ZK10401042321 5899999999999999 315 441827 2999999999999999
 57 53 48 43 40 41 47 56 67 81 94102101 94 82 68 53 41 34 32 35 42 52 6026 813ZK11251022348 6299999999999999 415 401856 3299999999999999
 62 58 52 46 40 37 39 45 54 67 81 93 98 95 87 75 62 49 40 37 38 42 51 6026 814ZK12 7 98999999999999999999999 5 8 371917 3799999999999999
 65 64 59 52 45 39 37 39 46 54 66 79 88 90 86 78 67 56 46 42 42 45 51 6026 815ZK 018 661246 9099999999999999 558 371929 4199999999999999
 68 69 66 60 53 46 40 39 42 47 55 65 75 81 80 76 68 60 51 46 46 49 54 6126 816ZK 048 701323 8299999999999999 647 391935 4599999999999999
 68 73 72 67 61 54 48 43 43 45 50 56 64 70 72 70 66 60 54 49 48 51 56 6226 817ZK 119 731356 7299999999999999 736 431941 4899999999999999
 68 74 75 73 68 62 56 51 48 48 49 52 56 60 63 63 61 58 54 51 50 52 57 6326 818ZK 150 751426 6499999999999999 832 471945 5099999999999999
 68 73 77 76 73 69 64 59 55 52 52 52 52 54 56 57 56 54 52 51 50 52 57 6226 819ZK 224 771452 57999999999999991039 521944 5099999999999999
 67 72 76 78 77 74 71 67 63 59 56 54 52 51 51 51 51 51 50 50 50 52 55 6026 820ZK 3 8 789999999999999999999991914 50999999999999999999999
 64 69 73 76 78 77 76 73 70 66 62 58 55 51 49 47 47 47 48 49 50 52 54 5726 821ZK 416 7899999999999999999999916 0 47999999999999999999999
 61 65 69 73 76 78 79 78 76 73 69 64 58 53 48 45 44 44 46 48 50 52 53 5526 822ZK 6 6 799999999999999999999991617 43999999999999999999999
 57 60 63 67 72 76 79 81 81 79 75 70 63 56 49 44 41 41 43 46 50 53 54 5426 823ZK 737 819999999999999999999991639 41999999999999999999999
 54 55 57 60 65 71 76 81 84 84 81 76 69 60 52 45 40 39 40 44 49 53 55 5526 824ZK 837 842222 559999999999999917 2 39999999999999999999999
 53 52 52 53 58 64 71 78 84 87 86 82 74 66 56 47 41 37 38 41 47 53 56 5726 825ZK 921 872234 5799999999999999 143 511725 3799999999999999
 54 51 48 48 50 56 63 72 80 87 89 86 80 71 61 51 42 38 36 39 45 52 57 5926 826ZK 958 892252 5999999999999999 246 481747 3699999999999999
 57 52 48 44 44 48 55 64 74 84 89 89 84 76 65 55 45 39 36 38 43 51 58 6226 827ZK1032 902312 6299999999999999 335 4418 6 3699999999999999
 60 56 49 44 41 41 47 55 66 77 86 90 87 80 70 59 49 41 38 38 42 50 58 6426 828ZK11 4 902334 6599999999999999 420 401821 3799999999999999
 65 60 54 47 40 38 40 47 57 68 79 87 88 83 74 63 53 44 39 39 43 49 58 6626 829ZK1137 89999999999999999999999 5 4 381832 3999999999999999
 69 66 60 52 44 38 36 40 48 58 70 80 85 83 76 67 57 48 42 41 44 50 58 6726 830ZK 0 0 691211 8599999999999999 547 361843 4199999999999999
 73 72 67 59 51 42 37 37 41 49 59 70 78 80 76 69 60 52 46 44 46 51 58 6726 831ZK 028 731247 8099999999999999 633 361855 4499999999999999
 74 77 74 67 59 50 42 38 38 43 50 58 67 73 73 68 61 55 49 46 48 53 59 6626 9 1ZK 059 771326 7399999999999999 722 3819 8 4699999999999999
 74 79 80 75 68 60 52 44 41 41 44 49 56 62 65 64 60 55 51 49 49 54 60 6626 9 2ZK 134 8014 7 6599999999999999 820 401919 4899999999999999
 73 79 82 81 77 70 63 55 48 44 44 45 47 51 55 56 55 53 51 50 50 54 59 6526 9 3ZK 216 821455 5699999999999999 952 441918 4999999999999999
 71 76 81 83 82 79 74 67 59 53 48 45 44 44 45 47 48 48 48 49 50 52 57 6226 9 4ZK 312 839999999999999999999991226 44999999999999999999999
 67 72 77 81 83 84 82 78 72 64 57 51 46 42 39 40 41 43 44 46 48 51 54 5826 9 5ZK 442 849999999999999999999991427 39999999999999999999999
 62 66 70 75 80 84 86 86 83 77 69 60 52 44 38 35 35 37 40 44 47 50 52 5426 9 6ZK 629 879999999999999999999991537 35999999999999999999999
 56 58 61 66 71 78 84 89 90 88 81 72 61 51 42 35 32 33 36 42 47 51 52 5226 9 7ZK 751 909999999999999999999991620 32999999999999999999999
 52 52 53 55 60 67 76 85 92 94 90 83 72 60 48 39 33 32 34 40 47 52 55 5426 9 8ZK 853 9422 9 55999999999999991654 32999999999999999999999
 51 48 46 46 49 55 64 75 86 94 95 90 81 69 56 45 37 33 34 39 47 55 59 5826 9 9ZK 943 952222 5999999999999999 232 461721 3399999999999999
 54 49 44 40 40 44 52 62 75 87 94 93 87 76 64 51 42 36 35 39 46 56 63 6526 910ZK1028 942245 6599999999999999 333 401741 3599999999999999
 61 54 47 40 36 36 41 49 61 74 86 91 88 81 70 58 47 40 38 40 46 56 65 7026 911ZK11 8 912312 7099999999999999 425 351755 3899999999999999
 68 62 53 45 37 33 35 40 49 61 74 83 85 81 72 62 52 44 41 43 48 56 66 7326 912ZK1145 852341 7599999999999999 514 3318 4 4199999999999999
 75 70 62 53 43 36 34 36 41 50 61 72 78 77 72 64 55 48 44 45 50 57 65 7426 913ZK1221 78999999999999999999999 6 1 341814 4499999999999999
 78 76 69 61 52 43 37 36 38 43 51 61 68 71 68 63 56 50 46 46 51 58 65 7326 914ZK 010 781254 7199999999999999 646 361824 4599999999999999
 79 80 76 68 60 51 44 40 39 42 46 52 59 63 63 59 55 51 47 47 51 58 65 7226 915ZK 038 811324 6399999999999999 733 391833 4699999999999999
 79 81 79 74 67 60 52 46 43 43 45 48 52 55 56 55 52 50 47 47 50 56 63 7026 916ZK 1 5 811352 5799999999999999 828 431839 4799999999999999
 76 80 81 78 72 66 60 54 49 47 47 47 48 50 51 50 49 48 47 47 49 54 61 6726 917ZK 136 811416 51999999999999991026 471835 4799999999999999
 73 77 79 79 76 71 66 61 56 53 50 48 47 46 46 46 46 46 46 46 48 52 57 6326 918ZK 213 799999999999999999999991512 46999999999999999999999
 68 72 76 77 76 74 71 68 63 59 55 52 48 45 43 42 42 43 45 46 48 51 54 5826 919ZK 310 779999999999999999999991529 42999999999999999999999
 62 66 70 73 74 75 74 72 69 65 61 56 51 46 42 40 39 41 43 46 48 50 52 5526 920ZK 459 759999999999999999999991544 39999999999999999999999
 57 59 62 66 70 73 75 75 74 71 67 61 55 48 42 39 37 38 41 45 49 51 52 5326 921ZK 653 7599999999999999999999916 3 37999999999999999999999
 53 53 55 58 63 68 72 76 77 76 72 66 59 51 44 39 36 36 39 44 49 53 54 5326 922ZK 8 3 772156 54999999999999991622 36999999999999999999999
 51 49 49 50 54 60 67 73 78 79 76 71 63 55 47 40 36 35 38 44 50 55 57 5526 923ZK 850 7922 0 5799999999999999 146 481639 3599999999999999
 52 47 44 43 46 52 59 68 75 80 80 75 68 59 50 42 37 35 37 43 50 57 61 5926 924ZK 929 802213 6199999999999999 245 431654 3599999999999999
 55 49 43 39 39 43 50 59 69 77 81 78 72 63 53 45 38 36 37 43 50 59 65 6526 925ZK10 4 812232 6699999999999999 333 3817 5 3699999999999999
 60 53 45 38 34 35 41 49 60 71 79 80 75 67 57 48 41 37 38 43 50 60 68 7126 926ZK1039 802256 7199999999999999 418 341715 3799999999999999
 68 60 51 41 33 30 32 39 49 61 72 78 76 69 61 52 44 39 39 44 51 60 70 7626 927ZK1115 782323 7799999999999999 5 3 301727 3999999999999999
 75 69 59 48 37 30 28 31 39 49 61 71 74 70 63 55 47 42 41 44 51 60 70 7926 928ZK1153 742354 8299999999999999 549 281742 4099999999999999
 82 77 68 58 46 35 28 28 31 39 49 59 66 67 62 56 50 44 42 45 51 60 69 7826 929ZK1232 67999999999999999999999 638 271758 4299999999999999
 84 84 78 68 57 45 35 30 29 32 38 47 55 59 58 54 50 46 43 45 51 59 67 7526 930ZK 028 851314 6099999999999999 734 291812 4399999999999999
 83 87 84 78 69 58 47 38 33 32 33 38 44 49 51 50 47 45 44 44 49 56 64 712610 1ZK 1 6 871359 5199999999999999 848 321817 4399999999999999
 79 84 86 83 78 70 60 50 42 37 35 34 36 39 42 43 43 42 42 43 47 53 60 662610 2ZK 153 8615 0 43999999999999991046 341742 4299999999999999
 72 78 82 84 82 78 71 63 54 47 41 37 34 34 35 37 38 39 40 42 45 49 55 602610 3ZK 258 849999999999999999999991242 33999999999999999999999
 65 69 74 78 81 81 79 74 67 59 51 44 38 33 31 31 33 36 38 41 44 47 50 542610 4ZK 439 819999999999999999999991418 31999999999999999999999
 57 60 64 68 74 78 80 80 76 70 62 53 44 37 32 30 30 33 37 41 44 47 48 492610 5ZK 622 819999999999999999999991513 30999999999999999999999
 50 51 53 57 62 69 76 80 81 78 71 62 52 43 36 31 30 33 37 43 47 50 50 492610 6ZK 741 812135 50999999999999991547 30999999999999999999999
 47 45 44 46 50 57 66 74 80 81 77 69 60 50 41 35 32 33 38 45 51 55 55 522610 7ZK 841 812129 5599999999999999 147 441611 3299999999999999
 47 43 39 38 40 45 53 64 73 79 79 73 65 55 46 38 35 35 39 46 54 60 62 592610 8ZK 928 792147 6299999999999999 254 381626 3499999999999999
 53 45 38 34 32 35 42 51 62 72 76 74 68 59 50 42 37 37 40 47 56 64 68 672610 9ZK1010 762211 6999999999999999 347 321634 3799999999999999
 60 52 43 35 30 29 33 40 50 62 70 72 68 61 53 45 39 38 41 47 56 66 73 74261010ZK1048 722239 7499999999999999 436 291642 3899999999999999
 69 60 50 40 32 28 28 32 40 51 61 67 66 61 54 47 41 39 42 48 56 65 74 78261011ZK1123 6723 7 7899999999999999 522 271655 3999999999999999
 76 68 59 48 38 30 27 29 33 41 51 59 62 59 54 48 43 39 41 47 55 64 73 80261012ZK1158 622335 8199999999999999 6 6 271711 3999999999999999
 80 75 66 56 45 36 30 29 31 35 43 51 56 56 53 48 44 40 40 46 54 62 71 79261013ZK1231 56999999999999999999999 650 291726 4099999999999999
 82 79 72 63 53 43 36 32 31 33 38 44 49 51 50 47 43 40 40 44 51 60 68 76261014ZK 0 3 8213 4 5199999999999999 737 311740 4099999999999999
 80 81 76 69 60 51 43 37 34 34 36 39 43 46 46 45 42 40 39 42 48 56 64 71261015ZK 031 811338 4699999999999999 835 341750 3999999999999999
 77 79 77 72 66 58 50 43 39 37 36 37 39 41 42 41 41 40 39 41 45 52 59 66261016ZK 1 2 791416 429999999999999910 5 361752 3999999999999999
 72 75 76 73 69 63 56 50 45 41 39 37 36 37 38 38 38 38 39 40 43 48 54 60261017ZK 140 7699999999999999999999912 2 36999999999999999999999
 65 69 72 72 70 66 61 56 51 47 43 39 37 35 35 35 36 37 39 40 42 46 50 54261018ZK 232 729999999999999999999991356 35999999999999999999999
 58 62 65 67 68 67 65 61 56 52 47 43 38 35 33 33 34 36 38 41 43 45 47 49261019ZK 354 689999999999999999999991439 32999999999999999999999
 52 54 57 61 63 65 65 64 61 57 52 46 41 36 33 31 32 35 39 42 45 46 47 47261020ZK 539 6699999999999999999999915 3 31999999999999999999999
 47 47 49 52 57 61 64 65 64 61 56 50 44 38 33 31 32 34 39 44 48 50 49 47261021ZK 7 4 652112 50999999999999991520 31999999999999999999999
 44 42 42 44 48 53 59 64 65 64 60 54 47 40 35 32 32 34 40 46 52 54 53 50261022ZK 8 5 652114 5499999999999999 138 421534 3199999999999999
 45 40 36 36 39 44 51 59 64 66 63 58 51 43 37 33 32 35 40 48 55 60 60 56261023ZK 853 662129 6099999999999999 237 361544 3299999999999999
 49 41 34 30 30 34 41 50 59 65 65 61 54 47 40 34 33 35 40 48 58 65 67 64261024ZK 936 662152 6799999999999999 328 301554 3399999999999999
 56 46 36 28 24 25 30 39 49 59 64 63 57 50 43 37 34 35 41 49 59 68 74 73261025ZK1018 642220 7499999999999999 417 2416 9 3499999999999999
 66 55 43 31 23 19 21 27 37 49 58 61 58 52 46 39 35 35 40 48 58 69 78 81261026ZK11 0 612252 8199999999999999 5 6 191627 3599999999999999
 76 66 54 40 27 19 16 19 25 36 47 55 56 52 47 41 37 35 39 47 56 67 78 85261027ZK1143 562328 8599999999999999 558 161648 3599999999999999
 84 77 66 53 38 25 17 15 18 24 34 44 49 49 46 42 38 35 37 44 53 63 74 83261028ZK1228 50999999999999999999999 654 1517 8 3599999999999999
 88 85 77 65 52 38 26 19 17 18 24 32 39 43 42 40 37 35 35 40 48 58 67 77261029ZK 0 9 881316 4399999999999999 8 1 171724 3599999999999999
 84 87 84 76 65 52 39 28 22 19 20 23 29 34 36 36 35 34 34 37 43 52 60 68261030ZK 055 871412 3699999999999999 923 191730 3399999999999999
 76 82 84 81 74 65 53 41 32 26 22 21 23 27 30 32 32 32 33 34 39 45 52 59261031ZK 150 849999999999999999999991053 21999999999999999999999
 65 72 77 79 77 72 64 54 45 36 30 25 23 23 25 28 30 31 32 34 37 41 46 502611 1ZK 3 0 799999999999999999999991219 22999999999999999999999
 55 60 65 70 73 73 70 64 56 47 39 32 27 24 24 26 29 31 34 35 37 39 41 442611 2ZK 429 739999999999999999999991332 24999999999999999999999
 46 49 52 58 63 67 69 67 62 56 48 40 33 28 26 26 29 33 36 39 41 41 41 412611 3ZK 6 0 692115 42999999999999991421 26999999999999999999999
 40 40 42 45 50 57 62 65 64 60 54 46 39 33 29 28 30 34 40 44 47 47 45 422611 4ZK 719 652038 4799999999999999 034 401451 2899999999999999
 39 36 34 35 39 44 52 58 61 61 57 51 43 37 33 31 32 36 42 49 53 54 52 482611 5ZK 821 622050 5499999999999999 212 3415 5 3199999999999999
 42 36 31 29 30 34 40 48 55 58 57 52 46 40 35 33 34 38 44 51 58 61 60 552611 6ZK 911 582114 6299999999999999 314 291510 3399999999999999
 48 40 32 27 24 26 30 38 47 53 55 52 47 41 36 33 34 38 44 52 61 67 68 642611 7ZK 953 552141 6899999999999999 4 7 241518 3399999999999999
 56 47 37 28 23 21 23 29 37 46 51 51 48 43 37 33 33 37 43 51 61 69 73 712611 8ZK1032 522210 7399999999999999 454 211534 3399999999999999
 64 55 44 33 25 20 20 23 29 38 45 49 47 43 38 34 32 35 41 49 59 68 74 762611 9ZK11 9 492240 7699999999999999 538 201556 3299999999999999
 71 62 52 40 30 22 19 20 24 31 39 44 46 43 39 35 32 33 38 46 56 65 73 77261110ZK1145 462311 7799999999999999 619 191619 3299999999999999
 75 68 59 48 36 27 21 19 21 25 32 39 42 42 39 35 32 31 35 42 52 61 70 76261111ZK1222 432341 7799999999999999 7 1 191643 3199999999999999
 77 73 65 55 44 33 25 21 20 22 27 33 38 39 38 35 32 30 32 38 47 56 65 72261112ZK1259 39999999999999999999999 745 2017 5 3099999999999999
 76 74 69 60 50 40 31 25 22 22 24 28 32 35 36 34 32 30 30 34 42 50 59 66261113ZK 013 761338 3699999999999999 835 221725 3099999999999999
 72 73 70 64 56 46 37 30 26 24 24 25 28 31 33 32 31 30 30 32 37 45 52 60261114ZK 048 731424 3399999999999999 937 231741 3099999999999999
 65 69 69 65 59 51 43 36 31 27 25 25 26 28 30 31 31 30 30 31 35 40 46 52261115ZK 127 699999999999999999999991049 25999999999999999999999
 58 62 65 64 60 55 48 41 36 31 28 26 25 26 27 29 30 31 31 32 34 37 41 46261116ZK 213 6599999999999999999999912 2 25999999999999999999999
 50 55 58 60 59 56 51 46 40 35 31 28 26 25 26 28 30 32 33 34 35 36 38 41261117ZK 311 609999999999999999999991257 25999999999999999999999
 43 47 50 53 55 55 53 49 44 39 34 30 27 25 25 27 30 33 36 38 39 38 38 38261118ZK 425 552015 39999999999999991332 252316 3799999999999999
 38 39 42 45 49 51 52 51 47 43 38 33 29 27 26 27 31 35 39 43 44 43 41 37261119ZK 550 5220 3 44999999999999991353 26999999999999999999999
 35 33 33 36 40 44 48 50 49 46 42 36 32 28 27 28 31 36 42 48 50 50 46 41261120ZK 711 502019 5199999999999999 119 3314 7 2799999999999999
 35 30 27 27 30 35 41 46 49 48 45 40 35 31 28 29 32 37 44 52 57 58 55 48261121ZK 818 492044 5899999999999999 229 271422 2899999999999999
 39 31 24 20 20 24 30 38 45 48 47 43 38 33 30 29 32 37 45 54 62 66 65 58261122ZK 915 482115 6799999999999999 327 201441 2999999999999999
 48 37 26 18 14 14 18 26 35 43 46 44 40 35 31 29 31 36 44 53 64 72 74 70261123ZK10 7 462151 7499999999999999 423 1315 6 2999999999999999
 60 48 34 21 12  8  9 14 23 33 40 43 41 37 32 29 29 33 41 50 61 72 79 80261124ZK1057 432232 8099999999999999 518  81534 2999999999999999
 73 61 47 31 18  8  4  6 11 21 31 37 38 36 33 29 27 29 36 45 56 68 78 84261125ZK1146 392316 8499999999999999 615  416 3 2799999999999999
 82 74 61 46 30 16  7  3  4 10 19 28 33 34 31 28 26 26 30 38 48 60 71 81261126ZK1234 34999999999999999999999 715  31633 2599999999999999
 85 82 73 60 45 29 16  7  4  5 10 19 26 29 29 27 25 24 25 31 40 50 61 71261127ZK 0 4 851322 3099999999999999 818  417 4 2499999999999999
 80 83 79 71 59 44 29 18 10  7  7 12 19 24 26 26 24 23 23 26 32 40 49 59261128ZK 057 831412 2699999999999999 923  71734 2399999999999999
 68 75 78 74 67 56 43 30 20 14 11 11 15 20 24 25 25 24 23 24 27 33 39 46261129ZK 154 7815 7 25999999999999991029 1018 4 2399999999999999
 54 62 68 70 68 62 52 42 32 24 18 15 15 18 22 25 26 26 26 26 27 29 33 37261130ZK 255 709999999999999999999991131 15999999999999999999999
 42 48 54 60 62 60 55 48 40 32 26 22 19 20 22 26 29 30 31 30 30 30 31 322612 1ZK 4 3 629999999999999999999991225 19999999999999999999999
 34 36 41 46 51 53 52 49 44 38 32 28 25 23 24 27 31 34 36 37 36 35 33 312612 2ZK 521 5319 6 379999999999999913 4 23999999999999999999999
 30 30 31 34 38 42 45 46 44 40 36 32 28 27 27 29 33 38 42 44 44 42 39 352612 3ZK 645 461938 4499999999999999 057 291323 2799999999999999
 31 27 25 25 27 32 36 40 41 40 37 33 30 28 29 31 34 40 45 49 51 50 47 412612 4ZK 8 1 412011 5199999999999999 232 251326 2899999999999999
 35 29 24 21 20 23 27 32 36 38 37 34 31 29 28 30 34 40 46 53 57 58 55 492612 5ZK 9 2 382043 5899999999999999 340 201337 2899999999999999
 42 33 26 20 17 17 20 25 31 35 36 34 31 28 27 29 32 38 45 53 60 63 62 572612 6ZK 949 362117 6399999999999999 433 1614 2 2799999999999999
 49 40 30 22 16 14 15 19 25 31 34 34 32 29 26 26 29 35 43 51 59 65 67 632612 7ZK1030 352150 6799999999999999 515 141435 2699999999999999
 56 47 36 26 18 13 12 14 19 26 32 34 33 30 26 24 26 30 38 47 56 64 69 682612 8ZK11 7 342225 6999999999999999 553 121511 2499999999999999
 63 54 43 32 22 14 11 11 14 21 28 32 33 31 27 24 23 26 33 42 51 60 67 702612 9ZK1143 332259 7099999999999999 629 101547 2399999999999999
 67 60 50 38 27 18 12 10 11 16 22 29 32 31 28 24 22 22 27 35 45 55 63 69261210ZK1218 322334 7099999999999999 7 5 101621 2299999999999999
 69 64 56 45 33 23 15 11 10 12 18 24 29 30 28 25 22 20 23 29 39 48 58 65261211ZK1252 30999999999999999999999 742 101652 2099999999999999
 68 66 60 50 40 29 19 13 11 11 14 20 25 28 28 25 22 20 20 25 32 41 50 58261212ZK 0 9 681326 2899999999999999 821 111723 2099999999999999
 64 65 61 54 45 34 25 17 13 12 13 17 21 25 27 26 23 21 20 22 27 35 43 51261213ZK 044 6514 0 2799999999999999 9 0 121753 2099999999999999
 58 61 61 56 48 39 30 22 17 14 14 16 19 23 26 26 25 23 21 21 24 30 36 43261214ZK 120 621438 2699999999999999 940 141825 2199999999999999
 50 55 57 55 49 42 34 26 20 17 16 16 18 22 25 27 27 25 24 23 24 26 31 36261215ZK 159 571526 27999999999999991016 1619 9 2399999999999999
 42 47 51 52 49 44 37 30 24 20 18 18 19 21 25 27 29 29 28 27 26 26 28 31261216ZK 242 521630 29999999999999991048 182025 2699999999999999
 34 39 43 46 46 43 39 33 28 23 21 20 20 22 25 28 32 33 34 33 31 29 27 27261217ZK 335 461738 34999999999999991113 202239 2799999999999999
 28 30 34 37 40 41 39 35 31 27 24 22 22 23 26 29 34 37 39 40 38 34 31 27261218ZK 445 411832 40999999999999991138 22999999999999999999999
 25 24 25 27 31 34 36 35 33 30 27 24 23 24 26 30 35 40 45 47 46 43 37 31261219ZK 617 361917 4799999999999999 056 2412 8 2399999999999999
 25 20 18 18 20 24 29 32 33 32 29 27 25 25 26 30 35 41 48 53 55 53 48 39261220ZK 755 3320 1 5599999999999999 227 181244 2599999999999999
 30 21 15 11 11 13 18 24 29 31 31 29 27 25 25 28 33 40 48 56 62 63 59 51261221ZK 916 312046 6399999999999999 339 101324 2599999999999999
 41 29 17  9  4  4  7 13 21 27 30 29 27 25 24 25 29 36 44 54 64 70 70 65261222ZK1020 302135 7199999999999999 439  314 8 2499999999999999
 54 41 27 13  4 -1 -2  2 10 19 26 28 27 25 22 21 23 29 38 48 59 70 76 75261223ZK1110 282225 7799999999999999 535 -21454 2199999999999999
 68 56 41 24 10  0 -5 -5  0  9 18 24 26 24 21 19 18 22 29 39 50 63 74 79261224ZK1152 262316 8099999999999999 629 -61542 1899999999999999
 78 69 56 39 22  8 -2 -6 -5  0 10 19 24 24 21 18 15 15 20 28 39 51 64 75261225ZK1230 24999999999999999999999 720 -71630 1599999999999999
 80 77 67 54 37 20  7 -1 -5 -3  3 13 20 23 22 19 15 13 13 19 27 38 50 62261226ZK 0 7 8013 6 2399999999999999 810 -51719 1299999999999999
 72 76 72 63 50 34 19  8  1 -1  2  9 17 22 23 21 17 14 12 13 19 26 36 47261227ZK 057 761341 2399999999999999 858 -118 9 1299999999999999
 58 67 69 64 56 44 31 18 10  6  5  8 15 21 25 24 21 18 15 13 15 20 26 33261228ZK 147 691418 2599999999999999 941  519 2 1399999999999999
 43 52 58 59 55 47 38 27 19 14 12 12 16 21 26 28 27 24 21 18 17 18 21 25261229ZK 237 591459 28999999999999991017 1220 5 1799999999999999
 30 37 44 48 48 44 39 32 25 20 18 17 19 23 27 31 32 31 28 26 23 21 21 22261230ZK 328 481549 32999999999999991037 172140 2199999999999999
 23 26 30 35 37 36 34 31 27 23 21 21 23 25 29 33 36 37 36 34 32 29 26 24261231ZK 423 371656 37999999999999991024 21999999999999999999999
