 27 23 18 13  8  3  0 -2 -1  2  6 11 16 19 21 22 23 23 23 24 25 27 29 3126 1 1ZN2331 31999999999999999999999 713 -2999999999999999999999
 31 29 25 19 13  7  1 -3 -5 -4  0  5 11 16 20 22 23 24 24 24 25 26 28 3026 1 2ZN9999999999999999999999999999 810 -5999999999999999999999
 32 32 30 26 20 13  5 -1 -5 -6 -5 -1  5 11 17 20 22 23 23 23 23 24 25 2826 1 3ZN 032 32999999999999999999999 9 5 -6999999999999999999999
 31 33 33 31 26 19 12  4 -2 -6 -7 -5 -1  6 12 17 20 21 21 21 21 21 22 2326 1 4ZN 133 331731 2199999999999999 957 -720 6 2199999999999999
 27 30 32 32 30 25 18 10  3 -3 -6 -7 -5  1  7 13 17 19 20 19 18 18 18 1926 1 5ZN 231 331756 20999999999999991047 -721 9 1899999999999999
 21 25 28 31 30 28 23 16  9  2 -3 -6 -6 -3  3  9 13 17 18 18 17 16 15 1526 1 6ZN 326 311823 18999999999999991132 -62222 1599999999999999
 16 19 22 26 27 27 24 19 13  7  2 -2 -4 -3  0  6 11 14 16 17 16 15 13 1326 1 7ZN 418 281851 17999999999999991214 -42344 1299999999999999
 13 13 16 19 22 23 23 20 16 11  6  2  0 -1  1  4  9 13 15 16 16 15 13 1226 1 8ZN 5 9 231917 17999999999999991250 -1999999999999999999999
 11 10 11 13 16 18 19 18 16 13  9  6  4  3  3  5  9 12 15 16 17 16 14 1226 1 9ZN 6 4 191941 1799999999999999 057 101318  399999999999999
 10  9  8  9 10 12 14 14 14 13 11  9  7  7  7  8 10 13 15 17 18 17 15 1326 110ZN 710 1420 2 1899999999999999 2 6  81331  699999999999999
 11  9  8  7  7  8  9 10 11 11 11 10 10 10 10 11 12 14 16 18 19 19 17 1526 111ZN 851 112020 1999999999999999 319  71252 1099999999999999
 13 10  8  6  5  5  6  7  8 10 10 11 11 12 13 14 15 16 18 19 20 20 19 1826 112ZN2039 20999999999999999999999 436  5999999999999999999999
 15 13 10  7  5  4  4  4  6  7  9 11 12 13 15 16 17 18 19 20 21 22 21 2026 113ZN21 5 22999999999999999999999 545  4999999999999999999999
 18 15 12  9  6  4  3  2  3  5  8 10 12 14 16 17 18 19 20 21 22 23 23 2226 114ZN2147 23999999999999999999999 637  2999999999999999999999
 21 18 15 11  8  5  2  1  1  3  5  9 12 14 16 17 18 19 20 21 22 23 24 2426 115ZN2246 24999999999999999999999 719  1999999999999999999999
 23 21 18 15 10  6  3  0  0  1  3  6 10 13 15 17 18 19 19 20 21 22 23 2426 116ZN2349 24999999999999999999999 759  0999999999999999999999
 24 24 21 18 13  9  4  1 -1 -2  0  3  7 11 14 16 17 18 18 18 19 20 21 2326 117ZN9999999999999999999999999999 838 -2999999999999999999999
 24 25 23 21 17 12  6  1 -2 -4 -3 -1  3  8 12 14 16 16 16 16 16 17 19 2126 118ZN 045 25999999999999999999999 916 -4999999999999999999999
 23 24 25 23 19 14  9  3 -1 -4 -5 -4  0  4  9 12 14 15 15 14 14 14 15 1726 119ZN 134 251716 1599999999999999 954 -520 3 1499999999999999
 20 22 24 24 21 17 12  6  0 -4 -6 -6 -4  1  5 10 12 14 14 13 12 12 12 1326 120ZN 219 241732 14999999999999991030 -62050 1299999999999999
 16 19 22 23 22 19 14  8  2 -2 -6 -7 -6 -2  3  7 11 12 13 12 11 10  9 1026 121ZN 3 2 231750 139999999999999911 5 -72142  999999999999999
 12 15 18 21 21 20 16 11  5  0 -4 -6 -6 -4  0  5  9 12 12 12 10  8  7  726 122ZN 345 2118 7 13999999999999991137 -62243  799999999999999
  8 10 13 17 19 19 17 14  9  4  0 -3 -4 -3  0  4  9 11 13 13 11  9  7  526 123ZN 432 191823 139999999999999912 7 -42352  599999999999999
  5  6  8 11 15 16 16 15 11  7  4  1  0  0  1  5  9 12 14 14 13 10  7  526 124ZN 526 171839 14999999999999991231 -1999999999999999999999
  4  3  4  6  9 12 14 14 13 10  8  5  4  4  5  7 10 13 15 16 15 13 10  726 125ZN 635 141858 1699999999999999 1 0  31246  499999999999999
  4  2  1  2  4  7  9 11 12 12 10  9  8  8  9 10 12 15 17 18 18 17 14 1026 126ZN 813 121924 1999999999999999 2 9  11238  899999999999999
  6  3  1  0  0  1  4  6  9 10 11 11 11 12 12 13 15 17 19 20 21 20 18 1526 127ZN20 0 21999999999999999999999 325 -1999999999999999999999
 11  7  3  0 -2 -2 -1  1  4  7 10 12 13 14 15 16 17 18 20 21 22 23 22 2026 128ZN2053 23999999999999999999999 447 -2999999999999999999999
 16 12  7  3 -1 -4 -5 -4 -2  2  6  9 12 14 16 17 18 19 20 21 22 24 24 2426 129ZN22 6 24999999999999999999999 6 7 -5999999999999999999999
 21 18 13  8  3 -2 -5 -7 -6 -4  1  5 10 13 15 17 18 18 19 19 21 22 24 2526 130ZN2326 25999999999999999999999 714 -7999999999999999999999
 25 23 19 14  8  2 -3 -7 -9 -8 -5  0  6 10 13 16 17 17 17 17 18 19 21 2426 131ZN9999999999999999999999999999 812 -9999999999999999999999
 26 26 24 20 14  8  1 -5 -9-10 -9 -5  1  6 11 14 15 15 15 14 14 15 16 1926 2 1ZN 037 261635 1599999999999999 9 4-101927 1499999999999999
 23 25 26 24 19 13  6 -1 -6-10-11 -9 -4  2  8 11 13 14 13 12 11 11 12 1426 2 2ZN 139 261644 1499999999999999 950-112033 1199999999999999
 18 22 24 24 22 18 11  4 -2 -7-10-10 -7 -1  5  9 12 13 12 10  8  7  7  826 2 3ZN 234 2517 1 13999999999999991031-102137  799999999999999
 11 16 20 22 22 19 15  8  2 -3 -7 -9 -7 -3  2  7 11 12 12 10  8  6  5  526 2 4ZN 326 221722 129999999999999911 7 -92239  499999999999999
  6  9 14 17 19 19 16 11  6  1 -3 -5 -6 -3  1  6 10 12 12 11  8  5  4  226 2 5ZN 416 191743 12999999999999991139 -62336  299999999999999
  2  4  7 11 14 15 15 12  8  4  1 -1 -2 -1  2  6 10 12 13 12 10  7  4  226 2 6ZN 5 7 1518 2 139999999999999912 3 -2999999999999999999999
  1  1  3  6  9 11 12 11  9  6  4  2  2  2  4  7 10 13 14 14 12  9  6  326 2 7ZN 6 3 121818 1499999999999999 029  11214  299999999999999
  1  0  0  2  5  7  8  9  9  7  6  5  5  5  7  9 12 14 15 15 14 11  8  526 2 8ZN 711  91831 1599999999999999 122  01148  599999999999999
  3  1  0  0  1  3  5  6  7  7  7  7  8  8  9 11 13 15 16 16 16 14 11  826 2 9ZN1843 16999999999999999999999 219  0999999999999999999999
  5  3  1  0  0  1  2  4  5  6  7  8  9 10 11 13 14 16 17 18 17 16 14 1126 210ZN19 0 18999999999999999999999 326  0999999999999999999999
  8  5  3  1  0 -1  0  1  3  5  6  8  9 11 12 14 15 16 17 18 18 17 16 1426 211ZN1931 18999999999999999999999 446 -1999999999999999999999
 11  8  5  3  0 -1 -1 -1  0  2  5  7  9 11 13 14 15 16 17 18 18 18 18 1626 212ZN2032 18999999999999999999999 6 1 -1999999999999999999999
 14 11  8  5  2 -1 -2 -3 -2  0  2  5  8 10 12 13 14 15 15 16 17 18 18 1826 213ZN2213 18999999999999999999999 656 -3999999999999999999999
 17 14 11  8  4  0 -3 -4 -5 -3 -1  2  6  9 11 12 13 13 13 14 15 16 17 1826 214ZN2337 18999999999999999999999 742 -5999999999999999999999
 18 17 14 11  7  2 -2 -5 -6 -6 -4 -1  3  6  9 11 11 11 11 11 12 13 14 1626 215ZN9999999999999999999999999999 822 -7999999999999999999999
 18 18 17 14  9  5  0 -5 -8 -8 -7 -4  0  4  7  9 10 10  9  8  8  9 11 1326 216ZN 038 181616 1099999999999999 859 -81928  899999999999999
 16 18 18 16 12  7  2 -3 -7 -9-10 -7 -3  2  5  8  9  9  8  6  5  6  7  926 217ZN 129 181619  999999999999999 933-102018  599999999999999
 13 16 18 17 15 10  5 -1 -6 -9-10 -9 -6 -1  4  7  9  9  7  5  3  2  3  526 218ZN 215 181629  99999999999999910 6-1021 9  299999999999999
  8 12 16 17 16 13  8  3 -3 -7 -9 -9 -7 -2  3  7  9  9  8  5  2  0  0  026 219ZN 3 2 171640  9999999999999991037 -922 2  099999999999999
  3  7 12 15 16 14 11  6  1 -3 -6 -7 -6 -2  3  7 10 10  9  6  3  0 -2 -326 220ZN 352 161653 109999999999999911 6 -72256 -399999999999999
 -2  1  6 11 14 14 13 10  5  1 -1 -3 -3 -1  3  8 11 12 11  9  5  1 -2 -426 221ZN 447 1417 8 12999999999999991131 -32352 -599999999999999
 -5 -3  0  5  9 12 12 11  9  6  3  2  1  2  5  9 12 14 14 12  9  4  0 -326 222ZN 554 121728 14999999999999991147  1999999999999999999999
 -5 -6 -4 -1  3  7  9 10 10  8  7  6  6  6  8 11 14 16 17 16 13  9  4  026 223ZN 714 101753 1799999999999999 049 -61136  699999999999999
 -4 -6 -6 -5 -2  1  4  7  8  9  9  9  9 10 11 13 15 17 18 18 17 14  9  526 224ZN1826 18999999999999999999999 153 -6999999999999999999999
  1 -3 -5 -6 -6 -4 -1  2  5  7  8 10 11 12 13 14 16 17 18 19 19 17 14 1126 225ZN1913 19999999999999999999999 3 9 -7999999999999999999999
  6  2 -2 -5 -7 -7 -6 -3  0  3  6  8 10 12 13 15 15 16 17 18 19 19 18 1526 226ZN2028 19999999999999999999999 439 -7999999999999999999999
 12  8  3 -1 -5 -7 -8 -7 -5 -2  2  6  9 11 13 14 14 15 15 16 17 18 19 1926 227ZN22 9 19999999999999999999999 6 5 -8999999999999999999999
 17 13  9  4 -1 -5 -8 -9 -9 -6 -2  2  6  9 11 12 12 12 12 13 14 15 17 1926 228ZN2337 19999999999999999999999 712 -9999999999999999999999
 19 17 14 10  4 -1 -6 -9-10 -9 -6 -2  3  7  9 10 11 10  9  9  9 11 13 1626 3 1ZN1534 11999999999999999999999 8 6-1119 4  999999999999999
 18 19 17 14  9  3 -2 -7-10-11 -9 -5  0  5  8  9  9  8  7  6  5  6  8 1126 3 2ZN 046 191532 1099999999999999 850-1120 3  599999999999999
 15 18 18 17 13  8  2 -4 -8-10-10 -7 -2  3  7  9  9  8  6  3  2  1  2  526 3 3ZN 145 181543  999999999999999 929-102056  199999999999999
  9 14 16 17 15 11  6  0 -5 -8 -9 -8 -4  2  6  9  9  8  6  3  0 -1 -2  026 3 4ZN 239 171558  99999999999999910 3 -92146 -299999999999999
  3  8 13 15 15 13  9  4 -1 -4 -6 -6 -4  1  6  9 10 10  7  4  0 -2 -4 -426 3 5ZN 331 151614 10999999999999991032 -62232 -499999999999999
 -2  3  7 11 13 12 10  7  2 -1 -3 -3 -2  1  6  9 11 11  9  6  2 -2 -4 -526 3 6ZN 423 131630 11999999999999991055 -32315 -599999999999999
 -5 -2  2  7  9 11 10  8  5  3  1  0  1  3  7 10 12 13 11  8  4  0 -3 -526 3 7ZN 517 111644 139999999999999911 8  02357 -699999999999999
 -6 -5 -1  2  6  8  9  9  7  5  4  4  4  6  8 11 13 14 13 11  7  3 -1 -326 3 8ZN 615  91657 14999999999999991055  4999999999999999999999
 -5 -5 -4 -1  2  5  7  8  7  7  6  6  7  8 10 12 14 15 15 13 10  6  2 -126 3 9ZN 722  817 8 1599999999999999 040 -51016  699999999999999
 -3 -4 -4 -3  0  2  4  6  7  7  7  8  9 10 11 13 15 16 16 15 12  9  6  226 310ZN1722 16999999999999999999999 126 -5999999999999999999999
  0 -2 -4 -3 -2 -1  1  3  5  6  7  8  9 11 12 14 15 16 16 15 14 12  9  626 311ZN1743 16999999999999999999999 223 -4999999999999999999999
  3  0 -2 -3 -3 -2 -1  0  2  4  6  8  9 11 12 13 14 15 15 15 15 13 11  926 312ZN1817 15999999999999999999999 338 -3999999999999999999999
  6  3  0 -2 -3 -4 -3 -2 -1  2  4  6  8 10 11 12 13 13 14 14 14 14 13 1126 313ZN1925 14999999999999999999999 5 8 -4999999999999999999999
  9  6  3  0 -2 -4 -5 -5 -3 -1  1  4  6  8 10 10 11 11 11 12 12 13 13 1226 314ZN2145 13999999999999999999999 618 -5999999999999999999999
 11  9  6  3 -1 -4 -6 -7 -6 -4 -1  2  5  7  8  9  9  9  9  9 10 11 12 1326 315ZN2321 13999999999999999999999 7 8 -7999999999999999999999
 12 11  8  5  1 -2 -6 -8 -8 -7 -4 -1  3  5  7  8  7  7  6  6  6  7  9 1126 316ZN15 7  8999999999999999999999 748 -81853  599999999999999
 13 13 11  8  4  0 -4 -7 -9 -9 -7 -3  1  5  6  7  6  5  3  2  2  3  5  826 317ZN 027 1315 0  799999999999999 823 -91941  299999999999999
 11 13 13 11  8  3 -2 -6 -8 -9 -8 -4  0  4  6  7  7  5  2  0 -1 -1  0  426 318ZN 122 1315 2  799999999999999 857 -92026 -299999999999999
  8 12 14 13 11  7  2 -2 -6 -7 -7 -5  0  4  7  8  8  6  2 -1 -4 -5 -4 -226 319ZN 216 1415 9  999999999999999 928 -82113 -599999999999999
  3  8 12 14 13 11  7  2 -2 -4 -5 -4  0  5  9 10 10  8  4  0 -5 -7 -8 -726 320ZN 312 141522 1199999999999999 959 -522 1 -899999999999999
 -3  3  8 12 13 13 10  7  3  0 -1 -1  1  5 10 13 13 11  8  3 -3 -7 -9-1026 321ZN 413 141541 13999999999999991027 -12251-1099999999999999
 -8 -4  2  8 11 13 12 10  7  5  4  3  4  7 11 14 16 15 12  7  1 -4 -8-1126 322ZN 520 1316 5 16999999999999991049  32343-1199999999999999
-11 -9 -4  2  7 10 12 12 10  8  7  7  8  9 12 16 18 18 16 12  7  1 -4 -826 323ZN 631 121633 18999999999999991046  7999999999999999999999
-11-11 -9 -4  1  5  8 10 11 10 10 10 11 12 13 16 18 19 19 16 12  7  2 -326 324ZN 756 1117 8 1999999999999999 039-1110 7 1099999999999999
 -7 -9-10 -8 -5 -1  3  6  8 10 10 11 12 13 14 16 17 19 19 18 16 12  8  326 325ZN1752 19999999999999999999999 143-10999999999999999999999
 -2 -5 -8 -9 -8 -6 -2  1  4  7  9 10 12 13 14 15 16 17 18 18 18 16 13  926 326ZN1856 18999999999999999999999 3 0 -9999999999999999999999
  5  0 -3 -6 -8 -8 -6 -4  0  3  6  8 10 12 13 13 14 14 15 16 16 16 15 1326 327ZN2035 16999999999999999999999 429 -8999999999999999999999
 10  6  2 -2 -5 -7 -8 -7 -4 -1  3  6  8 10 11 11 11 11 11 11 13 14 15 1526 328ZN2222 15999999999999999999999 550 -8999999999999999999999
 13 11  7  3 -1 -5 -7 -8 -7 -4  0  4  7  9  9  9  9  8  7  7  8 10 12 1426 329ZN1420 102348 1499999999999999 652 -81834  799999999999999
 14 13 11  7  3 -1 -5 -7 -7 -6 -2  2  6  8  9  8  7  5  4  3  3  5  7 1126 330ZN1414  9999999999999999999999 740 -71927  399999999999999
 13 14 13 10  7  2 -2 -5 -6 -6 -3  1  5  8  9  9  7  4  2  0 -1  0  2  626 331ZN 056 141420  999999999999999 819 -62014 -199999999999999
 10 12 13 12 10  6  2 -2 -4 -4 -3  0  5  8 10 10  8  5  2 -1 -3 -4 -3  126 4 1ZN 156 131431 1099999999999999 852 -42056 -499999999999999
  5  9 12 13 11  9  5  2 -1 -2 -2  1  5  9 11 11 10  7  3 -1 -4 -6 -6 -426 4 2ZN 252 131445 1199999999999999 920 -22135 -699999999999999
  1  5  9 12 12 11  8  5  3  1  1  2  6  9 12 13 12 10  5  1 -3 -6 -7 -726 4 3ZN 346 1215 0 1399999999999999 943  12213 -799999999999999
 -3  1  6  9 11 12 10  8  6  5  4  5  7 10 13 15 14 12  8  4 -1 -5 -7 -826 4 4ZN 439 121517 1599999999999999 956  42248 -899999999999999
 -6 -2  3  7 10 11 11 10  8  7  7  7  9 11 14 16 16 15 11  7  2 -3 -6 -726 4 5ZN 532 111533 1699999999999999 951  72325 -799999999999999
 -7 -5 -1  4  7 10 11 11 10  9  9 10 11 13 15 17 17 16 14 10  5  1 -3 -526 4 6ZN 627 111549 1799999999999999 932  9999999999999999999999
 -6 -6 -3  1  4  7  9 10 10 10 10 11 12 13 15 17 18 17 16 13  9  4  0 -326 4 7ZN16 7 18999999999999999999999 0 3 -6999999999999999999999
 -5 -5 -4 -1  1  4  7  9 10 10 11 12 13 14 15 17 18 18 17 15 11  7  3  026 4 8ZN1628 18999999999999999999999 047 -5999999999999999999999
 -2 -4 -4 -3 -1  1  4  6  8  9 10 11 12 13 14 16 17 17 16 15 13 10  6  326 4 9ZN1655 17999999999999999999999 138 -4999999999999999999999
  0 -2 -3 -3 -3 -1  1  3  5  7  9 10 11 12 13 14 15 15 15 15 13 11  9  626 410ZN1732 15999999999999999999999 243 -3999999999999999999999
  3  1 -1 -3 -3 -3 -2  0  2  5  7  8 10 11 12 12 12 13 13 13 13 12 10  826 411ZN1848 13999999999999999999999 4 2 -3999999999999999999999
  6  3  1 -2 -3 -4 -4 -2  0  2  5  7  9 10 10 10 10 10 10 10 11 11 11 1026 412ZN2116 11999999999999999999999 514 -4999999999999999999999
  8  6  3  0 -2 -4 -4 -4 -2  0  3  6  8  9  9  8  8  7  7  7  8  9 10 1126 413ZN1345  923 1 1199999999999999 6 7 -418 8  799999999999999
 10  9  6  3  0 -2 -4 -4 -3 -1  2  5  8  9  9  8  6  4  3  3  4  5  8 1026 414ZN1328  9999999999999999999999 651 -41852  399999999999999
 11 11 10  7  4  1 -2 -3 -3 -1  2  5  8 10  9  8  6  3  1 -1 -1  1  4  826 415ZN 017 121326 1099999999999999 729 -31933 -199999999999999
 11 13 12 11  8  5  2  0 -1 -1  2  6  9 11 12 10  7  3 -1 -3 -5 -4 -2  326 416ZN 124 131334 1299999999999999 8 4 -12016 -599999999999999
  8 12 14 14 12  9  6  4  2  2  3  7 11 14 15 13 10  6  0 -4 -7 -8 -7 -326 417ZN 230 141351 1599999999999999 839  221 2 -899999999999999
  3  9 13 15 15 14 11  8  6  6  6  8 12 16 18 17 15 10  4 -2 -7-10-11 -926 418ZN 337 151416 1899999999999999 910  62150-1199999999999999
 -4  3  9 13 16 16 15 12 10 10 10 11 13 17 20 21 19 15 10  3 -4 -9-11-1226 419ZN 443 161446 2199999999999999 935  92241-1299999999999999
 -9 -4  3  9 13 16 16 15 14 13 13 13 15 18 21 23 23 20 16  9  2 -4 -9-1226 420ZN 549 161521 2399999999999999 943 132334-1299999999999999
-12 -9 -3  3  8 12 15 16 15 15 15 15 16 18 21 23 24 23 20 15  9  2 -3 -826 421ZN 7 2 1616 1 2499999999999999 924 15999999999999999999999
-10-10 -8 -3  2  7 11 13 14 15 15 16 17 18 19 21 23 24 23 20 15  9  3 -226 422ZN1650 24999999999999999999999 032-11999999999999999999999
 -6 -8 -9 -6 -3  2  6  9 12 13 14 15 16 17 17 19 20 22 22 21 19 15 10  526 423ZN1750 22999999999999999999999 136 -9999999999999999999999
  0 -4 -6 -7 -5 -2  1  5  8 11 12 14 15 15 15 16 16 18 19 19 19 17 14 1026 424ZN19 8 19999999999999999999999 249 -7999999999999999999999
  6  2 -1 -4 -5 -4 -2  1  5  8 10 12 13 13 13 13 13 13 14 15 16 16 16 1426 425ZN1314 132046 1699999999999999 4 5 -516 3 1399999999999999
 11  7  4  0 -2 -3 -3 -1  2  6  9 11 12 12 12 11 10  9  9 10 11 13 14 1426 426ZN1249 122231 1499999999999999 513 -31734  999999999999999
 13 11  8  5  2  0 -1 -1  1  5  8 10 12 12 11 10  8  6  5  5  6  8 11 1326 427ZN1246 12999999999999999999999 6 8 -11835  599999999999999
 13 13 11  8  6  3  2  1  2  4  8 11 12 13 12 10  8  5  3  2  2  4  7 1026 428ZN 0 0 131251 1399999999999999 652  11923  299999999999999
 12 13 13 11  9  7  5  4  4  5  8 11 14 14 14 12  8  5  2  0 -1  0  2  626 429ZN 115 1313 2 1499999999999999 727  420 5 -199999999999999
 10 12 13 13 12 10  8  7  6  7  9 12 15 16 16 14 11  6  2 -1 -3 -3 -1  226 430ZN 220 131316 1699999999999999 755  62042 -399999999999999
  7 11 13 14 14 13 11 10  9  9 11 13 16 18 18 17 13  9  4  0 -3 -4 -4 -126 5 1ZN 317 141334 1899999999999999 814  92116 -499999999999999
  4  8 12 14 15 15 14 12 12 12 13 15 17 20 20 19 17 12  7  2 -2 -4 -5 -326 5 2ZN 4 9 151354 2099999999999999 823 122148 -599999999999999
  1  6 10 14 16 16 16 15 14 14 15 16 18 21 22 21 19 16 11  5  1 -3 -4 -426 5 3ZN 457 161416 2299999999999999 827 142222 -499999999999999
 -1  3  8 12 15 16 17 16 16 16 16 17 19 21 23 23 22 19 14  9  4  0 -3 -426 5 4ZN 545 171439 2399999999999999 831 162258 -499999999999999
 -3  1  5  9 13 15 17 17 16 16 17 18 19 21 23 24 23 21 17 13  7  3 -1 -326 5 5ZN15 5 249999999999999999999992338 -3999999999999999999999
 -3 -1  2  6 10 13 15 16 16 16 17 18 19 20 22 23 23 22 19 16 11  6  2 -126 5 6ZN1534 239999999999999999999999999999999999999999999999999
 -2 -2  0  3  7 10 12 14 15 16 16 17 18 19 20 21 22 22 20 17 14  9  5  226 5 7ZN16 6 22999999999999999999999 021 -2999999999999999999999
  0 -1 -1  1  4  7  9 12 13 14 15 16 17 17 18 19 20 20 20 18 15 12  8  526 5 8ZN1644 20999999999999999999999 1 9 -1999999999999999999999
  2  0 -1  0  2  4  7  9 11 13 14 15 15 16 16 17 17 18 18 17 16 13 10  726 5 9ZN1734 18999999999999999999999 2 2 -1999999999999999999999
  4  2  1  0  1  2  4  7  9 11 13 14 14 14 14 14 15 15 15 16 15 14 12 1026 510ZN1858 16999999999999999999999 259  0999999999999999999999
  7  5  3  1  1  2  3  6  8 11 12 13 14 13 13 12 12 12 12 13 14 14 13 1226 511ZN12 1 142057 1499999999999999 355  11644 1299999999999999
 10  8  6  4  3  2  3  5  8 10 13 14 14 13 12 11  9  8  8  9 10 12 13 1426 512ZN1143 142248 1499999999999999 445  21741  899999999999999
 13 12  9  7  6  5  5  6  8 11 14 15 16 15 13 10  8  6  4  5  6  9 12 1426 513ZN1144 16999999999999999999999 531  51827  499999999999999
 15 15 14 12 10  8  8  8 10 12 15 18 18 17 15 12  8  4  2  1  1  4  8 1226 514ZN 021 151158 1899999999999999 614  81912  099999999999999
 15 17 17 16 15 13 12 11 12 14 17 20 22 21 19 15 10  5  1 -2 -3 -2  2  726 515ZN 143 171221 2299999999999999 653 111959 -399999999999999
 13 17 19 20 19 18 16 15 15 16 19 22 25 25 24 20 15  9  3 -2 -5 -6 -4  126 516ZN 258 201252 2599999999999999 729 152048 -699999999999999
  8 14 18 21 22 21 20 19 19 19 20 23 26 28 28 26 21 15  8  1 -4 -7 -8 -526 517ZN 4 5 221329 2999999999999999 758 192140 -899999999999999
  1  8 14 19 22 23 22 21 21 21 22 23 26 29 31 30 27 22 15  7  0 -5 -8 -826 518ZN 5 8 231412 3199999999999999 819 212233 -899999999999999
 -5  1  8 14 19 22 23 22 22 22 22 23 25 28 31 32 31 28 22 15  7  1 -4 -726 519ZN 613 2315 1 3299999999999999 832 222329 -799999999999999
 -7 -4  2  8 14 18 21 22 22 22 22 23 24 26 29 31 32 30 27 22 15  8  2 -326 520ZN1555 329999999999999999999999999999999999999999999999999
 -5 -5 -2  3  8 13 17 19 20 21 21 21 22 23 25 27 29 30 29 25 21 15  9  326 521ZN1654 30999999999999999999999 027 -6999999999999999999999
 -1 -3 -3  0  4  9 13 16 18 19 19 20 20 20 21 22 24 26 27 26 23 19 14  926 522ZN18 0 27999999999999999999999 126 -3999999999999999999999
  5  2  0  0  2  6 10 13 16 18 18 18 18 18 18 18 19 20 22 23 22 21 18 1426 523ZN1050 181915 2399999999999999 226  01419 1899999999999999
 10  7  4  3  3  5  8 11 14 17 18 18 18 17 16 15 14 15 16 18 19 19 18 1726 524ZN1050 182049 1999999999999999 324  31557 1499999999999999
 14 12  9  7  6  6  8 11 14 16 18 18 18 17 15 13 12 11 11 12 14 16 17 1726 525ZN11 2 182239 1799999999999999 416  61717 1199999999999999
 16 15 13 11 10  9 10 12 14 17 19 20 19 18 16 13 11  9  8  8 10 12 14 1626 526ZN1116 20999999999999999999999 5 0  91819  899999999999999
 17 17 16 15 14 13 13 14 16 18 20 21 21 20 18 15 11  8  6  5  6  8 11 1426 527ZN 025 171131 2299999999999999 533 1319 7  599999999999999
 16 17 18 17 17 16 16 17 18 20 22 23 24 23 20 17 13  9  6  4  4  5  8 1226 528ZN 158 181148 2499999999999999 553 161946  499999999999999
 15 17 19 20 19 19 19 19 20 21 23 25 26 25 23 20 16 12  8  5  3  4  6  926 529ZN 312 2012 9 2699999999999999 6 0 192020  399999999999999
 13 17 20 21 21 21 21 21 22 23 24 26 28 28 26 23 19 14 10  6  3  3  4  726 530ZN1234 289999999999999999999992053  3999999999999999999999
 12 16 19 22 23 23 23 23 23 24 25 27 29 30 29 27 23 18 13  8  5  3  3  526 531ZN13 4 309999999999999999999992126  3999999999999999999999
  9 14 18 21 23 24 24 24 24 24 25 27 29 30 31 29 26 22 16 11  7  4  3  426 6 1ZN1337 3199999999999999999999922 2  3999999999999999999999
  7 11 16 19 22 24 24 24 24 24 25 26 28 30 31 31 29 25 20 15 10  6  3  326 6 2ZN1414 319999999999999999999992241  3999999999999999999999
  5  8 13 17 20 22 23 24 23 24 24 25 27 29 30 31 30 27 23 18 13  8  5  326 6 3ZN1452 319999999999999999999992322  3999999999999999999999
  3  6  9 14 17 20 22 23 23 23 23 24 25 27 28 30 30 28 25 21 16 11  7  426 6 4ZN1531 309999999999999999999999999999999999999999999999999
  3  4  7 10 14 17 20 21 22 22 22 22 23 24 26 27 28 28 26 23 18 14 10  626 6 5ZN1611 28999999999999999999999 0 4  3999999999999999999999
  5  4  5  8 12 15 18 19 20 21 21 21 21 22 23 24 25 26 25 23 20 16 12  926 6 6ZN1655 26999999999999999999999 045  4999999999999999999999
  7  5  5  7 10 13 16 18 20 20 20 20 20 20 20 21 22 23 24 23 21 18 15 1226 6 7ZN1750 24999999999999999999999 126  5999999999999999999999
  9  8  7  7  9 12 15 18 19 20 20 20 19 19 18 18 19 20 21 21 21 20 18 1526 6 8ZN 937 2019 6 2199999999999999 2 5  71436 1899999999999999
 13 11 10  9 10 12 15 18 20 21 21 21 19 18 17 16 15 16 17 19 20 20 19 1826 6 9ZN 945 212054 2099999999999999 241  91557 1599999999999999
 16 15 13 13 13 14 16 19 21 23 24 23 21 19 16 14 13 12 13 14 17 19 20 2126 610ZN 957 242256 2199999999999999 316 1317 0 1299999999999999
 20 19 18 17 17 17 19 21 23 25 26 26 24 21 18 14 11  9  9 10 12 15 19 2126 611ZN1017 26999999999999999999999 352 171757  999999999999999
 23 23 22 22 21 21 22 23 25 28 29 30 29 26 22 17 12  9  6  5  7 10 15 1926 612ZN 049 231047 3099999999999999 430 211851  599999999999999
 23 25 26 26 25 25 25 26 27 29 32 33 33 31 27 22 16 10  6  3  3  5  9 1526 613ZN 226 261126 3499999999999999 512 251945  399999999999999
 20 24 27 28 28 28 28 28 29 30 33 35 37 36 33 28 22 15  9  4  1  1  3  826 614ZN1213 379999999999999999999992039  0999999999999999999999
 15 21 25 28 30 30 30 29 30 31 33 35 38 39 38 35 29 22 15  8  3  0  0  326 615ZN13 6 399999999999999999999992134 -1999999999999999999999
  8 15 21 26 29 30 30 30 30 30 31 33 36 39 40 39 36 30 23 15  8  2 -1  026 616ZN14 3 409999999999999999999992229 -1999999999999999999999
  3  9 15 21 26 28 29 29 29 29 29 31 33 36 39 40 39 35 30 22 14  8  3  026 617ZN15 1 409999999999999999999992324  0999999999999999999999
  1  4 10 16 21 25 27 28 27 27 27 28 29 31 35 38 39 37 34 28 21 14  9  426 618ZN 653 2816 0 3999999999999999 916 27999999999999999999999
  2  3  6 12 17 22 25 26 26 26 25 25 25 26 29 32 35 36 35 31 26 20 15 1026 619ZN 730 261659 3699999999999999 016  21052 2599999999999999
  6  5  6 10 14 19 22 25 25 25 24 23 23 23 24 26 28 31 32 31 28 24 20 1526 620ZN 8 5 2518 2 3299999999999999 1 6  51244 2399999999999999
 12  9  9 10 13 17 21 24 25 25 24 23 22 21 20 21 22 25 26 27 27 25 23 2026 621ZN 836 251915 2799999999999999 151  914 9 2099999999999999
 17 14 13 13 15 18 21 23 25 26 25 24 22 21 19 18 18 19 21 22 24 24 23 2226 622ZN 9 3 262050 2499999999999999 231 131529 1899999999999999
 20 19 18 17 18 19 22 24 26 27 27 26 24 22 19 17 16 15 16 18 20 21 22 2326 623ZN 927 2723 1 2399999999999999 3 2 171646 1599999999999999
 22 22 21 21 21 22 24 26 28 29 29 29 27 24 21 18 16 14 14 14 16 18 20 2226 624ZN 949 29999999999999999999999 312 211752 1499999999999999
 23 24 24 24 25 25 26 28 29 31 31 31 30 27 24 20 17 14 13 13 14 16 19 2126 625ZN1011 319999999999999999999991842 12999999999999999999999
 24 25 26 27 27 28 29 30 31 32 33 33 32 30 27 23 19 16 13 12 12 14 17 2026 626ZN1038 339999999999999999999991923 12999999999999999999999
 23 26 27 28 29 30 30 31 32 33 35 35 35 33 30 27 22 18 15 12 12 12 15 1826 627ZN1112 359999999999999999999991959 12999999999999999999999
 22 25 28 29 30 31 31 32 33 34 35 36 37 36 34 30 26 21 17 13 11 11 13 1626 628ZN1153 379999999999999999999992034 11999999999999999999999
 20 24 27 30 31 31 31 31 32 33 35 36 38 38 36 34 30 25 20 15 12 11 11 1426 629ZN1239 389999999999999999999992111 11999999999999999999999
 18 22 26 29 30 31 31 31 31 32 33 35 37 38 38 36 33 28 23 18 13 11 10 1126 630ZN1326 389999999999999999999992150 10999999999999999999999
 15 19 23 27 29 30 30 30 30 30 31 33 35 37 38 38 35 31 26 21 16 12 10 1026 7 1ZN1410 389999999999999999999992230 10999999999999999999999
 12 16 20 24 27 29 29 29 29 29 29 31 33 35 37 37 36 33 29 24 18 14 11  926 7 2ZN 6 1 291452 3799999999999999 823 2923 8  999999999999999
 10 13 17 21 25 27 28 28 28 27 27 28 30 32 34 36 36 34 31 26 21 16 12 1026 7 3ZN 628 281533 3699999999999999 9 7 272345 1099999999999999
 10 11 15 19 23 25 27 27 27 26 26 26 27 28 31 33 34 34 32 28 24 19 15 1226 7 4ZN 654 271615 349999999999999910 1 26999999999999999999999
 11 11 13 17 21 24 26 27 27 26 25 25 25 25 27 29 31 32 31 29 26 22 18 1526 7 5ZN 717 2717 1 3299999999999999 019 111117 2599999999999999
 13 13 14 17 20 24 26 27 27 27 25 24 23 23 24 25 27 29 30 29 27 25 21 1926 7 6ZN 736 281758 3099999999999999 049 131250 2399999999999999
 17 16 16 18 21 24 27 28 29 28 26 25 23 22 21 22 23 25 27 28 28 27 25 2326 7 7ZN 751 291919 2899999999999999 115 1614 6 2199999999999999
 21 20 20 21 23 26 28 30 31 31 29 27 24 22 20 19 19 21 23 25 27 27 27 2626 7 8ZN 8 9 312114 2799999999999999 134 201516 1999999999999999
 25 24 24 25 26 28 30 32 34 34 33 30 27 23 20 18 17 17 18 21 24 26 28 2826 7 9ZN 833 34999999999999999999999 144 241626 1799999999999999
 29 28 28 29 30 31 32 34 36 37 37 35 31 27 23 19 16 14 14 16 19 22 26 2926 710ZN 9 8 379999999999999999999991734 14999999999999999999999
 30 31 32 32 33 33 35 36 38 40 40 39 37 33 28 23 18 14 12 12 14 17 22 2626 711ZN 956 409999999999999999999991838 12999999999999999999999
 30 32 34 34 35 35 36 37 39 41 42 43 42 39 34 28 22 17 12 10  9 12 16 2126 712ZN1055 439999999999999999999991939  9999999999999999999999
 26 31 33 35 36 36 36 37 38 40 42 44 45 44 41 36 29 22 16 11  8  8 10 1526 713ZN12 1 459999999999999999999992036  8999999999999999999999
 21 27 31 34 35 36 36 36 36 37 39 42 45 46 45 42 36 29 22 15 10  7  7 1026 714ZN13 6 469999999999999999999992131  7999999999999999999999
 16 22 28 31 34 35 34 34 34 34 36 38 42 45 47 46 42 36 29 21 14 10  7  726 715ZN 5 6 3514 7 4799999999999999 733 342223  799999999999999
 11 17 23 28 31 33 33 32 31 31 32 33 36 40 44 46 44 41 35 28 20 14 10  826 716ZN 528 3315 5 4699999999999999 839 312311  899999999999999
  9 13 19 25 29 31 32 31 30 29 28 29 31 34 38 42 43 42 38 33 26 20 15 1226 717ZN 554 3216 2 4399999999999999 956 282354 1199999999999999
 11 12 17 22 27 30 31 31 30 28 27 26 26 28 31 35 38 39 38 35 30 25 20 1726 718ZN 620 321659 39999999999999991121 26999999999999999999999
 14 14 17 21 26 29 31 32 31 29 26 25 24 24 25 29 32 34 35 34 32 28 25 2226 719ZN 647 3218 1 3599999999999999 033 141235 2499999999999999
 19 18 19 22 26 29 32 33 32 30 28 26 24 23 22 24 26 29 31 31 31 30 27 2526 720ZN 713 331916 3199999999999999 1 6 181342 2299999999999999
 24 23 23 25 27 30 32 34 34 33 30 28 25 23 22 21 22 24 26 28 29 29 29 2826 721ZN 736 342056 2999999999999999 129 231450 2199999999999999
 27 27 27 28 30 32 34 35 36 35 33 31 28 25 23 21 20 21 22 24 26 27 29 2926 722ZN 758 36999999999999999999999 114 2716 3 2099999999999999
 30 30 31 31 32 34 35 37 37 37 36 34 31 28 25 23 21 20 20 21 23 25 28 2926 723ZN 820 379999999999999999999991714 20999999999999999999999
 31 32 33 34 35 36 37 38 39 39 38 37 34 31 28 25 22 20 19 20 21 23 26 2926 724ZN 849 399999999999999999999991813 19999999999999999999999
 31 33 34 35 36 37 38 39 40 40 40 39 38 35 32 28 25 22 20 19 20 22 24 2826 725ZN 933 4099999999999999999999919 0 19999999999999999999999
 31 33 35 36 37 37 38 39 40 41 41 41 40 38 35 31 27 24 21 19 18 20 22 2626 726ZN1034 419999999999999999999991941 18999999999999999999999
 29 32 34 35 36 37 37 38 39 40 41 42 42 41 38 35 31 26 22 19 18 18 20 2326 727ZN1138 429999999999999999999992021 17999999999999999999999
 27 30 33 35 36 36 36 36 37 38 39 41 42 42 41 38 34 29 24 20 17 16 17 2026 728ZN1234 4299999999999999999999921 0 16999999999999999999999
 24 28 31 33 34 35 34 34 34 35 37 39 41 42 42 40 37 32 27 22 18 16 15 1726 729ZN 441 351323 4399999999999999 7 1 342137 1599999999999999
 21 25 29 32 33 34 33 32 32 33 34 36 39 41 42 41 39 35 29 24 19 16 14 1526 730ZN 450 3414 8 4299999999999999 750 322213 1499999999999999
 18 22 27 30 32 33 32 31 30 30 31 32 35 38 41 41 40 37 32 27 21 17 15 1426 731ZN 5 6 331449 4199999999999999 837 302246 1499999999999999
 16 20 24 28 31 32 32 31 29 28 28 29 31 34 38 40 40 38 34 29 24 20 17 1626 8 1ZN 523 321531 4099999999999999 928 282317 1599999999999999
 16 19 23 27 30 32 32 31 29 27 27 27 28 30 33 37 38 38 36 32 28 23 20 1826 8 2ZN 540 321616 38999999999999991027 262345 1899999999999999
 18 19 23 27 30 32 33 32 30 28 26 25 25 26 29 32 35 36 36 34 31 27 24 2226 8 3ZN 555 3317 9 36999999999999991133 25999999999999999999999
 21 22 24 28 31 34 35 34 32 29 27 25 24 23 25 28 31 33 35 34 33 30 28 2626 8 4ZN 6 9 351817 3599999999999999 0 8 211237 2399999999999999
 25 25 27 29 33 35 37 37 35 32 29 26 24 22 22 23 26 29 32 33 33 33 31 3026 8 5ZN 626 371951 3399999999999999 021 251340 2299999999999999
 30 30 30 32 34 37 39 39 38 36 33 29 26 23 21 21 22 24 27 30 32 33 33 3326 8 6ZN 651 39999999999999999999999 014 301449 2199999999999999
 33 33 34 35 37 39 41 42 42 40 37 34 30 26 23 20 20 20 22 25 28 31 33 3426 8 7ZN 727 4299999999999999999999916 6 20999999999999999999999
 35 36 37 38 39 40 42 43 44 44 42 39 35 31 26 22 20 18 18 20 23 27 30 3326 8 8ZN 818 449999999999999999999991725 18999999999999999999999
 35 37 38 39 40 41 42 43 44 45 45 44 41 37 32 27 22 18 16 16 18 21 26 3026 8 9ZN 931 459999999999999999999991837 16999999999999999999999
 34 36 38 39 40 40 41 42 43 45 46 47 46 43 38 33 27 22 17 15 14 16 20 2526 810ZN1053 479999999999999999999991939 14999999999999999999999
 30 34 37 38 38 38 39 39 40 42 44 47 48 47 44 39 33 27 21 16 13 13 16 2126 811ZN12 8 489999999999999999999992034 13999999999999999999999
 26 31 34 36 37 37 36 36 36 38 40 43 47 48 48 45 39 33 26 19 15 13 13 1626 812ZN 4 1 371313 4899999999999999 652 362123 1299999999999999
 22 28 32 35 36 35 34 33 32 33 34 38 42 46 48 47 44 38 31 24 19 15 13 1426 813ZN 411 361411 4899999999999999 757 3222 7 1399999999999999
 19 25 30 33 35 35 33 31 30 29 30 31 35 40 44 46 45 42 36 30 24 19 16 1526 814ZN 428 3515 7 4699999999999999 9 4 292246 1599999999999999
 18 22 28 32 35 35 34 31 29 27 26 27 29 33 38 42 43 42 39 34 28 24 20 1926 815ZN 449 3516 3 43999999999999991012 262321 1899999999999999
 19 22 27 32 35 36 35 33 30 27 25 24 25 27 32 36 39 40 39 36 32 28 25 2326 816ZN 511 3617 2 40999999999999991114 242351 2299999999999999
 23 24 28 32 35 37 37 35 32 28 26 24 23 23 26 30 34 36 37 36 34 31 29 2826 817ZN 532 3718 6 37999999999999991211 23999999999999999999999
 27 27 29 33 36 38 38 37 35 31 28 25 23 22 23 26 29 31 33 34 34 33 32 3126 818ZN 552 381922 3499999999999999 011 2713 7 222356 319999999
 31 31 32 35 37 39 40 39 37 35 31 28 26 24 23 23 25 27 30 31 33 33 33 3326 819ZN 6 9 4099999999999999999999914 4 23999999999999999999999
 34 34 35 37 39 40 41 41 40 38 35 31 28 26 24 23 24 25 27 29 31 32 33 3426 820ZN 624 4199999999999999999999915 9 23999999999999999999999
 35 36 37 39 40 41 42 42 41 40 38 35 32 29 27 25 24 24 25 26 28 30 33 3426 821ZN 644 429999999999999999999991626 24999999999999999999999
 36 37 38 39 40 41 42 42 42 42 40 38 35 32 29 27 25 23 23 24 26 28 31 3326 822ZN 720 429999999999999999999991739 23999999999999999999999
 35 37 38 39 40 41 41 42 42 42 42 40 38 36 33 29 26 24 23 23 24 26 29 3226 823ZN 835 429999999999999999999991836 22999999999999999999999
 34 36 38 38 39 39 40 40 41 42 42 42 41 39 36 32 28 25 23 21 21 23 26 2926 824ZN1015 429999999999999999999991922 21999999999999999999999
 32 35 36 37 38 37 38 38 39 40 41 42 42 41 38 35 31 27 23 21 20 21 23 2626 825ZN1131 4299999999999999999999920 2 20999999999999999999999
 30 33 35 36 36 36 35 35 36 37 39 41 42 42 41 38 34 29 24 21 19 19 20 2326 826ZN 341 361228 4299999999999999 624 352038 1899999999999999
 27 31 33 35 35 34 33 33 33 34 36 38 41 42 42 40 36 31 26 22 19 18 18 2126 827ZN 339 351316 4299999999999999 714 332112 1899999999999999
 25 29 32 34 34 33 32 30 30 30 32 35 38 41 42 41 38 34 29 24 20 18 18 1926 828ZN 346 3414 1 4299999999999999 8 1 302143 1899999999999999
 23 28 31 33 34 33 31 29 28 27 28 30 34 38 41 41 40 37 32 27 23 20 19 1926 829ZN 356 341446 4199999999999999 849 272212 1999999999999999
 22 27 31 34 35 34 32 29 27 25 25 26 29 34 38 40 40 39 35 31 26 23 21 2126 830ZN 4 6 351533 4099999999999999 939 252240 2199999999999999
 23 27 31 35 36 36 34 31 27 24 23 23 25 28 33 37 39 39 37 34 30 27 25 2426 831ZN 418 361628 39999999999999991031 2323 4 2499999999999999
 25 28 32 36 38 38 36 33 29 25 23 21 22 24 28 33 36 38 38 36 34 31 29 2926 9 1ZN 433 381733 38999999999999991125 212318 2999999999999999
 29 30 33 37 39 40 39 37 33 28 24 22 20 21 23 27 32 35 36 37 36 34 33 3226 9 2ZN 453 401852 37999999999999991221 2023 7 3299999999999999
 33 33 35 38 41 42 42 40 37 32 28 24 22 20 20 23 26 30 33 35 36 36 35 3526 9 3ZN 519 429999999999999999999991323 20999999999999999999999
 36 37 38 40 42 43 44 43 41 37 33 28 25 22 20 20 22 25 28 31 33 35 36 3726 9 4ZN 552 449999999999999999999991433 20999999999999999999999
 38 39 40 41 42 44 45 45 44 42 38 34 30 26 23 20 20 20 23 25 29 32 34 3626 9 5ZN 640 459999999999999999999991558 20999999999999999999999
 38 39 40 41 42 43 44 45 45 45 43 40 36 31 27 23 20 19 19 21 24 27 31 3426 9 6ZN 756 459999999999999999999991724 19999999999999999999999
 36 38 39 40 40 41 42 43 44 45 45 44 41 37 33 28 23 20 18 17 19 23 27 3126 9 7ZN 937 459999999999999999999991835 17999999999999999999999
 34 36 38 38 38 38 38 39 40 42 44 45 45 42 38 33 28 23 19 17 16 19 23 2726 9 8ZN11 7 459999999999999999999991932 16999999999999999999999
 32 34 36 36 36 35 35 35 36 38 41 44 45 45 43 38 33 27 22 18 16 17 20 2426 9 9ZN 254 361219 4599999999999999 623 352020 1699999999999999
 29 33 35 35 35 33 32 31 31 32 35 39 43 45 45 42 38 32 26 21 18 17 18 2226 910ZN 254 351320 4599999999999999 724 3121 1 1799999999999999
 27 32 34 35 35 32 30 28 27 27 29 33 38 42 44 43 41 36 30 25 21 19 19 2126 911ZN 3 4 351417 4499999999999999 821 272138 1999999999999999
 26 31 34 36 35 33 30 27 25 24 24 27 31 37 40 42 41 39 34 29 25 23 21 2226 912ZN 320 361514 4299999999999999 916 242210 2199999999999999
 26 30 34 37 37 35 32 28 24 22 21 22 25 30 35 39 40 39 37 33 29 27 25 2526 913ZN 338 371611 409999999999999910 7 212238 2599999999999999
 27 31 35 38 38 37 35 30 26 23 21 20 21 25 30 34 37 38 38 35 33 30 29 2926 914ZN 357 381711 38999999999999991055 202256 2999999999999999
 30 32 36 38 40 39 37 34 29 25 22 20 20 22 25 30 33 35 36 36 35 33 32 3226 915ZN 415 401814 36999999999999991141 202246 3299999999999999
 33 34 37 39 41 41 39 37 33 28 25 22 21 21 23 26 29 32 34 35 35 35 34 3526 916ZN 431 411928 35999999999999991227 202149 3499999999999999
 35 36 38 40 42 42 41 39 36 32 28 25 23 22 22 24 26 29 31 33 34 35 35 3626 917ZN 446 429999999999999999999991317 22999999999999999999999
 37 38 39 41 42 42 42 41 38 35 31 28 26 24 23 23 24 26 28 30 32 34 35 3626 918ZN 5 1 429999999999999999999991415 23999999999999999999999
 37 39 39 41 42 42 42 41 40 37 35 32 29 26 24 23 23 24 26 27 30 32 34 3526 919ZN 521 429999999999999999999991530 23999999999999999999999
 37 38 39 40 40 41 41 41 40 39 37 34 32 29 27 25 23 23 23 25 27 29 32 3426 920ZN 557 419999999999999999999991655 23999999999999999999999
 35 37 38 38 39 39 39 39 40 39 38 37 34 32 29 26 24 22 22 22 24 26 29 3226 921ZN 743 4099999999999999999999918 0 22999999999999999999999
 34 35 36 36 36 36 37 37 38 38 38 38 37 34 31 28 25 22 21 20 21 24 27 3026 922ZN 954 389999999999999999999991848 20999999999999999999999
 32 34 35 35 34 34 34 34 35 36 37 38 38 36 34 31 27 23 21 19 20 21 24 2826 923ZN 239 351116 3899999999999999 553 341926 1999999999999999
 31 33 33 33 33 31 31 31 31 33 35 37 38 38 36 33 29 25 22 20 19 20 22 2626 924ZN 226 341217 3899999999999999 641 301959 1999999999999999
 29 32 33 33 32 30 28 27 27 29 31 34 37 38 38 35 32 28 24 21 19 19 21 2526 925ZN 223 3313 9 3899999999999999 723 272030 1999999999999999
 29 32 33 33 32 29 27 25 24 25 27 30 34 37 38 38 35 31 27 23 21 20 21 2426 926ZN 227 331359 3899999999999999 8 5 2421 0 2099999999999999
 29 32 34 34 33 30 26 23 21 21 22 25 30 35 38 39 37 35 31 27 24 23 23 2526 927ZN 234 351452 3999999999999999 849 212128 2399999999999999
 29 33 36 36 35 32 28 24 20 18 18 20 25 30 35 38 38 37 35 31 28 27 26 2726 928ZN 248 361551 3999999999999999 935 182154 2699999999999999
 30 34 37 39 38 36 31 26 21 18 16 17 19 25 31 35 37 38 37 35 32 30 30 3026 929ZN 3 7 391656 38999999999999991023 162212 3099999999999999
 32 35 39 41 41 39 35 30 24 20 17 15 16 19 25 30 34 36 37 37 35 34 33 3326 930ZN 331 4118 5 37999999999999991114 1522 7 3399999999999999
 34 36 39 42 43 42 40 35 29 24 19 16 15 16 19 24 29 32 35 36 36 35 35 362610 1ZN 4 0 431925 36999999999999991210 152146 3599999999999999
 36 38 40 42 44 44 43 40 35 29 24 20 17 16 16 19 23 27 30 33 35 35 36 372610 2ZN 436 449999999999999999999991312 16999999999999999999999
 38 38 40 41 43 44 44 42 39 35 30 25 21 18 17 17 19 22 25 28 31 33 35 362610 3ZN 521 449999999999999999999991426 16999999999999999999999
 37 38 39 40 41 42 43 43 42 39 36 31 27 23 20 17 17 18 20 23 27 30 32 342610 4ZN 628 439999999999999999999991551 17999999999999999999999
 36 37 37 38 38 39 40 41 41 41 39 36 33 28 24 20 18 17 17 19 22 26 29 322610 5ZN 8 6 419999999999999999999991713 17999999999999999999999
 34 35 35 35 35 35 36 37 38 40 40 39 37 33 29 25 21 18 17 17 19 23 26 302610 6ZN 951 409999999999999999999991817 16999999999999999999999
 32 33 33 33 32 31 31 32 33 36 38 39 39 37 34 29 25 21 18 17 18 20 24 282610 7ZN 142 341119 3999999999999999 552 3119 8 1799999999999999
 31 33 33 32 30 28 27 27 28 30 33 37 38 38 37 33 29 25 21 19 18 20 23 272610 8ZN 136 331230 3999999999999999 649 271950 1899999999999999
 31 33 33 32 29 27 24 23 23 24 28 32 36 38 38 36 33 29 25 22 21 21 23 272610 9ZN 142 331333 3899999999999999 739 232026 2099999999999999
 31 33 34 33 31 27 23 21 19 20 22 26 31 35 37 37 35 32 28 26 24 23 24 27261010ZN 155 341433 3799999999999999 827 192057 2399999999999999
 31 34 36 35 33 29 24 21 18 17 18 21 26 31 34 36 36 34 32 29 27 26 26 28261011ZN 211 361531 3699999999999999 910 172122 2699999999999999
 32 35 37 37 35 32 27 22 18 16 15 17 21 26 31 34 36 36 34 32 30 29 29 30261012ZN 230 371627 3699999999999999 952 152137 2999999999999999
 33 36 38 39 38 35 30 25 20 17 15 15 18 22 27 31 34 35 35 34 32 32 32 32261013ZN 250 391723 35999999999999991031 152131 3299999999999999
 34 37 39 40 40 37 34 29 24 19 17 15 16 19 23 28 31 34 35 35 34 33 34 34261014ZN 310 401821 35999999999999991110 1521 9 3399999999999999
 35 37 39 41 41 39 36 32 27 23 19 17 16 18 21 24 28 31 33 34 34 34 34 35261015ZN 329 419999999999999999999991151 16999999999999999999999
 36 37 39 40 41 40 38 35 30 26 22 19 18 18 19 22 25 28 30 32 33 33 34 35261016ZN 349 419999999999999999999991237 17999999999999999999999
 36 37 38 39 40 40 39 36 33 29 25 22 20 19 19 20 22 24 27 29 31 32 33 34261017ZN 412 409999999999999999999991330 18999999999999999999999
 35 36 37 38 38 39 38 37 34 31 28 25 22 20 19 19 20 21 23 26 28 30 31 32261018ZN 439 399999999999999999999991436 19999999999999999999999
 34 34 35 36 36 36 36 36 35 33 30 28 25 22 20 19 19 19 21 23 25 27 29 31261019ZN 519 369999999999999999999991552 19999999999999999999999
 32 33 33 33 33 33 34 34 34 33 31 29 27 25 22 20 19 18 19 20 22 25 27 29261020ZN 7 1 349999999999999999999991658 18999999999999999999999
 30 31 31 31 30 30 30 31 31 32 32 31 29 27 24 22 20 18 18 19 21 23 26 28261021ZN 136 31 916 3299999999999999 5 9 301748 1899999999999999
 29 30 30 29 28 27 27 27 28 30 31 31 30 29 27 24 21 19 18 18 20 22 25 28261022ZN 1 8 301053 3199999999999999 558 271827 1899999999999999
 29 30 29 28 26 24 23 23 24 26 29 31 31 31 29 27 24 21 20 19 20 22 25 28261023ZN 057 3012 6 3199999999999999 637 2319 2 1999999999999999
 30 31 30 28 25 23 21 20 20 22 25 29 31 32 32 30 27 24 22 21 21 22 25 29261024ZN 056 3113 9 3299999999999999 715 201934 2199999999999999
 31 32 32 29 26 22 19 17 16 17 20 25 29 32 33 33 31 28 26 24 23 24 26 29261025ZN 1 5 321411 3399999999999999 755 1620 5 2399999999999999
 33 35 34 32 29 24 19 15 13 13 15 19 25 30 33 34 34 32 30 28 26 26 28 30261026ZN 122 351515 3599999999999999 838 132033 2699999999999999
 34 37 38 36 33 27 21 16 12 10 11 14 19 26 31 34 35 35 33 31 30 29 30 32261027ZN 146 381618 3599999999999999 924 102054 2999999999999999
 35 38 40 40 37 32 26 20 14 10  8  9 13 19 26 30 34 35 35 34 32 32 32 33261028ZN 216 401721 35999999999999991013  821 3 3299999999999999
 35 39 41 42 41 37 32 25 18 13  9  8  9 13 19 25 30 33 34 34 34 33 33 34261029ZN 252 421830 349999999999999911 6  821 1 3399999999999999
 35 38 41 43 43 41 37 31 25 18 13 10  8 10 13 19 24 28 31 33 33 33 34 34261030ZN 333 4399999999999999999999912 4  8999999999999999999999
 35 36 39 41 42 42 40 36 31 25 19 14 11  9 10 14 18 22 26 29 31 32 32 33261031ZN 422 4299999999999999999999913 7  9999999999999999999999
 34 35 36 38 39 40 40 39 35 30 25 20 16 12 11 11 14 17 21 25 27 29 30 312611 1ZN 523 419999999999999999999991417 11999999999999999999999
 32 32 33 34 35 36 37 38 36 34 30 26 21 17 14 12 12 14 17 20 24 26 28 302611 2ZN 640 389999999999999999999991531 12999999999999999999999
 30 30 30 30 30 31 32 34 34 34 32 30 26 22 19 16 14 14 15 18 21 24 27 282611 3ZN 814 349999999999999999999991639 14999999999999999999999
 29 29 28 27 26 26 26 28 30 31 32 31 29 27 23 20 17 16 15 17 20 23 26 282611 4ZN 013 29 958 3299999999999999 448 261737 1599999999999999
 28 28 27 25 23 22 21 22 24 27 29 30 30 29 27 24 21 19 18 18 20 23 26 282611 5ZN 010 291132 3099999999999999 556 211824 1899999999999999
 29 29 27 25 22 20 18 17 18 21 24 27 29 30 29 27 25 23 21 20 21 23 26 292611 6ZN 018 291251 3099999999999999 651 1719 2 2099999999999999
 30 31 29 26 23 19 16 15 14 16 19 24 27 29 30 29 28 26 24 23 23 24 27 302611 7ZN 031 3114 1 3099999999999999 738 141933 2399999999999999
 32 33 31 29 25 20 16 14 12 12 15 19 24 27 30 30 30 28 27 26 26 26 28 312611 8ZN 049 3315 3 3099999999999999 820 121955 2699999999999999
 33 34 34 32 28 23 18 14 12 11 12 15 20 25 28 30 31 30 29 28 28 28 29 312611 9ZN 1 9 341557 3199999999999999 858 1120 6 2899999999999999
 34 36 36 34 31 26 21 16 12 10 10 12 17 22 26 29 31 32 31 30 30 30 31 32261110ZN 133 361646 3299999999999999 933 102010 3099999999999999
 34 36 37 36 34 30 24 19 14 11 10 11 14 18 23 27 30 31 32 31 31 31 31 32261111ZN 159 371734 329999999999999910 9 102016 3199999999999999
 34 36 38 38 36 33 28 22 17 13 11 10 12 15 20 24 28 30 31 31 31 31 31 32261112ZN 226 389999999999999999999991046 10999999999999999999999
 34 35 37 38 37 34 31 26 20 16 13 11 11 13 17 21 24 27 29 30 30 30 31 31261113ZN 255 389999999999999999999991126 11999999999999999999999
 32 34 36 37 36 35 32 28 23 19 15 12 11 12 14 17 21 24 26 28 28 29 29 30261114ZN 327 379999999999999999999991210 11999999999999999999999
 31 32 33 34 35 34 33 30 26 21 17 14 12 12 13 15 17 20 23 25 26 27 28 28261115ZN 4 1 359999999999999999999991257 12999999999999999999999
 29 30 31 32 32 32 32 30 27 23 20 17 14 12 12 13 15 17 20 22 24 25 26 27261116ZN 439 339999999999999999999991348 12999999999999999999999
 27 28 28 29 29 30 30 29 27 25 22 19 16 14 13 13 14 15 18 20 22 24 25 25261117ZN 527 309999999999999999999991440 13999999999999999999999
 26 26 26 26 26 26 27 27 26 25 23 21 18 16 14 13 13 14 16 19 21 23 24 25261118ZN 641 272328 25999999999999991530 13999999999999999999999
 25 24 24 23 22 22 23 24 24 24 24 22 20 18 17 15 15 15 16 18 20 23 24 25261119ZN 833 242316 2599999999999999 432 221616 1599999999999999
 25 24 22 21 20 19 19 20 21 23 23 23 23 21 20 18 17 17 17 18 21 23 25 26261120ZN1030 242318 2699999999999999 528 191658 1799999999999999
 26 25 23 20 18 16 15 16 17 20 22 24 24 24 23 21 20 19 19 20 22 24 27 28261121ZN12 6 242331 2999999999999999 612 151738 1999999999999999
 28 27 24 21 17 14 12 11 12 15 19 22 25 26 26 25 24 23 22 22 23 26 28 31261122ZN1328 262353 3199999999999999 655 111816 2299999999999999
 31 30 27 23 19 14 10  8  8 10 14 19 23 26 28 28 27 26 25 25 26 27 30 33261123ZN1440 28999999999999999999999 739  81851 2599999999999999
 34 34 32 28 22 16 11  7  5  5  8 13 19 24 28 30 30 29 28 28 28 29 30 33261124ZN 025 351545 3099999999999999 826  51921 2899999999999999
 36 37 36 33 28 21 14  8  4  2  3  7 13 19 25 28 30 31 30 29 29 30 31 33261125ZN 1 3 371645 3199999999999999 916  21947 2999999999999999
 36 39 39 38 34 28 20 13  7  3  1  2  6 13 19 24 28 30 30 30 29 30 30 32261126ZN 147 391744 309999999999999910 8  12010 2999999999999999
 34 38 40 40 38 34 27 19 12  6  2  0  2  6 13 19 24 27 29 29 29 29 29 30261127ZN 236 4099999999999999999999911 3  0999999999999999999999
 32 34 37 39 39 37 33 26 19 12  6  2  1  3  7 12 18 22 25 27 27 27 27 28261128ZN 331 4099999999999999999999912 0  1999999999999999999999
 29 30 33 36 37 37 35 31 25 18 12  7  4  3  4  8 13 17 21 24 25 25 25 25261129ZN 429 389999999999999999999991258  3999999999999999999999
 26 26 28 30 32 34 34 32 29 24 18 13  9  6  5  6  9 14 18 21 23 24 24 24261130ZN 533 342140 24999999999999991356  5999999999999999999999
 23 23 23 24 26 28 30 30 29 26 22 18 14 11  8  8  9 12 15 19 21 23 23 232612 1ZN 644 3022 1 2399999999999999 122 231452  899999999999999
 22 21 20 20 20 21 23 25 26 25 24 21 18 15 13 11 11 12 15 18 20 22 23 232612 2ZN 812 262221 2399999999999999 3 7 201544 1199999999999999
 22 21 19 17 16 16 17 19 21 22 23 22 21 19 17 16 15 15 16 18 21 23 24 242612 3ZN10 2 232241 2599999999999999 434 161630 1499999999999999
 23 22 19 17 14 13 12 13 15 18 20 21 22 21 20 19 18 18 18 20 22 24 26 262612 4ZN1159 2223 1 2699999999999999 546 1217 8 1899999999999999
 26 24 21 18 14 12 10  9 11 13 16 19 21 22 22 22 21 21 21 22 23 25 27 282612 5ZN1349 222323 2899999999999999 644  91735 2199999999999999
 28 26 23 20 16 12  9  8  8  9 13 16 19 22 23 24 24 24 23 24 25 26 28 302612 6ZN2349 30999999999999999999999 730  7999999999999999999999
 30 29 26 23 18 14 10  7  6  7 10 13 17 21 23 25 25 25 25 25 26 27 29 302612 7ZN9999999999999999999999999999 8 9  6999999999999999999999
 31 31 29 26 22 17 12  8  6  6  7 11 15 19 23 25 26 26 26 26 27 27 29 312612 8ZN 019 32999999999999999999999 844  5999999999999999999999
 32 33 32 29 25 20 15 10  7  5  5  8 12 17 21 24 26 27 26 26 26 27 28 302612 9ZN 053 33999999999999999999999 919  5999999999999999999999
 32 33 33 31 28 23 18 13  8  5  5  6  9 14 18 22 25 26 26 26 26 26 27 29261210ZN 130 33999999999999999999999 955  5999999999999999999999
 30 32 33 32 30 26 21 15 10  7  4  4  6 10 15 19 22 24 25 25 25 25 25 27261211ZN 2 9 339999999999999999999991032  4999999999999999999999
 28 30 32 32 31 28 24 18 13  8  5  4  4  7 11 15 19 22 23 23 23 23 23 24261212ZN 249 329999999999999999999991111  4999999999999999999999
 26 27 29 30 30 29 25 21 15 11  7  4  4  5  8 12 16 19 21 22 22 22 22 22261213ZN 327 319999999999999999999991151  4999999999999999999999
 23 24 26 28 28 28 26 22 18 13  9  6  4  4  6  9 13 16 18 20 20 20 20 20261214ZN 4 6 289999999999999999999991229  4999999999999999999999
 21 21 22 24 25 26 25 22 19 15 11  8  6  5  5  7 11 14 16 18 19 19 19 19261215ZN 445 262040 199999999999999913 4  5999999999999999999999
 19 19 19 20 22 23 23 21 19 16 13 10  8  6  6  7 10 13 15 18 19 19 19 18261216ZN 531 232057 1999999999999999 0 0 191336  699999999999999
 17 17 17 17 18 19 20 20 19 17 15 12 10  9  8  9 10 13 15 18 19 20 20 19261217ZN 633 2021 9 2099999999999999 2 8 1714 3  899999999999999
 17 16 15 14 14 15 16 17 17 17 16 15 13 12 11 11 12 14 16 19 20 21 21 20261218ZN 8 9 172123 2299999999999999 332 141425 1199999999999999
 18 16 14 12 11 11 12 13 15 16 17 17 16 15 15 15 15 16 18 20 22 24 24 23261219ZN1023 172144 2499999999999999 441 111446 1599999999999999
 21 18 14 11  9  8  7  9 11 14 16 18 19 19 18 18 18 19 20 22 24 26 27 26261220ZN2215 27999999999999999999999 539  7999999999999999999999
 24 21 17 13  9  6  4  4  6  9 13 16 19 21 21 21 21 22 22 23 25 27 29 30261221ZN2256 30999999999999999999999 633  4999999999999999999999
 29 26 22 16 11  6  3  1  1  3  8 13 17 21 23 24 24 24 24 25 26 28 30 32261222ZN2346 32999999999999999999999 726  0999999999999999999999
 32 31 27 22 16  9  4  0 -2 -2  1  7 13 18 21 24 25 25 25 25 26 27 29 32261223ZN9999999999999999999999999999 819 -2999999999999999999999
 34 34 32 28 22 15  8  2 -3 -5 -4  0  6 12 18 22 24 25 25 24 25 25 27 30261224ZN 042 34999999999999999999999 913 -5999999999999999999999
 33 35 35 33 29 22 14  7  0 -4 -6 -5  0  6 12 18 21 23 23 23 23 23 24 26261225ZN 140 361746 239999999999999910 7 -620 1 2399999999999999
 29 32 35 35 33 28 22 13  6 -1 -5 -6 -5  0  6 13 17 20 22 21 21 20 21 22261226ZN 239 361819 229999999999999911 0 -621 1 2099999999999999
 24 27 31 33 34 31 27 20 12  5 -1 -4 -5 -3  2  8 13 17 19 20 19 18 18 18261227ZN 338 341851 20999999999999991151 -52217 1899999999999999
 19 21 24 28 30 31 28 24 18 11  5  0 -3 -3  0  4 10 14 17 18 18 17 16 15261228ZN 436 311922 18999999999999991239 -32358 1599999999999999
 15 15 17 21 24 26 26 24 21 16 10  6  2  0  1  4  8 12 15 17 18 17 16 14261229ZN 536 261952 18999999999999991323  0999999999999999999999
 13 12 12 14 17 19 21 21 20 18 14 10  7  5  4  5  8 12 15 17 18 18 17 15261230ZN 644 222021 1999999999999999 125 1214 2  499999999999999
 13 11 10  9 10 12 15 16 17 17 15 13 11 10  9  9 11 13 16 18 20 20 19 17261231ZN 812 172044 2099999999999999 246  91426  999999999999999
